
6.15755 0 1
6.2731 0 1
6.3887 0 1
6.50437 0 1
6.62009 0 1
6.73587 0 1
6.8517 0 1
6.96759 0 1
7.08353 0 1
7.19952 0 1
7.31557 0 1
7.43166 0 1
7.54781 0 1
7.664 0 1
7.78024 0 1
7.89653 0 1
8.01286 0 1
8.12924 0 1
8.24567 0 1
8.36213 0 1
8.47864 0 1
8.59519 0 1
8.71178 0 1
8.82841 0 1
8.94508 0 1
9.06179 0 1
9.17853 0 1
9.29531 0 1
9.41212 0 1
9.52897 0 1
9.64584 0 1
9.76276 0 1
9.8797 0 1
9.99667 0 1
10.1137 0 1
10.2307 0 1
10.3478 0 1
10.4648 0 1
10.5819 0 1
10.6991 0 1
10.8162 0 1
10.9334 0 1
11.0506 0 1
11.1678 0 1
11.285 0 1
11.4023 0 1
11.5196 0 1
11.6369 0 1
11.7542 0 1
11.8715 0 1
11.9888 0 1
12.1062 0 1
12.2235 0 1
12.3409 0 1
12.4582 0 1
12.5756 0 1
12.693 0 1
12.8104 0 1
12.9278 0 1
13.0452 0 1
13.1626 0 1
13.28 0 1
13.3974 0 1
13.5149 0 1
13.6323 0 1
13.7497 0 1
13.8671 0 1
13.9845 0 1
14.1019 0 1
14.2193 0 1
14.3367 0 1
14.4541 0 1
14.5714 0 1
14.6888 0 1
14.8062 0 1
14.9235 0 1
15.0408 0 0
15.1581 0 0
15.2755 0 0
15.3927 0 0
15.51 0 0
15.6273 0 0
15.7445 0 0
15.8617 0 0
15.9789 0 0
16.0961 0 0
16.2132 0 0
16.3304 0 0
16.4475 0 0
16.5646 0 0
16.6816 0 0
16.7986 0 0
16.9156 0 0
17.0326 0 0
17.1496 0 0
17.2665 0 0
17.3833 0 0
17.5002 0 0
17.617 0 0
17.7338 0 0
17.8505 0 0
17.9672 0 0
18.0839 0 0
18.2005 0 0
18.3171 0 0
18.4337 0 0
18.5502 0 0
18.6666 0 0
18.7831 0 0
18.8994 0 0
19.0158 0 0
19.1321 0 0
19.2483 0 0
19.3645 0 0
19.4806 0 0
19.5967 0 0
19.7128 0 0
19.8288 0 0
19.9447 0 0
20.0606 0 1
20.1764 0 1
20.2922 0 1
20.4079 0 1
20.5236 0 1
20.6392 0 1
20.7548 0 1
20.8702 0 1
23.3078 0 1
23.4233 0 1
23.539 0 1
23.6547 0 1
23.7704 0 1
23.8862 0 1
24.0021 0 1
24.118 0 1
24.234 0 1
24.35 0 1
24.4661 5315 72.904
24.5822 6646 81.523
24.6984 7664 87.5443
24.8146 8681 93.1719
24.9309 9226 96.0521
25.0472 10369 101.828
25.1636 11130 105.499
25.28 12077 109.895
25.3965 12929 113.706
25.513 13330 115.456
25.6296 14026 118.431
25.7462 14441 120.171
25.8628 14565 120.686
25.9795 14824 121.754
26.0962 14676 121.145
26.213 14212 119.214
26.3298 13115 114.521
26.4466 12139 110.177
26.5635 11961 109.366
26.6804 11682 108.083
26.7973 12385 111.288
26.9143 12816 113.208
27.0313 12932 113.719
27.1483 13276 115.222
27.2653 13590 116.576
27.3824 13797 117.461
27.4996 13719 117.128
27.6167 13714 117.107
27.7339 13375 115.65
27.8511 12874 113.464
27.9683 12540 111.982
28.0855 12369 111.216
28.2028 12094 109.973
28.3201 11722 108.268
28.4374 11789 108.577
28.5547 12037 109.713
28.6721 12514 111.866
28.7894 13020 114.105
28.9068 13409 115.797
29.0242 13728 117.167
29.1416 14014 118.381
29.259 13891 117.86
29.3764 13878 117.805
29.4939 14040 118.491
29.6113 13561 116.452
29.7288 12883 113.503
29.8463 12132 110.145
29.9638 11705 108.19
30.0812 11557 107.503
30.1987 11669 108.023
30.3162 12074 109.882
30.4337 12254 110.698
30.5512 12489 111.754
30.6687 12628 112.374
30.7862 13029 114.145
30.9037 13334 115.473
31.0212 13576 116.516
31.1387 13233 115.035
31.2562 12860 113.402
31.3737 12942 113.763
31.4912 12348 111.122
31.6087 11824 108.738
31.7262 11616 107.778
31.8436 11309 106.344
31.9611 11112 105.413
32.0785 11733 108.319
32.1959 12100 110
32.3134 12714 112.756
32.4308 13258 115.143
32.5482 13533 116.331
32.6655 13762 117.312
32.7829 13337 115.486
32.9002 13606 116.645
33.0176 13535 116.34
33.1349 13521 116.28
33.2522 13229 115.017
33.3694 12597 112.236
33.4867 11908 109.124
33.6039 11470 107.098
33.7211 11270 106.16
33.8383 11225 105.948
33.9554 11708 108.204
34.0725 11893 109.055
34.1896 11932 109.234
34.3067 12277 110.802
34.4237 12596 112.232
34.5407 13053 114.25
34.6577 12880 113.49
34.7746 13070 114.324
34.8915 12822 113.234
35.0084 12440 111.535
35.1252 12169 110.313
35.242 11841 108.816
35.3587 11655 107.958
35.4755 11086 105.29
35.5921 10769 103.774
35.7088 10528 102.606
35.8254 11027 105.01
35.9419 11492 107.201
36.0584 11947 109.302
36.1749 12061 109.823
36.2913 12332 111.05
36.4077 12260 110.725
36.524 11647 107.921
36.6403 11568 107.555
36.7565 10905 104.427
36.8727 10715 103.513
36.9889 9775 98.8686
37.1049 8736 93.4666
37.221 0 1
37.3369 0 1
37.4529 0 1
37.5687 0 1
37.6845 0 1
37.8003 0 1
37.916 0 1
38.0316 0 1
38.1472 0 1
40.5851 0 1
40.7008 0 1
40.8164 0 1
40.9322 0 1
41.048 0 1
41.1639 0 1
41.2798 0 1
41.3958 0 1
41.5118 0 1
41.6279 0 1
41.744 6146 78.3964
41.8602 6809 82.5167
41.9765 7748 88.0227
42.0928 7867 88.6961
42.2091 8006 89.4763
42.3255 7885 88.7975
42.4419 7929 89.0449
42.5584 8014 89.5209
42.675 8760 93.5949
42.7915 9301 96.4417
42.9081 10033 100.165
43.0248 10381 101.887
43.1415 10377 101.868
43.2582 10720 103.537
43.375 10879 104.302
43.4918 11005 104.905
43.6087 11022 104.986
43.7256 10870 104.259
43.8425 10743 103.648
43.9595 10470 102.323
44.0765 10210 101.045
44.1935 9811 99.0505
44.3106 9466 97.2934
44.4277 8827 93.9521
44.5448 8679 93.1612
44.6619 9164 95.7288
44.7791 9595 97.9541
44.8963 10327 101.622
45.0136 10932 104.556
45.1308 11087 105.295
45.2481 11026 105.005
45.3654 11016 104.957
45.4827 11221 105.929
45.6001 10976 104.766
45.7174 10814 103.99
45.8348 10204 101.015
45.9522 9892 99.4585
46.0697 9710 98.5393
46.1871 9513 97.5346
46.3046 9745 98.7168
46.422 10057 100.285
46.5395 10489 102.416
46.657 10718 103.528
46.7745 10833 104.082
46.892 11024 104.995
47.0096 11208 105.868
47.1271 11523 107.345
47.2446 11234 105.991
47.3622 11382 106.686
47.4797 11001 104.886
47.5973 10554 102.733
47.7149 10243 101.208
47.8324 10182 100.906
47.95 9224 96.0417
48.0675 8905 94.3663
48.1851 8924 94.4669
48.3027 9403 96.9691
48.4202 9907 99.5339
48.5378 10669 103.291
48.6554 11293 106.269
48.7729 11237 106.005
48.8904 11339 106.485
49.008 11305 106.325
49.1255 11116 105.432
49.243 10702 103.45
49.3605 10403 101.995
49.478 9969 99.8449
49.5955 9567 97.811
49.713 9384 96.871
49.8304 9692 98.448
49.9479 10204 101.015
50.0653 10511 102.523
50.1827 10865 104.235
50.3001 10752 103.692
50.4175 11061 105.171
50.5348 11099 105.352
50.6521 11184 105.754
50.7694 11445 106.981
50.8867 11263 106.127
51.004 10954 104.661
51.1212 10843 104.13
51.2384 10474 102.343
51.3556 9855 99.2724
51.4727 9360 96.7471
51.5899 8651 93.0108
51.707 8785 93.7283
51.824 9252 96.1873
51.9411 10110 100.548
52.0581 11097 105.342
52.175 11554 107.49
52.2919 11481 107.149
52.4088 11549 107.466
52.5257 11611 107.754
52.6425 11590 107.657
52.7593 11395 106.747
52.876 11115 105.428
52.9927 10703 103.455
53.1094 10307 101.523
53.226 9910 99.549
53.3426 9698 98.4784
53.4591 9805 99.0202
53.5756 9951 99.7547
53.692 9838 99.1867
53.8084 9709 98.5343
53.9248 9455 97.2368
54.0411 8994 94.8367
54.1573 8763 93.6109
54.2735 0 1
54.3896 0 1
54.5057 0 1
54.6217 0 1
54.7377 0 1
54.8537 0 1
54.9695 0 1
55.0853 0 1
55.2011 0 1
55.3168 0 1
55.4324 0 1
57.824 0 1
57.9396 0 1
58.0553 0 1
58.1711 0 1
58.2869 0 1
58.4028 0 1
58.5187 0 1
58.6347 0 1
58.7508 0 1
58.8669 0 1
58.983 6873 82.9036
59.0992 7957 89.202
59.2155 8987 94.7998
59.3318 9962 99.8098
59.4482 10558 102.752
59.5646 11489 107.187
59.681 12137 110.168
59.7975 12142 110.191
59.9141 12165 110.295
60.0306 11945 109.293
60.1473 11526 107.359
60.2639 10928 104.537
60.3807 10546 102.694
60.4974 10773 103.793
60.6142 11086 105.29
60.731 12199 110.449
60.8479 13335 115.477
60.9648 13583 116.546
61.0818 13661 116.88
61.1987 13840 117.644
61.3158 13536 116.344
61.4328 13363 115.598
61.5499 12945 113.776
61.667 12848 113.349
61.7841 12325 111.018
61.9013 11982 109.462
62.0185 12048 109.763
62.1357 12149 110.223
62.253 12781 113.053
62.3702 13363 115.598
62.4875 13463 116.03
62.6049 13776 117.371
62.7222 13560 116.447
62.8396 13820 117.558
62.9569 13977 118.224
63.0743 14069 118.613
63.1918 13880 117.813
63.3092 13682 116.97
63.4267 13022 114.114
63.5441 12461 111.629
63.6616 11660 107.981
63.7791 10851 104.168
63.8966 10127 100.633
64.0142 9978 99.8899
64.1317 10552 102.723
64.2492 11790 108.582
64.3668 12589 112.201
64.4843 13099 114.451
64.6019 13256 115.135
64.7195 13338 115.49
64.837 13531 116.323
64.9546 12985 113.952
65.0722 12881 113.494
65.1898 12714 112.756
65.3074 12219 110.54
65.4249 11638 107.88
65.5425 11469 107.093
65.6601 11564 107.536
65.7777 11954 109.334
65.8952 12634 112.401
66.0128 13004 114.035
66.1304 13132 114.595
66.2479 13191 114.852
66.3655 13678 116.953
66.483 13704 117.064
66.6005 13765 117.324
66.718 13673 116.932
66.8355 13289 115.278
66.953 12998 114.009
67.0705 12598 112.241
67.1879 11978 109.444
67.3054 10888 104.346
67.4228 9678 98.3768
67.5402 9162 95.7183
67.6576 9247 96.1613
67.7749 10143 100.712
67.8923 11083 105.276
68.0096 12032 109.69
68.1269 12472 111.678
68.2442 12834 113.287
68.3614 12949 113.794
68.4787 12833 113.283
68.5958 12845 113.336
68.713 12329 111.036
68.8302 12064 109.836
68.9473 11684 108.093
69.0643 11221 105.929
69.1814 11161 105.646
69.2984 11379 106.672
69.4154 11508 107.275
69.5323 11974 109.426
69.6492 12310 110.95
69.7661 12770 113.004
69.8829 12897 113.565
69.9997 12609 112.29
70.1165 12843 113.327
70.2332 12335 111.063
70.3499 11896 109.069
70.4665 11828 108.757
70.5831 11217 105.91
70.6996 10732 103.595
70.8161 9985 99.925
70.9326 8889 94.2815
71.049 7239 85.0823
71.1653 5584 74.7262
71.2817 4795 69.2459
71.3979 4544 67.4092
71.5141 4540 67.3795
71.6303 4520 67.2309
71.7464 4100 64.0312
71.8624 0 1
71.9784 0 1
72.0944 0 1
72.2102 0 1
72.3261 0 1
72.4418 0 1
72.5575 0 1
72.6732 0 1
75.1054 0 1
75.2209 0 1
75.3365 0 1
75.4521 0 1
75.5678 0 1
75.6835 0 1
75.7993 0 1
75.9151 0 1
76.031 0 1
76.147 6365 79.781
76.263 6972 83.4985
76.3791 6618 81.3511
76.4952 6237 78.9747
76.6113 6502 80.635
76.7276 7044 83.9285
76.8438 7946 89.1403
76.9601 9446 97.1905
77.0765 10641 103.155
77.1929 10904 104.422
77.3093 11209 105.873
77.4258 10897 104.389
77.5423 11040 105.071
77.6589 10936 104.575
77.7755 10824 104.038
77.8921 10339 101.681
78.0088 9991 99.955
78.1256 9723 98.6053
78.2423 9662 98.2955
78.3591 9778 98.8838
78.4759 10109 100.544
78.5928 10586 102.888
78.7097 10913 104.465
78.8266 11534 107.396
78.9436 11207 105.863
79.0606 11411 106.822
79.1776 11424 106.883
79.2946 11729 108.301
79.4117 11379 106.672
79.5288 11251 106.071
79.6459 11118 105.442
79.7631 10805 103.947
79.8802 10325 101.612
79.9974 9350 96.6954
80.1147 7957 89.202
80.2319 6944 83.3307
80.3491 7216 84.947
80.4664 8076 89.8666
80.5837 9344 96.6644
80.701 10652 103.209
80.8183 11211 105.882
80.9357 10992 104.843
81.053 11563 107.531
81.1704 11300 106.301
81.2877 11232 105.981
81.4051 10917 104.484
81.5225 10938 104.585
81.6399 10439 102.171
81.7573 10183 100.911
81.8747 10173 100.861
81.9922 10009 100.045
82.1096 10372 101.843
82.227 10488 102.411
82.3444 10739 103.629
82.4619 11419 106.86
82.5793 11451 107.009
82.6967 11754 108.416
82.8142 11602 107.713
82.9316 11749 108.393
83.049 11798 108.619
83.1664 11564 107.536
83.2838 11199 105.825
83.4012 10909 104.446
83.5186 10484 102.391
83.636 9694 98.4581
83.7534 8195 90.5262
83.8708 6908 83.1144
83.9881 6653 81.5659
84.1055 7271 85.2702
84.2228 8407 91.6897
84.3401 9676 98.3667
84.4575 10991 104.838
84.5747 11348 106.527
84.692 11576 107.592
84.8093 11526 107.359
84.9265 11129 105.494
85.0437 11009 104.924
85.1609 10680 103.344
85.2781 10329 101.632
85.3952 10146 100.727
85.5123 10002 100.01
85.6294 10254 101.262
85.7465 10541 102.669
85.8636 10655 103.223
85.9806 11034 105.043
86.0976 11400 106.771
86.2145 11510 107.285
86.3315 11566 107.545
86.4484 11832 108.775
86.5652 11794 108.6
86.682 11613 107.764
86.7988 11384 106.696
86.9156 11345 106.513
87.0323 11132 105.508
87.149 10333 101.651
87.2657 9340 96.6437
87.3823 7436 86.2322
87.4988 6488 80.5481
87.6154 6406 80.0375
87.7318 7404 86.0465
87.8483 8388 91.586
87.9647 9732 98.6509
88.081 10145 100.722
88.1973 10102 100.509
88.3136 9879 99.3932
88.4298 9449 97.206
88.546 8604 92.7577
88.6621 6982 83.5584
88.7781 5418 73.6071
88.8942 0 1
89.0101 0 1
89.126 0 1
89.2419 0 1
89.3577 0 1
89.4734 0 1
89.5891 0 1
89.7047 0 1
89.8203 0 1
89.9358 0 1
92.3269 0 1
92.4424 0 1
92.558 0 1
92.6736 0 1
92.7893 0 1
92.905 0 1
93.0208 0 1
93.1366 0 1
93.2525 0 1
93.3685 0 1
93.4845 0 1
93.6005 6537 80.8517
93.7167 7163 84.6345
93.8328 7825 88.459
93.949 8345 91.351
94.0653 8856 94.1063
94.1816 9350 96.6954
94.2979 9821 99.101
94.4143 10370 101.833
94.5307 10491 102.426
94.6472 10515 102.543
94.7637 10531 102.621
94.8803 10820 104.019
94.9969 11037 105.057
95.1135 11317 106.381
95.2302 11354 106.555
95.3469 11736 108.333
95.4637 11782 108.545
95.5805 12020 109.636
95.6973 12075 109.886
95.8142 11958 109.353
95.9311 11906 109.115
96.048 11839 108.807
96.1649 11214 105.896
96.2819 10745 103.658
96.3989 10059 100.295
96.516 9040 95.0789
96.633 7747 88.017
96.7501 6611 81.3081
96.8673 6715 81.9451
96.9844 7569 87
97.1016 8406 91.6842
97.2188 9951 99.7547
97.336 11154 105.612
97.4532 11513 107.299
97.5704 11451 107.009
97.6877 11571 107.569
97.805 11362 106.593
97.9223 11092 105.319
98.0396 10869 104.254
98.1569 10359 101.779
98.2743 10578 102.849
98.3916 10365 101.809
98.509 10682 103.354
98.6264 11083 105.276
98.7438 11255 106.09
98.8612 11675 108.051
98.9786 11672 108.037
99.096 11723 108.273
99.2134 12015 109.613
99.3308 12035 109.704
99.4482 12229 110.585
99.5656 12288 110.851
99.6831 12146 110.209
99.8005 11703 108.18
99.9179 11112 105.413
100.035 10112 100.558
100.153 8882 94.2444
100.27 7532 86.7871
100.388 7265 85.235
100.505 7811 88.3799
100.622 9143 95.619
100.74 10481 102.377
100.857 11487 107.177
100.975 11738 108.342
101.092 11750 108.397
101.209 11965 109.385
101.327 11952 109.325
101.444 11583 107.624
101.561 11191 105.788
101.679 11038 105.062
101.796 10756 103.711
101.913 10603 102.971
102.03 10952 104.652
102.148 11431 106.916
102.265 11412 106.827
102.382 12315 110.973
102.499 12074 109.882
102.616 12390 111.31
102.733 12465 111.647
102.851 12687 112.637
102.968 12782 113.058
103.085 12809 113.177
103.202 12824 113.243
103.319 12301 110.91
103.436 11539 107.42
103.552 10598 102.947
103.669 9308 96.478
103.786 7915 88.9663
103.903 7325 85.5862
104.02 7874 88.7356
104.137 9165 95.734
104.253 10659 103.242
104.37 11775 108.513
104.487 11957 109.348
104.603 12323 111.009
104.72 12244 110.653
104.836 12086 109.936
104.953 11691 108.125
105.069 11436 106.939
105.186 10939 104.59
105.302 10760 103.73
105.418 10481 102.377
105.535 10609 103
105.651 10536 102.645
105.767 10306 101.518
105.883 9783 98.909
105.999 8977 94.747
106.115 0 1
106.231 0 1
106.347 0 1
106.463 0 1
106.579 0 1
106.694 0 1
106.81 0 1
106.926 0 1
107.041 0 1
107.157 0 1
109.576 0 1
109.692 0 1
109.807 0 1
109.923 0 1
110.039 0 1
110.155 0 1
110.27 0 1
110.386 0 1
110.502 0 1
110.618 4412 66.4229
110.735 5379 73.3417
110.851 6192 78.6893
110.967 7089 84.1962
111.083 8002 89.4539
111.199 8749 93.5361
111.316 9621 98.0867
111.432 9989 99.945
111.549 10418 102.069
111.665 10990 104.833
111.782 11141 105.551
111.898 10761 103.735
112.015 10288 101.43
112.132 9299 96.4313
112.248 7887 88.8088
112.365 6503 80.6412
112.482 6213 78.8226
112.599 6905 83.0963
112.716 7874 88.7356
112.832 9197 95.901
112.949 10568 102.801
113.066 10413 102.044
113.183 10901 104.408
113.3 10821 104.024
113.417 10821 104.024
113.534 10653 103.213
113.652 10255 101.267
113.769 10072 100.359
113.886 10042 100.21
114.003 9923 99.6143
114.12 10067 100.334
114.238 10439 102.171
114.355 10802 103.933
114.472 11332 106.452
114.589 10627 103.087
114.707 11087 105.295
114.824 11480 107.145
114.942 11193 105.797
115.059 11358 106.574
115.176 11446 106.986
115.294 11176 105.717
115.411 10963 104.704
115.529 10560 102.762
115.646 9775 98.8686
115.764 8575 92.6013
115.881 7235 85.0588
115.999 6388 79.925
116.116 6650 81.5475
116.234 7454 86.3366
116.351 8667 93.0967
116.469 10053 100.265
116.586 10166 100.827
116.704 10501 102.474
116.821 10564 102.781
116.939 10501 102.474
117.056 10509 102.513
117.174 10426 102.108
117.291 10080 100.399
117.409 9968 99.8399
117.526 9978 99.8899
117.644 9859 99.2925
117.761 10208 101.035
117.879 10589 102.903
117.996 10766 103.759
118.114 11005 104.905
118.231 11136 105.527
118.349 11143 105.56
118.466 11357 106.569
118.584 10931 104.551
118.701 11202 105.84
118.819 11005 104.905
118.936 10796 103.904
119.053 10656 103.228
119.171 9704 98.5089
119.288 9079 95.2838
119.405 7924 89.0169
119.523 6617 81.3449
119.64 6103 78.1217
119.757 6509 80.6784
119.875 7132 84.4512
119.992 8346 91.3564
120.109 9472 97.3242
120.226 9892 99.4585
120.343 9952 99.7597
120.46 10113 100.563
120.578 9995 99.975
120.695 10005 100.025
120.812 9808 99.0353
120.929 9647 98.2191
121.046 9452 97.2214
121.163 9506 97.4987
121.279 9482 97.3756
121.396 9385 96.8762
121.513 10008 100.04
121.63 10067 100.334
121.747 10022 100.11
121.863 9917 99.5841
121.98 10299 101.484
122.097 10178 100.886
122.213 10039 100.195
122.33 9825 99.1211
122.446 9565 97.8008
122.563 9059 95.1788
122.679 8573 92.5905
122.795 7836 88.5212
122.912 6803 82.4803
123.028 5243 72.4086
123.144 3993 63.1902
123.26 3244 56.9561
123.377 0 1
123.493 0 1
123.609 0 1
123.725 0 1
123.84 0 1
123.956 0 1
124.072 0 1
124.188 0 1
124.303 0 1
124.419 0 1
126.852 0 1
126.968 0 1
127.083 0 1
127.199 0 1
127.315 0 1
127.431 0 1
127.547 0 1
127.663 0 1
127.779 0 1
127.895 0 1
128.011 0 1
128.127 0 1
128.243 0 1
128.359 7961 89.2244
128.476 8288 91.0385
128.592 7508 86.6487
128.708 6586 81.1542
128.825 6597 81.2219
128.941 7662 87.5329
129.058 8624 92.8655
129.174 10054 100.27
129.291 10799 103.918
129.408 10883 104.322
129.524 11084 105.281
129.641 10935 104.571
129.758 10934 104.566
129.875 10984 104.805
129.992 10675 103.32
130.108 10690 103.392
130.225 10349 101.73
130.342 10673 103.31
130.459 10780 103.827
130.576 10703 103.455
130.693 11103 105.371
130.81 11235 105.995
130.928 11335 106.466
131.045 11358 106.574
131.162 11314 106.367
131.279 11320 106.395
131.396 11079 105.257
131.513 10838 104.106
131.631 10767 103.764
131.748 10598 102.947
131.865 9948 99.7397
131.983 9333 96.6075
132.1 8306 91.1373
132.217 6941 83.3127
132.335 6696 81.8291
132.452 7591 87.1263
132.57 8464 92
132.687 9690 98.4378
132.804 10445 102.201
132.922 10629 103.097
133.039 10587 102.893
133.157 10725 103.562
133.274 10845 104.139
133.392 10675 103.32
133.509 10623 103.068
133.627 10521 102.572
133.744 10258 101.282
133.862 10422 102.088
133.979 10213 101.059
134.097 10568 102.801
134.214 10851 104.168
134.332 10775 103.803
134.449 11087 105.295
134.567 10935 104.571
134.684 10800 103.923
134.802 10926 104.528
134.919 10844 104.135
135.037 10727 103.571
135.154 10589 102.903
135.272 10077 100.384
135.389 9959 99.7948
135.507 9425 97.0824
135.624 8504 92.2171
135.742 7365 85.8196
135.859 6630 81.4248
135.977 7022 83.7974
136.094 7784 88.227
136.211 8981 94.7681
136.329 9918 99.5892
136.446 10326 101.617
136.564 10661 103.252
136.681 10602 102.966
136.798 10791 103.88
136.915 10822 104.029
137.033 10572 102.82
137.15 10414 102.049
137.267 10365 101.809
137.384 10180 100.896
137.502 10018 100.09
137.619 10167 100.832
137.736 10135 100.673
137.853 10151 100.752
137.97 10299 101.484
138.087 10826 104.048
138.204 10408 102.02
138.321 10757 103.716
138.438 10445 102.201
138.555 10604 102.976
138.672 10259 101.287
138.788 10216 101.074
138.905 9596 97.9592
139.022 9190 95.8645
139.139 8819 93.9095
139.255 8067 89.8165
139.372 6778 82.3286
139.488 5949 77.1298
139.605 5980 77.3305
139.721 6237 78.9747
139.838 6632 81.4371
139.954 7292 85.3932
140.071 7231 85.0353
140.187 6061 77.8524
140.303 5346 73.1163
140.419 5023 70.8731
140.535 4656 68.2349
140.652 4383 66.2042
140.768 0 1
140.884 0 1
141 0 1
141.115 0 1
141.231 0 1
141.347 0 1
141.463 0 1
141.578 0 1
141.694 0 1
144.104 0 1
144.219 0 1
144.335 0 1
144.45 0 1
144.566 0 1
144.682 0 1
144.798 0 1
144.914 0 1
145.03 0 1
145.146 5961 77.2075
145.262 6859 82.8191
145.378 7517 86.7006
145.494 7962 89.23
145.61 7900 88.8819
145.726 8144 90.2441
145.842 8056 89.7552
145.959 8126 90.1443
146.075 7962 89.23
146.192 7905 88.9101
146.308 7736 87.9545
146.425 7649 87.4586
146.541 7753 88.0511
146.658 7864 88.6792
146.774 7860 88.6566
146.891 8018 89.5433
147.008 7978 89.3197
147.125 8083 89.9055
147.241 8070 89.8332
147.358 7901 88.8876
147.475 7985 89.3588
147.592 7751 88.0398
147.709 7501 86.6083
147.826 7105 84.2912
147.943 6711 81.9207
148.06 6291 79.3158
148.177 5854 76.5114
148.294 5430 73.6885
148.411 5522 74.3102
148.528 6064 77.8717
148.645 6761 82.2253
148.762 7321 85.5628
148.88 7898 88.8707
148.997 8185 90.471
149.114 7888 88.8144
149.231 7910 88.9382
149.349 7951 89.1684
149.466 7986 89.3644
149.583 7777 88.1873
149.701 7907 88.9213
149.818 7779 88.1986
149.935 7662 87.5329
150.053 7773 88.1646
150.17 7767 88.1306
150.287 7952 89.174
150.405 7587 87.1034
150.522 7832 88.4986
150.64 7875 88.7412
150.757 8067 89.8165
150.875 7878 88.7581
150.992 7994 89.4092
151.11 7911 88.9438
151.227 7918 88.9831
151.344 7622 87.3041
151.462 7148 84.5458
151.579 6823 82.6015
151.697 6549 80.9259
151.814 5828 76.3413
151.932 5429 73.6817
152.049 5425 73.6546
152.167 6062 77.8588
152.284 6753 82.1766
152.402 7471 86.4349
152.519 7949 89.1572
152.636 7885 88.7975
152.754 7875 88.7412
152.871 7939 89.1011
152.989 7913 88.955
153.106 7678 87.6242
153.223 7881 88.775
153.341 7882 88.7806
153.458 7759 88.0852
153.575 7593 87.1378
153.693 7584 87.0862
153.81 7684 87.6584
153.927 7795 88.2893
154.044 7747 88.017
154.162 7685 87.6641
154.279 7781 88.21
154.396 7899 88.8763
154.513 7852 88.6115
154.63 8024 89.5768
154.747 8024 89.5768
154.864 7670 87.5785
154.981 7396 86
155.098 7194 84.8175
155.215 6665 81.6395
155.332 6423 80.1436
155.449 5853 76.5049
155.566 5565 74.5989
155.683 5871 76.6225
155.8 6289 79.3032
155.917 6910 83.1264
156.033 7268 85.2526
156.15 0 1
156.267 0 1
156.383 0 1
156.5 0 1
156.617 0 1
156.733 0 1
156.85 0 1
156.966 0 1
157.082 0 1
157.199 0 1
157.315 0 1
157.431 0 1
157.547 0 1
157.664 0 1
157.78 0 1
157.896 0 1
158.012 0 1
158.128 0 1
158.244 0 1
158.359 0 1
158.475 0 1
158.591 0 1
158.706 0 1
