
6.15755 0 1
6.2731 0 1
6.3887 0 1
6.50437 0 1
6.62009 0 1
6.73587 0 1
6.8517 0 1
6.96759 0 1
7.08353 0 1
7.19952 0 1
7.31557 0 1
7.43166 0 1
7.54781 0 1
7.664 0 1
7.78024 0 1
7.89653 0 1
8.01286 0 1
8.12924 0 1
8.24567 0 1
8.36213 0 1
8.47864 0 1
8.59519 0 1
8.71178 0 1
8.82841 0 1
8.94508 0 1
9.06179 0 1
9.17853 0 1
9.29531 0 1
9.41212 0 1
9.52897 0 1
9.64584 0 1
9.76276 0 1
9.8797 0 1
9.99667 0 1
10.1137 0 1
10.2307 0 1
10.3478 0 1
10.4648 0 1
10.5819 0 1
10.6991 0 1
10.8162 0 1
10.9334 0 1
11.0506 0 1
11.1678 0 1
11.285 0 1
11.4023 0 1
11.5196 0 1
11.6369 0 1
11.7542 0 1
11.8715 0 1
11.9888 0 1
12.1062 0 1
12.2235 0 1
12.3409 0 1
12.4582 0 1
12.5756 0 1
12.693 0 1
12.8104 0 1
12.9278 0 1
13.0452 0 1
13.1626 0 1
13.28 0 1
13.3974 0 1
13.5149 0 1
13.6323 0 1
13.7497 0 1
13.8671 0 1
13.9845 0 1
14.1019 0 1
14.2193 0 1
14.3367 0 1
14.4541 0 1
14.5714 0 1
14.6888 0 1
14.8062 0 1
14.9235 0 1
15.0408 0 0
15.1581 0 0
15.2755 0 0
15.3927 0 0
15.51 0 0
15.6273 0 0
15.7445 0 0
15.8617 0 0
15.9789 0 0
16.0961 0 0
16.2132 0 0
16.3304 0 0
16.4475 0 0
16.5646 0 0
16.6816 0 0
16.7986 0 0
16.9156 0 0
17.0326 0 0
17.1496 0 0
17.2665 0 0
17.3833 0 0
17.5002 0 0
17.617 0 0
17.7338 0 0
17.8505 0 0
17.9672 0 0
18.0839 0 0
18.2005 0 0
18.3171 0 0
18.4337 0 0
18.5502 0 0
18.6666 0 0
18.7831 0 0
18.8994 0 0
19.0158 0 0
19.1321 0 0
19.2483 0 0
19.3645 0 0
19.4806 0 0
19.5967 0 0
19.7128 0 0
19.8288 0 0
19.9447 0 0
20.0606 0 1
20.1764 0 1
20.2922 0 1
20.4079 0 1
20.5236 0 1
20.6392 0 1
20.7548 0 1
20.8702 0 1
23.3078 0 1
23.4233 0 1
23.539 0 1
23.6547 0 1
23.7704 0 1
23.8862 0 1
24.0021 0 1
24.118 0 1
24.234 0 1
24.35 0 1
24.4661 1228 35.0428
24.5822 1239 35.1994
24.6984 1212 34.8138
24.8146 1226 35.0143
24.9309 1264 35.5528
25.0472 1221 34.9428
25.1636 1203 34.6843
25.28 1264 35.5528
25.3965 1272 35.6651
25.513 1262 35.5246
25.6296 1321 36.3456
25.7462 1422 37.7094
25.8628 1374 37.0675
25.9795 1465 38.2753
26.0962 1431 37.8286
26.213 1459 38.1969
26.3298 1437 37.9078
26.4466 1353 36.7831
26.5635 1444 38
26.6804 1302 36.0832
26.7973 1359 36.8646
26.9143 1325 36.4005
27.0313 1255 35.426
27.1483 1477 38.4318
27.2653 1440 37.9473
27.3824 1449 38.0657
27.4996 1447 38.0395
27.6167 1375 37.081
27.7339 1406 37.4967
27.8511 1343 36.647
27.9683 1417 37.6431
28.0855 1433 37.855
28.2028 1447 38.0395
28.3201 1431 37.8286
28.4374 1352 36.7696
28.5547 1393 37.3229
28.6721 1373 37.054
28.7894 1412 37.5766
28.9068 1390 37.2827
29.0242 1404 37.47
29.1416 1394 37.3363
29.259 1444 38
29.3764 1486 38.5487
29.4939 1539 39.2301
29.6113 1533 39.1535
29.7288 1512 38.8844
29.8463 1448 38.0526
29.9638 1479 38.4578
30.0812 1521 39
30.1987 1420 37.6829
30.3162 1270 35.6371
30.4337 1242 35.242
30.5512 1264 35.5528
30.6687 1271 35.6511
30.7862 1430 37.8153
30.9037 1425 37.7492
31.0212 1422 37.7094
31.1387 1405 37.4833
31.2562 1388 37.2559
31.3737 1398 37.3898
31.4912 1322 36.3593
31.6087 1378 37.1214
31.7262 1266 35.5809
31.8436 1260 35.4965
31.9611 1278 35.7491
32.0785 1311 36.2077
32.1959 1185 34.4238
32.3134 1260 35.4965
32.4308 1280 35.7771
32.5482 1265 35.5668
32.6655 1339 36.5923
32.7829 1227 35.0286
32.9002 1305 36.1248
33.0176 1340 36.606
33.1349 1366 36.9594
33.2522 1363 36.9188
33.3694 1345 36.6742
33.4867 1352 36.7696
33.6039 1313 36.2353
33.7211 1302 36.0832
33.8383 1186 34.4384
33.9554 1223 34.9714
34.0725 1096 33.1059
34.1896 1147 33.8674
34.3067 1225 35
34.4237 1219 34.9142
34.5407 1246 35.2987
34.6577 1274 35.6931
34.7746 1220 34.9285
34.8915 1178 34.322
35.0084 1211 34.7994
35.1252 1280 35.7771
35.242 1181 34.3657
35.3587 1244 35.2704
35.4755 1276 35.7211
35.5921 1208 34.7563
35.7088 1190 34.4964
35.8254 1190 34.4964
35.9419 1161 34.0735
36.0584 1157 34.0147
36.1749 1117 33.4215
36.2913 1161 34.0735
36.4077 1202 34.6699
36.524 1194 34.5543
36.6403 1203 34.6843
36.7565 1256 35.4401
36.8727 1286 35.8608
36.9889 1196 34.5832
37.1049 1239 35.1994
37.221 0 1
37.3369 0 1
37.4529 0 1
37.5687 0 1
37.6845 0 1
37.8003 0 1
37.916 0 1
38.0316 0 1
38.1472 0 1
40.5851 0 1
40.7008 0 1
40.8164 0 1
40.9322 0 1
41.048 0 1
41.1639 0 1
41.2798 0 1
41.3958 0 1
41.5118 0 1
41.6279 0 1
41.744 1016 31.8748
41.8602 1089 33
41.9765 1040 32.249
42.0928 1130 33.6155
42.2091 1046 32.3419
42.3255 1055 32.4808
42.4419 1013 31.8277
42.5584 1074 32.7719
42.675 1033 32.1403
42.7915 988 31.4325
42.9081 946 30.7571
43.0248 883 29.7153
43.1415 969 31.1288
43.2582 934 30.5614
43.375 1009 31.7648
43.4918 967 31.0966
43.6087 964 31.0483
43.7256 912 30.1993
43.8425 928 30.4631
43.9595 848 29.1204
44.0765 895 29.9166
44.1935 857 29.2746
44.3106 942 30.692
44.4277 901 30.0167
44.5448 885 29.7489
44.6619 817 28.5832
44.7791 837 28.931
44.8963 772 27.7849
45.0136 801 28.3019
45.1308 781 27.9464
45.2481 847 29.1033
45.3654 820 28.6356
45.4827 851 29.1719
45.6001 888 29.7993
45.7174 808 28.4253
45.8348 847 29.1033
45.9522 886 29.7658
46.0697 786 28.0357
46.1871 832 28.8444
46.3046 732 27.0555
46.422 738 27.1662
46.5395 692 26.3059
46.657 726 26.9444
46.7745 749 27.3679
46.892 702 26.4953
47.0096 736 27.1293
47.1271 734 27.0924
47.2446 716 26.7582
47.3622 721 26.8514
47.4797 689 26.2488
47.5973 715 26.7395
47.7149 696 26.3818
47.8324 677 26.0192
47.95 675 25.9808
48.0675 646 25.4165
48.1851 611 24.7184
48.3027 627 25.04
48.4202 616 24.8193
48.5378 654 25.5734
48.6554 645 25.3969
48.7729 638 25.2587
48.8904 657 25.632
49.008 640 25.2982
49.1255 636 25.219
49.243 676 26
49.3605 651 25.5147
49.478 632 25.1396
49.5955 693 26.3249
49.713 618 24.8596
49.8304 608 24.6577
49.9479 625 25
50.0653 540 23.2379
50.1827 611 24.7184
50.3001 661 25.7099
50.4175 685 26.1725
50.5348 704 26.533
50.6521 760 27.5681
50.7694 705 26.5518
50.8867 682 26.1151
51.004 704 26.533
51.1212 680 26.0768
51.2384 724 26.9072
51.3556 768 27.7128
51.4727 825 28.7228
51.5899 795 28.1957
51.707 754 27.4591
51.824 750 27.3861
51.9411 769 27.7308
52.0581 842 29.0172
52.175 849 29.1376
52.2919 871 29.5127
52.4088 953 30.8707
52.5257 900 30
52.6425 951 30.8383
52.7593 976 31.241
52.876 1033 32.1403
52.9927 999 31.607
53.1094 913 30.2159
53.226 975 31.225
53.3426 1002 31.6544
53.4591 928 30.4631
53.5756 913 30.2159
53.692 891 29.8496
53.8084 862 29.3598
53.9248 942 30.692
54.0411 1031 32.1092
54.1573 1040 32.249
54.2735 0 1
54.3896 0 1
54.5057 0 1
54.6217 0 1
54.7377 0 1
54.8537 0 1
54.9695 0 1
55.0853 0 1
55.2011 0 1
55.3168 0 1
55.4324 0 1
57.824 0 1
57.9396 0 1
58.0553 0 1
58.1711 0 1
58.2869 0 1
58.4028 0 1
58.5187 0 1
58.6347 0 1
58.7508 0 1
58.8669 0 1
58.983 1016 31.8748
59.0992 1160 34.0588
59.2155 1104 33.2265
59.3318 1201 34.6554
59.4482 1164 34.1174
59.5646 1190 34.4964
59.681 1145 33.8378
59.7975 1134 33.6749
59.9141 1104 33.2265
60.0306 1112 33.3467
60.1473 1098 33.1361
60.2639 1076 32.8024
60.3807 1030 32.0936
60.4974 1037 32.2025
60.6142 984 31.3688
60.731 1052 32.4345
60.8479 1062 32.5883
60.9648 1078 32.8329
61.0818 1123 33.5112
61.1987 1083 32.909
61.3158 1040 32.249
61.4328 1025 32.0156
61.5499 1087 32.9697
61.667 1061 32.573
61.7841 1090 33.0151
61.9013 1027 32.0468
62.0185 1059 32.5423
62.1357 960 30.9839
62.253 891 29.8496
62.3702 886 29.7658
62.4875 974 31.209
62.6049 989 31.4484
62.7222 1058 32.5269
62.8396 1084 32.9242
62.9569 1127 33.5708
63.0743 1136 33.7046
63.1918 1013 31.8277
63.3092 983 31.3528
63.4267 980 31.305
63.5441 941 30.6757
63.6616 936 30.5941
63.7791 912 30.1993
63.8966 985 31.3847
64.0142 884 29.7321
64.1317 950 30.8221
64.2492 1012 31.8119
64.3668 966 31.0805
64.4843 1027 32.0468
64.6019 1031 32.1092
64.7195 952 30.8545
64.837 1002 31.6544
64.9546 968 31.1127
65.0722 1003 31.6702
65.1898 995 31.5436
65.3074 1028 32.0624
65.4249 928 30.4631
65.5425 929 30.4795
65.6601 908 30.133
65.7777 873 29.5466
65.8952 834 28.8791
66.0128 884 29.7321
66.1304 848 29.1204
66.2479 1001 31.6386
66.3655 980 31.305
66.483 1060 32.5576
66.6005 1040 32.249
66.718 1005 31.7017
66.8355 976 31.241
66.953 928 30.4631
67.0705 954 30.8869
67.1879 843 29.0345
67.3054 896 29.9333
67.4228 868 29.4618
67.5402 874 29.5635
67.6576 893 29.8831
67.7749 937 30.6105
67.8923 978 31.273
68.0096 933 30.545
68.1269 981 31.3209
68.2442 985 31.3847
68.3614 989 31.4484
68.4787 1027 32.0468
68.5958 1028 32.0624
68.713 1085 32.9393
68.8302 1001 31.6386
68.9473 971 31.1609
69.0643 1004 31.686
69.1814 1011 31.7962
69.2984 870 29.4958
69.4154 914 30.2324
69.5323 902 30.0333
69.6492 902 30.0333
69.7661 921 30.348
69.8829 1003 31.6702
69.9997 1152 33.9411
70.1165 1124 33.5261
70.2332 1127 33.5708
70.3499 1088 32.9848
70.4665 1170 34.2053
70.5831 1070 32.7109
70.6996 978 31.273
70.8161 929 30.4795
70.9326 915 30.249
71.049 965 31.0644
71.1653 896 29.9333
71.2817 948 30.7896
71.3979 936 30.5941
71.5141 954 30.8869
71.6303 964 31.0483
71.7464 905 30.0832
71.8624 0 1
71.9784 0 1
72.0944 0 1
72.2102 0 1
72.3261 0 1
72.4418 0 1
72.5575 0 1
72.6732 0 1
75.1054 0 1
75.2209 0 1
75.3365 0 1
75.4521 0 1
75.5678 0 1
75.6835 0 1
75.7993 0 1
75.9151 0 1
76.031 0 1
76.147 832 28.8444
76.263 907 30.1164
76.3791 947 30.7734
76.4952 923 30.3809
76.6113 987 31.4166
76.7276 1003 31.6702
76.8438 1030 32.0936
76.9601 989 31.4484
77.0765 1071 32.7261
77.1929 1014 31.8434
77.3093 1127 33.5708
77.4258 1090 33.0151
77.5423 1072 32.7414
77.6589 1112 33.3467
77.7755 1127 33.5708
77.8921 1140 33.7639
78.0088 1046 32.3419
78.1256 1049 32.3883
78.2423 972 31.1769
78.3591 901 30.0167
78.4759 898 29.9666
78.5928 914 30.2324
78.7097 929 30.4795
78.8266 946 30.7571
78.9436 1072 32.7414
79.0606 1056 32.4962
79.1776 1127 33.5708
79.2946 1102 33.1964
79.4117 1123 33.5112
79.5288 1114 33.3766
79.6459 1020 31.9374
79.7631 898 29.9666
79.8802 885 29.7489
79.9974 872 29.5296
80.1147 858 29.2916
80.2319 960 30.9839
80.3491 943 30.7083
80.4664 991 31.4802
80.5837 964 31.0483
80.701 957 30.9354
80.8183 1054 32.4654
80.9357 987 31.4166
81.053 1038 32.218
81.1704 999 31.607
81.2877 1028 32.0624
81.4051 944 30.7246
81.5225 1007 31.7333
81.6399 954 30.8869
81.7573 937 30.6105
81.8747 839 28.9655
81.9922 794 28.178
82.1096 781 27.9464
82.227 865 29.4109
82.3444 925 30.4138
82.4619 922 30.3645
82.5793 915 30.249
82.6967 974 31.209
82.8142 1055 32.4808
82.9316 996 31.5595
83.049 996 31.5595
83.1664 958 30.9516
83.2838 924 30.3974
83.4012 863 29.3769
83.5186 704 26.533
83.636 713 26.7021
83.7534 752 27.4226
83.8708 818 28.6007
83.9881 873 29.5466
84.1055 878 29.6311
84.2228 861 29.3428
84.3401 957 30.9354
84.4575 930 30.4959
84.5747 981 31.3209
84.692 1009 31.7648
84.8093 1036 32.187
84.9265 964 31.0483
85.0437 947 30.7734
85.1609 944 30.7246
85.2781 922 30.3645
85.3952 929 30.4795
85.5123 847 29.1033
85.6294 834 28.8791
85.7465 838 28.9482
85.8636 906 30.0998
85.9806 933 30.545
86.0976 1005 31.7017
86.2145 1036 32.187
86.3315 1066 32.6497
86.4484 1054 32.4654
86.5652 1093 33.0606
86.682 1078 32.8329
86.7988 1081 32.8786
86.9156 1046 32.3419
87.0323 928 30.4631
87.149 796 28.2135
87.2657 911 30.1828
87.3823 908 30.133
87.4988 1015 31.8591
87.6154 1058 32.5269
87.7318 1073 32.7567
87.8483 1114 33.3766
87.9647 1115 33.3916
88.081 1119 33.4515
88.1973 1181 34.3657
88.3136 1118 33.4365
88.4298 1162 34.0881
88.546 1106 33.2566
88.6621 1164 34.1174
88.7781 1082 32.8938
88.8942 0 1
89.0101 0 1
89.126 0 1
89.2419 0 1
89.3577 0 1
89.4734 0 1
89.5891 0 1
89.7047 0 1
89.8203 0 1
89.9358 0 1
92.3269 0 1
92.4424 0 1
92.558 0 1
92.6736 0 1
92.7893 0 1
92.905 0 1
93.0208 0 1
93.1366 0 1
93.2525 0 1
93.3685 0 1
93.4845 0 1
93.6005 1050 32.4037
93.7167 1137 33.7194
93.8328 1071 32.7261
93.949 1132 33.6452
94.0653 1118 33.4365
94.1816 1075 32.7872
94.2979 1083 32.909
94.4143 1074 32.7719
94.5307 1006 31.7175
94.6472 976 31.241
94.7637 1000 31.6228
94.8803 1051 32.4191
94.9969 1031 32.1092
95.1135 1096 33.1059
95.2302 1090 33.0151
95.3469 1157 34.0147
95.4637 1117 33.4215
95.5805 1244 35.2704
95.6973 1145 33.8378
95.8142 1257 35.4542
95.9311 1138 33.7343
96.048 1185 34.4238
96.1649 1116 33.4066
96.2819 1042 32.28
96.3989 895 29.9166
96.516 922 30.3645
96.633 998 31.5911
96.7501 1087 32.9697
96.8673 1112 33.3467
96.9844 1166 34.1467
97.1016 1124 33.5261
97.2188 1126 33.5559
97.336 1156 34
97.4532 1237 35.171
97.5704 1181 34.3657
97.6877 1150 33.9116
97.805 1081 32.8786
97.9223 1118 33.4365
98.0396 1027 32.0468
98.1569 975 31.225
98.2743 1000 31.6228
98.3916 1004 31.686
98.509 1044 32.311
98.6264 1114 33.3766
98.7438 1114 33.3766
98.8612 1110 33.3167
98.9786 1151 33.9264
99.096 1189 34.4819
99.2134 1279 35.7631
99.3308 1196 34.5832
99.4482 1201 34.6554
99.5656 1191 34.5109
99.6831 1134 33.6749
99.8005 1079 32.8481
99.9179 1056 32.4962
100.035 917 30.282
100.153 918 30.2985
100.27 1040 32.249
100.388 1081 32.8786
100.505 1141 33.7787
100.622 1214 34.8425
100.74 1166 34.1467
100.857 1179 34.3366
100.975 1206 34.7275
101.092 1230 35.0714
101.209 1199 34.6266
101.327 1127 33.5708
101.444 1147 33.8674
101.561 1155 33.9853
101.679 1056 32.4962
101.796 1033 32.1403
101.913 1050 32.4037
102.03 1062 32.5883
102.148 1069 32.6956
102.265 1087 32.9697
102.382 1186 34.4384
102.499 1138 33.7343
102.616 1245 35.2846
102.733 1228 35.0428
102.851 1285 35.8469
102.968 1293 35.9583
103.085 1312 36.2215
103.202 1246 35.2987
103.319 1142 33.7935
103.436 1086 32.9545
103.552 1006 31.7175
103.669 978 31.273
103.786 1050 32.4037
103.903 1213 34.8281
104.02 1190 34.4964
104.137 1248 35.327
104.253 1263 35.5387
104.37 1236 35.1568
104.487 1320 36.3318
104.603 1252 35.3836
104.72 1283 35.819
104.836 1239 35.1994
104.953 1217 34.8855
105.069 1190 34.4964
105.186 1159 34.0441
105.302 1141 33.7787
105.418 1061 32.573
105.535 1153 33.9559
105.651 1229 35.0571
105.767 1248 35.327
105.883 1340 36.606
105.999 1372 37.0405
106.115 0 1
106.231 0 1
106.347 0 1
106.463 0 1
106.579 0 1
106.694 0 1
106.81 0 1
106.926 0 1
107.041 0 1
107.157 0 1
109.576 0 1
109.692 0 1
109.807 0 1
109.923 0 1
110.039 0 1
110.155 0 1
110.27 0 1
110.386 0 1
110.502 0 1
110.618 1090 33.0151
110.735 1163 34.1028
110.851 1283 35.819
110.967 1253 35.3977
111.083 1203 34.6843
111.199 1298 36.0278
111.316 1330 36.4692
111.432 1338 36.5787
111.549 1240 35.2136
111.665 1279 35.7631
111.782 1255 35.426
111.898 1178 34.322
112.015 1028 32.0624
112.132 918 30.2985
112.248 921 30.348
112.365 1063 32.6037
112.482 1142 33.7935
112.599 1242 35.242
112.716 1265 35.5668
112.832 1242 35.242
112.949 1276 35.7211
113.066 1247 35.3129
113.183 1223 34.9714
113.3 1156 34
113.417 1178 34.322
113.534 1143 33.8083
113.652 1152 33.9411
113.769 1049 32.3883
113.886 978 31.273
114.003 1002 31.6544
114.12 1094 33.0757
114.238 1120 33.4664
114.355 1231 35.0856
114.472 1264 35.5528
114.589 1253 35.3977
114.707 1261 35.5106
114.824 1188 34.4674
114.942 1261 35.5106
115.059 1250 35.3553
115.176 1244 35.2704
115.294 1240 35.2136
115.411 1183 34.3948
115.529 1168 34.176
115.646 999 31.607
115.764 926 30.4302
115.881 931 30.5123
115.999 1146 33.8526
116.116 1137 33.7194
116.234 1171 34.2199
116.351 1170 34.2053
116.469 1188 34.4674
116.586 1211 34.7994
116.704 1186 34.4384
116.821 1182 34.3802
116.939 1141 33.7787
117.056 1104 33.2265
117.174 1015 31.8591
117.291 1081 32.8786
117.409 915 30.249
117.526 964 31.0483
117.644 993 31.5119
117.761 1114 33.3766
117.879 1201 34.6554
117.996 1160 34.0588
118.114 1240 35.2136
118.231 1280 35.7771
118.349 1211 34.7994
118.466 1273 35.6791
118.584 1267 35.5949
118.701 1289 35.9026
118.819 1219 34.9142
118.936 1188 34.4674
119.053 1083 32.909
119.171 1157 34.0147
119.288 981 31.3209
119.405 964 31.0483
119.523 955 30.9031
119.64 1090 33.0151
119.757 1128 33.5857
119.875 1199 34.6266
119.992 1169 34.1906
120.109 1144 33.8231
120.226 1144 33.8231
120.343 1066 32.6497
120.46 1146 33.8526
120.578 1130 33.6155
120.695 1089 33
120.812 1153 33.9559
120.929 1031 32.1092
121.046 1034 32.1559
121.163 971 31.1609
121.279 961 31
121.396 1113 33.3617
121.513 1114 33.3766
121.63 1218 34.8999
121.747 1223 34.9714
121.863 1215 34.8569
121.98 1219 34.9142
122.097 1169 34.1906
122.213 1218 34.8999
122.33 1208 34.7563
122.446 1218 34.8999
122.563 1203 34.6843
122.679 1168 34.176
122.795 1043 32.2955
122.912 1055 32.4808
123.028 935 30.5778
123.144 850 29.1548
123.26 911 30.1828
123.377 0 1
123.493 0 1
123.609 0 1
123.725 0 1
123.84 0 1
123.956 0 1
124.072 0 1
124.188 0 1
124.303 0 1
124.419 0 1
126.852 0 1
126.968 0 1
127.083 0 1
127.199 0 1
127.315 0 1
127.431 0 1
127.547 0 1
127.663 0 1
127.779 0 1
127.895 0 1
128.011 0 1
128.127 0 1
128.243 0 1
128.359 929 30.4795
128.476 925 30.4138
128.592 1050 32.4037
128.708 1178 34.322
128.825 1273 35.6791
128.941 1211 34.7994
129.058 1265 35.5668
129.174 1225 35
129.291 1266 35.5809
129.408 1185 34.4238
129.524 1195 34.5688
129.641 1217 34.8855
129.758 1119 33.4515
129.875 1050 32.4037
129.992 1137 33.7194
130.108 1028 32.0624
130.225 1121 33.4813
130.342 1226 35.0143
130.459 1175 34.2783
130.576 1279 35.7631
130.693 1302 36.0832
130.81 1230 35.0714
130.928 1383 37.1887
131.045 1319 36.318
131.162 1364 36.9324
131.279 1282 35.805
131.396 1289 35.9026
131.513 1298 36.0278
131.631 1309 36.1801
131.748 1200 34.641
131.865 1058 32.5269
131.983 957 30.9354
132.1 1038 32.218
132.217 1180 34.3511
132.335 1293 35.9583
132.452 1272 35.6651
132.57 1307 36.1525
132.687 1254 35.4119
132.804 1289 35.9026
132.922 1215 34.8569
133.039 1214 34.8425
133.157 1250 35.3553
133.274 1196 34.5832
133.392 1106 33.2566
133.509 1070 32.7109
133.627 1104 33.2265
133.744 1025 32.0156
133.862 1085 32.9393
133.979 1185 34.4238
134.097 1249 35.3412
134.214 1290 35.9166
134.332 1289 35.9026
134.449 1252 35.3836
134.567 1322 36.3593
134.684 1320 36.3318
134.802 1268 35.609
134.919 1307 36.1525
135.037 1324 36.3868
135.154 1214 34.8425
135.272 1220 34.9285
135.389 1066 32.6497
135.507 1004 31.686
135.624 1020 31.9374
135.742 1088 32.9848
135.859 1202 34.6699
135.977 1269 35.623
136.094 1287 35.8748
136.211 1336 36.5513
136.329 1277 35.7351
136.446 1257 35.4542
136.564 1225 35
136.681 1223 34.9714
136.798 1207 34.7419
136.915 1165 34.1321
137.033 1123 33.5112
137.15 1091 33.0303
137.267 1020 31.9374
137.384 1049 32.3883
137.502 1103 33.2114
137.619 1203 34.6843
137.736 1155 33.9853
137.853 1179 34.3366
137.97 1352 36.7696
138.087 1226 35.0143
138.204 1283 35.819
138.321 1329 36.4555
138.438 1360 36.8782
138.555 1279 35.7631
138.672 1299 36.0416
138.788 1191 34.5109
138.905 1255 35.426
139.022 1157 34.0147
139.139 1021 31.9531
139.255 1061 32.573
139.372 1108 33.2866
139.488 1251 35.3695
139.605 1256 35.4401
139.721 1229 35.0571
139.838 1292 35.9444
139.954 1325 36.4005
140.071 1258 35.4683
140.187 1234 35.1283
140.303 1182 34.3802
140.419 1155 33.9853
140.535 1127 33.5708
140.652 1108 33.2866
140.768 0 1
140.884 0 1
141 0 1
141.115 0 1
141.231 0 1
141.347 0 1
141.463 0 1
141.578 0 1
141.694 0 1
144.104 0 1
144.219 0 1
144.335 0 1
144.45 0 1
144.566 0 1
144.682 0 1
144.798 0 1
144.914 0 1
145.03 0 1
145.146 917 30.282
145.262 1013 31.8277
145.378 999 31.607
145.494 997 31.5753
145.61 994 31.5278
145.726 909 30.1496
145.842 903 30.05
145.959 857 29.2746
146.075 827 28.7576
146.192 879 29.6479
146.308 883 29.7153
146.425 937 30.6105
146.541 1010 31.7805
146.658 1042 32.28
146.774 1096 33.1059
146.891 966 31.0805
147.008 1047 32.3574
147.125 1027 32.0468
147.241 1060 32.5576
147.358 973 31.1929
147.475 1058 32.5269
147.592 1045 32.3265
147.709 1037 32.2025
147.826 1011 31.7962
147.943 855 29.2404
148.06 835 28.8964
148.177 824 28.7054
148.294 863 29.3769
148.411 969 31.1288
148.528 1001 31.6386
148.645 1047 32.3574
148.762 1073 32.7567
148.88 1014 31.8434
148.997 982 31.3369
149.114 1000 31.6228
149.231 1005 31.7017
149.349 958 30.9516
149.466 951 30.8383
149.583 952 30.8545
149.701 901 30.0167
149.818 843 29.0345
149.935 878 29.6311
150.053 927 30.4467
150.17 930 30.4959
150.287 962 31.0161
150.405 984 31.3688
150.522 997 31.5753
150.64 1012 31.8119
150.757 1080 32.8634
150.875 995 31.5436
150.992 1039 32.2335
151.11 1137 33.7194
151.227 1108 33.2866
151.344 1068 32.6803
151.462 1045 32.3265
151.579 972 31.1769
151.697 841 29
151.814 884 29.7321
151.932 855 29.2404
152.049 980 31.305
152.167 1007 31.7333
152.284 1016 31.8748
152.402 1113 33.3617
152.519 1111 33.3317
152.636 1047 32.3574
152.754 975 31.225
152.871 988 31.4325
152.989 1052 32.4345
153.106 955 30.9031
153.223 981 31.3209
153.341 957 30.9354
153.458 931 30.5123
153.575 906 30.0998
153.693 944 30.7246
153.81 970 31.1448
153.927 996 31.5595
154.044 1005 31.7017
154.162 1070 32.7109
154.279 1135 33.6898
154.396 1146 33.8526
154.513 1165 34.1321
154.63 1137 33.7194
154.747 1130 33.6155
154.864 1070 32.7109
154.981 1121 33.4813
155.098 1047 32.3574
155.215 1070 32.7109
155.332 986 31.4006
155.449 954 30.8869
155.566 1018 31.9061
155.683 1099 33.1512
155.8 1121 33.4813
155.917 1140 33.7639
156.033 1168 34.176
156.15 0 1
156.267 0 1
156.383 0 1
156.5 0 1
156.617 0 1
156.733 0 1
156.85 0 1
156.966 0 1
157.082 0 1
157.199 0 1
157.315 0 1
157.431 0 1
157.547 0 1
157.664 0 1
157.78 0 1
157.896 0 1
158.012 0 1
158.128 0 1
158.244 0 1
158.359 0 1
158.475 0 1
158.591 0 1
158.706 0 1
