
6.15755 0 1
6.2731 0 1
6.3887 0 1
6.50437 0 1
6.62009 0 1
6.73587 0 1
6.8517 0 1
6.96759 0 1
7.08353 0 1
7.19952 0 1
7.31557 0 1
7.43166 0 1
7.54781 0 1
7.664 0 1
7.78024 0 1
7.89653 0 1
8.01286 0 1
8.12924 0 1
8.24567 0 1
8.36213 0 1
8.47864 0 1
8.59519 0 1
8.71178 0 1
8.82841 0 1
8.94508 0 1
9.06179 0 1
9.17853 0 1
9.29531 0 1
9.41212 0 1
9.52897 0 1
9.64584 0 1
9.76276 0 1
9.8797 0 1
9.99667 0 1
10.1137 0 1
10.2307 0 1
10.3478 0 1
10.4648 0 1
10.5819 0 1
10.6991 0 1
10.8162 0 1
10.9334 0 1
11.0506 0 1
11.1678 0 1
11.285 0 1
11.4023 0 1
11.5196 0 1
11.6369 0 1
11.7542 0 1
11.8715 0 1
11.9888 0 1
12.1062 0 1
12.2235 0 1
12.3409 0 1
12.4582 0 1
12.5756 0 1
12.693 0 1
12.8104 0 1
12.9278 0 1
13.0452 0 1
13.1626 0 1
13.28 0 1
13.3974 0 1
13.5149 0 1
13.6323 0 1
13.7497 0 1
13.8671 0 1
13.9845 0 1
14.1019 0 1
14.2193 0 1
14.3367 0 1
14.4541 0 1
14.5714 0 1
14.6888 0 1
14.8062 0 1
14.9235 0 1
15.0408 987 31.4166
15.1581 993 31.5119
15.2755 980 31.305
15.3927 965 31.0644
15.51 892 29.8664
15.6273 887 29.7825
15.7445 919 30.315
15.8617 867 29.4449
15.9789 955 30.9031
16.0961 907 30.1164
16.2132 861 29.3428
16.3304 905 30.0832
16.4475 838 28.9482
16.5646 872 29.5296
16.6816 801 28.3019
16.7986 798 28.2489
16.9156 755 27.4773
17.0326 767 27.6948
17.1496 750 27.3861
17.2665 712 26.6833
17.3833 787 28.0535
17.5002 782 27.9643
17.617 808 28.4253
17.7338 792 28.1425
17.8505 734 27.0924
17.9672 742 27.2397
18.0839 725 26.9258
18.2005 747 27.3313
18.3171 771 27.7669
18.4337 773 27.8029
18.5502 783 27.9821
18.6666 692 26.3059
18.7831 781 27.9464
18.8994 746 27.313
19.0158 741 27.2213
19.1321 705 26.5518
19.2483 665 25.7876
19.3645 619 24.8797
19.4806 627 25.04
19.5967 637 25.2389
19.7128 610 24.6982
19.8288 619 24.8797
19.9447 532 23.0651
20.0606 0 1
20.1764 0 1
20.2922 0 1
20.4079 0 1
20.5236 0 1
20.6392 0 1
20.7548 0 1
20.8702 0 1
23.3078 0 1
23.4233 0 1
23.539 0 1
23.6547 0 1
23.7704 0 1
23.8862 0 1
24.0021 0 1
24.118 0 1
24.234 0 1
24.35 0 1
24.4661 326 18.0555
24.5822 354 18.8149
24.6984 406 20.1494
24.8146 528 22.9783
24.9309 592 24.3311
25.0472 642 25.3377
25.1636 734 27.0924
25.28 770 27.7489
25.3965 710 26.6458
25.513 860 29.3258
25.6296 843 29.0345
25.7462 876 29.5973
25.8628 873 29.5466
25.9795 819 28.6182
26.0962 784 28
26.213 815 28.5482
26.3298 815 28.5482
26.4466 788 28.0713
26.5635 704 26.533
26.6804 678 26.0384
26.7973 718 26.7955
26.9143 648 25.4558
27.0313 687 26.2107
27.1483 697 26.4008
27.2653 724 26.9072
27.3824 718 26.7955
27.4996 770 27.7489
27.6167 712 26.6833
27.7339 730 27.0185
27.8511 705 26.5518
27.9683 703 26.5141
28.0855 721 26.8514
28.2028 756 27.4955
28.3201 734 27.0924
28.4374 842 29.0172
28.5547 799 28.2666
28.6721 811 28.4781
28.7894 777 27.8747
28.9068 795 28.1957
29.0242 732 27.0555
29.1416 726 26.9444
29.259 734 27.0924
29.3764 697 26.4008
29.4939 733 27.074
29.6113 739 27.1846
29.7288 723 26.8887
29.8463 713 26.7021
29.9638 686 26.1916
30.0812 679 26.0576
30.1987 640 25.2982
30.3162 634 25.1794
30.4337 640 25.2982
30.5512 626 25.02
30.6687 610 24.6982
30.7862 704 26.533
30.9037 701 26.4764
31.0212 744 27.2764
31.1387 761 27.5862
31.2562 724 26.9072
31.3737 722 26.8701
31.4912 688 26.2298
31.6087 666 25.807
31.7262 726 26.9444
31.8436 736 27.1293
31.9611 745 27.2947
32.0785 666 25.807
32.1959 736 27.1293
32.3134 688 26.2298
32.4308 735 27.1109
32.5482 645 25.3969
32.6655 675 25.9808
32.7829 685 26.1725
32.9002 672 25.923
33.0176 656 25.6125
33.1349 637 25.2389
33.2522 625 25
33.3694 614 24.779
33.4867 640 25.2982
33.6039 639 25.2784
33.7211 654 25.5734
33.8383 625 25
33.9554 564 23.7487
34.0725 581 24.1039
34.1896 607 24.6374
34.3067 612 24.7386
34.4237 636 25.219
34.5407 637 25.2389
34.6577 686 26.1916
34.7746 692 26.3059
34.8915 692 26.3059
35.0084 689 26.2488
35.1252 681 26.096
35.242 598 24.454
35.3587 607 24.6374
35.4755 606 24.6171
35.5921 626 25.02
35.7088 640 25.2982
35.8254 639 25.2784
35.9419 629 25.0799
36.0584 650 25.4951
36.1749 659 25.671
36.2913 566 23.7908
36.4077 544 23.3238
36.524 550 23.4521
36.6403 512 22.6274
36.7565 510 22.5832
36.8727 489 22.1133
36.9889 428 20.6882
37.1049 422 20.5426
37.221 0 1
37.3369 0 1
37.4529 0 1
37.5687 0 1
37.6845 0 1
37.8003 0 1
37.916 0 1
38.0316 0 1
38.1472 0 1
40.5851 0 1
40.7008 0 1
40.8164 0 1
40.9322 0 1
41.048 0 1
41.1639 0 1
41.2798 0 1
41.3958 0 1
41.5118 0 1
41.6279 0 1
41.744 288 16.9706
41.8602 327 18.0831
41.9765 415 20.3715
42.0928 438 20.9284
42.2091 414 20.347
42.3255 464 21.5407
42.4419 507 22.5167
42.5584 490 22.1359
42.675 499 22.3383
42.7915 504 22.4499
42.9081 483 21.9773
43.0248 444 21.0713
43.1415 438 20.9284
43.2582 480 21.9089
43.375 480 21.9089
43.4918 466 21.587
43.6087 518 22.7596
43.7256 482 21.9545
43.8425 509 22.561
43.9595 502 22.4054
44.0765 476 21.8174
44.1935 482 21.9545
44.3106 518 22.7596
44.4277 446 21.1187
44.5448 505 22.4722
44.6619 514 22.6716
44.7791 470 21.6795
44.8963 526 22.9347
45.0136 505 22.4722
45.1308 514 22.6716
45.2481 492 22.1811
45.3654 480 21.9089
45.4827 513 22.6495
45.6001 545 23.3452
45.7174 498 22.3159
45.8348 505 22.4722
45.9522 502 22.4054
46.0697 473 21.7486
46.1871 459 21.4243
46.3046 469 21.6564
46.422 412 20.2978
46.5395 422 20.5426
46.657 452 21.2603
46.7745 465 21.5639
46.892 463 21.5174
47.0096 465 21.5639
47.1271 501 22.383
47.2446 507 22.5167
47.3622 435 20.8567
47.4797 511 22.6053
47.5973 500 22.3607
47.7149 502 22.4054
47.8324 457 21.3776
47.95 490 22.1359
48.0675 478 21.8632
48.1851 519 22.7816
48.3027 481 21.9317
48.4202 494 22.2261
48.5378 514 22.6716
48.6554 511 22.6053
48.7729 527 22.9565
48.8904 498 22.3159
49.008 533 23.0868
49.1255 525 22.9129
49.243 542 23.2809
49.3605 532 23.0651
49.478 510 22.5832
49.5955 561 23.6854
49.713 474 21.7715
49.8304 477 21.8403
49.9479 447 21.1424
50.0653 428 20.6882
50.1827 429 20.7123
50.3001 444 21.0713
50.4175 463 21.5174
50.5348 507 22.5167
50.6521 474 21.7715
50.7694 501 22.383
50.8867 540 23.2379
51.004 474 21.7715
51.1212 473 21.7486
51.2384 489 22.1133
51.3556 433 20.8087
51.4727 440 20.9762
51.5899 480 21.9089
51.707 467 21.6102
51.824 477 21.8403
51.9411 494 22.2261
52.0581 470 21.6795
52.175 523 22.8692
52.2919 462 21.4942
52.4088 511 22.6053
52.5257 472 21.7256
52.6425 508 22.5389
52.7593 477 21.8403
52.876 470 21.6795
52.9927 487 22.0681
53.1094 489 22.1133
53.226 460 21.4476
53.3426 428 20.6882
53.4591 419 20.4695
53.5756 431 20.7605
53.692 380 19.4936
53.8084 408 20.199
53.9248 440 20.9762
54.0411 574 23.9583
54.1573 694 26.3439
54.2735 0 1
54.3896 0 1
54.5057 0 1
54.6217 0 1
54.7377 0 1
54.8537 0 1
54.9695 0 1
55.0853 0 1
55.2011 0 1
55.3168 0 1
55.4324 0 1
57.824 0 1
57.9396 0 1
58.0553 0 1
58.1711 0 1
58.2869 0 1
58.4028 0 1
58.5187 0 1
58.6347 0 1
58.7508 0 1
58.8669 0 1
58.983 84322 290.383
59.0992 106426 326.23
59.2155 122447 349.924
59.3318 134067 366.152
59.4482 142965 378.107
59.5646 149275 386.361
59.681 154177 392.654
59.7975 155415 394.227
59.9141 155292 394.071
60.0306 152307 390.265
60.1473 150077 387.398
60.2639 144033 379.517
60.3807 138175 371.719
60.4974 132151 363.526
60.6142 124483 352.821
60.731 117501 342.784
60.8479 108943 330.065
60.9648 102058 319.465
61.0818 96038 309.9
61.1987 88927 298.206
61.3158 80340 283.443
61.4328 71059 266.569
61.5499 60146 245.247
61.667 48922 221.183
61.7841 38267 195.62
61.9013 30659 175.097
62.0185 25827 160.708
62.1357 23640 153.753
62.253 22764 150.877
62.3702 22302 149.339
62.4875 20779 144.149
62.6049 18930 137.586
62.7222 16775 129.518
62.8396 14132 118.878
62.9569 11822 108.729
63.0743 10124 100.618
63.1918 8369 91.4822
63.3092 6836 82.6801
63.4267 5418 73.6071
63.5441 4270 65.3452
63.6616 3158 56.1961
63.7791 2363 48.6107
63.8966 1715 41.4126
64.0142 1319 36.318
64.1317 1050 32.4037
64.2492 856 29.2575
64.3668 764 27.6405
64.4843 606 24.6171
64.6019 608 24.6577
64.7195 620 24.8998
64.837 587 24.2281
64.9546 544 23.3238
65.0722 509 22.561
65.1898 516 22.7156
65.3074 554 23.5372
65.4249 491 22.1585
65.5425 500 22.3607
65.6601 453 21.2838
65.7777 449 21.1896
65.8952 453 21.2838
66.0128 494 22.2261
66.1304 460 21.4476
66.2479 480 21.9089
66.3655 486 22.0454
66.483 580 24.0832
66.6005 554 23.5372
66.718 523 22.8692
66.8355 564 23.7487
66.953 628 25.0599
67.0705 613 24.7588
67.1879 611 24.7184
67.3054 678 26.0384
67.4228 687 26.2107
67.5402 644 25.3772
67.6576 622 24.9399
67.7749 623 24.96
67.8923 598 24.454
68.0096 627 25.04
68.1269 620 24.8998
68.2442 607 24.6374
68.3614 546 23.3666
68.4787 564 23.7487
68.5958 559 23.6432
68.713 512 22.6274
68.8302 540 23.2379
68.9473 468 21.6333
69.0643 489 22.1133
69.1814 447 21.1424
69.2984 413 20.3224
69.4154 455 21.3307
69.5323 461 21.4709
69.6492 458 21.4009
69.7661 465 21.5639
69.8829 474 21.7715
69.9997 443 21.0476
70.1165 447 21.1424
70.2332 464 21.5407
70.3499 439 20.9523
70.4665 467 21.6102
70.5831 415 20.3715
70.6996 382 19.5448
70.8161 435 20.8567
70.9326 369 19.2094
71.049 338 18.3848
71.1653 291 17.0587
71.2817 272 16.4924
71.3979 261 16.1555
71.5141 249 15.7797
71.6303 230 15.1658
71.7464 217 14.7309
71.8624 0 1
71.9784 0 1
72.0944 0 1
72.2102 0 1
72.3261 0 1
72.4418 0 1
72.5575 0 1
72.6732 0 1
75.1054 0 1
75.2209 0 1
75.3365 0 1
75.4521 0 1
75.5678 0 1
75.6835 0 1
75.7993 0 1
75.9151 0 1
76.031 0 1
76.147 352 18.7617
76.263 417 20.4206
76.3791 419 20.4695
76.4952 444 21.0713
76.6113 435 20.8567
76.7276 450 21.2132
76.8438 450 21.2132
76.9601 412 20.2978
77.0765 418 20.445
77.1929 410 20.2485
77.3093 410 20.2485
77.4258 433 20.8087
77.5423 416 20.3961
77.6589 451 21.2368
77.7755 395 19.8746
77.8921 437 20.9045
78.0088 380 19.4936
78.1256 421 20.5183
78.2423 388 19.6977
78.3591 408 20.199
78.4759 423 20.567
78.5928 433 20.8087
78.7097 427 20.664
78.8266 394 19.8494
78.9436 422 20.5426
79.0606 434 20.8327
79.1776 415 20.3715
79.2946 452 21.2603
79.4117 438 20.9284
79.5288 527 22.9565
79.6459 437 20.9045
79.7631 435 20.8567
79.8802 452 21.2603
79.9974 497 22.2935
80.1147 443 21.0476
80.2319 427 20.664
80.3491 510 22.5832
80.4664 485 22.0227
80.5837 429 20.7123
80.701 466 21.587
80.8183 487 22.0681
80.9357 466 21.587
81.053 428 20.6882
81.1704 416 20.3961
81.2877 409 20.2237
81.4051 437 20.9045
81.5225 460 21.4476
81.6399 383 19.5704
81.7573 440 20.9762
81.8747 471 21.7025
81.9922 427 20.664
82.1096 436 20.8806
82.227 482 21.9545
82.3444 395 19.8746
82.4619 444 21.0713
82.5793 417 20.4206
82.6967 419 20.4695
82.8142 449 21.1896
82.9316 449 21.1896
83.049 467 21.6102
83.1664 484 22
83.2838 475 21.7945
83.4012 511 22.6053
83.5186 468 21.6333
83.636 517 22.7376
83.7534 485 22.0227
83.8708 439 20.9523
83.9881 494 22.2261
84.1055 496 22.2711
84.2228 485 22.0227
84.3401 426 20.6398
84.4575 409 20.2237
84.5747 447 21.1424
84.692 454 21.3073
84.8093 468 21.6333
84.9265 456 21.3542
85.0437 456 21.3542
85.1609 413 20.3224
85.2781 388 19.6977
85.3952 417 20.4206
85.5123 404 20.0998
85.6294 473 21.7486
85.7465 452 21.2603
85.8636 418 20.445
85.9806 450 21.2132
86.0976 422 20.5426
86.2145 438 20.9284
86.3315 458 21.4009
86.4484 504 22.4499
86.5652 507 22.5167
86.682 475 21.7945
86.7988 478 21.8632
86.9156 480 21.9089
87.0323 507 22.5167
87.149 470 21.6795
87.2657 510 22.5832
87.3823 450 21.2132
87.4988 434 20.8327
87.6154 430 20.7364
87.7318 405 20.1246
87.8483 412 20.2978
87.9647 359 18.9473
88.081 336 18.3303
88.1973 324 18
88.3136 311 17.6352
88.4298 267 16.3401
88.546 213 14.5945
88.6621 234 15.2971
88.7781 235 15.3297
88.8942 0 1
89.0101 0 1
89.126 0 1
89.2419 0 1
89.3577 0 1
89.4734 0 1
89.5891 0 1
89.7047 0 1
89.8203 0 1
89.9358 0 1
92.3269 0 1
92.4424 0 1
92.558 0 1
92.6736 0 1
92.7893 0 1
92.905 0 1
93.0208 0 1
93.1366 0 1
93.2525 0 1
93.3685 0 1
93.4845 0 1
93.6005 400 20
93.7167 386 19.6469
93.8328 368 19.1833
93.949 409 20.2237
94.0653 432 20.7846
94.1816 420 20.4939
94.2979 387 19.6723
94.4143 419 20.4695
94.5307 385 19.6214
94.6472 472 21.7256
94.7637 446 21.1187
94.8803 446 21.1187
94.9969 467 21.6102
95.1135 486 22.0454
95.2302 441 21
95.3469 419 20.4695
95.4637 443 21.0476
95.5805 458 21.4009
95.6973 480 21.9089
95.8142 484 22
95.9311 462 21.4942
96.048 464 21.5407
96.1649 477 21.8403
96.2819 441 21
96.3989 463 21.5174
96.516 465 21.5639
96.633 500 22.3607
96.7501 473 21.7486
96.8673 499 22.3383
96.9844 464 21.5407
97.1016 501 22.383
97.2188 482 21.9545
97.336 462 21.4942
97.4532 410 20.2485
97.5704 411 20.2731
97.6877 414 20.347
97.805 447 21.1424
97.9223 441 21
98.0396 407 20.1742
98.1569 443 21.0476
98.2743 469 21.6564
98.3916 461 21.4709
98.509 456 21.3542
98.6264 450 21.2132
98.7438 495 22.2486
98.8612 459 21.4243
98.9786 482 21.9545
99.096 447 21.1424
99.2134 518 22.7596
99.3308 510 22.5832
99.4482 504 22.4499
99.5656 490 22.1359
99.6831 507 22.5167
99.8005 456 21.3542
99.9179 489 22.1133
100.035 507 22.5167
100.153 486 22.0454
100.27 508 22.5389
100.388 513 22.6495
100.505 520 22.8035
100.622 459 21.4243
100.74 475 21.7945
100.857 480 21.9089
100.975 469 21.6564
101.092 458 21.4009
101.209 480 21.9089
101.327 433 20.8087
101.444 463 21.5174
101.561 456 21.3542
101.679 528 22.9783
101.796 455 21.3307
101.913 499 22.3383
102.03 501 22.383
102.148 523 22.8692
102.265 556 23.5797
102.382 522 22.8473
102.499 544 23.3238
102.616 544 23.3238
102.733 524 22.891
102.851 577 24.0208
102.968 539 23.2164
103.085 538 23.1948
103.202 542 23.2809
103.319 612 24.7386
103.436 527 22.9565
103.552 599 24.4745
103.669 524 22.891
103.786 568 23.8328
103.903 592 24.3311
104.02 557 23.6008
104.137 584 24.1661
104.253 599 24.4745
104.37 529 23
104.487 528 22.9783
104.603 534 23.1084
104.72 493 22.2036
104.836 525 22.9129
104.953 449 21.1896
105.069 471 21.7025
105.186 483 21.9773
105.302 499 22.3383
105.418 428 20.6882
105.535 401 20.025
105.651 412 20.2978
105.767 354 18.8149
105.883 317 17.8045
105.999 291 17.0587
106.115 0 1
106.231 0 1
106.347 0 1
106.463 0 1
106.579 0 1
106.694 0 1
106.81 0 1
106.926 0 1
107.041 0 1
107.157 0 1
109.576 0 1
109.692 0 1
109.807 0 1
109.923 0 1
110.039 0 1
110.155 0 1
110.27 0 1
110.386 0 1
110.502 0 1
110.618 300 17.3205
110.735 321 17.9165
110.851 356 18.868
110.967 398 19.9499
111.083 452 21.2603
111.199 463 21.5174
111.316 497 22.2935
111.432 519 22.7816
111.549 489 22.1133
111.665 587 24.2281
111.782 561 23.6854
111.898 506 22.4944
112.015 559 23.6432
112.132 557 23.6008
112.248 601 24.5153
112.365 622 24.9399
112.482 620 24.8998
112.599 584 24.1661
112.716 579 24.0624
112.832 573 23.9374
112.949 568 23.8328
113.066 561 23.6854
113.183 614 24.779
113.3 648 25.4558
113.417 639 25.2784
113.534 609 24.6779
113.652 653 25.5539
113.769 593 24.3516
113.886 706 26.5707
114.003 714 26.7208
114.12 754 27.4591
114.238 740 27.2029
114.355 798 28.2489
114.472 743 27.258
114.589 715 26.7395
114.707 675 25.9808
114.824 643 25.3574
114.942 587 24.2281
115.059 591 24.3105
115.176 576 24
115.294 542 23.2809
115.411 483 21.9773
115.529 475 21.7945
115.646 465 21.5639
115.764 489 22.1133
115.881 458 21.4009
115.999 412 20.2978
116.116 459 21.4243
116.234 482 21.9545
116.351 456 21.3542
116.469 443 21.0476
116.586 406 20.1494
116.704 408 20.199
116.821 417 20.4206
116.939 386 19.6469
117.056 394 19.8494
117.174 375 19.3649
117.291 346 18.6011
117.409 368 19.1833
117.526 344 18.5472
117.644 425 20.6155
117.761 418 20.445
117.879 444 21.0713
117.996 420 20.4939
118.114 417 20.4206
118.231 418 20.445
118.349 428 20.6882
118.466 476 21.8174
118.584 431 20.7605
118.701 448 21.166
118.819 445 21.095
118.936 433 20.8087
119.053 436 20.8806
119.171 411 20.2731
119.288 409 20.2237
119.405 401 20.025
119.523 443 21.0476
119.64 397 19.9249
119.757 408 20.199
119.875 398 19.9499
119.992 437 20.9045
120.109 401 20.025
120.226 396 19.8997
120.343 384 19.5959
120.46 426 20.6398
120.578 370 19.2354
120.695 371 19.2614
120.812 380 19.4936
120.929 340 18.4391
121.046 354 18.8149
121.163 354 18.8149
121.279 355 18.8414
121.396 358 18.9209
121.513 348 18.6548
121.63 354 18.8149
121.747 378 19.4422
121.863 368 19.1833
121.98 329 18.1384
122.097 351 18.735
122.213 347 18.6279
122.33 361 19
122.446 301 17.3494
122.563 279 16.7033
122.679 256 16
122.795 262 16.1864
122.912 254 15.9374
123.028 204 14.2829
123.144 248 15.748
123.26 224 14.9666
123.377 0 1
123.493 0 1
123.609 0 1
123.725 0 1
123.84 0 1
123.956 0 1
124.072 0 1
124.188 0 1
124.303 0 1
124.419 0 1
126.852 0 1
126.968 0 1
127.083 0 1
127.199 0 1
127.315 0 1
127.431 0 1
127.547 0 1
127.663 0 1
127.779 0 1
127.895 0 1
128.011 0 1
128.127 0 1
128.243 0 1
128.359 400 20
128.476 420 20.4939
128.592 463 21.5174
128.708 481 21.9317
128.825 459 21.4243
128.941 478 21.8632
129.058 458 21.4009
129.174 460 21.4476
129.291 433 20.8087
129.408 433 20.8087
129.524 455 21.3307
129.641 480 21.9089
129.758 432 20.7846
129.875 481 21.9317
129.992 424 20.5913
130.108 398 19.9499
130.225 416 20.3961
130.342 378 19.4422
130.459 426 20.6398
130.576 489 22.1133
130.693 507 22.5167
130.81 530 23.0217
130.928 543 23.3024
131.045 574 23.9583
131.162 542 23.2809
131.279 558 23.622
131.396 679 26.0576
131.513 666 25.807
131.631 643 25.3574
131.748 691 26.2869
131.865 736 27.1293
131.983 795 28.1957
132.1 810 28.4605
132.217 887 29.7825
132.335 859 29.3087
132.452 934 30.5614
132.57 936 30.5941
132.687 936 30.5941
132.804 1017 31.8904
132.922 986 31.4006
133.039 971 31.1609
133.157 1046 32.3419
133.274 1026 32.0312
133.392 1056 32.4962
133.509 986 31.4006
133.627 1009 31.7648
133.744 959 30.9677
133.862 954 30.8869
133.979 967 31.0966
134.097 1013 31.8277
134.214 1066 32.6497
134.332 1064 32.619
134.449 1056 32.4962
134.567 976 31.241
134.684 996 31.5595
134.802 995 31.5436
134.919 973 31.1929
135.037 1027 32.0468
135.154 1017 31.8904
135.272 952 30.8545
135.389 947 30.7734
135.507 1074 32.7719
135.624 1068 32.6803
135.742 1107 33.2716
135.859 1124 33.5261
135.977 1102 33.1964
136.094 1166 34.1467
136.211 1053 32.45
136.329 1132 33.6452
136.446 1128 33.5857
136.564 1131 33.6303
136.681 1121 33.4813
136.798 1199 34.6266
136.915 1080 32.8634
137.033 1098 33.1361
137.15 1041 32.2645
137.267 1062 32.5883
137.384 997 31.5753
137.502 987 31.4166
137.619 1021 31.9531
137.736 1038 32.218
137.853 1052 32.4345
137.97 1102 33.1964
138.087 1051 32.4191
138.204 1086 32.9545
138.321 1058 32.5269
138.438 1049 32.3883
138.555 1148 33.8821
138.672 1174 34.2637
138.788 999 31.607
138.905 990 31.4643
139.022 927 30.4467
139.139 996 31.5595
139.255 1040 32.249
139.372 1049 32.3883
139.488 1043 32.2955
139.605 1021 31.9531
139.721 846 29.0861
139.838 904 30.0666
139.954 791 28.1247
140.071 793 28.1603
140.187 691 26.2869
140.303 770 27.7489
140.419 690 26.2679
140.535 678 26.0384
140.652 597 24.4336
140.768 0 1
140.884 0 1
141 0 1
141.115 0 1
141.231 0 1
141.347 0 1
141.463 0 1
141.578 0 1
141.694 0 1
144.104 0 1
144.219 0 1
144.335 0 1
144.45 0 1
144.566 0 1
144.682 0 1
144.798 0 1
144.914 0 1
145.03 0 1
145.146 928 30.4631
145.262 924 30.3974
145.378 953 30.8707
145.494 990 31.4643
145.61 929 30.4795
145.726 949 30.8058
145.842 970 31.1448
145.959 982 31.3369
146.075 942 30.692
146.192 907 30.1164
146.308 891 29.8496
146.425 963 31.0322
146.541 974 31.209
146.658 971 31.1609
146.774 995 31.5436
146.891 1038 32.218
147.008 974 31.209
147.125 911 30.1828
147.241 958 30.9516
147.358 1021 31.9531
147.475 1041 32.2645
147.592 986 31.4006
147.709 910 30.1662
147.826 916 30.2655
147.943 897 29.95
148.06 892 29.8664
148.177 937 30.6105
148.294 929 30.4795
148.411 969 31.1288
148.528 991 31.4802
148.645 996 31.5595
148.762 998 31.5911
148.88 970 31.1448
148.997 1017 31.8904
149.114 949 30.8058
149.231 942 30.692
149.349 944 30.7246
149.466 1048 32.3728
149.583 946 30.7571
149.701 964 31.0483
149.818 964 31.0483
149.935 892 29.8664
150.053 949 30.8058
150.17 927 30.4467
150.287 917 30.282
150.405 979 31.289
150.522 940 30.6594
150.64 890 29.8329
150.757 907 30.1164
150.875 955 30.9031
150.992 915 30.249
151.11 880 29.6648
151.227 940 30.6594
151.344 896 29.9333
151.462 849 29.1376
151.579 837 28.931
151.697 805 28.3725
151.814 872 29.5296
151.932 897 29.95
152.049 956 30.9192
152.167 951 30.8383
152.284 924 30.3974
152.402 1038 32.218
152.519 987 31.4166
152.636 927 30.4467
152.754 943 30.7083
152.871 939 30.6431
152.989 927 30.4467
153.106 924 30.3974
153.223 866 29.4279
153.341 866 29.4279
153.458 833 28.8617
153.575 844 29.0517
153.693 778 27.8927
153.81 801 28.3019
153.927 859 29.3087
154.044 834 28.8791
154.162 753 27.4408
154.279 752 27.4226
154.396 751 27.4044
154.513 841 29
154.63 773 27.8029
154.747 773 27.8029
154.864 758 27.5318
154.981 731 27.037
155.098 720 26.8328
155.215 692 26.3059
155.332 714 26.7208
155.449 717 26.7769
155.566 792 28.1425
155.683 763 27.6225
155.8 748 27.3496
155.917 780 27.9285
156.033 757 27.5136
156.15 0 1
156.267 0 1
156.383 0 1
156.5 0 1
156.617 0 1
156.733 0 1
156.85 0 1
156.966 0 1
157.082 0 1
157.199 0 1
157.315 0 1
157.431 0 1
157.547 0 1
157.664 0 1
157.78 0 1
157.896 0 1
158.012 0 1
158.128 0 1
158.244 0 1
158.359 0 1
158.475 0 1
158.591 0 1
158.706 0 1
