
6.15755 0 1
6.2731 0 1
6.3887 0 1
6.50437 0 1
6.62009 0 1
6.73587 0 1
6.8517 0 1
6.96759 0 1
7.08353 0 1
7.19952 0 1
7.31557 0 1
7.43166 0 1
7.54781 0 1
7.664 0 1
7.78024 0 1
7.89653 0 1
8.01286 0 1
8.12924 0 1
8.24567 0 1
8.36213 0 1
8.47864 0 1
8.59519 0 1
8.71178 0 1
8.82841 0 1
8.94508 0 1
9.06179 0 1
9.17853 0 1
9.29531 0 1
9.41212 0 1
9.52897 0 1
9.64584 0 1
9.76276 0 1
9.8797 0 1
9.99667 0 1
10.1137 0 1
10.2307 0 1
10.3478 0 1
10.4648 0 1
10.5819 0 1
10.6991 0 1
10.8162 0 1
10.9334 0 1
11.0506 0 1
11.1678 0 1
11.285 0 1
11.4023 0 1
11.5196 0 1
11.6369 0 1
11.7542 0 1
11.8715 0 1
11.9888 0 1
12.1062 0 1
12.2235 0 1
12.3409 0 1
12.4582 0 1
12.5756 0 1
12.693 0 1
12.8104 0 1
12.9278 0 1
13.0452 0 1
13.1626 0 1
13.28 0 1
13.3974 0 1
13.5149 0 1
13.6323 0 1
13.7497 0 1
13.8671 0 1
13.9845 0 1
14.1019 0 1
14.2193 0 1
14.3367 0 1
14.4541 0 1
14.5714 0 1
14.6888 0 1
14.8062 0 1
14.9235 0 1
15.0408 864 29.3939
15.1581 996 31.5595
15.2755 1006 31.7175
15.3927 1022 31.9687
15.51 1007 31.7333
15.6273 1012 31.8119
15.7445 1019 31.9218
15.8617 1008 31.749
15.9789 932 30.5287
16.0961 860 29.3258
16.2132 833 28.8617
16.3304 901 30.0167
16.4475 888 29.7993
16.5646 875 29.5804
16.6816 881 29.6816
16.7986 875 29.5804
16.9156 905 30.0832
17.0326 886 29.7658
17.1496 851 29.1719
17.2665 922 30.3645
17.3833 892 29.8664
17.5002 878 29.6311
17.617 922 30.3645
17.7338 935 30.5778
17.8505 903 30.05
17.9672 907 30.1164
18.0839 895 29.9166
18.2005 855 29.2404
18.3171 776 27.8568
18.4337 836 28.9137
18.5502 872 29.5296
18.6666 877 29.6142
18.7831 897 29.95
18.8994 896 29.9333
19.0158 842 29.0172
19.1321 782 27.9643
19.2483 768 27.7128
19.3645 779 27.9106
19.4806 748 27.3496
19.5967 627 25.04
19.7128 585 24.1868
19.8288 536 23.1517
19.9447 486 22.0454
20.0606 0 1
20.1764 0 1
20.2922 0 1
20.4079 0 1
20.5236 0 1
20.6392 0 1
20.7548 0 1
20.8702 0 1
23.3078 0 1
23.4233 0 1
23.539 0 1
23.6547 0 1
23.7704 0 1
23.8862 0 1
24.0021 0 1
24.118 0 1
24.234 0 1
24.35 0 1
24.4661 332 18.2209
24.5822 425 20.6155
24.6984 479 21.8861
24.8146 602 24.5357
24.9309 641 25.318
25.0472 677 26.0192
25.1636 796 28.2135
25.28 882 29.6985
25.3965 952 30.8545
25.513 917 30.282
25.6296 890 29.8329
25.7462 934 30.5614
25.8628 977 31.257
25.9795 986 31.4006
26.0962 963 31.0322
26.213 964 31.0483
26.3298 907 30.1164
26.4466 855 29.2404
26.5635 835 28.8964
26.6804 733 27.074
26.7973 737 27.1477
26.9143 728 26.9815
27.0313 696 26.3818
27.1483 802 28.3196
27.2653 777 27.8747
27.3824 784 28
27.4996 834 28.8791
27.6167 841 29
27.7339 834 28.8791
27.8511 785 28.0179
27.9683 797 28.2312
28.0855 851 29.1719
28.2028 811 28.4781
28.3201 748 27.3496
28.4374 774 27.8209
28.5547 799 28.2666
28.6721 787 28.0535
28.7894 781 27.9464
28.9068 859 29.3087
29.0242 874 29.5635
29.1416 824 28.7054
29.259 846 29.0861
29.3764 865 29.4109
29.4939 821 28.6531
29.6113 829 28.7924
29.7288 793 28.1603
29.8463 769 27.7308
29.9638 756 27.4955
30.0812 720 26.8328
30.1987 731 27.037
30.3162 657 25.632
30.4337 694 26.3439
30.5512 731 27.037
30.6687 828 28.775
30.7862 721 26.8514
30.9037 808 28.4253
31.0212 783 27.9821
31.1387 809 28.4429
31.2562 846 29.0861
31.3737 848 29.1204
31.4912 867 29.4449
31.6087 825 28.7228
31.7262 783 27.9821
31.8436 813 28.5132
31.9611 727 26.9629
32.0785 773 27.8029
32.1959 769 27.7308
32.3134 763 27.6225
32.4308 807 28.4077
32.5482 731 27.037
32.6655 703 26.5141
32.7829 747 27.3313
32.9002 717 26.7769
33.0176 726 26.9444
33.1349 709 26.6271
33.2522 678 26.0384
33.3694 727 26.9629
33.4867 710 26.6458
33.6039 720 26.8328
33.7211 654 25.5734
33.8383 687 26.2107
33.9554 699 26.4386
34.0725 711 26.6646
34.1896 711 26.6646
34.3067 727 26.9629
34.4237 768 27.7128
34.5407 836 28.9137
34.6577 787 28.0535
34.7746 716 26.7582
34.8915 785 28.0179
35.0084 738 27.1662
35.1252 764 27.6405
35.242 719 26.8142
35.3587 640 25.2982
35.4755 662 25.7294
35.5921 652 25.5343
35.7088 686 26.1916
35.8254 692 26.3059
35.9419 728 26.9815
36.0584 757 27.5136
36.1749 677 26.0192
36.2913 672 25.923
36.4077 643 25.3574
36.524 601 24.5153
36.6403 579 24.0624
36.7565 565 23.7697
36.8727 554 23.5372
36.9889 483 21.9773
37.1049 481 21.9317
37.221 0 1
37.3369 0 1
37.4529 0 1
37.5687 0 1
37.6845 0 1
37.8003 0 1
37.916 0 1
38.0316 0 1
38.1472 0 1
40.5851 0 1
40.7008 0 1
40.8164 0 1
40.9322 0 1
41.048 0 1
41.1639 0 1
41.2798 0 1
41.3958 0 1
41.5118 0 1
41.6279 0 1
41.744 319 17.8606
41.8602 381 19.5192
41.9765 441 21
42.0928 419 20.4695
42.2091 501 22.383
42.3255 516 22.7156
42.4419 487 22.0681
42.5584 521 22.8254
42.675 546 23.3666
42.7915 571 23.8956
42.9081 508 22.5389
43.0248 470 21.6795
43.1415 525 22.9129
43.2582 549 23.4307
43.375 579 24.0624
43.4918 589 24.2693
43.6087 559 23.6432
43.7256 535 23.1301
43.8425 514 22.6716
43.9595 554 23.5372
44.0765 500 22.3607
44.1935 506 22.4944
44.3106 525 22.9129
44.4277 560 23.6643
44.5448 488 22.0907
44.6619 597 24.4336
44.7791 586 24.2074
44.8963 556 23.5797
45.0136 542 23.2809
45.1308 576 24
45.2481 570 23.8747
45.3654 616 24.8193
45.4827 571 23.8956
45.6001 597 24.4336
45.7174 586 24.2074
45.8348 559 23.6432
45.9522 532 23.0651
46.0697 522 22.8473
46.1871 521 22.8254
46.3046 498 22.3159
46.422 473 21.7486
46.5395 519 22.7816
46.657 509 22.561
46.7745 507 22.5167
46.892 528 22.9783
47.0096 544 23.3238
47.1271 556 23.5797
47.2446 554 23.5372
47.3622 501 22.383
47.4797 506 22.4944
47.5973 496 22.2711
47.7149 501 22.383
47.8324 462 21.4942
47.95 488 22.0907
48.0675 543 23.3024
48.1851 535 23.1301
48.3027 555 23.5584
48.4202 575 23.9792
48.5378 531 23.0434
48.6554 541 23.2594
48.7729 566 23.7908
48.8904 557 23.6008
49.008 558 23.622
49.1255 565 23.7697
49.243 558 23.622
49.3605 524 22.891
49.478 494 22.2261
49.5955 502 22.4054
49.713 460 21.4476
49.8304 461 21.4709
49.9479 447 21.1424
50.0653 481 21.9317
50.1827 499 22.3383
50.3001 516 22.7156
50.4175 531 23.0434
50.5348 532 23.0651
50.6521 552 23.4947
50.7694 526 22.9347
50.8867 494 22.2261
51.004 483 21.9773
51.1212 537 23.1733
51.2384 503 22.4277
51.3556 497 22.2935
51.4727 535 23.1301
51.5899 509 22.561
51.707 531 23.0434
51.824 485 22.0227
51.9411 569 23.8537
52.0581 482 21.9545
52.175 562 23.7065
52.2919 521 22.8254
52.4088 541 23.2594
52.5257 552 23.4947
52.6425 545 23.3452
52.7593 538 23.1948
52.876 520 22.8035
52.9927 502 22.4054
53.1094 492 22.1811
53.226 484 22
53.3426 435 20.8567
53.4591 467 21.6102
53.5756 455 21.3307
53.692 450 21.2132
53.8084 391 19.7737
53.9248 446 21.1187
54.0411 386 19.6469
54.1573 354 18.8149
54.2735 0 1
54.3896 0 1
54.5057 0 1
54.6217 0 1
54.7377 0 1
54.8537 0 1
54.9695 0 1
55.0853 0 1
55.2011 0 1
55.3168 0 1
55.4324 0 1
57.824 0 1
57.9396 0 1
58.0553 0 1
58.1711 0 1
58.2869 0 1
58.4028 0 1
58.5187 0 1
58.6347 0 1
58.7508 0 1
58.8669 0 1
58.983 926 30.4302
59.0992 1192 34.5254
59.2155 1528 39.0896
59.3318 1662 40.7676
59.4482 1847 42.9767
59.5646 1887 43.4396
59.681 1947 44.1248
59.7975 1972 44.4072
59.9141 2063 45.4203
60.0306 2206 46.9681
60.1473 2088 45.6946
60.2639 2182 46.7119
60.3807 2120 46.0435
60.4974 2297 47.927
60.6142 2204 46.9468
60.731 2169 46.5725
60.8479 2116 46
60.9648 2019 44.9333
61.0818 1961 44.2832
61.1987 1926 43.8862
61.3158 1768 42.0476
61.4328 1766 42.0238
61.5499 1736 41.6653
61.667 1596 39.95
61.7841 1451 38.092
61.9013 1265 35.5668
62.0185 1184 34.4093
62.1357 1061 32.573
62.253 1025 32.0156
62.3702 1134 33.6749
62.4875 1265 35.5668
62.6049 1341 36.6197
62.7222 1497 38.6911
62.8396 1467 38.3014
62.9569 1382 37.1753
63.0743 1419 37.6696
63.1918 1261 35.5106
63.3092 1226 35.0143
63.4267 1183 34.3948
63.5441 1239 35.1994
63.6616 1227 35.0286
63.7791 1264 35.5528
63.8966 1169 34.1906
64.0142 1059 32.5423
64.1317 969 31.1288
64.2492 863 29.3769
64.3668 741 27.2213
64.4843 718 26.7955
64.6019 719 26.8142
64.7195 687 26.2107
64.837 659 25.671
64.9546 688 26.2298
65.0722 611 24.7184
65.1898 674 25.9615
65.3074 676 26
65.4249 629 25.0799
65.5425 653 25.5539
65.6601 633 25.1595
65.7777 670 25.8844
65.8952 642 25.3377
66.0128 693 26.3249
66.1304 690 26.2679
66.2479 697 26.4008
66.3655 705 26.5518
66.483 705 26.5518
66.6005 766 27.6767
66.718 734 27.0924
66.8355 691 26.2869
66.953 718 26.7955
67.0705 780 27.9285
67.1879 736 27.1293
67.3054 769 27.7308
67.4228 821 28.6531
67.5402 789 28.0891
67.6576 927 30.4467
67.7749 799 28.2666
67.8923 892 29.8664
68.0096 822 28.6705
68.1269 898 29.9666
68.2442 838 28.9482
68.3614 765 27.6586
68.4787 759 27.55
68.5958 739 27.1846
68.713 782 27.9643
68.8302 738 27.1662
68.9473 738 27.1662
69.0643 843 29.0345
69.1814 778 27.8927
69.2984 778 27.8927
69.4154 762 27.6043
69.5323 779 27.9106
69.6492 794 28.178
69.7661 721 26.8514
69.8829 754 27.4591
69.9997 737 27.1477
70.1165 732 27.0555
70.2332 720 26.8328
70.3499 657 25.632
70.4665 563 23.7276
70.5831 535 23.1301
70.6996 499 22.3383
70.8161 475 21.7945
70.9326 480 21.9089
71.049 404 20.0998
71.1653 409 20.2237
71.2817 386 19.6469
71.3979 360 18.9737
71.5141 315 17.7482
71.6303 318 17.8326
71.7464 246 15.6844
71.8624 0 1
71.9784 0 1
72.0944 0 1
72.2102 0 1
72.3261 0 1
72.4418 0 1
72.5575 0 1
72.6732 0 1
75.1054 0 1
75.2209 0 1
75.3365 0 1
75.4521 0 1
75.5678 0 1
75.6835 0 1
75.7993 0 1
75.9151 0 1
76.031 0 1
76.147 405 20.1246
76.263 447 21.1424
76.3791 453 21.2838
76.4952 503 22.4277
76.6113 545 23.3452
76.7276 566 23.7908
76.8438 570 23.8747
76.9601 512 22.6274
77.0765 593 24.3516
77.1929 538 23.1948
77.3093 532 23.0651
77.4258 547 23.388
77.5423 482 21.9545
77.6589 528 22.9783
77.7755 544 23.3238
77.8921 501 22.383
78.0088 506 22.4944
78.1256 537 23.1733
78.2423 477 21.8403
78.3591 480 21.9089
78.4759 517 22.7376
78.5928 501 22.383
78.7097 504 22.4499
78.8266 503 22.4277
78.9436 536 23.1517
79.0606 514 22.6716
79.1776 533 23.0868
79.2946 566 23.7908
79.4117 567 23.8118
79.5288 603 24.5561
79.6459 495 22.2486
79.7631 526 22.9347
79.8802 510 22.5832
79.9974 576 24
80.1147 552 23.4947
80.2319 587 24.2281
80.3491 553 23.516
80.4664 586 24.2074
80.5837 584 24.1661
80.701 543 23.3024
80.8183 517 22.7376
80.9357 571 23.8956
81.053 545 23.3452
81.1704 553 23.516
81.2877 521 22.8254
81.4051 570 23.8747
81.5225 561 23.6854
81.6399 548 23.4094
81.7573 532 23.0651
81.8747 526 22.9347
81.9922 529 23
82.1096 492 22.1811
82.227 497 22.2935
82.3444 514 22.6716
82.4619 548 23.4094
82.5793 554 23.5372
82.6967 558 23.622
82.8142 558 23.622
82.9316 579 24.0624
83.049 593 24.3516
83.1664 527 22.9565
83.2838 543 23.3024
83.4012 508 22.5389
83.5186 560 23.6643
83.636 578 24.0416
83.7534 587 24.2281
83.8708 655 25.593
83.9881 596 24.4131
84.1055 611 24.7184
84.2228 595 24.3926
84.3401 590 24.2899
84.4575 517 22.7376
84.5747 558 23.622
84.692 559 23.6432
84.8093 534 23.1084
84.9265 537 23.1733
85.0437 555 23.5584
85.1609 607 24.6374
85.2781 583 24.1454
85.3952 525 22.9129
85.5123 533 23.0868
85.6294 561 23.6854
85.7465 531 23.0434
85.8636 555 23.5584
85.9806 531 23.0434
86.0976 532 23.0651
86.2145 501 22.383
86.3315 596 24.4131
86.4484 555 23.5584
86.5652 583 24.1454
86.682 574 23.9583
86.7988 584 24.1661
86.9156 567 23.8118
87.0323 591 24.3105
87.149 532 23.0651
87.2657 561 23.6854
87.3823 594 24.3721
87.4988 597 24.4336
87.6154 556 23.5797
87.7318 524 22.891
87.8483 491 22.1585
87.9647 497 22.2935
88.081 500 22.3607
88.1973 408 20.199
88.3136 398 19.9499
88.4298 388 19.6977
88.546 317 17.8045
88.6621 323 17.9722
88.7781 309 17.5784
88.8942 0 1
89.0101 0 1
89.126 0 1
89.2419 0 1
89.3577 0 1
89.4734 0 1
89.5891 0 1
89.7047 0 1
89.8203 0 1
89.9358 0 1
92.3269 0 1
92.4424 0 1
92.558 0 1
92.6736 0 1
92.7893 0 1
92.905 0 1
93.0208 0 1
93.1366 0 1
93.2525 0 1
93.3685 0 1
93.4845 0 1
93.6005 452 21.2603
93.7167 467 21.6102
93.8328 518 22.7596
93.949 538 23.1948
94.0653 577 24.0208
94.1816 537 23.1733
94.2979 576 24
94.4143 552 23.4947
94.5307 548 23.4094
94.6472 563 23.7276
94.7637 509 22.561
94.8803 510 22.5832
94.9969 548 23.4094
95.1135 495 22.2486
95.2302 537 23.1733
95.3469 513 22.6495
95.4637 580 24.0832
95.5805 599 24.4745
95.6973 569 23.8537
95.8142 565 23.7697
95.9311 597 24.4336
96.048 516 22.7156
96.1649 587 24.2281
96.2819 556 23.5797
96.3989 531 23.0434
96.516 620 24.8998
96.633 583 24.1454
96.7501 597 24.4336
96.8673 566 23.7908
96.9844 630 25.0998
97.1016 598 24.454
97.2188 547 23.388
97.336 576 24
97.4532 562 23.7065
97.5704 591 24.3105
97.6877 574 23.9583
97.805 609 24.6779
97.9223 575 23.9792
98.0396 561 23.6854
98.1569 564 23.7487
98.2743 546 23.3666
98.3916 590 24.2899
98.509 490 22.1359
98.6264 542 23.2809
98.7438 570 23.8747
98.8612 521 22.8254
98.9786 563 23.7276
99.096 573 23.9374
99.2134 647 25.4362
99.3308 581 24.1039
99.4482 648 25.4558
99.5656 616 24.8193
99.6831 604 24.5764
99.8005 600 24.4949
99.9179 620 24.8998
100.035 573 23.9374
100.153 631 25.1197
100.27 599 24.4745
100.388 638 25.2587
100.505 660 25.6905
100.622 625 25
100.74 577 24.0208
100.857 606 24.6171
100.975 597 24.4336
101.092 583 24.1454
101.209 574 23.9583
101.327 651 25.5147
101.444 592 24.3311
101.561 614 24.779
101.679 632 25.1396
101.796 647 25.4362
101.913 580 24.0832
102.03 579 24.0624
102.148 552 23.4947
102.265 554 23.5372
102.382 568 23.8328
102.499 580 24.0832
102.616 661 25.7099
102.733 656 25.6125
102.851 660 25.6905
102.968 688 26.2298
103.085 646 25.4165
103.202 630 25.0998
103.319 632 25.1396
103.436 643 25.3574
103.552 640 25.2982
103.669 633 25.1595
103.786 642 25.3377
103.903 641 25.318
104.02 662 25.7294
104.137 658 25.6515
104.253 636 25.219
104.37 641 25.318
104.487 611 24.7184
104.603 602 24.5357
104.72 588 24.2487
104.836 592 24.3311
104.953 623 24.96
105.069 567 23.8118
105.186 561 23.6854
105.302 530 23.0217
105.418 426 20.6398
105.535 394 19.8494
105.651 374 19.3391
105.767 385 19.6214
105.883 336 18.3303
105.999 332 18.2209
106.115 0 1
106.231 0 1
106.347 0 1
106.463 0 1
106.579 0 1
106.694 0 1
106.81 0 1
106.926 0 1
107.041 0 1
107.157 0 1
109.576 0 1
109.692 0 1
109.807 0 1
109.923 0 1
110.039 0 1
110.155 0 1
110.27 0 1
110.386 0 1
110.502 0 1
110.618 309 17.5784
110.735 319 17.8606
110.851 431 20.7605
110.967 449 21.1896
111.083 476 21.8174
111.199 516 22.7156
111.316 556 23.5797
111.432 561 23.6854
111.549 594 24.3721
111.665 593 24.3516
111.782 630 25.0998
111.898 586 24.2074
112.015 610 24.6982
112.132 596 24.4131
112.248 556 23.5797
112.365 561 23.6854
112.482 545 23.3452
112.599 557 23.6008
112.716 607 24.6374
112.832 595 24.3926
112.949 572 23.9165
113.066 538 23.1948
113.183 569 23.8537
113.3 565 23.7697
113.417 514 22.6716
113.534 581 24.1039
113.652 579 24.0624
113.769 544 23.3238
113.886 577 24.0208
114.003 511 22.6053
114.12 519 22.7816
114.238 535 23.1301
114.355 500 22.3607
114.472 502 22.4054
114.589 496 22.2711
114.707 553 23.516
114.824 520 22.8035
114.942 540 23.2379
115.059 559 23.6432
115.176 590 24.2899
115.294 598 24.454
115.411 583 24.1454
115.529 540 23.2379
115.646 561 23.6854
115.764 517 22.7376
115.881 535 23.1301
115.999 546 23.3666
116.116 519 22.7816
116.234 563 23.7276
116.351 535 23.1301
116.469 515 22.6936
116.586 539 23.2164
116.704 516 22.7156
116.821 533 23.0868
116.939 501 22.383
117.056 573 23.9374
117.174 519 22.7816
117.291 554 23.5372
117.409 530 23.0217
117.526 508 22.5389
117.644 498 22.3159
117.761 476 21.8174
117.879 496 22.2711
117.996 465 21.5639
118.114 495 22.2486
118.231 474 21.7715
118.349 516 22.7156
118.466 483 21.9773
118.584 520 22.8035
118.701 522 22.8473
118.819 496 22.2711
118.936 521 22.8254
119.053 504 22.4499
119.171 514 22.6716
119.288 485 22.0227
119.405 458 21.4009
119.523 544 23.3238
119.64 498 22.3159
119.757 517 22.7376
119.875 510 22.5832
119.992 531 23.0434
120.109 476 21.8174
120.226 532 23.0651
120.343 485 22.0227
120.46 465 21.5639
120.578 483 21.9773
120.695 478 21.8632
120.812 484 22
120.929 525 22.9129
121.046 524 22.891
121.163 433 20.8087
121.279 421 20.5183
121.396 465 21.5639
121.513 417 20.4206
121.63 429 20.7123
121.747 448 21.166
121.863 380 19.4936
121.98 441 21
122.097 406 20.1494
122.213 373 19.3132
122.33 412 20.2978
122.446 383 19.5704
122.563 379 19.4679
122.679 360 18.9737
122.795 333 18.2483
122.912 322 17.9444
123.028 282 16.7929
123.144 285 16.8819
123.26 279 16.7033
123.377 0 1
123.493 0 1
123.609 0 1
123.725 0 1
123.84 0 1
123.956 0 1
124.072 0 1
124.188 0 1
124.303 0 1
124.419 0 1
126.852 0 1
126.968 0 1
127.083 0 1
127.199 0 1
127.315 0 1
127.431 0 1
127.547 0 1
127.663 0 1
127.779 0 1
127.895 0 1
128.011 0 1
128.127 0 1
128.243 0 1
128.359 527 22.9565
128.476 574 23.9583
128.592 581 24.1039
128.708 539 23.2164
128.825 586 24.2074
128.941 539 23.2164
129.058 576 24
129.174 600 24.4949
129.291 548 23.4094
129.408 557 23.6008
129.524 563 23.7276
129.641 607 24.6374
129.758 637 25.2389
129.875 603 24.5561
129.992 620 24.8998
130.108 654 25.5734
130.225 637 25.2389
130.342 617 24.8395
130.459 598 24.454
130.576 701 26.4764
130.693 729 27
130.81 725 26.9258
130.928 771 27.7669
131.045 786 28.0357
131.162 865 29.4109
131.279 1025 32.0156
131.396 1233 35.1141
131.513 1536 39.1918
131.631 2182 46.7119
131.748 2974 54.5344
131.865 3878 62.2736
131.983 4866 69.7567
132.1 5769 75.9539
132.217 6558 80.9815
132.335 6978 83.5344
132.452 7108 84.309
132.57 6979 83.5404
132.687 6856 82.801
132.804 7074 84.1071
132.922 6804 82.4864
133.039 6495 80.5916
133.157 6197 78.721
133.274 5964 77.2269
133.392 5614 74.9266
133.509 5366 73.253
133.627 4956 70.3989
133.744 4541 67.3869
133.862 4219 64.9538
133.979 3808 61.709
134.097 3402 58.3267
134.214 3067 55.3805
134.332 2678 51.7494
134.449 2022 44.9667
134.567 1504 38.7814
134.684 1593 39.9124
134.802 1840 42.8952
134.919 1770 42.0714
135.037 1729 41.5812
135.154 1733 41.6293
135.272 1572 39.6485
135.389 1576 39.6989
135.507 1467 38.3014
135.624 1443 37.9868
135.742 1441 37.9605
135.859 1395 37.3497
135.977 1408 37.5233
136.094 1457 38.1707
136.211 1380 37.1484
136.329 1343 36.647
136.446 1441 37.9605
136.564 1371 37.027
136.681 1399 37.4032
136.798 1386 37.229
136.915 1323 36.3731
137.033 1324 36.3868
137.15 1289 35.9026
137.267 1348 36.7151
137.384 1331 36.4829
137.502 1301 36.0694
137.619 1266 35.5809
137.736 1191 34.5109
137.853 1064 32.619
137.97 1084 32.9242
138.087 1004 31.686
138.204 1021 31.9531
138.321 1087 32.9697
138.438 1133 33.6601
138.555 1232 35.0999
138.672 1233 35.1141
138.788 1200 34.641
138.905 1194 34.5543
139.022 1160 34.0588
139.139 1073 32.7567
139.255 963 31.0322
139.372 908 30.133
139.488 920 30.3315
139.605 873 29.5466
139.721 781 27.9464
139.838 777 27.8747
139.954 720 26.8328
140.071 692 26.3059
140.187 649 25.4755
140.303 620 24.8998
140.419 564 23.7487
140.535 575 23.9792
140.652 565 23.7697
140.768 0 1
140.884 0 1
141 0 1
141.115 0 1
141.231 0 1
141.347 0 1
141.463 0 1
141.578 0 1
141.694 0 1
144.104 0 1
144.219 0 1
144.335 0 1
144.45 0 1
144.566 0 1
144.682 0 1
144.798 0 1
144.914 0 1
145.03 0 1
145.146 1479 38.4578
145.262 1623 40.2865
145.378 1777 42.1545
145.494 1717 41.4367
145.61 1836 42.8486
145.726 1930 43.9318
145.842 1858 43.1045
145.959 1984 44.5421
146.075 1957 44.238
146.192 1991 44.6206
146.308 2112 45.9565
146.425 2095 45.7712
146.541 2110 45.9347
146.658 2080 45.607
146.774 1885 43.4166
146.891 1626 40.3237
147.008 1582 39.7744
147.125 1921 43.8292
147.241 2160 46.4758
147.358 2208 46.9894
147.475 2207 46.9787
147.592 2143 46.2925
147.709 2159 46.465
147.826 2267 47.613
147.943 2253 47.4658
148.06 2236 47.2864
148.177 2196 46.8615
148.294 2237 47.2969
148.411 2404 49.0306
148.528 2396 48.949
148.645 2417 49.163
148.762 2353 48.5077
148.88 2336 48.3322
148.997 2391 48.8979
149.114 2302 47.9792
149.231 2411 49.1019
149.349 2316 48.1248
149.466 2336 48.3322
149.583 2332 48.2908
149.701 2322 48.1871
149.818 2385 48.8365
149.935 2409 49.0816
150.053 2410 49.0918
150.17 2533 50.3289
150.287 2387 48.8569
150.405 2332 48.2908
150.522 2029 45.0444
150.64 1808 42.5206
150.757 1995 44.6654
150.875 2238 47.3075
150.992 2360 48.5798
151.11 2213 47.0425
151.227 2133 46.1844
151.344 2162 46.4973
151.462 2325 48.2183
151.579 2350 48.4768
151.697 2326 48.2286
151.814 2382 48.8057
151.932 2355 48.5283
152.049 2394 48.9285
152.167 2360 48.5798
152.284 2341 48.3839
152.402 2474 49.7393
152.519 2326 48.2286
152.636 2337 48.3425
152.754 2378 48.7647
152.871 2400 48.9898
152.989 2272 47.6655
153.106 2362 48.6004
153.223 2260 47.5395
153.341 2190 46.7974
153.458 2162 46.4973
153.575 2233 47.2546
153.693 2118 46.0217
153.81 2144 46.3033
153.927 2229 47.2123
154.044 2088 45.6946
154.162 1779 42.1782
154.279 1656 40.694
154.396 1805 42.4853
154.513 2009 44.8219
154.63 1978 44.4747
154.747 1878 43.3359
154.864 1889 43.4626
154.981 1875 43.3013
155.098 1998 44.699
155.215 1995 44.6654
155.332 1956 44.2267
155.449 2049 45.2659
155.566 1955 44.2154
155.683 2005 44.7772
155.8 1983 44.5309
155.917 1939 44.0341
156.033 1935 43.9886
156.15 0 1
156.267 0 1
156.383 0 1
156.5 0 1
156.617 0 1
156.733 0 1
156.85 0 1
156.966 0 1
157.082 0 1
157.199 0 1
157.315 0 1
157.431 0 1
157.547 0 1
157.664 0 1
157.78 0 1
157.896 0 1
158.012 0 1
158.128 0 1
158.244 0 1
158.359 0 1
158.475 0 1
158.591 0 1
158.706 0 1
