
6.15755 0 1
6.2731 0 1
6.3887 0 1
6.50437 0 1
6.62009 0 1
6.73587 0 1
6.8517 0 1
6.96759 0 1
7.08353 0 1
7.19952 0 1
7.31557 0 1
7.43166 0 1
7.54781 0 1
7.664 0 1
7.78024 0 1
7.89653 0 1
8.01286 0 1
8.12924 0 1
8.24567 0 1
8.36213 0 1
8.47864 0 1
8.59519 0 1
8.71178 0 1
8.82841 0 1
8.94508 0 1
9.06179 0 1
9.17853 0 1
9.29531 0 1
9.41212 0 1
9.52897 0 1
9.64584 0 1
9.76276 0 1
9.8797 0 1
9.99667 0 1
10.1137 0 1
10.2307 0 1
10.3478 0 1
10.4648 0 1
10.5819 0 1
10.6991 0 1
10.8162 0 1
10.9334 0 1
11.0506 0 1
11.1678 0 1
11.285 0 1
11.4023 0 1
11.5196 0 1
11.6369 0 1
11.7542 0 1
11.8715 0 1
11.9888 0 1
12.1062 0 1
12.2235 0 1
12.3409 0 1
12.4582 0 1
12.5756 0 1
12.693 0 1
12.8104 0 1
12.9278 0 1
13.0452 0 1
13.1626 0 1
13.28 0 1
13.3974 0 1
13.5149 0 1
13.6323 0 1
13.7497 0 1
13.8671 0 1
13.9845 0 1
14.1019 0 1
14.2193 0 1
14.3367 0 1
14.4541 0 1
14.5714 0 1
14.6888 0 1
14.8062 0 1
14.9235 0 1
15.0408 0 0
15.1581 0 0
15.2755 0 0
15.3927 0 0
15.51 0 0
15.6273 0 0
15.7445 0 0
15.8617 0 0
15.9789 0 0
16.0961 0 0
16.2132 0 0
16.3304 0 0
16.4475 0 0
16.5646 0 0
16.6816 0 0
16.7986 0 0
16.9156 0 0
17.0326 0 0
17.1496 0 0
17.2665 0 0
17.3833 0 0
17.5002 0 0
17.617 0 0
17.7338 0 0
17.8505 0 0
17.9672 0 0
18.0839 0 0
18.2005 0 0
18.3171 0 0
18.4337 0 0
18.5502 0 0
18.6666 0 0
18.7831 0 0
18.8994 0 0
19.0158 0 0
19.1321 0 0
19.2483 0 0
19.3645 0 0
19.4806 0 0
19.5967 0 0
19.7128 0 0
19.8288 0 0
19.9447 0 0
20.0606 0 1
20.1764 0 1
20.2922 0 1
20.4079 0 1
20.5236 0 1
20.6392 0 1
20.7548 0 1
20.8702 0 1
23.3078 0 1
23.4233 0 1
23.539 0 1
23.6547 0 1
23.7704 0 1
23.8862 0 1
24.0021 0 1
24.118 0 1
24.234 0 1
24.35 0 1
24.4661 1261 35.5106
24.5822 1246 35.2987
24.6984 1148 33.8821
24.8146 1143 33.8083
24.9309 1124 33.5261
25.0472 1075 32.7872
25.1636 1100 33.1662
25.28 1161 34.0735
25.3965 1250 35.3553
25.513 1306 36.1386
25.6296 1314 36.2491
25.7462 1395 37.3497
25.8628 1309 36.1801
25.9795 1344 36.6606
26.0962 1386 37.229
26.213 1309 36.1801
26.3298 1313 36.2353
26.4466 1303 36.0971
26.5635 1255 35.426
26.6804 1263 35.5387
26.7973 1245 35.2846
26.9143 1195 34.5688
27.0313 1252 35.3836
27.1483 1302 36.0832
27.2653 1240 35.2136
27.3824 1304 36.1109
27.4996 1283 35.819
27.6167 1351 36.756
27.7339 1231 35.0856
27.8511 1310 36.1939
27.9683 1259 35.4824
28.0855 1196 34.5832
28.2028 1166 34.1467
28.3201 1144 33.8231
28.4374 1139 33.7491
28.5547 1038 32.218
28.6721 1092 33.0454
28.7894 1080 32.8634
28.9068 1155 33.9853
29.0242 1233 35.1141
29.1416 1330 36.4692
29.259 1355 36.8103
29.3764 1244 35.2704
29.4939 1256 35.4401
29.6113 1284 35.8329
29.7288 1302 36.0832
29.8463 1338 36.5787
29.9638 1217 34.8855
30.0812 1233 35.1141
30.1987 1201 34.6554
30.3162 1186 34.4384
30.4337 1196 34.5832
30.5512 1234 35.1283
30.6687 1283 35.819
30.7862 1365 36.9459
30.9037 1300 36.0555
31.0212 1367 36.973
31.1387 1320 36.3318
31.2562 1298 36.0278
31.3737 1290 35.9166
31.4912 1223 34.9714
31.6087 1190 34.4964
31.7262 1198 34.6121
31.8436 1164 34.1174
31.9611 1136 33.7046
32.0785 1119 33.4515
32.1959 1088 32.9848
32.3134 1110 33.3167
32.4308 1159 34.0441
32.5482 1203 34.6843
32.6655 1214 34.8425
32.7829 1307 36.1525
32.9002 1273 35.6791
33.0176 1333 36.5103
33.1349 1361 36.8917
33.2522 1315 36.2629
33.3694 1364 36.9324
33.4867 1293 35.9583
33.6039 1290 35.9166
33.7211 1268 35.609
33.8383 1258 35.4683
33.9554 1257 35.4542
34.0725 1211 34.7994
34.1896 1225 35
34.3067 1300 36.0555
34.4237 1322 36.3593
34.5407 1264 35.5528
34.6577 1430 37.8153
34.7746 1305 36.1248
34.8915 1330 36.4692
35.0084 1289 35.9026
35.1252 1335 36.5377
35.242 1192 34.5254
35.3587 1193 34.5398
35.4755 1141 33.7787
35.5921 1118 33.4365
35.7088 1079 32.8481
35.8254 1056 32.4962
35.9419 1081 32.8786
36.0584 1067 32.665
36.1749 1104 33.2265
36.2913 1158 34.0294
36.4077 1289 35.9026
36.524 1291 35.9305
36.6403 1294 35.9722
36.7565 1323 36.3731
36.8727 1293 35.9583
36.9889 1301 36.0694
37.1049 1314 36.2491
37.221 0 1
37.3369 0 1
37.4529 0 1
37.5687 0 1
37.6845 0 1
37.8003 0 1
37.916 0 1
38.0316 0 1
38.1472 0 1
40.5851 0 1
40.7008 0 1
40.8164 0 1
40.9322 0 1
41.048 0 1
41.1639 0 1
41.2798 0 1
41.3958 0 1
41.5118 0 1
41.6279 0 1
41.744 1152 33.9411
41.8602 1158 34.0294
41.9765 1167 34.1614
42.0928 1200 34.641
42.2091 1123 33.5112
42.3255 1160 34.0588
42.4419 1116 33.4066
42.5584 1078 32.8329
42.675 1021 31.9531
42.7915 1041 32.2645
42.9081 1053 32.45
43.0248 1091 33.0303
43.1415 1154 33.9706
43.2582 1122 33.4963
43.375 1125 33.541
43.4918 1148 33.8821
43.6087 1213 34.8281
43.7256 1169 34.1906
43.8425 1130 33.6155
43.9595 1104 33.2265
44.0765 1030 32.0936
44.1935 994 31.5278
44.3106 928 30.4631
44.4277 892 29.8664
44.5448 856 29.2575
44.6619 776 27.8568
44.7791 822 28.6705
44.8963 853 29.2062
45.0136 926 30.4302
45.1308 994 31.5278
45.2481 933 30.545
45.3654 1013 31.8277
45.4827 1045 32.3265
45.6001 1071 32.7261
45.7174 1038 32.218
45.8348 1001 31.6386
45.9522 944 30.7246
46.0697 935 30.5778
46.1871 849 29.1376
46.3046 898 29.9666
46.422 864 29.3939
46.5395 864 29.3939
46.657 870 29.4958
46.7745 925 30.4138
46.892 961 31
47.0096 916 30.2655
47.1271 925 30.4138
47.2446 949 30.8058
47.3622 920 30.3315
47.4797 894 29.8998
47.5973 851 29.1719
47.7149 806 28.3901
47.8324 793 28.1603
47.95 701 26.4764
48.0675 694 26.3439
48.1851 677 26.0192
48.3027 587 24.2281
48.4202 749 27.3679
48.5378 671 25.9037
48.6554 746 27.313
48.7729 831 28.8271
48.8904 869 29.4788
49.008 781 27.9464
49.1255 769 27.7308
49.243 907 30.1164
49.3605 834 28.8791
49.478 876 29.5973
49.5955 824 28.7054
49.713 750 27.3861
49.8304 820 28.6356
49.9479 784 28
50.0653 866 29.4279
50.1827 909 30.1496
50.3001 970 31.1448
50.4175 904 30.0666
50.5348 946 30.7571
50.6521 1060 32.5576
50.7694 1033 32.1403
50.8867 1057 32.5115
51.004 1035 32.1714
51.1212 1057 32.5115
51.2384 1064 32.619
51.3556 976 31.241
51.4727 962 31.0161
51.5899 939 30.6431
51.707 852 29.189
51.824 912 30.1993
51.9411 956 30.9192
52.0581 1054 32.4654
52.175 1131 33.6303
52.2919 1160 34.0588
52.4088 1142 33.7935
52.5257 1264 35.5528
52.6425 1258 35.4683
52.7593 1207 34.7419
52.876 1216 34.8712
52.9927 1293 35.9583
53.1094 1254 35.4119
53.226 1253 35.3977
53.3426 1275 35.7071
53.4591 1150 33.9116
53.5756 1176 34.2929
53.692 1255 35.426
53.8084 1318 36.3043
53.9248 1382 37.1753
54.0411 1340 36.606
54.1573 1384 37.2022
54.2735 0 1
54.3896 0 1
54.5057 0 1
54.6217 0 1
54.7377 0 1
54.8537 0 1
54.9695 0 1
55.0853 0 1
55.2011 0 1
55.3168 0 1
55.4324 0 1
57.824 0 1
57.9396 0 1
58.0553 0 1
58.1711 0 1
58.2869 0 1
58.4028 0 1
58.5187 0 1
58.6347 0 1
58.7508 0 1
58.8669 0 1
58.983 1673 40.9023
59.0992 1750 41.833
59.2155 1788 42.2847
59.3318 1750 41.833
59.4482 1796 42.3792
59.5646 1746 41.7852
59.681 1873 43.2782
59.7975 1701 41.2432
59.9141 1635 40.4351
60.0306 1554 39.4208
60.1473 1463 38.2492
60.2639 1386 37.229
60.3807 1221 34.9428
60.4974 1288 35.8887
60.6142 1388 37.2559
60.731 1441 37.9605
60.8479 1627 40.3361
60.9648 1665 40.8044
61.0818 1721 41.4849
61.1987 1740 41.7133
61.3158 1750 41.833
61.4328 1737 41.6773
61.5499 1746 41.7852
61.667 1788 42.2847
61.7841 1767 42.0357
61.9013 1649 40.6079
62.0185 1676 40.939
62.1357 1661 40.7554
62.253 1698 41.2068
62.3702 1811 42.5558
62.4875 1740 41.7133
62.6049 1795 42.3674
62.7222 1826 42.7317
62.8396 1890 43.4741
62.9569 1864 43.1741
63.0743 1740 41.7133
63.1918 1786 42.2611
63.3092 1747 41.7971
63.4267 1726 41.5452
63.5441 1646 40.5709
63.6616 1489 38.5876
63.7791 1355 36.8103
63.8966 1301 36.0694
64.0142 1233 35.1141
64.1317 1311 36.2077
64.2492 1525 39.0512
64.3668 1537 39.2046
64.4843 1685 41.0488
64.6019 1738 41.6893
64.7195 1770 42.0714
64.837 1784 42.2374
64.9546 1796 42.3792
65.0722 1830 42.7785
65.1898 1698 41.2068
65.3074 1764 42
65.4249 1676 40.939
65.5425 1666 40.8167
65.6601 1681 41
65.7777 1751 41.845
65.8952 1731 41.6053
66.0128 1857 43.0929
66.1304 1731 41.6053
66.2479 1894 43.5201
66.3655 1954 44.2041
66.483 1982 44.5197
66.6005 1974 44.4297
66.718 1952 44.1814
66.8355 1858 43.1045
66.953 1911 43.715
67.0705 1767 42.0357
67.1879 1656 40.694
67.3054 1572 39.6485
67.4228 1406 37.4967
67.5402 1293 35.9583
67.6576 1287 35.8748
67.7749 1393 37.3229
67.8923 1468 38.3145
68.0096 1745 41.7732
68.1269 1831 42.7902
68.2442 1951 44.1701
68.3614 1952 44.1814
68.4787 1950 44.1588
68.5958 1987 44.5758
68.713 1964 44.317
68.8302 2020 44.9444
68.9473 1964 44.317
69.0643 1900 43.589
69.1814 1920 43.8178
69.2984 1846 42.9651
69.4154 1941 44.0568
69.5323 2032 45.0777
69.6492 2160 46.4758
69.7661 2148 46.3465
69.8829 2224 47.1593
69.9997 2219 47.1063
70.1165 2248 47.4131
70.2332 2178 46.669
70.3499 2226 47.1805
70.4665 2147 46.3357
70.5831 2157 46.4435
70.6996 2038 45.1442
70.8161 2044 45.2106
70.9326 1849 43
71.049 1629 40.3609
71.1653 1494 38.6523
71.2817 1359 36.8646
71.3979 1415 37.6165
71.5141 1523 39.0256
71.6303 1725 41.5331
71.7464 1720 41.4729
71.8624 0 1
71.9784 0 1
72.0944 0 1
72.2102 0 1
72.3261 0 1
72.4418 0 1
72.5575 0 1
72.6732 0 1
75.1054 0 1
75.2209 0 1
75.3365 0 1
75.4521 0 1
75.5678 0 1
75.6835 0 1
75.7993 0 1
75.9151 0 1
76.031 0 1
76.147 1982 44.5197
76.263 1977 44.4635
76.3791 1869 43.2319
76.4952 1745 41.7732
76.6113 1532 39.1408
76.7276 1629 40.3609
76.8438 1708 41.328
76.9601 2058 45.3652
77.0765 2241 47.3392
77.1929 2410 49.0918
77.3093 2420 49.1935
77.4258 2602 51.0098
77.5423 2485 49.8498
77.6589 2537 50.3686
77.7755 2577 50.7642
77.8921 2498 49.98
78.0088 2517 50.1697
78.1256 2352 48.4974
78.2423 2356 48.5386
78.3591 2381 48.7955
78.4759 2471 49.7092
78.5928 2493 49.93
78.7097 2649 51.4684
78.8266 2744 52.3832
78.9436 2507 50.07
79.0606 2673 51.7011
79.1776 2710 52.0577
79.2946 2719 52.144
79.4117 2588 50.8724
79.5288 2631 51.2933
79.6459 2631 51.2933
79.7631 2488 49.8799
79.8802 2425 49.2443
79.9974 2163 46.5081
80.1147 1976 44.4522
80.2319 1756 41.9047
80.3491 1781 42.2019
80.4664 1944 44.0908
80.5837 2235 47.2758
80.701 2492 49.9199
80.8183 2620 51.1859
80.9357 2724 52.192
81.053 2721 52.1632
81.1704 2662 51.5946
81.2877 2809 53
81.4051 2784 52.7636
81.5225 2781 52.7352
81.6399 2589 50.8822
81.7573 2711 52.0673
81.8747 2630 51.2835
81.9922 2538 50.3786
82.1096 2705 52.0096
82.227 2726 52.2111
82.3444 2759 52.5262
82.4619 2846 53.3479
82.5793 2665 51.6236
82.6967 2979 54.5802
82.8142 2897 53.8238
82.9316 2906 53.9073
83.049 2740 52.345
83.1664 2767 52.6023
83.2838 2688 51.8459
83.4012 2533 50.3289
83.5186 2585 50.8429
83.636 2260 47.5395
83.7534 1977 44.4635
83.8708 1800 42.4264
83.9881 1725 41.5331
84.1055 1978 44.4747
84.2228 2119 46.0326
84.3401 2456 49.558
84.4575 2834 53.2353
84.5747 2899 53.8424
84.692 2830 53.1977
84.8093 2949 54.3047
84.9265 3067 55.3805
85.0437 2942 54.2402
85.1609 2919 54.0278
85.2781 2914 53.9815
85.3952 2882 53.6843
85.5123 2833 53.2259
85.6294 2880 53.6656
85.7465 2855 53.4322
85.8636 3043 55.1634
85.9806 3097 55.6507
86.0976 3174 56.3383
86.2145 3284 57.3062
86.3315 3178 56.3738
86.4484 3530 59.4138
86.5652 3313 57.5587
86.682 3475 58.9491
86.7988 3296 57.4108
86.9156 3311 57.5413
87.0323 3202 56.5862
87.149 2993 54.7083
87.2657 2665 51.6236
87.3823 2350 48.4768
87.4988 2215 47.0638
87.6154 2341 48.3839
87.7318 2718 52.1344
87.8483 3095 55.6327
87.9647 3385 58.1808
88.081 3504 59.1946
88.1973 3620 60.1664
88.3136 3715 60.9508
88.4298 3606 60.05
88.546 3669 60.5723
88.6621 3648 60.3987
88.7781 3699 60.8194
88.8942 0 1
89.0101 0 1
89.126 0 1
89.2419 0 1
89.3577 0 1
89.4734 0 1
89.5891 0 1
89.7047 0 1
89.8203 0 1
89.9358 0 1
92.3269 0 1
92.4424 0 1
92.558 0 1
92.6736 0 1
92.7893 0 1
92.905 0 1
93.0208 0 1
93.1366 0 1
93.2525 0 1
93.3685 0 1
93.4845 0 1
93.6005 3855 62.0886
93.7167 3885 62.3298
93.8328 3961 62.9365
93.949 4065 63.7574
94.0653 3929 62.6817
94.1816 4071 63.8044
94.2979 4028 63.4665
94.4143 3932 62.7057
94.5307 3807 61.7009
94.6472 3784 61.5142
94.7637 3868 62.1932
94.8803 3789 61.5549
94.9969 3950 62.849
95.1135 3965 62.9682
95.2302 4014 63.3561
95.3469 4118 64.1716
95.4637 4209 64.8768
95.5805 4390 66.2571
95.6973 4338 65.8635
95.8142 4345 65.9166
95.9311 4241 65.123
96.048 4043 63.5846
96.1649 3947 62.8252
96.2819 3740 61.1555
96.3989 3427 58.5406
96.516 3137 56.0089
96.633 2714 52.0961
96.7501 2662 51.5946
96.8673 2960 54.4059
96.9844 3371 58.0603
97.1016 3858 62.1128
97.2188 4206 64.8537
97.336 4451 66.7158
97.4532 4563 67.55
97.5704 4441 66.6408
97.6877 4548 67.4389
97.805 4440 66.6333
97.9223 4356 66
98.0396 4332 65.8179
98.1569 4296 65.5439
98.2743 4366 66.0757
98.3916 4088 63.9375
98.509 4343 65.9014
98.6264 4166 64.5446
98.7438 4238 65.0999
98.8612 4326 65.7723
98.9786 4481 66.9403
99.096 4599 67.8159
99.2134 4642 68.1322
99.3308 4673 68.3593
99.4482 4746 68.8912
99.5656 4657 68.2422
99.6831 4461 66.7907
99.8005 4454 66.7383
99.9179 4187 64.707
100.035 3742 61.1719
100.153 3274 57.2189
100.27 2965 54.4518
100.388 3110 55.7674
100.505 3524 59.3633
100.622 4155 64.4593
100.74 4459 66.7757
100.857 4725 68.7386
100.975 4861 69.7209
101.092 4868 69.7711
101.209 4792 69.2243
101.327 4883 69.8785
101.444 4862 69.728
101.561 4966 70.4699
101.679 4906 70.0428
101.796 4740 68.8477
101.913 4526 67.2756
102.03 4535 67.3424
102.148 4592 67.7643
102.265 4869 69.7782
102.382 4478 66.9179
102.499 4929 70.2068
102.616 5037 70.9718
102.733 5076 71.2461
102.851 5220 72.2496
102.968 5168 71.8888
103.085 5142 71.7077
103.202 5063 71.1548
103.319 4972 70.5124
103.436 4524 67.2607
103.552 4207 64.8614
103.669 3582 59.8498
103.786 3356 57.931
103.903 3434 58.6003
104.02 3874 62.2415
104.137 4579 67.6683
104.253 5099 71.4073
104.37 5060 71.1337
104.487 5274 72.6223
104.603 5283 72.6842
104.72 5349 73.1369
104.836 5335 73.0411
104.953 5310 72.8697
105.069 5201 72.118
105.186 5240 72.3878
105.302 5291 72.7393
105.418 5079 71.2671
105.535 4936 70.2567
105.651 5052 71.0774
105.767 5126 71.5961
105.883 5189 72.0347
105.999 5544 74.458
106.115 0 1
106.231 0 1
106.347 0 1
106.463 0 1
106.579 0 1
106.694 0 1
106.81 0 1
106.926 0 1
107.041 0 1
107.157 0 1
109.576 0 1
109.692 0 1
109.807 0 1
109.923 0 1
110.039 0 1
110.155 0 1
110.27 0 1
110.386 0 1
110.502 0 1
110.618 4668 68.3228
110.735 4683 68.4324
110.851 4792 69.2243
110.967 5039 70.9859
111.083 5087 71.3232
111.199 5125 71.5891
111.316 5164 71.861
111.432 5153 71.7844
111.549 5164 71.861
111.665 5076 71.2461
111.782 4828 69.4838
111.898 4439 66.6258
112.015 4188 64.7148
112.132 3633 60.2744
112.248 3130 55.9464
112.365 3126 55.9106
112.482 3455 58.7792
112.599 3854 62.0806
112.716 4543 67.4018
112.832 4650 68.1909
112.949 4614 67.9264
113.066 4782 69.152
113.183 4668 68.3228
113.3 4681 68.4178
113.417 4663 68.2862
113.534 4537 67.3573
113.652 4591 67.7569
113.769 4556 67.4981
113.886 4485 66.9701
114.003 4196 64.7765
114.12 4203 64.8305
114.238 4210 64.8845
114.355 4182 64.6684
114.472 4237 65.0922
114.589 4276 65.3911
114.707 4311 65.6582
114.824 4438 66.6183
114.942 4529 67.2978
115.059 4581 67.6831
115.176 4492 67.0224
115.294 4223 64.9846
115.411 4214 64.9153
115.529 3939 62.7615
115.646 3487 59.0508
115.764 3128 55.9285
115.881 2874 53.6097
115.999 2942 54.2402
116.116 3407 58.3695
116.234 3838 61.9516
116.351 4258 65.2534
116.469 4318 65.7115
116.586 4422 66.4981
116.704 4479 66.9253
116.821 4461 66.7907
116.939 4399 66.325
117.056 4360 66.0303
117.174 4356 66
117.291 4217 64.9384
117.409 4411 66.4154
117.526 4324 65.7571
117.644 4279 65.4141
117.761 4157 64.4748
117.879 4248 65.1767
117.996 4166 64.5446
118.114 4173 64.5988
118.231 4279 65.4141
118.349 4332 65.8179
118.466 4323 65.7495
118.584 4615 67.9338
118.701 4568 67.587
118.819 4369 66.0984
118.936 4369 66.0984
119.053 4033 63.5059
119.171 3867 62.1852
119.288 3393 58.2495
119.405 3076 55.4617
119.523 2838 53.2729
119.64 2970 54.4977
119.757 3192 56.4978
119.875 3625 60.208
119.992 4096 64
120.109 4342 65.8939
120.226 4268 65.3299
120.343 4231 65.0461
120.46 4275 65.3835
120.578 4246 65.1613
120.695 4291 65.5057
120.812 4181 64.6607
120.929 4119 64.1794
121.046 4169 64.5678
121.163 3995 63.206
121.279 4109 64.1015
121.396 3970 63.0079
121.513 4025 63.4429
121.63 4104 64.0625
121.747 3814 61.7576
121.863 3910 62.53
121.98 4188 64.7148
122.097 4112 64.1249
122.213 4334 65.8331
122.33 4234 65.0692
122.446 4203 64.8305
122.563 4192 64.7457
122.679 3987 63.1427
122.795 3857 62.1048
122.912 3526 59.3801
123.028 3262 57.1139
123.144 2838 53.2729
123.26 2732 52.2685
123.377 0 1
123.493 0 1
123.609 0 1
123.725 0 1
123.84 0 1
123.956 0 1
124.072 0 1
124.188 0 1
124.303 0 1
124.419 0 1
126.852 0 1
126.968 0 1
127.083 0 1
127.199 0 1
127.315 0 1
127.431 0 1
127.547 0 1
127.663 0 1
127.779 0 1
127.895 0 1
128.011 0 1
128.127 0 1
128.243 0 1
128.359 3257 57.0701
128.476 2893 53.7866
128.592 3049 55.2178
128.708 3328 57.6888
128.825 3767 61.3759
128.941 4266 65.3146
129.058 4397 66.3099
129.174 4598 67.8086
129.291 4378 66.1665
129.408 4471 66.8655
129.524 4386 66.2269
129.641 4280 65.4217
129.758 4357 66.0076
129.875 4282 65.437
129.992 4334 65.8331
130.108 4232 65.0538
130.225 4226 65.0077
130.342 4203 64.8305
130.459 3963 62.9524
130.576 4216 64.9307
130.693 3985 63.1269
130.81 4113 64.1327
130.928 4175 64.6142
131.045 4323 65.7495
131.162 4240 65.1153
131.279 4243 65.1383
131.396 4335 65.8407
131.513 4122 64.2028
131.631 4039 63.5531
131.748 3836 61.9355
131.865 3382 58.155
131.983 2890 53.7587
132.1 2847 53.3573
132.217 3184 56.4269
132.335 3623 60.1914
132.452 3969 63
132.57 4249 65.1844
132.687 4079 63.867
132.804 4311 65.6582
132.922 4343 65.9014
133.039 4159 64.4903
133.157 4161 64.5058
133.274 4265 65.307
133.392 4137 64.3195
133.509 3981 63.0952
133.627 3975 63.0476
133.744 4049 63.6318
133.862 3901 62.458
133.979 4022 63.4192
134.097 4004 63.2772
134.214 3896 62.4179
134.332 3856 62.0967
134.449 3920 62.6099
134.567 4043 63.5846
134.684 4025 63.4429
134.802 4134 64.2962
134.919 4073 63.8201
135.037 4067 63.773
135.154 3974 63.0397
135.272 3745 61.1964
135.389 3454 58.7707
135.507 3016 54.9181
135.624 2792 52.8394
135.742 2868 53.5537
135.859 3184 56.4269
135.977 3712 60.9262
136.094 3896 62.4179
136.211 3909 62.522
136.329 3899 62.442
136.446 4051 63.6475
136.564 4026 63.4508
136.681 4256 65.238
136.798 4110 64.1093
136.915 4067 63.773
137.033 4154 64.4515
137.15 3943 62.7933
137.267 3942 62.7853
137.384 3965 62.9682
137.502 3888 62.3538
137.619 3921 62.6179
137.736 3807 61.7009
137.853 3599 59.9917
137.97 3717 60.9672
138.087 3809 61.7171
138.204 3916 62.578
138.321 3798 61.6279
138.438 4006 63.293
138.555 3870 62.2093
138.672 4022 63.4192
138.788 3805 61.6847
138.905 3702 60.8441
139.022 3373 58.0775
139.139 3043 55.1634
139.255 2780 52.7257
139.372 2959 54.3967
139.488 3138 56.0179
139.605 3577 59.808
139.721 3818 61.79
139.838 3883 62.3137
139.954 3943 62.7933
140.071 3823 61.8304
140.187 3864 62.1611
140.303 3806 61.6928
140.419 3965 62.9682
140.535 3881 62.2977
140.652 3782 61.498
140.768 0 1
140.884 0 1
141 0 1
141.115 0 1
141.231 0 1
141.347 0 1
141.463 0 1
141.578 0 1
141.694 0 1
144.104 0 1
144.219 0 1
144.335 0 1
144.45 0 1
144.566 0 1
144.682 0 1
144.798 0 1
144.914 0 1
145.03 0 1
145.146 3286 57.3236
145.262 3406 58.3609
145.378 3205 56.6127
145.494 3271 57.1927
145.61 3262 57.1139
145.726 3175 56.3471
145.842 3271 57.1927
145.959 3258 57.0789
146.075 3053 55.254
146.192 3163 56.2406
146.308 3158 56.1961
146.425 3166 56.2672
146.541 3122 55.8749
146.658 3086 55.5518
146.774 3056 55.2811
146.891 3154 56.1605
147.008 3109 55.7584
147.125 3141 56.0446
147.241 3083 55.5248
147.358 3156 56.1783
147.475 2943 54.2494
147.592 2708 52.0384
147.709 2518 50.1797
147.826 2400 48.9898
147.943 2451 49.5076
148.06 2437 49.366
148.177 2680 51.7687
148.294 2953 54.3415
148.411 3015 54.909
148.528 3014 54.8999
148.645 3046 55.1906
148.762 2991 54.69
148.88 2962 54.4243
148.997 2936 54.1849
149.114 3121 55.8659
149.231 2946 54.2771
149.349 2777 52.6972
149.466 2915 53.9907
149.583 2835 53.2447
149.701 2908 53.9259
149.818 2803 52.9434
149.935 2896 53.8145
150.053 2953 54.3415
150.17 2829 53.1883
150.287 2766 52.5928
150.405 2941 54.231
150.522 2788 52.8015
150.64 2922 54.0555
150.757 2880 53.6656
150.875 2978 54.5711
150.992 2860 53.479
151.11 2656 51.5364
151.227 2535 50.3488
151.344 2378 48.7647
151.462 2325 48.2183
151.579 2272 47.6655
151.697 2355 48.5283
151.814 2671 51.6817
151.932 2711 52.0673
152.049 2970 54.4977
152.167 2925 54.0833
152.284 2821 53.1131
152.402 2970 54.4977
152.519 2971 54.5069
152.636 2823 53.1319
152.754 2911 53.9537
152.871 2872 53.591
152.989 2770 52.6308
153.106 2839 53.2823
153.223 2827 53.1695
153.341 2765 52.5833
153.458 2785 52.7731
153.575 2781 52.7352
153.693 2889 53.7494
153.81 2774 52.6688
153.927 2866 53.535
154.044 2858 53.4603
154.162 2900 53.8516
154.279 2899 53.8424
154.396 2911 53.9537
154.513 2861 53.4883
154.63 2967 54.4702
154.747 2909 53.9351
154.864 2796 52.8772
154.981 2606 51.049
155.098 2486 49.8598
155.215 2465 49.6488
155.332 2488 49.8799
155.449 2694 51.9038
155.566 3021 54.9636
155.683 2885 53.7122
155.8 2999 54.7631
155.917 3054 55.263
156.033 3068 55.3895
156.15 0 1
156.267 0 1
156.383 0 1
156.5 0 1
156.617 0 1
156.733 0 1
156.85 0 1
156.966 0 1
157.082 0 1
157.199 0 1
157.315 0 1
157.431 0 1
157.547 0 1
157.664 0 1
157.78 0 1
157.896 0 1
158.012 0 1
158.128 0 1
158.244 0 1
158.359 0 1
158.475 0 1
158.591 0 1
158.706 0 1
