
6.15755 0 1
6.2731 0 1
6.3887 0 1
6.50437 0 1
6.62009 0 1
6.73587 0 1
6.8517 0 1
6.96759 0 1
7.08353 0 1
7.19952 0 1
7.31557 0 1
7.43166 0 1
7.54781 0 1
7.664 0 1
7.78024 0 1
7.89653 0 1
8.01286 0 1
8.12924 0 1
8.24567 0 1
8.36213 0 1
8.47864 0 1
8.59519 0 1
8.71178 0 1
8.82841 0 1
8.94508 0 1
9.06179 0 1
9.17853 0 1
9.29531 0 1
9.41212 0 1
9.52897 0 1
9.64584 0 1
9.76276 0 1
9.8797 0 1
9.99667 0 1
10.1137 0 1
10.2307 0 1
10.3478 0 1
10.4648 0 1
10.5819 0 1
10.6991 0 1
10.8162 0 1
10.9334 0 1
11.0506 0 1
11.1678 0 1
11.285 0 1
11.4023 0 1
11.5196 0 1
11.6369 0 1
11.7542 0 1
11.8715 0 1
11.9888 0 1
12.1062 0 1
12.2235 0 1
12.3409 0 1
12.4582 0 1
12.5756 0 1
12.693 0 1
12.8104 0 1
12.9278 0 1
13.0452 0 1
13.1626 0 1
13.28 0 1
13.3974 0 1
13.5149 0 1
13.6323 0 1
13.7497 0 1
13.8671 0 1
13.9845 0 1
14.1019 0 1
14.2193 0 1
14.3367 0 1
14.4541 0 1
14.5714 0 1
14.6888 0 1
14.8062 0 1
14.9235 0 1
15.0408 1629 40.3609
15.1581 1605 40.0625
15.2755 1610 40.1248
15.3927 1692 41.1339
15.51 1601 40.0125
15.6273 1618 40.2244
15.7445 1650 40.6202
15.8617 1544 39.2938
15.9789 1656 40.694
16.0961 1518 38.9615
16.2132 1512 38.8844
16.3304 1598 39.975
16.4475 1538 39.2173
16.5646 1587 39.8372
16.6816 1572 39.6485
16.7986 1553 39.4081
16.9156 1458 38.1838
17.0326 1433 37.855
17.1496 1611 40.1373
17.2665 1511 38.8716
17.3833 1590 39.8748
17.5002 1498 38.704
17.617 1443 37.9868
17.7338 1472 38.3667
17.8505 1351 36.756
17.9672 1459 38.1969
18.0839 1635 40.4351
18.2005 1592 39.8999
18.3171 1642 40.5216
18.4337 1643 40.5339
18.5502 1734 41.6413
18.6666 1711 41.3642
18.7831 1696 41.1825
18.8994 1718 41.4488
19.0158 1600 40
19.1321 1603 40.0375
19.2483 1627 40.3361
19.3645 1562 39.5221
19.4806 1495 38.6652
19.5967 1461 38.223
19.7128 1317 36.2905
19.8288 923 30.3809
19.9447 400 20
20.0606 0 1
20.1764 0 1
20.2922 0 1
20.4079 0 1
20.5236 0 1
20.6392 0 1
20.7548 0 1
20.8702 0 1
23.3078 0 1
23.4233 0 1
23.539 0 1
23.6547 0 1
23.7704 0 1
23.8862 0 1
24.0021 0 1
24.118 0 1
24.234 0 1
24.35 0 1
24.4661 1589 39.8623
24.5822 1519 38.9744
24.6984 1553 39.4081
24.8146 1488 38.5746
24.9309 1501 38.7427
25.0472 1537 39.2046
25.1636 1556 39.4462
25.28 1589 39.8623
25.3965 1620 40.2492
25.513 1515 38.923
25.6296 1539 39.2301
25.7462 1639 40.4846
25.8628 1628 40.3485
25.9795 1633 40.4104
26.0962 1725 41.5331
26.213 1685 41.0488
26.3298 1711 41.3642
26.4466 1652 40.6448
26.5635 1515 38.923
26.6804 1347 36.7015
26.7973 1372 37.0405
26.9143 1413 37.5899
27.0313 1473 38.3797
27.1483 1575 39.6863
27.2653 1643 40.5339
27.3824 1672 40.8901
27.4996 1584 39.7995
27.6167 1644 40.5463
27.7339 1639 40.4846
27.8511 1608 40.0999
27.9683 1596 39.95
28.0855 1549 39.3573
28.2028 1611 40.1373
28.3201 1596 39.95
28.4374 1528 39.0896
28.5547 1529 39.1024
28.6721 1481 38.4838
28.7894 1509 38.8458
28.9068 1493 38.6394
29.0242 1564 39.5474
29.1416 1581 39.7618
29.259 1486 38.5487
29.3764 1526 39.064
29.4939 1565 39.5601
29.6113 1533 39.1535
29.7288 1594 39.9249
29.8463 1583 39.7869
29.9638 1455 38.1445
30.0812 1348 36.7151
30.1987 1312 36.2215
30.3162 1241 35.2278
30.4337 1283 35.819
30.5512 1364 36.9324
30.6687 1419 37.6696
30.7862 1501 38.7427
30.9037 1545 39.3065
31.0212 1555 39.4335
31.1387 1521 39
31.2562 1623 40.2865
31.3737 1544 39.2938
31.4912 1565 39.5601
31.6087 1567 39.5854
31.7262 1596 39.95
31.8436 1427 37.7757
31.9611 1519 38.9744
32.0785 1559 39.4842
32.1959 1424 37.7359
32.3134 1465 38.2753
32.4308 1516 38.9358
32.5482 1520 38.9872
32.6655 1529 39.1024
32.7829 1458 38.1838
32.9002 1579 39.7366
33.0176 1496 38.6782
33.1349 1515 38.923
33.2522 1535 39.1791
33.3694 1512 38.8844
33.4867 1464 38.2623
33.6039 1443 37.9868
33.7211 1330 36.4692
33.8383 1226 35.0143
33.9554 1200 34.641
34.0725 1184 34.4093
34.1896 1336 36.5513
34.3067 1342 36.6333
34.4237 1466 38.2884
34.5407 1533 39.1535
34.6577 1510 38.8587
34.7746 1527 39.0768
34.8915 1565 39.5601
35.0084 1528 39.0896
35.1252 1451 38.092
35.242 1472 38.3667
35.3587 1493 38.6394
35.4755 1513 38.8973
35.5921 1456 38.1576
35.7088 1476 38.4187
35.8254 1486 38.5487
35.9419 1371 37.027
36.0584 1375 37.081
36.1749 1421 37.6962
36.2913 1341 36.6197
36.4077 1456 38.1576
36.524 1398 37.3898
36.6403 1444 38
36.7565 1437 37.9078
36.8727 1375 37.081
36.9889 1467 38.3014
37.1049 1423 37.7227
37.221 0 1
37.3369 0 1
37.4529 0 1
37.5687 0 1
37.6845 0 1
37.8003 0 1
37.916 0 1
38.0316 0 1
38.1472 0 1
40.5851 0 1
40.7008 0 1
40.8164 0 1
40.9322 0 1
41.048 0 1
41.1639 0 1
41.2798 0 1
41.3958 0 1
41.5118 0 1
41.6279 0 1
41.744 1120 33.4664
41.8602 1138 33.7343
41.9765 1202 34.6699
42.0928 1228 35.0428
42.2091 1209 34.7707
42.3255 1111 33.3317
42.4419 1109 33.3017
42.5584 960 30.9839
42.675 882 29.6985
42.7915 934 30.5614
42.9081 906 30.0998
43.0248 958 30.9516
43.1415 984 31.3688
43.2582 1104 33.2265
43.375 1075 32.7872
43.4918 1084 32.9242
43.6087 1135 33.6898
43.7256 1113 33.3617
43.8425 1119 33.4515
43.9595 1094 33.0757
44.0765 1030 32.0936
44.1935 1028 32.0624
44.3106 979 31.289
44.4277 967 31.0966
44.5448 921 30.348
44.6619 941 30.6757
44.7791 912 30.1993
44.8963 892 29.8664
45.0136 890 29.8329
45.1308 859 29.3087
45.2481 849 29.1376
45.3654 845 29.0689
45.4827 899 29.9833
45.6001 888 29.7993
45.7174 862 29.3598
45.8348 841 29
45.9522 854 29.2233
46.0697 767 27.6948
46.1871 694 26.3439
46.3046 640 25.2982
46.422 633 25.1595
46.5395 692 26.3059
46.657 720 26.8328
46.7745 743 27.258
46.892 773 27.8029
47.0096 798 28.2489
47.1271 813 28.5132
47.2446 810 28.4605
47.3622 825 28.7228
47.4797 789 28.0891
47.5973 741 27.2213
47.7149 723 26.8887
47.8324 703 26.5141
47.95 668 25.8457
48.0675 697 26.4008
48.1851 632 25.1396
48.3027 651 25.5147
48.4202 636 25.219
48.5378 671 25.9037
48.6554 615 24.7992
48.7729 598 24.454
48.8904 587 24.2281
49.008 622 24.9399
49.1255 662 25.7294
49.243 646 25.4165
49.3605 666 25.807
49.478 631 25.1197
49.5955 544 23.3238
49.713 537 23.1733
49.8304 486 22.0454
49.9479 537 23.1733
50.0653 599 24.4745
50.1827 646 25.4165
50.3001 672 25.923
50.4175 669 25.865
50.5348 745 27.2947
50.6521 731 27.037
50.7694 776 27.8568
50.8867 800 28.2843
51.004 825 28.7228
51.1212 860 29.3258
51.2384 811 28.4781
51.3556 815 28.5482
51.4727 872 29.5296
51.5899 867 29.4449
51.707 882 29.6985
51.824 870 29.4958
51.9411 873 29.5466
52.0581 893 29.8831
52.175 896 29.9333
52.2919 940 30.6594
52.4088 965 31.0644
52.5257 1028 32.0624
52.6425 1044 32.311
52.7593 1077 32.8177
52.876 1085 32.9393
52.9927 1094 33.0757
53.1094 1011 31.7962
53.226 880 29.6648
53.3426 861 29.3428
53.4591 884 29.7321
53.5756 875 29.5804
53.692 1020 31.9374
53.8084 1099 33.1512
53.9248 1133 33.6601
54.0411 1193 34.5398
54.1573 1244 35.2704
54.2735 0 1
54.3896 0 1
54.5057 0 1
54.6217 0 1
54.7377 0 1
54.8537 0 1
54.9695 0 1
55.0853 0 1
55.2011 0 1
55.3168 0 1
55.4324 0 1
57.824 0 1
57.9396 0 1
58.0553 0 1
58.1711 0 1
58.2869 0 1
58.4028 0 1
58.5187 0 1
58.6347 0 1
58.7508 0 1
58.8669 0 1
58.983 1286 35.8608
59.0992 1406 37.4967
59.2155 1401 37.4299
59.3318 1420 37.6829
59.4482 1464 38.2623
59.5646 1453 38.1182
59.681 1419 37.6696
59.7975 1493 38.6394
59.9141 1463 38.2492
60.0306 1339 36.5923
60.1473 1388 37.2559
60.2639 1327 36.428
60.3807 1331 36.4829
60.4974 1272 35.6651
60.6142 1301 36.0694
60.731 1197 34.5977
60.8479 1239 35.1994
60.9648 1205 34.7131
61.0818 1260 35.4965
61.1987 1256 35.4401
61.3158 1227 35.0286
61.4328 1227 35.0286
61.5499 1304 36.1109
61.667 1145 33.8378
61.7841 1074 32.7719
61.9013 1015 31.8591
62.0185 1042 32.28
62.1357 1034 32.1559
62.253 1114 33.3766
62.3702 1208 34.7563
62.4875 1309 36.1801
62.6049 1358 36.8511
62.7222 1403 37.4566
62.8396 1393 37.3229
62.9569 1420 37.6829
63.0743 1477 38.4318
63.1918 1462 38.2361
63.3092 1373 37.054
63.4267 1440 37.9473
63.5441 1374 37.0675
63.6616 1431 37.8286
63.7791 1342 36.6333
63.8966 1324 36.3868
64.0142 1273 35.6791
64.1317 1344 36.6606
64.2492 1316 36.2767
64.3668 1333 36.5103
64.4843 1337 36.565
64.6019 1294 35.9722
64.7195 1413 37.5899
64.837 1448 38.0526
64.9546 1422 37.7094
65.0722 1341 36.6197
65.1898 1289 35.9026
65.3074 1164 34.1174
65.4249 1052 32.4345
65.5425 967 31.0966
65.6601 1020 31.9374
65.7777 1067 32.665
65.8952 1198 34.6121
66.0128 1299 36.0416
66.1304 1399 37.4032
66.2479 1340 36.606
66.3655 1388 37.2559
66.483 1408 37.5233
66.6005 1486 38.5487
66.718 1460 38.2099
66.8355 1521 39
66.953 1506 38.8072
67.0705 1417 37.6431
67.1879 1371 37.027
67.3054 1347 36.7015
67.4228 1268 35.609
67.5402 1251 35.3695
67.6576 1272 35.6651
67.7749 1195 34.5688
67.8923 1330 36.4692
68.0096 1215 34.8569
68.1269 1298 36.0278
68.2442 1215 34.8569
68.3614 1310 36.1939
68.4787 1285 35.8469
68.5958 1271 35.6511
68.713 1253 35.3977
68.8302 1151 33.9264
68.9473 1075 32.7872
69.0643 965 31.0644
69.1814 881 29.6816
69.2984 971 31.1609
69.4154 1007 31.7333
69.5323 1107 33.2716
69.6492 1257 35.4542
69.7661 1286 35.8608
69.8829 1326 36.4143
69.9997 1428 37.7889
70.1165 1364 36.9324
70.2332 1437 37.9078
70.3499 1435 37.8814
70.4665 1390 37.2827
70.5831 1430 37.8153
70.6996 1361 36.8917
70.8161 1282 35.805
70.9326 1302 36.0832
71.049 1202 34.6699
71.1653 1175 34.2783
71.2817 1201 34.6554
71.3979 1208 34.7563
71.5141 1097 33.121
71.6303 1146 33.8526
71.7464 1018 31.9061
71.8624 0 1
71.9784 0 1
72.0944 0 1
72.2102 0 1
72.3261 0 1
72.4418 0 1
72.5575 0 1
72.6732 0 1
75.1054 0 1
75.2209 0 1
75.3365 0 1
75.4521 0 1
75.5678 0 1
75.6835 0 1
75.7993 0 1
75.9151 0 1
76.031 0 1
76.147 1255 35.426
76.263 1207 34.7419
76.3791 1251 35.3695
76.4952 1230 35.0714
76.6113 1200 34.641
76.7276 1281 35.7911
76.8438 1230 35.0714
76.9601 1268 35.609
77.0765 1290 35.9166
77.1929 1234 35.1283
77.3093 1248 35.327
77.4258 1327 36.428
77.5423 1351 36.756
77.6589 1333 36.5103
77.7755 1225 35
77.8921 1095 33.0908
78.0088 991 31.4802
78.1256 887 29.7825
78.2423 864 29.3939
78.3591 933 30.545
78.4759 942 30.692
78.5928 1066 32.6497
78.7097 1211 34.7994
78.8266 1284 35.8329
78.9436 1417 37.6431
79.0606 1352 36.7696
79.1776 1351 36.756
79.2946 1385 37.2156
79.4117 1347 36.7015
79.5288 1325 36.4005
79.6459 1364 36.9324
79.7631 1283 35.819
79.8802 1217 34.8855
79.9974 1201 34.6554
80.1147 1111 33.3317
80.2319 1028 32.0624
80.3491 1027 32.0468
80.4664 1117 33.4215
80.5837 1116 33.4066
80.701 1119 33.4515
80.8183 1085 32.9393
80.9357 1090 33.0151
81.053 1108 33.2866
81.1704 1069 32.6956
81.2877 1117 33.4215
81.4051 1112 33.3467
81.5225 988 31.4325
81.6399 907 30.1164
81.7573 818 28.6007
81.8747 710 26.6458
81.9922 813 28.5132
82.1096 887 29.7825
82.227 1004 31.686
82.3444 991 31.4802
82.4619 1087 32.9697
82.5793 1222 34.9571
82.6967 1147 33.8674
82.8142 1184 34.4093
82.9316 1211 34.7994
83.049 1134 33.6749
83.1664 1159 34.0441
83.2838 1110 33.3167
83.4012 1070 32.7109
83.5186 1036 32.187
83.636 980 31.305
83.7534 993 31.5119
83.8708 892 29.8664
83.9881 946 30.7571
84.1055 931 30.5123
84.2228 946 30.7571
84.3401 916 30.2655
84.4575 971 31.1609
84.5747 1060 32.5576
84.692 1032 32.1248
84.8093 974 31.209
84.9265 1064 32.619
85.0437 925 30.4138
85.1609 917 30.282
85.2781 774 27.8209
85.3952 722 26.8701
85.5123 763 27.6225
85.6294 812 28.4956
85.7465 876 29.5973
85.8636 990 31.4643
85.9806 1128 33.5857
86.0976 1181 34.3657
86.2145 1223 34.9714
86.3315 1302 36.0832
86.4484 1256 35.4401
86.5652 1294 35.9722
86.682 1339 36.5923
86.7988 1313 36.2353
86.9156 1208 34.7563
87.0323 1208 34.7563
87.149 1146 33.8526
87.2657 1153 33.9559
87.3823 1134 33.6749
87.4988 1098 33.1361
87.6154 1117 33.4215
87.7318 1132 33.6452
87.8483 1139 33.7491
87.9647 1239 35.1994
88.081 1241 35.2278
88.1973 1303 36.0971
88.3136 1244 35.2704
88.4298 1299 36.0416
88.546 1283 35.819
88.6621 1090 33.0151
88.7781 1027 32.0468
88.8942 0 1
89.0101 0 1
89.126 0 1
89.2419 0 1
89.3577 0 1
89.4734 0 1
89.5891 0 1
89.7047 0 1
89.8203 0 1
89.9358 0 1
92.3269 0 1
92.4424 0 1
92.558 0 1
92.6736 0 1
92.7893 0 1
92.905 0 1
93.0208 0 1
93.1366 0 1
93.2525 0 1
93.3685 0 1
93.4845 0 1
93.6005 1247 35.3129
93.7167 1261 35.5106
93.8328 1263 35.5387
93.949 1179 34.3366
94.0653 1162 34.0881
94.1816 1042 32.28
94.2979 1009 31.7648
94.4143 963 31.0322
94.5307 904 30.0666
94.6472 923 30.3809
94.7637 973 31.1929
94.8803 1138 33.7343
94.9969 1228 35.0428
95.1135 1259 35.4824
95.2302 1357 36.8375
95.3469 1371 37.027
95.4637 1423 37.7227
95.5805 1460 38.2099
95.6973 1513 38.8973
95.8142 1497 38.6911
95.9311 1367 36.973
96.048 1342 36.6333
96.1649 1343 36.647
96.2819 1308 36.1663
96.3989 1259 35.4824
96.516 1217 34.8855
96.633 1230 35.0714
96.7501 1187 34.4529
96.8673 1241 35.2278
96.9844 1144 33.8231
97.1016 1291 35.9305
97.2188 1223 34.9714
97.336 1389 37.2693
97.4532 1289 35.9026
97.5704 1283 35.819
97.6877 1209 34.7707
97.805 1140 33.7639
97.9223 980 31.305
98.0396 946 30.7571
98.1569 953 30.8707
98.2743 925 30.4138
98.3916 962 31.0161
98.509 1066 32.6497
98.6264 1188 34.4674
98.7438 1301 36.0694
98.8612 1388 37.2559
98.9786 1407 37.51
99.096 1456 38.1576
99.2134 1448 38.0526
99.3308 1519 38.9744
99.4482 1495 38.6652
99.5656 1509 38.8458
99.6831 1416 37.6298
99.8005 1338 36.5787
99.9179 1227 35.0286
100.035 1299 36.0416
100.153 1260 35.4965
100.27 1187 34.4529
100.388 1184 34.4093
100.505 1178 34.322
100.622 1282 35.805
100.74 1339 36.5923
100.857 1308 36.1663
100.975 1398 37.3898
101.092 1341 36.6197
101.209 1276 35.7211
101.327 1246 35.2987
101.444 1136 33.7046
101.561 1047 32.3574
101.679 966 31.0805
101.796 1000 31.6228
101.913 1001 31.6386
102.03 1069 32.6956
102.148 1206 34.7275
102.265 1262 35.5246
102.382 1510 38.8587
102.499 1446 38.0263
102.616 1528 39.0896
102.733 1542 39.2683
102.851 1582 39.7744
102.968 1571 39.6358
103.085 1546 39.3192
103.202 1448 38.0526
103.319 1461 38.223
103.436 1416 37.6298
103.552 1356 36.8239
103.669 1301 36.0694
103.786 1298 36.0278
103.903 1324 36.3868
104.02 1341 36.6197
104.137 1298 36.0278
104.253 1462 38.2361
104.37 1381 37.1618
104.487 1477 38.4318
104.603 1483 38.5097
104.72 1461 38.223
104.836 1267 35.5949
104.953 1182 34.3802
105.069 1129 33.6006
105.186 1093 33.0606
105.302 1045 32.3265
105.418 1095 33.0908
105.535 1242 35.242
105.651 1453 38.1182
105.767 1594 39.9249
105.883 1605 40.0625
105.999 1664 40.7922
106.115 0 1
106.231 0 1
106.347 0 1
106.463 0 1
106.579 0 1
106.694 0 1
106.81 0 1
106.926 0 1
107.041 0 1
107.157 0 1
109.576 0 1
109.692 0 1
109.807 0 1
109.923 0 1
110.039 0 1
110.155 0 1
110.27 0 1
110.386 0 1
110.502 0 1
110.618 1180 34.3511
110.735 1366 36.9594
110.851 1440 37.9473
110.967 1420 37.6829
111.083 1605 40.0625
111.199 1501 38.7427
111.316 1634 40.4228
111.432 1687 41.0731
111.549 1643 40.5339
111.665 1556 39.4462
111.782 1516 38.9358
111.898 1480 38.4708
112.015 1389 37.2693
112.132 1325 36.4005
112.248 1295 35.9861
112.365 1306 36.1386
112.482 1259 35.4824
112.599 1340 36.606
112.716 1312 36.2215
112.832 1384 37.2022
112.949 1441 37.9605
113.066 1442 37.9737
113.183 1401 37.4299
113.3 1354 36.7967
113.417 1172 34.2345
113.534 1118 33.4365
113.652 1038 32.218
113.769 1012 31.8119
113.886 940 30.6594
114.003 1052 32.4345
114.12 1121 33.4813
114.238 1277 35.7351
114.355 1350 36.7423
114.472 1417 37.6431
114.589 1451 38.092
114.707 1478 38.4448
114.824 1471 38.3536
114.942 1472 38.3667
115.059 1511 38.8716
115.176 1507 38.8201
115.294 1528 39.0896
115.411 1473 38.3797
115.529 1495 38.6652
115.646 1382 37.1753
115.764 1346 36.6879
115.881 1212 34.8138
115.999 1244 35.2704
116.116 1291 35.9305
116.234 1335 36.5377
116.351 1389 37.2693
116.469 1388 37.2559
116.586 1401 37.4299
116.704 1388 37.2559
116.821 1407 37.51
116.939 1249 35.3412
117.056 1155 33.9853
117.174 1143 33.8083
117.291 1026 32.0312
117.409 1045 32.3265
117.526 1067 32.665
117.644 1192 34.5254
117.761 1297 36.0139
117.879 1417 37.6431
117.996 1390 37.2827
118.114 1480 38.4708
118.231 1504 38.7814
118.349 1579 39.7366
118.466 1566 39.5727
118.584 1617 40.2119
118.701 1537 39.2046
118.819 1546 39.3192
118.936 1518 38.9615
119.053 1433 37.855
119.171 1426 37.7624
119.288 1400 37.4166
119.405 1310 36.1939
119.523 1332 36.4966
119.64 1333 36.5103
119.757 1270 35.6371
119.875 1312 36.2215
119.992 1407 37.51
120.109 1388 37.2559
120.226 1355 36.8103
120.343 1368 36.9865
120.46 1512 38.8844
120.578 1302 36.0832
120.695 1220 34.9285
120.812 1197 34.5977
120.929 1124 33.5261
121.046 1099 33.1512
121.163 1087 32.9697
121.279 1151 33.9264
121.396 1238 35.1852
121.513 1305 36.1248
121.63 1460 38.2099
121.747 1455 38.1445
121.863 1500 38.7298
121.98 1538 39.2173
122.097 1606 40.0749
122.213 1505 38.7943
122.33 1542 39.2683
122.446 1508 38.833
122.563 1441 37.9605
122.679 1486 38.5487
122.795 1373 37.054
122.912 1396 37.3631
123.028 1365 36.9459
123.144 1312 36.2215
123.26 1281 35.7911
123.377 0 1
123.493 0 1
123.609 0 1
123.725 0 1
123.84 0 1
123.956 0 1
124.072 0 1
124.188 0 1
124.303 0 1
124.419 0 1
126.852 0 1
126.968 0 1
127.083 0 1
127.199 0 1
127.315 0 1
127.431 0 1
127.547 0 1
127.663 0 1
127.779 0 1
127.895 0 1
128.011 0 1
128.127 0 1
128.243 0 1
128.359 1469 38.3275
128.476 1385 37.2156
128.592 1415 37.6165
128.708 1451 38.092
128.825 1459 38.1969
128.941 1573 39.6611
129.058 1641 40.5093
129.174 1574 39.6737
129.291 1589 39.8623
129.408 1465 38.2753
129.524 1421 37.6962
129.641 1330 36.4692
129.758 1318 36.3043
129.875 1211 34.7994
129.992 1251 35.3695
130.108 1186 34.4384
130.225 1275 35.7071
130.342 1445 38.0132
130.459 1502 38.7556
130.576 1644 40.5463
130.693 1658 40.7185
130.81 1616 40.1995
130.928 1586 39.8246
131.045 1691 41.1218
131.162 1679 40.9756
131.279 1687 41.0731
131.396 1727 41.5572
131.513 1671 40.8779
131.631 1634 40.4228
131.748 1573 39.6611
131.865 1579 39.7366
131.983 1551 39.3827
132.1 1485 38.5357
132.217 1461 38.223
132.335 1513 38.8973
132.452 1634 40.4228
132.57 1654 40.6694
132.687 1608 40.0999
132.804 1602 40.025
132.922 1552 39.3954
133.039 1440 37.9473
133.157 1442 37.9737
133.274 1349 36.7287
133.392 1370 37.0135
133.509 1262 35.5246
133.627 1208 34.7563
133.744 1344 36.6606
133.862 1374 37.0675
133.979 1502 38.7556
134.097 1519 38.9744
134.214 1541 39.2556
134.332 1704 41.2795
134.449 1542 39.2683
134.567 1597 39.9625
134.684 1672 40.8901
134.802 1688 41.0853
134.919 1708 41.328
135.037 1694 41.1582
135.154 1608 40.0999
135.272 1627 40.3361
135.389 1507 38.8201
135.507 1511 38.8716
135.624 1482 38.4968
135.742 1422 37.7094
135.859 1485 38.5357
135.977 1618 40.2244
136.094 1565 39.5601
136.211 1670 40.8656
136.329 1502 38.7556
136.446 1556 39.4462
136.564 1592 39.8999
136.681 1538 39.2173
136.798 1408 37.5233
136.915 1386 37.229
137.033 1359 36.8646
137.15 1255 35.426
137.267 1266 35.5809
137.384 1365 36.9459
137.502 1426 37.7624
137.619 1392 37.3095
137.736 1540 39.2428
137.853 1534 39.1663
137.97 1596 39.95
138.087 1608 40.0999
138.204 1593 39.9124
138.321 1662 40.7676
138.438 1630 40.3733
138.555 1703 41.2674
138.672 1696 41.1825
138.788 1614 40.1746
138.905 1605 40.0625
139.022 1573 39.6611
139.139 1498 38.704
139.255 1384 37.2022
139.372 1503 38.7685
139.488 1481 38.4838
139.605 1558 39.4715
139.721 1646 40.5709
139.838 1570 39.6232
139.954 1540 39.2428
140.071 1580 39.7492
140.187 1559 39.4842
140.303 1474 38.3927
140.419 1414 37.6032
140.535 1337 36.565
140.652 1314 36.2491
140.768 0 1
140.884 0 1
141 0 1
141.115 0 1
141.231 0 1
141.347 0 1
141.463 0 1
141.578 0 1
141.694 0 1
144.104 0 1
144.219 0 1
144.335 0 1
144.45 0 1
144.566 0 1
144.682 0 1
144.798 0 1
144.914 0 1
145.03 0 1
145.146 1110 33.3167
145.262 1174 34.2637
145.378 1208 34.7563
145.494 1170 34.2053
145.61 1015 31.8591
145.726 1017 31.8904
145.842 1027 32.0468
145.959 1008 31.749
146.075 983 31.3528
146.192 1014 31.8434
146.308 1075 32.7872
146.425 1130 33.6155
146.541 1124 33.5261
146.658 1189 34.4819
146.774 1229 35.0571
146.891 1233 35.1141
147.008 1228 35.0428
147.125 1263 35.5387
147.241 1380 37.1484
147.358 1270 35.6371
147.475 1253 35.3977
147.592 1296 36
147.709 1234 35.1283
147.826 1246 35.2987
147.943 1203 34.6843
148.06 1138 33.7343
148.177 1121 33.4813
148.294 1115 33.3916
148.411 1182 34.3802
148.528 1242 35.242
148.645 1263 35.5387
148.762 1204 34.6987
148.88 1239 35.1994
148.997 1190 34.4964
149.114 1239 35.1994
149.231 1196 34.5832
149.349 1136 33.7046
149.466 1156 34
149.583 1084 32.9242
149.701 1037 32.2025
149.818 1025 32.0156
149.935 1084 32.9242
150.053 1047 32.3574
150.17 1109 33.3017
150.287 1171 34.2199
150.405 1227 35.0286
150.522 1228 35.0428
150.64 1257 35.4542
150.757 1347 36.7015
150.875 1332 36.4966
150.992 1260 35.4965
151.11 1339 36.5923
151.227 1374 37.0675
151.344 1328 36.4417
151.462 1279 35.7631
151.579 1288 35.8887
151.697 1270 35.6371
151.814 1179 34.3366
151.932 1223 34.9714
152.049 1170 34.2053
152.167 1192 34.5254
152.284 1234 35.1283
152.402 1307 36.1525
152.519 1304 36.1109
152.636 1289 35.9026
152.754 1276 35.7211
152.871 1267 35.5949
152.989 1218 34.8999
153.106 1093 33.0606
153.223 1113 33.3617
153.341 1159 34.0441
153.458 1141 33.7787
153.575 1137 33.7194
153.693 1177 34.3074
153.81 1225 35
153.927 1237 35.171
154.044 1273 35.6791
154.162 1300 36.0555
154.279 1364 36.9324
154.396 1337 36.565
154.513 1517 38.9487
154.63 1427 37.7757
154.747 1350 36.7423
154.864 1416 37.6298
154.981 1382 37.1753
155.098 1478 38.4448
155.215 1341 36.6197
155.332 1282 35.805
155.449 1279 35.7631
155.566 1302 36.0832
155.683 1339 36.5923
155.8 1378 37.1214
155.917 1349 36.7287
156.033 1390 37.2827
156.15 0 1
156.267 0 1
156.383 0 1
156.5 0 1
156.617 0 1
156.733 0 1
156.85 0 1
156.966 0 1
157.082 0 1
157.199 0 1
157.315 0 1
157.431 0 1
157.547 0 1
157.664 0 1
157.78 0 1
157.896 0 1
158.012 0 1
158.128 0 1
158.244 0 1
158.359 0 1
158.475 0 1
158.591 0 1
158.706 0 1
