
6.15755 0 1
6.2731 0 1
6.3887 0 1
6.50437 0 1
6.62009 0 1
6.73587 0 1
6.8517 0 1
6.96759 0 1
7.08353 0 1
7.19952 0 1
7.31557 0 1
7.43166 0 1
7.54781 0 1
7.664 0 1
7.78024 0 1
7.89653 0 1
8.01286 0 1
8.12924 0 1
8.24567 0 1
8.36213 0 1
8.47864 0 1
8.59519 0 1
8.71178 0 1
8.82841 0 1
8.94508 0 1
9.06179 0 1
9.17853 0 1
9.29531 0 1
9.41212 0 1
9.52897 0 1
9.64584 0 1
9.76276 0 1
9.8797 0 1
9.99667 0 1
10.1137 0 1
10.2307 0 1
10.3478 0 1
10.4648 0 1
10.5819 0 1
10.6991 0 1
10.8162 0 1
10.9334 0 1
11.0506 0 1
11.1678 0 1
11.285 0 1
11.4023 0 1
11.5196 0 1
11.6369 0 1
11.7542 0 1
11.8715 0 1
11.9888 0 1
12.1062 0 1
12.2235 0 1
12.3409 0 1
12.4582 0 1
12.5756 0 1
12.693 0 1
12.8104 0 1
12.9278 0 1
13.0452 0 1
13.1626 0 1
13.28 0 1
13.3974 0 1
13.5149 0 1
13.6323 0 1
13.7497 0 1
13.8671 0 1
13.9845 0 1
14.1019 0 1
14.2193 0 1
14.3367 0 1
14.4541 0 1
14.5714 0 1
14.6888 0 1
14.8062 0 1
14.9235 0 1
15.0408 839 28.9655
15.1581 867 29.4449
15.2755 833 28.8617
15.3927 883 29.7153
15.51 916 30.2655
15.6273 900 30
15.7445 882 29.6985
15.8617 848 29.1204
15.9789 875 29.5804
16.0961 903 30.05
16.2132 816 28.5657
16.3304 798 28.2489
16.4475 759 27.55
16.5646 830 28.8097
16.6816 771 27.7669
16.7986 877 29.6142
16.9156 823 28.688
17.0326 814 28.5307
17.1496 780 27.9285
17.2665 750 27.3861
17.3833 811 28.4781
17.5002 832 28.8444
17.617 827 28.7576
17.7338 848 29.1204
17.8505 756 27.4955
17.9672 821 28.6531
18.0839 779 27.9106
18.2005 762 27.6043
18.3171 720 26.8328
18.4337 738 27.1662
18.5502 785 28.0179
18.6666 746 27.313
18.7831 766 27.6767
18.8994 767 27.6948
19.0158 728 26.9815
19.1321 747 27.3313
19.2483 730 27.0185
19.3645 698 26.4197
19.4806 682 26.1151
19.5967 581 24.1039
19.7128 547 23.388
19.8288 530 23.0217
19.9447 432 20.7846
20.0606 0 1
20.1764 0 1
20.2922 0 1
20.4079 0 1
20.5236 0 1
20.6392 0 1
20.7548 0 1
20.8702 0 1
23.3078 0 1
23.4233 0 1
23.539 0 1
23.6547 0 1
23.7704 0 1
23.8862 0 1
24.0021 0 1
24.118 0 1
24.234 0 1
24.35 0 1
24.4661 325 18.0278
24.5822 323 17.9722
24.6984 432 20.7846
24.8146 493 22.2036
24.9309 521 22.8254
25.0472 577 24.0208
25.1636 658 25.6515
25.28 771 27.7669
25.3965 766 27.6767
25.513 751 27.4044
25.6296 853 29.2062
25.7462 842 29.0172
25.8628 835 28.8964
25.9795 820 28.6356
26.0962 843 29.0345
26.213 809 28.4429
26.3298 788 28.0713
26.4466 771 27.7669
26.5635 739 27.1846
26.6804 727 26.9629
26.7973 724 26.9072
26.9143 637 25.2389
27.0313 631 25.1197
27.1483 572 23.9165
27.2653 677 26.0192
27.3824 749 27.3679
27.4996 752 27.4226
27.6167 705 26.5518
27.7339 757 27.5136
27.8511 793 28.1603
27.9683 744 27.2764
28.0855 754 27.4591
28.2028 743 27.258
28.3201 690 26.2679
28.4374 696 26.3818
28.5547 671 25.9037
28.6721 669 25.865
28.7894 689 26.2488
28.9068 699 26.4386
29.0242 701 26.4764
29.1416 714 26.7208
29.259 722 26.8701
29.3764 703 26.5141
29.4939 777 27.8747
29.6113 742 27.2397
29.7288 790 28.1069
29.8463 704 26.533
29.9638 686 26.1916
30.0812 712 26.6833
30.1987 649 25.4755
30.3162 594 24.3721
30.4337 656 25.6125
30.5512 616 24.8193
30.6687 673 25.9422
30.7862 702 26.4953
30.9037 704 26.533
31.0212 768 27.7128
31.1387 796 28.2135
31.2562 786 28.0357
31.3737 775 27.8388
31.4912 788 28.0713
31.6087 747 27.3313
31.7262 703 26.5141
31.8436 745 27.2947
31.9611 615 24.7992
32.0785 632 25.1396
32.1959 608 24.6577
32.3134 686 26.1916
32.4308 688 26.2298
32.5482 678 26.0384
32.6655 631 25.1197
32.7829 653 25.5539
32.9002 665 25.7876
33.0176 663 25.7488
33.1349 656 25.6125
33.2522 647 25.4362
33.3694 657 25.632
33.4867 713 26.7021
33.6039 663 25.7488
33.7211 696 26.3818
33.8383 702 26.4953
33.9554 658 25.6515
34.0725 585 24.1868
34.1896 555 23.5584
34.3067 614 24.779
34.4237 691 26.2869
34.5407 682 26.1151
34.6577 690 26.2679
34.7746 754 27.4591
34.8915 724 26.9072
35.0084 668 25.8457
35.1252 683 26.1343
35.242 738 27.1662
35.3587 662 25.7294
35.4755 630 25.0998
35.5921 557 23.6008
35.7088 561 23.6854
35.8254 588 24.2487
35.9419 625 25
36.0584 650 25.4951
36.1749 641 25.318
36.2913 644 25.3772
36.4077 602 24.5357
36.524 568 23.8328
36.6403 527 22.9565
36.7565 523 22.8692
36.8727 523 22.8692
36.9889 472 21.7256
37.1049 422 20.5426
37.221 0 1
37.3369 0 1
37.4529 0 1
37.5687 0 1
37.6845 0 1
37.8003 0 1
37.916 0 1
38.0316 0 1
38.1472 0 1
40.5851 0 1
40.7008 0 1
40.8164 0 1
40.9322 0 1
41.048 0 1
41.1639 0 1
41.2798 0 1
41.3958 0 1
41.5118 0 1
41.6279 0 1
41.744 268 16.3707
41.8602 341 18.4662
41.9765 399 19.975
42.0928 413 20.3224
42.2091 428 20.6882
42.3255 471 21.7025
42.4419 481 21.9317
42.5584 494 22.2261
42.675 470 21.6795
42.7915 461 21.4709
42.9081 421 20.5183
43.0248 455 21.3307
43.1415 467 21.6102
43.2582 508 22.5389
43.375 522 22.8473
43.4918 515 22.6936
43.6087 523 22.8692
43.7256 520 22.8035
43.8425 479 21.8861
43.9595 488 22.0907
44.0765 458 21.4009
44.1935 519 22.7816
44.3106 439 20.9523
44.4277 451 21.2368
44.5448 441 21
44.6619 449 21.1896
44.7791 445 21.095
44.8963 430 20.7364
45.0136 523 22.8692
45.1308 530 23.0217
45.2481 501 22.383
45.3654 535 23.1301
45.4827 528 22.9783
45.6001 550 23.4521
45.7174 583 24.1454
45.8348 527 22.9565
45.9522 515 22.6936
46.0697 531 23.0434
46.1871 521 22.8254
46.3046 475 21.7945
46.422 435 20.8567
46.5395 436 20.8806
46.657 475 21.7945
46.7745 443 21.0476
46.892 466 21.587
47.0096 502 22.4054
47.1271 495 22.2486
47.2446 507 22.5167
47.3622 536 23.1517
47.4797 499 22.3383
47.5973 482 21.9545
47.7149 480 21.9089
47.8324 438 20.9284
47.95 406 20.1494
48.0675 428 20.6882
48.1851 443 21.0476
48.3027 486 22.0454
48.4202 494 22.2261
48.5378 472 21.7256
48.6554 523 22.8692
48.7729 461 21.4709
48.8904 540 23.2379
49.008 555 23.5584
49.1255 494 22.2261
49.243 489 22.1133
49.3605 469 21.6564
49.478 457 21.3776
49.5955 492 22.1811
49.713 501 22.383
49.8304 432 20.7846
49.9479 396 19.8997
50.0653 397 19.9249
50.1827 425 20.6155
50.3001 414 20.347
50.4175 432 20.7846
50.5348 469 21.6564
50.6521 488 22.0907
50.7694 469 21.6564
50.8867 500 22.3607
51.004 455 21.3307
51.1212 507 22.5167
51.2384 468 21.6333
51.3556 450 21.2132
51.4727 406 20.1494
51.5899 376 19.3907
51.707 443 21.0476
51.824 429 20.7123
51.9411 502 22.4054
52.0581 485 22.0227
52.175 492 22.1811
52.2919 445 21.095
52.4088 455 21.3307
52.5257 499 22.3383
52.6425 477 21.8403
52.7593 486 22.0454
52.876 468 21.6333
52.9927 492 22.1811
53.1094 463 21.5174
53.226 452 21.2603
53.3426 448 21.166
53.4591 371 19.2614
53.5756 349 18.6815
53.692 352 18.7617
53.8084 309 17.5784
53.9248 365 19.105
54.0411 318 17.8326
54.1573 336 18.3303
54.2735 0 1
54.3896 0 1
54.5057 0 1
54.6217 0 1
54.7377 0 1
54.8537 0 1
54.9695 0 1
55.0853 0 1
55.2011 0 1
55.3168 0 1
55.4324 0 1
57.824 0 1
57.9396 0 1
58.0553 0 1
58.1711 0 1
58.2869 0 1
58.4028 0 1
58.5187 0 1
58.6347 0 1
58.7508 0 1
58.8669 0 1
58.983 430 20.7364
59.0992 511 22.6053
59.2155 635 25.1992
59.3318 718 26.7955
59.4482 758 27.5318
59.5646 832 28.8444
59.681 865 29.4109
59.7975 883 29.7153
59.9141 865 29.4109
60.0306 932 30.5287
60.1473 874 29.5635
60.2639 861 29.3428
60.3807 873 29.5466
60.4974 831 28.8271
60.6142 836 28.9137
60.731 855 29.2404
60.8479 886 29.7658
60.9648 880 29.6648
61.0818 821 28.6531
61.1987 855 29.2404
61.3158 773 27.8029
61.4328 788 28.0713
61.5499 811 28.4781
61.667 741 27.2213
61.7841 747 27.3313
61.9013 670 25.8844
62.0185 664 25.7682
62.1357 657 25.632
62.253 613 24.7588
62.3702 580 24.0832
62.4875 605 24.5967
62.6049 624 24.98
62.7222 651 25.5147
62.8396 594 24.3721
62.9569 650 25.4951
63.0743 588 24.2487
63.1918 602 24.5357
63.3092 616 24.8193
63.4267 575 23.9792
63.5441 571 23.8956
63.6616 536 23.1517
63.7791 520 22.8035
63.8966 528 22.9783
64.0142 553 23.516
64.1317 502 22.4054
64.2492 550 23.4521
64.3668 533 23.0868
64.4843 556 23.5797
64.6019 510 22.5832
64.7195 509 22.561
64.837 547 23.388
64.9546 518 22.7596
65.0722 511 22.6053
65.1898 518 22.7596
65.3074 517 22.7376
65.4249 519 22.7816
65.5425 522 22.8473
65.6601 442 21.0238
65.7777 453 21.2838
65.8952 498 22.3159
66.0128 481 21.9317
66.1304 480 21.9089
66.2479 538 23.1948
66.3655 507 22.5167
66.483 497 22.2935
66.6005 538 23.1948
66.718 571 23.8956
66.8355 492 22.1811
66.953 549 23.4307
67.0705 536 23.1517
67.1879 479 21.8861
67.3054 508 22.5389
67.4228 502 22.4054
67.5402 548 23.4094
67.6576 507 22.5167
67.7749 517 22.7376
67.8923 516 22.7156
68.0096 519 22.7816
68.1269 526 22.9347
68.2442 493 22.2036
68.3614 470 21.6795
68.4787 524 22.891
68.5958 520 22.8035
68.713 506 22.4944
68.8302 506 22.4944
68.9473 546 23.3666
69.0643 509 22.561
69.1814 457 21.3776
69.2984 511 22.6053
69.4154 451 21.2368
69.5323 445 21.095
69.6492 512 22.6274
69.7661 486 22.0454
69.8829 525 22.9129
69.9997 497 22.2935
70.1165 515 22.6936
70.2332 487 22.0681
70.3499 466 21.587
70.4665 425 20.6155
70.5831 451 21.2368
70.6996 405 20.1246
70.8161 332 18.2209
70.9326 345 18.5742
71.049 328 18.1108
71.1653 294 17.1464
71.2817 298 17.2627
71.3979 261 16.1555
71.5141 253 15.906
71.6303 226 15.0333
71.7464 189 13.7477
71.8624 0 1
71.9784 0 1
72.0944 0 1
72.2102 0 1
72.3261 0 1
72.4418 0 1
72.5575 0 1
72.6732 0 1
75.1054 0 1
75.2209 0 1
75.3365 0 1
75.4521 0 1
75.5678 0 1
75.6835 0 1
75.7993 0 1
75.9151 0 1
76.031 0 1
76.147 289 17
76.263 335 18.303
76.3791 345 18.5742
76.4952 386 19.6469
76.6113 432 20.7846
76.7276 418 20.445
76.8438 430 20.7364
76.9601 425 20.6155
77.0765 458 21.4009
77.1929 425 20.6155
77.3093 440 20.9762
77.4258 402 20.0499
77.5423 442 21.0238
77.6589 450 21.2132
77.7755 507 22.5167
77.8921 459 21.4243
78.0088 393 19.8242
78.1256 430 20.7364
78.2423 377 19.4165
78.3591 417 20.4206
78.4759 375 19.3649
78.5928 382 19.5448
78.7097 404 20.0998
78.8266 424 20.5913
78.9436 442 21.0238
79.0606 452 21.2603
79.1776 383 19.5704
79.2946 441 21
79.4117 444 21.0713
79.5288 447 21.1424
79.6459 459 21.4243
79.7631 458 21.4009
79.8802 419 20.4695
79.9974 417 20.4206
80.1147 411 20.2731
80.2319 469 21.6564
80.3491 439 20.9523
80.4664 483 21.9773
80.5837 451 21.2368
80.701 427 20.664
80.8183 459 21.4243
80.9357 446 21.1187
81.053 472 21.7256
81.1704 404 20.0998
81.2877 449 21.1896
81.4051 446 21.1187
81.5225 456 21.3542
81.6399 443 21.0476
81.7573 421 20.5183
81.8747 400 20
81.9922 433 20.8087
82.1096 402 20.0499
82.227 436 20.8806
82.3444 381 19.5192
82.4619 417 20.4206
82.5793 461 21.4709
82.6967 474 21.7715
82.8142 463 21.5174
82.9316 455 21.3307
83.049 436 20.8806
83.1664 440 20.9762
83.2838 424 20.5913
83.4012 442 21.0238
83.5186 437 20.9045
83.636 417 20.4206
83.7534 473 21.7486
83.8708 461 21.4709
83.9881 429 20.7123
84.1055 440 20.9762
84.2228 455 21.3307
84.3401 449 21.1896
84.4575 439 20.9523
84.5747 451 21.2368
84.692 479 21.8861
84.8093 465 21.5639
84.9265 443 21.0476
85.0437 471 21.7025
85.1609 420 20.4939
85.2781 463 21.5174
85.3952 449 21.1896
85.5123 454 21.3073
85.6294 392 19.799
85.7465 437 20.9045
85.8636 441 21
85.9806 448 21.166
86.0976 463 21.5174
86.2145 429 20.7123
86.3315 487 22.0681
86.4484 482 21.9545
86.5652 503 22.4277
86.682 470 21.6795
86.7988 428 20.6882
86.9156 429 20.7123
87.0323 450 21.2132
87.149 441 21
87.2657 449 21.1896
87.3823 452 21.2603
87.4988 455 21.3307
87.6154 423 20.567
87.7318 424 20.5913
87.8483 419 20.4695
87.9647 419 20.4695
88.081 392 19.799
88.1973 313 17.6918
88.3136 323 17.9722
88.4298 292 17.088
88.546 274 16.5529
88.6621 272 16.4924
88.7781 262 16.1864
88.8942 0 1
89.0101 0 1
89.126 0 1
89.2419 0 1
89.3577 0 1
89.4734 0 1
89.5891 0 1
89.7047 0 1
89.8203 0 1
89.9358 0 1
92.3269 0 1
92.4424 0 1
92.558 0 1
92.6736 0 1
92.7893 0 1
92.905 0 1
93.0208 0 1
93.1366 0 1
93.2525 0 1
93.3685 0 1
93.4845 0 1
93.6005 325 18.0278
93.7167 404 20.0998
93.8328 395 19.8746
93.949 479 21.8861
94.0653 467 21.6102
94.1816 504 22.4499
94.2979 487 22.0681
94.4143 433 20.8087
94.5307 452 21.2603
94.6472 436 20.8806
94.7637 406 20.1494
94.8803 469 21.6564
94.9969 428 20.6882
95.1135 433 20.8087
95.2302 482 21.9545
95.3469 485 22.0227
95.4637 485 22.0227
95.5805 506 22.4944
95.6973 503 22.4277
95.8142 486 22.0454
95.9311 489 22.1133
96.048 428 20.6882
96.1649 455 21.3307
96.2819 414 20.347
96.3989 476 21.8174
96.516 444 21.0713
96.633 511 22.6053
96.7501 528 22.9783
96.8673 513 22.6495
96.9844 490 22.1359
97.1016 495 22.2486
97.2188 456 21.3542
97.336 464 21.5407
97.4532 495 22.2486
97.5704 472 21.7256
97.6877 522 22.8473
97.805 518 22.7596
97.9223 484 22
98.0396 486 22.0454
98.1569 453 21.2838
98.2743 455 21.3307
98.3916 474 21.7715
98.509 486 22.0454
98.6264 453 21.2838
98.7438 486 22.0454
98.8612 500 22.3607
98.9786 508 22.5389
99.096 485 22.0227
99.2134 556 23.5797
99.3308 549 23.4307
99.4482 532 23.0651
99.5656 544 23.3238
99.6831 499 22.3383
99.8005 520 22.8035
99.9179 591 24.3105
100.035 547 23.388
100.153 527 22.9565
100.27 535 23.1301
100.388 568 23.8328
100.505 545 23.3452
100.622 523 22.8692
100.74 534 23.1084
100.857 510 22.5832
100.975 490 22.1359
101.092 525 22.9129
101.209 505 22.4722
101.327 553 23.516
101.444 515 22.6936
101.561 509 22.561
101.679 502 22.4054
101.796 537 23.1733
101.913 518 22.7596
102.03 523 22.8692
102.148 532 23.0651
102.265 524 22.891
102.382 473 21.7486
102.499 539 23.2164
102.616 540 23.2379
102.733 583 24.1454
102.851 640 25.2982
102.968 581 24.1039
103.085 593 24.3516
103.202 559 23.6432
103.319 566 23.7908
103.436 537 23.1733
103.552 580 24.0832
103.669 597 24.4336
103.786 596 24.4131
103.903 574 23.9583
104.02 569 23.8537
104.137 598 24.454
104.253 558 23.622
104.37 597 24.4336
104.487 550 23.4521
104.603 573 23.9374
104.72 585 24.1868
104.836 542 23.2809
104.953 496 22.2711
105.069 542 23.2809
105.186 479 21.8861
105.302 474 21.7715
105.418 432 20.7846
105.535 393 19.8242
105.651 367 19.1572
105.767 325 18.0278
105.883 330 18.1659
105.999 279 16.7033
106.115 0 1
106.231 0 1
106.347 0 1
106.463 0 1
106.579 0 1
106.694 0 1
106.81 0 1
106.926 0 1
107.041 0 1
107.157 0 1
109.576 0 1
109.692 0 1
109.807 0 1
109.923 0 1
110.039 0 1
110.155 0 1
110.27 0 1
110.386 0 1
110.502 0 1
110.618 294 17.1464
110.735 314 17.72
110.851 396 19.8997
110.967 405 20.1246
111.083 484 22
111.199 480 21.9089
111.316 519 22.7816
111.432 596 24.4131
111.549 571 23.8956
111.665 576 24
111.782 541 23.2594
111.898 518 22.7596
112.015 523 22.8692
112.132 502 22.4054
112.248 522 22.8473
112.365 571 23.8956
112.482 549 23.4307
112.599 569 23.8537
112.716 542 23.2809
112.832 540 23.2379
112.949 520 22.8035
113.066 479 21.8861
113.183 498 22.3159
113.3 517 22.7376
113.417 474 21.7715
113.534 520 22.8035
113.652 530 23.0217
113.769 531 23.0434
113.886 512 22.6274
114.003 476 21.8174
114.12 516 22.7156
114.238 501 22.383
114.355 456 21.3542
114.472 453 21.2838
114.589 488 22.0907
114.707 501 22.383
114.824 514 22.6716
114.942 520 22.8035
115.059 514 22.6716
115.176 519 22.7816
115.294 516 22.7156
115.411 551 23.4734
115.529 501 22.383
115.646 428 20.6882
115.764 474 21.7715
115.881 531 23.0434
115.999 483 21.9773
116.116 511 22.6053
116.234 520 22.8035
116.351 530 23.0217
116.469 515 22.6936
116.586 494 22.2261
116.704 504 22.4499
116.821 468 21.6333
116.939 453 21.2838
117.056 501 22.383
117.174 460 21.4476
117.291 521 22.8254
117.409 485 22.0227
117.526 491 22.1585
117.644 486 22.0454
117.761 461 21.4709
117.879 444 21.0713
117.996 417 20.4206
118.114 464 21.5407
118.231 429 20.7123
118.349 478 21.8632
118.466 445 21.095
118.584 446 21.1187
118.701 481 21.9317
118.819 509 22.561
118.936 472 21.7256
119.053 457 21.3776
119.171 404 20.0998
119.288 479 21.8861
119.405 445 21.095
119.523 501 22.383
119.64 460 21.4476
119.757 504 22.4499
119.875 476 21.8174
119.992 466 21.587
120.109 434 20.8327
120.226 443 21.0476
120.343 417 20.4206
120.46 481 21.9317
120.578 471 21.7025
120.695 475 21.7945
120.812 447 21.1424
120.929 425 20.6155
121.046 419 20.4695
121.163 462 21.4942
121.279 402 20.0499
121.396 396 19.8997
121.513 404 20.0998
121.63 440 20.9762
121.747 377 19.4165
121.863 365 19.105
121.98 377 19.4165
122.097 392 19.799
122.213 388 19.6977
122.33 358 18.9209
122.446 346 18.6011
122.563 361 19
122.679 318 17.8326
122.795 303 17.4069
122.912 243 15.5885
123.028 271 16.4621
123.144 257 16.0312
123.26 269 16.4012
123.377 0 1
123.493 0 1
123.609 0 1
123.725 0 1
123.84 0 1
123.956 0 1
124.072 0 1
124.188 0 1
124.303 0 1
124.419 0 1
126.852 0 1
126.968 0 1
127.083 0 1
127.199 0 1
127.315 0 1
127.431 0 1
127.547 0 1
127.663 0 1
127.779 0 1
127.895 0 1
128.011 0 1
128.127 0 1
128.243 0 1
128.359 493 22.2036
128.476 454 21.3073
128.592 491 22.1585
128.708 491 22.1585
128.825 510 22.5832
128.941 522 22.8473
129.058 511 22.6053
129.174 534 23.1084
129.291 541 23.2594
129.408 535 23.1301
129.524 482 21.9545
129.641 515 22.6936
129.758 536 23.1517
129.875 524 22.891
129.992 551 23.4734
130.108 508 22.5389
130.225 513 22.6495
130.342 510 22.5832
130.459 521 22.8254
130.576 476 21.8174
130.693 475 21.7945
130.81 525 22.9129
130.928 490 22.1359
131.045 542 23.2809
131.162 568 23.8328
131.279 600 24.4949
131.396 636 25.219
131.513 684 26.1534
131.631 656 25.6125
131.748 683 26.1343
131.865 687 26.2107
131.983 689 26.2488
132.1 699 26.4386
132.217 692 26.3059
132.335 761 27.5862
132.452 842 29.0172
132.57 817 28.5832
132.687 835 28.8964
132.804 914 30.2324
132.922 900 30
133.039 896 29.9333
133.157 941 30.6757
133.274 939 30.6431
133.392 894 29.8998
133.509 964 31.0483
133.627 954 30.8869
133.744 955 30.9031
133.862 900 30
133.979 938 30.6268
134.097 869 29.4788
134.214 837 28.931
134.332 822 28.6705
134.449 852 29.189
134.567 773 27.8029
134.684 925 30.4138
134.802 906 30.0998
134.919 939 30.6431
135.037 955 30.9031
135.154 873 29.5466
135.272 931 30.5123
135.389 916 30.2655
135.507 897 29.95
135.624 800 28.2843
135.742 856 29.2575
135.859 858 29.2916
135.977 930 30.4959
136.094 1000 31.6228
136.211 936 30.5941
136.329 956 30.9192
136.446 914 30.2324
136.564 1016 31.8748
136.681 923 30.3809
136.798 1019 31.9218
136.915 1009 31.7648
137.033 999 31.607
137.15 998 31.5911
137.267 965 31.0644
137.384 992 31.496
137.502 960 30.9839
137.619 971 31.1609
137.736 896 29.9333
137.853 863 29.3769
137.97 873 29.5466
138.087 947 30.7734
138.204 875 29.5804
138.321 892 29.8664
138.438 971 31.1609
138.555 1043 32.2955
138.672 1016 31.8748
138.788 1042 32.28
138.905 1038 32.218
139.022 919 30.315
139.139 843 29.0345
139.255 777 27.8747
139.372 786 28.0357
139.488 779 27.9106
139.605 732 27.0555
139.721 771 27.7669
139.838 738 27.1662
139.954 673 25.9422
140.071 637 25.2389
140.187 617 24.8395
140.303 632 25.1396
140.419 585 24.1868
140.535 553 23.516
140.652 514 22.6716
140.768 0 1
140.884 0 1
141 0 1
141.115 0 1
141.231 0 1
141.347 0 1
141.463 0 1
141.578 0 1
141.694 0 1
144.104 0 1
144.219 0 1
144.335 0 1
144.45 0 1
144.566 0 1
144.682 0 1
144.798 0 1
144.914 0 1
145.03 0 1
145.146 1162 34.0881
145.262 1218 34.8999
145.378 1278 35.7491
145.494 1288 35.8887
145.61 1367 36.973
145.726 1424 37.7359
145.842 1383 37.1887
145.959 1382 37.1753
146.075 1547 39.3319
146.192 1635 40.4351
146.308 1516 38.9358
146.425 1556 39.4462
146.541 1561 39.5095
146.658 1506 38.8072
146.774 1522 39.0128
146.891 1538 39.2173
147.008 1639 40.4846
147.125 1516 38.9358
147.241 1473 38.3797
147.358 1614 40.1746
147.475 1765 42.0119
147.592 1815 42.6028
147.709 1865 43.1856
147.826 1832 42.8019
147.943 1708 41.328
148.06 1608 40.0999
148.177 1657 40.7063
148.294 1651 40.6325
148.411 1777 42.1545
148.528 1750 41.833
148.645 1768 42.0476
148.762 1687 41.0731
148.88 1733 41.6293
148.997 1697 41.1947
149.114 1612 40.1497
149.231 1668 40.8412
149.349 1763 41.9881
149.466 1720 41.4729
149.583 1694 41.1582
149.701 1666 40.8167
149.818 1665 40.8044
149.935 1685 41.0488
150.053 1574 39.6737
150.17 1548 39.3446
150.287 1453 38.1182
150.405 1456 38.1576
150.522 1489 38.5876
150.64 1460 38.2099
150.757 1384 37.2022
150.875 1406 37.4967
150.992 1438 37.921
151.11 1512 38.8844
151.227 1474 38.3927
151.344 1497 38.6911
151.462 1525 39.0512
151.579 1531 39.128
151.697 1432 37.8418
151.814 1408 37.5233
151.932 1412 37.5766
152.049 1421 37.6962
152.167 1473 38.3797
152.284 1495 38.6652
152.402 1398 37.3898
152.519 1450 38.0789
152.636 1484 38.5227
152.754 1467 38.3014
152.871 1396 37.3631
152.989 1514 38.9102
153.106 1506 38.8072
153.223 1449 38.0657
153.341 1468 38.3145
153.458 1518 38.9615
153.575 1420 37.6829
153.693 1329 36.4555
153.81 1233 35.1141
153.927 1265 35.5668
154.044 1319 36.318
154.162 1364 36.9324
154.279 1392 37.3095
154.396 1241 35.2278
154.513 1305 36.1248
154.63 1381 37.1618
154.747 1432 37.8418
154.864 1492 38.6264
154.981 1409 37.5366
155.098 1438 37.921
155.215 1406 37.4967
155.332 1380 37.1484
155.449 1380 37.1484
155.566 1395 37.3497
155.683 1444 38
155.8 1405 37.4833
155.917 1425 37.7492
156.033 1442 37.9737
156.15 0 1
156.267 0 1
156.383 0 1
156.5 0 1
156.617 0 1
156.733 0 1
156.85 0 1
156.966 0 1
157.082 0 1
157.199 0 1
157.315 0 1
157.431 0 1
157.547 0 1
157.664 0 1
157.78 0 1
157.896 0 1
158.012 0 1
158.128 0 1
158.244 0 1
158.359 0 1
158.475 0 1
158.591 0 1
158.706 0 1
