
6.15755 0 1
6.2731 0 1
6.3887 0 1
6.50437 0 1
6.62009 0 1
6.73587 0 1
6.8517 0 1
6.96759 0 1
7.08353 0 1
7.19952 0 1
7.31557 0 1
7.43166 0 1
7.54781 0 1
7.664 0 1
7.78024 0 1
7.89653 0 1
8.01286 0 1
8.12924 0 1
8.24567 0 1
8.36213 0 1
8.47864 0 1
8.59519 0 1
8.71178 0 1
8.82841 0 1
8.94508 0 1
9.06179 0 1
9.17853 0 1
9.29531 0 1
9.41212 0 1
9.52897 0 1
9.64584 0 1
9.76276 0 1
9.8797 0 1
9.99667 0 1
10.1137 0 1
10.2307 0 1
10.3478 0 1
10.4648 0 1
10.5819 0 1
10.6991 0 1
10.8162 0 1
10.9334 0 1
11.0506 0 1
11.1678 0 1
11.285 0 1
11.4023 0 1
11.5196 0 1
11.6369 0 1
11.7542 0 1
11.8715 0 1
11.9888 0 1
12.1062 0 1
12.2235 0 1
12.3409 0 1
12.4582 0 1
12.5756 0 1
12.693 0 1
12.8104 0 1
12.9278 0 1
13.0452 0 1
13.1626 0 1
13.28 0 1
13.3974 0 1
13.5149 0 1
13.6323 0 1
13.7497 0 1
13.8671 0 1
13.9845 0 1
14.1019 0 1
14.2193 0 1
14.3367 0 1
14.4541 0 1
14.5714 0 1
14.6888 0 1
14.8062 0 1
14.9235 0 1
15.0408 3048 55.2087
15.1581 3082 55.5158
15.2755 3123 55.8838
15.3927 3206 56.6216
15.51 3104 55.7136
15.6273 2866 53.535
15.7445 2712 52.0769
15.8617 2822 53.1225
15.9789 2807 52.9811
16.0961 2892 53.7773
16.2132 2922 54.0555
16.3304 2973 54.5252
16.4475 3014 54.8999
16.5646 2855 53.4322
16.6816 2739 52.3355
16.7986 2758 52.5167
16.9156 2809 53
17.0326 2809 53
17.1496 2754 52.4786
17.2665 2783 52.7541
17.3833 2824 53.1413
17.5002 2641 51.3907
17.617 2746 52.4023
17.7338 2688 51.8459
17.8505 2848 53.3667
17.9672 2898 53.8331
18.0839 2912 53.963
18.2005 2877 53.6377
18.3171 3108 55.7494
18.4337 3239 56.9122
18.5502 3350 57.8792
18.6666 3558 59.649
18.7831 3553 59.607
18.8994 3580 59.8331
19.0158 3304 57.4804
19.1321 3391 58.2323
19.2483 4267 65.3223
19.3645 4952 70.3704
19.4806 5621 74.9733
19.5967 6228 78.9177
19.7128 6653 81.5659
19.8288 7104 84.2852
19.9447 6727 82.0183
20.0606 0 1
20.1764 0 1
20.2922 0 1
20.4079 0 1
20.5236 0 1
20.6392 0 1
20.7548 0 1
20.8702 0 1
23.3078 0 1
23.4233 0 1
23.539 0 1
23.6547 0 1
23.7704 0 1
23.8862 0 1
24.0021 0 1
24.118 0 1
24.234 0 1
24.35 0 1
24.4661 1867 43.2088
24.5822 2133 46.1844
24.6984 2331 48.2804
24.8146 2394 48.9285
24.9309 2569 50.6853
25.0472 2712 52.0769
25.1636 2973 54.5252
25.28 3040 55.1362
25.3965 3362 57.9828
25.513 3415 58.438
25.6296 3640 60.3324
25.7462 3571 59.7578
25.8628 3688 60.7289
25.9795 3813 61.7495
26.0962 3798 61.6279
26.213 3760 61.3188
26.3298 3507 59.2199
26.4466 3356 57.931
26.5635 2985 54.6352
26.6804 2673 51.7011
26.7973 2538 50.3786
26.9143 2426 49.2544
27.0313 2324 48.2079
27.1483 2387 48.8569
27.2653 2376 48.7442
27.3824 2457 49.5681
27.4996 2467 49.6689
27.6167 2361 48.5901
27.7339 2400 48.9898
27.8511 2361 48.5901
27.9683 2289 47.8435
28.0855 2114 45.9783
28.2028 2314 48.1041
28.3201 2452 49.5177
28.4374 2577 50.7642
28.5547 2562 50.6162
28.6721 2569 50.6853
28.7894 2502 50.02
28.9068 2594 50.9313
29.0242 2511 50.1099
29.1416 2442 49.4166
29.259 2440 49.3964
29.3764 2318 48.1456
29.4939 2313 48.0937
29.6113 2264 47.5815
29.7288 2381 48.7955
29.8463 2232 47.244
29.9638 2242 47.3498
30.0812 2238 47.3075
30.1987 2171 46.594
30.3162 2194 46.8402
30.4337 2132 46.1736
30.5512 2156 46.4327
30.6687 2268 47.6235
30.7862 2214 47.0532
30.9037 2307 48.0312
31.0212 2462 49.6185
31.1387 2485 49.8498
31.2562 2478 49.7795
31.3737 2402 49.0102
31.4912 2282 47.7703
31.6087 2307 48.0312
31.7262 2278 47.7284
31.8436 2412 49.1121
31.9611 2452 49.5177
32.0785 2364 48.621
32.1959 2498 49.98
32.3134 2378 48.7647
32.4308 2265 47.592
32.5482 2146 46.3249
32.6655 2113 45.9674
32.7829 2171 46.594
32.9002 2072 45.5192
33.0176 2026 45.0111
33.1349 2112 45.9565
33.2522 2041 45.1774
33.3694 2084 45.6508
33.4867 2085 45.6618
33.6039 2055 45.3321
33.7211 2063 45.4203
33.8383 2176 46.6476
33.9554 2061 45.3982
34.0725 2173 46.6154
34.1896 2075 45.5522
34.3067 2087 45.6837
34.4237 2138 46.2385
34.5407 2173 46.6154
34.6577 2284 47.7912
34.7746 2191 46.8081
34.8915 2198 46.8828
35.0084 2207 46.9787
35.1252 2139 46.2493
35.242 2021 44.9555
35.3587 2019 44.9333
35.4755 2021 44.9555
35.5921 2053 45.31
35.7088 2116 46
35.8254 2136 46.2169
35.9419 2076 45.5631
36.0584 2039 45.1553
36.1749 2118 46.0217
36.2913 1979 44.486
36.4077 1865 43.1856
36.524 1933 43.9659
36.6403 1771 42.0833
36.7565 1638 40.4722
36.8727 1583 39.7869
36.9889 1511 38.8716
37.1049 1402 37.4433
37.221 0 1
37.3369 0 1
37.4529 0 1
37.5687 0 1
37.6845 0 1
37.8003 0 1
37.916 0 1
38.0316 0 1
38.1472 0 1
40.5851 0 1
40.7008 0 1
40.8164 0 1
40.9322 0 1
41.048 0 1
41.1639 0 1
41.2798 0 1
41.3958 0 1
41.5118 0 1
41.6279 0 1
41.744 914 30.2324
41.8602 1056 32.4962
41.9765 1326 36.4143
42.0928 1348 36.7151
42.2091 1465 38.2753
42.3255 1424 37.7359
42.4419 1598 39.975
42.5584 1567 39.5854
42.675 1666 40.8167
42.7915 1576 39.6989
42.9081 1519 38.9744
43.0248 1486 38.5487
43.1415 1491 38.6135
43.2582 1551 39.3827
43.375 1542 39.2683
43.4918 1751 41.845
43.6087 1655 40.6817
43.7256 1611 40.1373
43.8425 1535 39.1791
43.9595 1565 39.5601
44.0765 1503 38.7685
44.1935 1504 38.7814
44.3106 1438 37.921
44.4277 1514 38.9102
44.5448 1625 40.3113
44.6619 1557 39.4588
44.7791 1694 41.1582
44.8963 1638 40.4722
45.0136 1685 41.0488
45.1308 1650 40.6202
45.2481 1680 40.9878
45.3654 1679 40.9756
45.4827 1733 41.6293
45.6001 1753 41.8688
45.7174 1765 42.0119
45.8348 1695 41.1704
45.9522 1704 41.2795
46.0697 1682 41.0122
46.1871 1597 39.9625
46.3046 1510 38.8587
46.422 1537 39.2046
46.5395 1449 38.0657
46.657 1432 37.8418
46.7745 1484 38.5227
46.892 1540 39.2428
47.0096 1643 40.5339
47.1271 1618 40.2244
47.2446 1665 40.8044
47.3622 1624 40.2989
47.4797 1618 40.2244
47.5973 1615 40.1871
47.7149 1508 38.833
47.8324 1436 37.8946
47.95 1529 39.1024
48.0675 1578 39.724
48.1851 1613 40.1622
48.3027 1580 39.7492
48.4202 1746 41.7852
48.5378 1651 40.6325
48.6554 1611 40.1373
48.7729 1591 39.8873
48.8904 1642 40.5216
49.008 1637 40.4599
49.1255 1727 41.5572
49.243 1694 41.1582
49.3605 1587 39.8372
49.478 1640 40.4969
49.5955 1580 39.7492
49.713 1501 38.7427
49.8304 1369 37
49.9479 1367 36.973
50.0653 1387 37.2424
50.1827 1360 36.8782
50.3001 1397 37.3765
50.4175 1475 38.4057
50.5348 1492 38.6264
50.6521 1637 40.4599
50.7694 1623 40.2865
50.8867 1527 39.0768
51.004 1534 39.1663
51.1212 1552 39.3954
51.2384 1589 39.8623
51.3556 1481 38.4838
51.4727 1615 40.1871
51.5899 1630 40.3733
51.707 1741 41.7253
51.824 1708 41.328
51.9411 1736 41.6653
52.0581 1676 40.939
52.175 1712 41.3763
52.2919 1728 41.5692
52.4088 1657 40.7063
52.5257 1656 40.694
52.6425 1663 40.7799
52.7593 1694 41.1582
52.876 1646 40.5709
52.9927 1704 41.2795
53.1094 1715 41.4126
53.226 1541 39.2556
53.3426 1536 39.1918
53.4591 1396 37.3631
53.5756 1284 35.8329
53.692 1221 34.9428
53.8084 1146 33.8526
53.9248 1120 33.4664
54.0411 1154 33.9706
54.1573 1086 32.9545
54.2735 0 1
54.3896 0 1
54.5057 0 1
54.6217 0 1
54.7377 0 1
54.8537 0 1
54.9695 0 1
55.0853 0 1
55.2011 0 1
55.3168 0 1
55.4324 0 1
57.824 0 1
57.9396 0 1
58.0553 0 1
58.1711 0 1
58.2869 0 1
58.4028 0 1
58.5187 0 1
58.6347 0 1
58.7508 0 1
58.8669 0 1
58.983 2055 45.3321
59.0992 2934 54.1664
59.2155 3861 62.1369
59.3318 4640 68.1175
59.4482 5324 72.9657
59.5646 5845 76.4526
59.681 6314 79.4607
59.7975 6466 80.4114
59.9141 6634 81.4494
60.0306 6650 81.5475
60.1473 7010 83.7257
60.2639 6688 81.7802
60.3807 7164 84.6404
60.4974 7323 85.5745
60.6142 7474 86.4523
60.731 7442 86.267
60.8479 7410 86.0814
60.9648 7412 86.093
61.0818 7198 84.841
61.1987 7441 86.2612
61.3158 7593 87.1378
61.4328 7485 86.5159
61.5499 8005 89.4707
61.667 8294 91.0714
61.7841 8535 92.3851
61.9013 9308 96.478
62.0185 9875 99.373
62.1357 10260 101.292
62.253 11049 105.114
62.3702 10526 102.596
62.4875 9727 98.6256
62.6049 9226 96.0521
62.7222 9644 98.2039
62.8396 9521 97.5756
62.9569 8598 92.7254
63.0743 7390 85.9651
63.1918 6056 77.8203
63.3092 4980 70.5691
63.4267 4206 64.8537
63.5441 3690 60.7454
63.6616 3412 58.4123
63.7791 3295 57.4021
63.8966 3000 54.7723
64.0142 2841 53.301
64.1317 2663 51.6043
64.2492 2480 49.7996
64.3668 2174 46.6262
64.4843 2196 46.8615
64.6019 2095 45.7712
64.7195 2087 45.6837
64.837 2036 45.1221
64.9546 2096 45.7821
65.0722 2141 46.2709
65.1898 2044 45.2106
65.3074 2077 45.5741
65.4249 2065 45.4423
65.5425 1991 44.6206
65.6601 1879 43.3474
65.7777 1819 42.6497
65.8952 1799 42.4146
66.0128 1851 43.0232
66.1304 1942 44.0681
66.2479 1942 44.0681
66.3655 2126 46.1086
66.483 2213 47.0425
66.6005 2235 47.2758
66.718 2320 48.1664
66.8355 2521 50.2096
66.953 2607 51.0588
67.0705 2800 52.915
67.1879 2940 54.2218
67.3054 2916 54
67.4228 2951 54.3231
67.5402 2785 52.7731
67.6576 2574 50.7346
67.7749 2401 49
67.8923 2372 48.7032
68.0096 2348 48.4562
68.1269 2175 46.6369
68.2442 2217 47.085
68.3614 2213 47.0425
68.4787 2112 45.9565
68.5958 2123 46.076
68.713 2130 46.1519
68.8302 2106 45.8912
68.9473 1998 44.699
69.0643 2019 44.9333
69.1814 1874 43.2897
69.2984 1858 43.1045
69.4154 1781 42.2019
69.5323 1846 42.9651
69.6492 1808 42.5206
69.7661 1919 43.8064
69.8829 1822 42.6849
69.9997 1801 42.4382
70.1165 1860 43.1277
70.2332 1850 43.0116
70.3499 1756 41.9047
70.4665 1733 41.6293
70.5831 1684 41.0366
70.6996 1427 37.7757
70.8161 1374 37.0675
70.9326 1268 35.609
71.049 1231 35.0856
71.1653 1137 33.7194
71.2817 1073 32.7567
71.3979 1095 33.0908
71.5141 911 30.1828
71.6303 869 29.4788
71.7464 737 27.1477
71.8624 0 1
71.9784 0 1
72.0944 0 1
72.2102 0 1
72.3261 0 1
72.4418 0 1
72.5575 0 1
72.6732 0 1
75.1054 0 1
75.2209 0 1
75.3365 0 1
75.4521 0 1
75.5678 0 1
75.6835 0 1
75.7993 0 1
75.9151 0 1
76.031 0 1
76.147 1216 34.8712
76.263 1396 37.3631
76.3791 1496 38.6782
76.4952 1549 39.3573
76.6113 1564 39.5474
76.7276 1704 41.2795
76.8438 1688 41.0853
76.9601 1639 40.4846
77.0765 1679 40.9756
77.1929 1657 40.7063
77.3093 1699 41.2189
77.4258 1690 41.1096
77.5423 1676 40.939
77.6589 1669 40.8534
77.7755 1622 40.2741
77.8921 1660 40.7431
78.0088 1566 39.5727
78.1256 1545 39.3065
78.2423 1532 39.1408
78.3591 1512 38.8844
78.4759 1518 38.9615
78.5928 1446 38.0263
78.7097 1480 38.4708
78.8266 1490 38.6005
78.9436 1621 40.2616
79.0606 1546 39.3192
79.1776 1611 40.1373
79.2946 1655 40.6817
79.4117 1748 41.8091
79.5288 1742 41.7373
79.6459 1702 41.2553
79.7631 1660 40.7431
79.8802 1610 40.1248
79.9974 1665 40.8044
80.1147 1610 40.1248
80.2319 1665 40.8044
80.3491 1750 41.833
80.4664 1761 41.9643
80.5837 1715 41.4126
80.701 1687 41.0731
80.8183 1675 40.9268
80.9357 1738 41.6893
81.053 1702 41.2553
81.1704 1727 41.5572
81.2877 1737 41.6773
81.4051 1614 40.1746
81.5225 1702 41.2553
81.6399 1656 40.694
81.7573 1543 39.281
81.8747 1565 39.5601
81.9922 1586 39.8246
82.1096 1551 39.3827
82.227 1582 39.7744
82.3444 1579 39.7366
82.4619 1611 40.1373
82.5793 1557 39.4588
82.6967 1642 40.5216
82.8142 1730 41.5933
82.9316 1759 41.9404
83.049 1764 42
83.1664 1728 41.5692
83.2838 1819 42.6497
83.4012 1735 41.6533
83.5186 1751 41.845
83.636 1594 39.9249
83.7534 1678 40.9634
83.8708 1721 41.4849
83.9881 1730 41.5933
84.1055 1736 41.6653
84.2228 1828 42.7551
84.3401 1745 41.7732
84.4575 1682 41.0122
84.5747 1713 41.3884
84.692 1745 41.7732
84.8093 1680 40.9878
84.9265 1679 40.9756
85.0437 1703 41.2674
85.1609 1610 40.1248
85.2781 1648 40.5956
85.3952 1609 40.1123
85.5123 1519 38.9744
85.6294 1558 39.4715
85.7465 1801 42.4382
85.8636 1688 41.0853
85.9806 1664 40.7922
86.0976 1654 40.6694
86.2145 1649 40.6079
86.3315 1743 41.7493
86.4484 1738 41.6893
86.5652 1811 42.5558
86.682 1745 41.7732
86.7988 1790 42.3084
86.9156 1807 42.5088
87.0323 1788 42.2847
87.149 1718 41.4488
87.2657 1699 41.2189
87.3823 1636 40.4475
87.4988 1730 41.5933
87.6154 1687 41.0731
87.7318 1628 40.3485
87.8483 1532 39.1408
87.9647 1422 37.7094
88.081 1330 36.4692
88.1973 1242 35.242
88.3136 1210 34.7851
88.4298 1130 33.6155
88.546 985 31.3847
88.6621 894 29.8998
88.7781 944 30.7246
88.8942 0 1
89.0101 0 1
89.126 0 1
89.2419 0 1
89.3577 0 1
89.4734 0 1
89.5891 0 1
89.7047 0 1
89.8203 0 1
89.9358 0 1
92.3269 0 1
92.4424 0 1
92.558 0 1
92.6736 0 1
92.7893 0 1
92.905 0 1
93.0208 0 1
93.1366 0 1
93.2525 0 1
93.3685 0 1
93.4845 0 1
93.6005 1384 37.2022
93.7167 1474 38.3927
93.8328 1587 39.8372
93.949 1635 40.4351
94.0653 1691 41.1218
94.1816 1648 40.5956
94.2979 1627 40.3361
94.4143 1601 40.0125
94.5307 1651 40.6325
94.6472 1668 40.8412
94.7637 1692 41.1339
94.8803 1726 41.5452
94.9969 1710 41.3521
95.1135 1738 41.6893
95.2302 1685 41.0488
95.3469 1647 40.5832
95.4637 1694 41.1582
95.5805 1793 42.3438
95.6973 1790 42.3084
95.8142 1848 42.9884
95.9311 1832 42.8019
96.048 1802 42.45
96.1649 1713 41.3884
96.2819 1842 42.9185
96.3989 1777 42.1545
96.516 1806 42.4971
96.633 1721 41.4849
96.7501 1820 42.6615
96.8673 1834 42.8252
96.9844 1834 42.8252
97.1016 1784 42.2374
97.2188 1826 42.7317
97.336 1738 41.6893
97.4532 1772 42.0951
97.5704 1725 41.5331
97.6877 1792 42.332
97.805 1633 40.4104
97.9223 1614 40.1746
98.0396 1621 40.2616
98.1569 1772 42.0951
98.2743 1721 41.4849
98.3916 1754 41.8808
98.509 1939 44.0341
98.6264 1908 43.6807
98.7438 1820 42.6615
98.8612 1865 43.1856
98.9786 1789 42.2966
99.096 1886 43.4281
99.2134 1915 43.7607
99.3308 2021 44.9555
99.4482 1887 43.4396
99.5656 1971 44.3959
99.6831 1937 44.0114
99.8005 1910 43.7035
99.9179 1828 42.7551
100.035 1941 44.0568
100.153 1876 43.3128
100.27 2010 44.833
100.388 1934 43.9773
100.505 1874 43.2897
100.622 1878 43.3359
100.74 1922 43.8406
100.857 1792 42.332
100.975 1924 43.8634
101.092 1816 42.6146
101.209 1834 42.8252
101.327 1765 42.0119
101.444 1751 41.845
101.561 1782 42.2137
101.679 1756 41.9047
101.796 1819 42.6497
101.913 1916 43.7721
102.03 1958 44.2493
102.148 2044 45.2106
102.265 1972 44.4072
102.382 1913 43.7379
102.499 1829 42.7668
102.616 1938 44.0227
102.733 2019 44.9333
102.851 2074 45.5412
102.968 2053 45.31
103.085 2106 45.8912
103.202 2056 45.3431
103.319 1979 44.486
103.436 2085 45.6618
103.552 2015 44.8888
103.669 1975 44.441
103.786 2082 45.6289
103.903 2022 44.9667
104.02 2043 45.1996
104.137 2128 46.1303
104.253 2112 45.9565
104.37 2041 45.1774
104.487 2109 45.9239
104.603 1943 44.0795
104.72 1894 43.5201
104.836 1855 43.0697
104.953 1817 42.6263
105.069 1704 41.2795
105.186 1670 40.8656
105.302 1638 40.4722
105.418 1570 39.6232
105.535 1540 39.2428
105.651 1403 37.4566
105.767 1254 35.4119
105.883 1143 33.8083
105.999 1084 32.9242
106.115 0 1
106.231 0 1
106.347 0 1
106.463 0 1
106.579 0 1
106.694 0 1
106.81 0 1
106.926 0 1
107.041 0 1
107.157 0 1
109.576 0 1
109.692 0 1
109.807 0 1
109.923 0 1
110.039 0 1
110.155 0 1
110.27 0 1
110.386 0 1
110.502 0 1
110.618 1095 33.0908
110.735 1353 36.7831
110.851 1428 37.7889
110.967 1558 39.4715
111.083 1602 40.025
111.199 1706 41.3038
111.316 1723 41.509
111.432 1863 43.1625
111.549 2021 44.9555
111.665 1862 43.1509
111.782 1813 42.5793
111.898 1788 42.2847
112.015 1852 43.0349
112.132 1915 43.7607
112.248 1795 42.3674
112.365 1897 43.5546
112.482 1880 43.359
112.599 1918 43.795
112.716 1860 43.1277
112.832 1910 43.7035
112.949 1803 42.4617
113.066 1711 41.3642
113.183 1752 41.8569
113.3 1794 42.3556
113.417 1633 40.4104
113.534 1592 39.8999
113.652 1644 40.5463
113.769 1595 39.9375
113.886 1557 39.4588
114.003 1636 40.4475
114.12 1708 41.328
114.238 1768 42.0476
114.355 1859 43.1161
114.472 1838 42.8719
114.589 1753 41.8688
114.707 1777 42.1545
114.824 1691 41.1218
114.942 1810 42.5441
115.059 1804 42.4735
115.176 1810 42.5441
115.294 1603 40.0375
115.411 1729 41.5812
115.529 1662 40.7676
115.646 1759 41.9404
115.764 1625 40.3113
115.881 1707 41.3159
115.999 1818 42.638
116.116 1698 41.2068
116.234 1715 41.4126
116.351 1669 40.8534
116.469 1676 40.939
116.586 1556 39.4462
116.704 1636 40.4475
116.821 1624 40.2989
116.939 1536 39.1918
117.056 1525 39.0512
117.174 1469 38.3275
117.291 1397 37.3765
117.409 1442 37.9737
117.526 1417 37.6431
117.644 1525 39.0512
117.761 1616 40.1995
117.879 1670 40.8656
117.996 1610 40.1248
118.114 1699 41.2189
118.231 1686 41.0609
118.349 1701 41.2432
118.466 1630 40.3733
118.584 1718 41.4488
118.701 1654 40.6694
118.819 1584 39.7995
118.936 1517 38.9487
119.053 1506 38.8072
119.171 1528 39.0896
119.288 1565 39.5601
119.405 1581 39.7618
119.523 1612 40.1497
119.64 1655 40.6817
119.757 1614 40.1746
119.875 1623 40.2865
119.992 1535 39.1791
120.109 1523 39.0256
120.226 1536 39.1918
120.343 1432 37.8418
120.46 1551 39.3827
120.578 1427 37.7757
120.695 1469 38.3275
120.812 1331 36.4829
120.929 1370 37.0135
121.046 1284 35.8329
121.163 1299 36.0416
121.279 1308 36.1663
121.396 1443 37.9868
121.513 1431 37.8286
121.63 1442 37.9737
121.747 1445 38.0132
121.863 1345 36.6742
121.98 1450 38.0789
122.097 1350 36.7423
122.213 1262 35.5246
122.33 1253 35.3977
122.446 1195 34.5688
122.563 1117 33.4215
122.679 983 31.3528
122.795 974 31.209
122.912 943 30.7083
123.028 908 30.133
123.144 919 30.315
123.26 824 28.7054
123.377 0 1
123.493 0 1
123.609 0 1
123.725 0 1
123.84 0 1
123.956 0 1
124.072 0 1
124.188 0 1
124.303 0 1
124.419 0 1
126.852 0 1
126.968 0 1
127.083 0 1
127.199 0 1
127.315 0 1
127.431 0 1
127.547 0 1
127.663 0 1
127.779 0 1
127.895 0 1
128.011 0 1
128.127 0 1
128.243 0 1
128.359 1668 40.8412
128.476 1685 41.0488
128.592 1780 42.19
128.708 1815 42.6028
128.825 1828 42.7551
128.941 1871 43.2551
129.058 1801 42.4382
129.174 1711 41.3642
129.291 1847 42.9767
129.408 1808 42.5206
129.524 1747 41.7971
129.641 1752 41.8569
129.758 1618 40.2244
129.875 1634 40.4228
129.992 1615 40.1871
130.108 1593 39.9124
130.225 1569 39.6106
130.342 1665 40.8044
130.459 1672 40.8901
130.576 1799 42.4146
130.693 1905 43.6463
130.81 1878 43.3359
130.928 1954 44.2041
131.045 2018 44.9222
131.162 2130 46.1519
131.279 2142 46.2817
131.396 2228 47.2017
131.513 2301 47.9687
131.631 2316 48.1248
131.748 2396 48.949
131.865 2558 50.5767
131.983 2848 53.3667
132.1 2914 53.9815
132.217 3016 54.9181
132.335 3267 57.1577
132.452 3345 57.836
132.57 3442 58.6686
132.687 3500 59.1608
132.804 3799 61.636
132.922 3885 62.3298
133.039 3926 62.6578
133.157 3908 62.514
133.274 4046 63.6082
133.392 4087 63.9296
133.509 3886 62.3378
133.627 3980 63.0872
133.744 4003 63.2693
133.862 4061 63.726
133.979 4200 64.8074
134.097 4312 65.6658
134.214 4533 67.3276
134.332 4488 66.9925
134.449 4632 68.0588
134.567 4411 66.4154
134.684 4388 66.242
134.802 4423 66.5056
134.919 4443 66.6558
135.037 4216 64.9307
135.154 4350 65.9545
135.272 4438 66.6183
135.389 4477 66.9104
135.507 4584 67.7052
135.624 4698 68.542
135.742 4845 69.606
135.859 4876 69.8284
135.977 4986 70.6116
136.094 5035 70.9577
136.211 4930 70.214
136.329 4936 70.2567
136.446 4951 70.3633
136.564 5071 71.211
136.681 4939 70.278
136.798 4928 70.1997
136.915 4926 70.1855
137.033 4849 69.6348
137.15 4815 69.3902
137.267 4620 67.9706
137.384 4520 67.2309
137.502 4473 66.8805
137.619 4600 67.8233
137.736 4738 68.8331
137.853 4607 67.8749
137.97 4987 70.6187
138.087 4893 69.95
138.204 4759 68.9855
138.321 4612 67.9117
138.438 4563 67.55
138.555 4570 67.6018
138.672 4615 67.9338
138.788 4508 67.1416
138.905 4361 66.0379
139.022 4258 65.2534
139.139 4363 66.053
139.255 4297 65.5515
139.372 4316 65.6963
139.488 4207 64.8614
139.605 3861 62.1369
139.721 3557 59.6406
139.838 3469 58.8982
139.954 3023 54.9818
140.071 2932 54.1479
140.187 2798 52.8961
140.303 2570 50.6952
140.419 2474 49.7393
140.535 2518 50.1797
140.652 2206 46.9681
140.768 0 1
140.884 0 1
141 0 1
141.115 0 1
141.231 0 1
141.347 0 1
141.463 0 1
141.578 0 1
141.694 0 1
144.104 0 1
144.219 0 1
144.335 0 1
144.45 0 1
144.566 0 1
144.682 0 1
144.798 0 1
144.914 0 1
145.03 0 1
145.146 3332 57.7235
145.262 3315 57.576
145.378 3397 58.2838
145.494 3522 59.3464
145.61 3530 59.4138
145.726 3444 58.6856
145.842 3473 58.9322
145.959 3382 58.155
146.075 3336 57.7581
146.192 3415 58.438
146.308 3464 58.8558
146.425 3444 58.6856
146.541 3479 58.983
146.658 3680 60.663
146.774 3757 61.2944
146.891 3689 60.7371
147.008 3607 60.0583
147.125 3612 60.0999
147.241 3590 59.9166
147.358 3676 60.63
147.475 3573 59.7746
147.592 3520 59.3296
147.709 3520 59.3296
147.826 3551 59.5903
147.943 3652 60.4318
148.06 3681 60.6712
148.177 3776 61.4492
148.294 3699 60.8194
148.411 3761 61.327
148.528 3801 61.6523
148.645 3680 60.663
148.762 3727 61.0492
148.88 3686 60.7124
148.997 3757 61.2944
149.114 3640 60.3324
149.231 3812 61.7414
149.349 3844 62
149.466 3708 60.8933
149.583 3639 60.3241
149.701 3640 60.3324
149.818 3519 59.3212
149.935 3587 59.8916
150.053 3515 59.2874
150.17 3592 59.9333
150.287 3687 60.7207
150.405 3706 60.8769
150.522 3575 59.7913
150.64 3529 59.4054
150.757 3403 58.3352
150.875 3516 59.2959
150.992 3491 59.0847
151.11 3459 58.8133
151.227 3407 58.3695
151.344 3251 57.0175
151.462 3151 56.1338
151.579 3216 56.7098
151.697 3473 58.9322
151.814 3529 59.4054
151.932 3509 59.2368
152.049 3705 60.8687
152.167 3545 59.5399
152.284 3574 59.7829
152.402 3618 60.1498
152.519 3795 61.6036
152.636 3638 60.3158
152.754 3684 60.696
152.871 3616 60.1332
152.989 3450 58.7367
153.106 3604 60.0333
153.223 3497 59.1354
153.341 3452 58.7537
153.458 3285 57.3149
153.575 3222 56.7627
153.693 3346 57.8446
153.81 3243 56.9473
153.927 3445 58.6941
154.044 3422 58.4979
154.162 3345 57.836
154.279 3291 57.3672
154.396 3388 58.2065
154.513 3368 58.0345
154.63 3422 58.4979
154.747 3266 57.1489
154.864 3303 57.4717
154.981 3066 55.3715
155.098 2973 54.5252
155.215 3132 55.9643
155.332 3286 57.3236
155.449 3436 58.6174
155.566 3391 58.2323
155.683 3428 58.5491
155.8 3404 58.3438
155.917 3409 58.3866
156.033 3384 58.1722
156.15 0 1
156.267 0 1
156.383 0 1
156.5 0 1
156.617 0 1
156.733 0 1
156.85 0 1
156.966 0 1
157.082 0 1
157.199 0 1
157.315 0 1
157.431 0 1
157.547 0 1
157.664 0 1
157.78 0 1
157.896 0 1
158.012 0 1
158.128 0 1
158.244 0 1
158.359 0 1
158.475 0 1
158.591 0 1
158.706 0 1
