
6.15755 0 1
6.2731 0 1
6.3887 0 1
6.50437 0 1
6.62009 0 1
6.73587 0 1
6.8517 0 1
6.96759 0 1
7.08353 0 1
7.19952 0 1
7.31557 0 1
7.43166 0 1
7.54781 0 1
7.664 0 1
7.78024 0 1
7.89653 0 1
8.01286 0 1
8.12924 0 1
8.24567 0 1
8.36213 0 1
8.47864 0 1
8.59519 0 1
8.71178 0 1
8.82841 0 1
8.94508 0 1
9.06179 0 1
9.17853 0 1
9.29531 0 1
9.41212 0 1
9.52897 0 1
9.64584 0 1
9.76276 0 1
9.8797 0 1
9.99667 0 1
10.1137 0 1
10.2307 0 1
10.3478 0 1
10.4648 0 1
10.5819 0 1
10.6991 0 1
10.8162 0 1
10.9334 0 1
11.0506 0 1
11.1678 0 1
11.285 0 1
11.4023 0 1
11.5196 0 1
11.6369 0 1
11.7542 0 1
11.8715 0 1
11.9888 0 1
12.1062 0 1
12.2235 0 1
12.3409 0 1
12.4582 0 1
12.5756 0 1
12.693 0 1
12.8104 0 1
12.9278 0 1
13.0452 0 1
13.1626 0 1
13.28 0 1
13.3974 0 1
13.5149 0 1
13.6323 0 1
13.7497 0 1
13.8671 0 1
13.9845 0 1
14.1019 0 1
14.2193 0 1
14.3367 0 1
14.4541 0 1
14.5714 0 1
14.6888 0 1
14.8062 0 1
14.9235 0 1
15.0408 30711 175.246
15.1581 31790 178.298
15.2755 32726 180.903
15.3927 32786 181.069
15.51 32637 180.657
15.6273 31875 178.536
15.7445 31418 177.251
15.8617 30627 175.006
15.9789 30125 173.566
16.0961 30190 173.753
16.2132 31111 176.383
16.3304 31967 178.793
16.4475 33146 182.06
16.5646 33842 183.962
16.6816 35068 187.265
16.7986 37755 194.306
16.9156 40783 201.948
17.0326 42677 206.584
17.1496 43668 208.969
17.2665 43444 208.432
17.3833 43418 208.37
17.5002 43829 209.354
17.617 44766 211.58
17.7338 44653 211.313
17.8505 45079 212.318
17.9672 45758 213.911
18.0839 46168 214.867
18.2005 46992 216.776
18.3171 47256 217.384
18.4337 47043 216.894
18.5502 47559 218.08
18.6666 47436 217.798
18.7831 47746 218.509
18.8994 46922 216.615
19.0158 45589 213.516
19.1321 44261 210.383
19.2483 42792 206.862
19.3645 42499 206.153
19.4806 41701 204.208
19.5967 39497 198.739
19.7128 36855 191.977
19.8288 33280 182.428
19.9447 27541 165.955
20.0606 0 1
20.1764 0 1
20.2922 0 1
20.4079 0 1
20.5236 0 1
20.6392 0 1
20.7548 0 1
20.8702 0 1
23.3078 0 1
23.4233 0 1
23.539 0 1
23.6547 0 1
23.7704 0 1
23.8862 0 1
24.0021 0 1
24.118 0 1
24.234 0 1
24.35 0 1
24.4661 41382 203.426
24.5822 41351 203.349
24.6984 41414 203.504
24.8146 41401 203.472
24.9309 40011 200.027
25.0472 36514 191.086
25.1636 33448 182.888
25.28 32809 181.133
25.3965 34539 185.847
25.513 37084 192.572
25.6296 40415 201.035
25.7462 44975 212.073
25.8628 47877 218.808
25.9795 49246 221.914
26.0962 49377 222.209
26.213 49138 221.671
26.3298 49130 221.653
26.4466 48724 220.735
26.5635 49227 221.872
26.6804 49161 221.723
26.7973 49072 221.522
26.9143 48885 221.1
27.0313 49065 221.506
27.1483 48438 220.086
27.2653 48106 219.331
27.3824 48328 219.836
27.4996 48159 219.452
27.6167 47988 219.062
27.7339 46366 215.328
27.8511 45123 212.422
27.9683 44608 211.206
28.0855 43984 209.724
28.2028 44459 210.853
28.3201 43110 207.629
28.4374 41521 203.767
28.5547 38167 195.364
28.6721 33760 183.739
28.7894 31713 178.081
28.9068 31728 178.124
29.0242 33600 183.303
29.1416 35639 188.783
29.259 38743 196.832
29.3764 43338 208.178
29.4939 45726 213.836
29.6113 45650 213.659
29.7288 46473 215.576
29.8463 46573 215.808
29.9638 46312 215.202
30.0812 46502 215.643
30.1987 46932 216.638
30.3162 47169 217.184
30.4337 47403 217.722
30.5512 45880 214.196
30.6687 44995 212.12
30.7862 45744 213.878
30.9037 45570 213.471
31.0212 45857 214.142
31.1387 45641 213.638
31.2562 45053 212.257
31.3737 44146 210.109
31.4912 43912 209.552
31.6087 43692 209.026
31.7262 43971 209.693
31.8436 43422 208.379
31.9611 41307 203.241
32.0785 37736 194.258
32.1959 33183 182.162
32.3134 30982 176.017
32.4308 31371 177.119
32.5482 32455 180.153
32.6655 34763 186.448
32.7829 38199 195.446
32.9002 41935 204.78
33.0176 44065 209.917
33.1349 44388 210.685
33.2522 45795 213.998
33.3694 44637 211.275
33.4867 45179 212.554
33.6039 45484 213.27
33.7211 45516 213.345
33.8383 45767 213.932
33.9554 45702 213.78
34.0725 45051 212.252
34.1896 44456 210.846
34.3067 43535 208.65
34.4237 43362 208.235
34.5407 43650 208.926
34.6577 43959 209.664
34.7746 44664 211.339
34.8915 43720 209.093
35.0084 43075 207.545
35.1252 42379 205.862
35.242 42312 205.699
35.3587 43259 207.988
35.4755 42725 206.7
35.5921 41890 204.67
35.7088 39698 199.244
35.8254 35854 189.352
35.9419 31541 177.598
36.0584 30025 173.277
36.1749 30426 174.431
36.2913 31193 176.615
36.4077 32971 181.579
36.524 35490 188.388
36.6403 39443 198.603
36.7565 42255 205.56
36.8727 42904 207.133
36.9889 43287 208.055
37.1049 42541 206.255
37.221 0 1
37.3369 0 1
37.4529 0 1
37.5687 0 1
37.6845 0 1
37.8003 0 1
37.916 0 1
38.0316 0 1
38.1472 0 1
40.5851 0 1
40.7008 0 1
40.8164 0 1
40.9322 0 1
41.048 0 1
41.1639 0 1
41.2798 0 1
41.3958 0 1
41.5118 0 1
41.6279 0 1
41.744 27471 165.744
41.8602 31806 178.342
41.9765 33487 182.995
42.0928 34050 184.526
42.2091 35485 188.375
42.3255 35917 189.518
42.4419 35521 188.47
42.5584 36058 189.889
42.675 35510 188.441
42.7915 34955 186.963
42.9081 34092 184.64
43.0248 32751 180.972
43.1415 31978 178.824
43.2582 32211 179.474
43.375 32604 180.566
43.4918 32697 180.823
43.6087 33118 181.984
43.7256 32362 179.894
43.8425 32050 179.025
43.9595 31486 177.443
44.0765 31204 176.647
44.1935 30906 175.801
44.3106 29727 172.415
44.4277 28861 169.885
44.5448 27208 164.948
44.6619 23780 154.208
44.7791 20763 144.094
44.8963 19609 140.032
45.0136 19555 139.839
45.1308 20144 141.93
45.2481 21029 145.014
45.3654 23132 152.092
45.4827 25056 158.291
45.6001 26011 161.279
45.7174 25673 160.228
45.8348 25841 160.751
45.9522 25402 159.38
46.0697 25211 158.78
46.1871 25275 158.981
46.3046 24692 157.137
46.422 24355 156.061
46.5395 23206 152.335
46.657 22711 150.702
46.7745 22754 150.844
46.892 22929 151.423
47.0096 23114 152.033
47.1271 23586 153.577
47.2446 22860 151.195
47.3622 22715 150.715
47.4797 22172 148.903
47.5973 22358 149.526
47.7149 21805 147.665
47.8324 21140 145.396
47.95 20869 144.461
48.0675 19091 138.17
48.1851 18408 135.676
48.3027 15933 126.226
48.4202 14383 119.929
48.5378 14290 119.541
48.6554 14114 118.802
48.7729 15083 122.813
48.8904 16639 128.992
49.008 18915 137.532
49.1255 19467 139.524
49.243 19780 140.641
49.3605 19585 139.946
49.478 19859 140.922
49.5955 20139 141.912
49.713 19779 140.638
49.8304 19922 141.145
49.9479 19401 139.287
50.0653 19053 138.033
50.1827 19456 139.485
50.3001 19633 140.118
50.4175 20410 142.864
50.5348 21347 146.106
50.6521 21816 147.702
50.7694 22916 151.38
50.8867 23227 152.404
51.004 23813 154.315
51.1212 24001 154.923
51.2384 24609 156.873
51.3556 24619 156.904
51.4727 24570 156.748
51.5899 24115 155.29
51.707 22812 151.036
51.824 20569 143.419
51.9411 19646 140.164
52.0581 20277 142.397
52.175 21040 145.052
52.2919 23022 151.73
52.4088 26307 162.194
52.5257 29185 170.836
52.6425 30238 173.891
52.7593 30694 175.197
52.876 31427 177.277
52.9927 31920 178.662
53.1094 32247 179.574
53.226 32904 181.395
53.3426 33139 182.041
53.4591 32207 179.463
53.5756 31801 178.328
53.692 30963 175.963
53.8084 31704 178.056
53.9248 32849 181.243
54.0411 33688 183.543
54.1573 34987 187.048
54.2735 0 1
54.3896 0 1
54.5057 0 1
54.6217 0 1
54.7377 0 1
54.8537 0 1
54.9695 0 1
55.0853 0 1
55.2011 0 1
55.3168 0 1
55.4324 0 1
57.824 0 1
57.9396 0 1
58.0553 0 1
58.1711 0 1
58.2869 0 1
58.4028 0 1
58.5187 0 1
58.6347 0 1
58.7508 0 1
58.8669 0 1
58.983 34217 184.978
59.0992 36944 192.208
59.2155 38705 196.736
59.3318 41074 202.667
59.4482 41528 203.784
59.5646 42353 205.798
59.681 42371 205.842
59.7975 42114 205.217
59.9141 41093 202.714
60.0306 40182 200.454
60.1473 38544 196.326
60.2639 37511 193.678
60.3807 35013 187.118
60.4974 33260 182.373
60.6142 31865 178.508
60.731 31209 176.661
60.8479 30882 175.733
60.9648 32477 180.214
61.0818 33582 183.254
61.1987 35449 188.279
61.3158 36922 192.151
61.4328 36963 192.258
61.5499 37346 193.251
61.667 36758 191.724
61.7841 37066 192.525
61.9013 36126 190.068
62.0185 35317 187.928
62.1357 34445 185.594
62.253 34082 184.613
62.3702 34061 184.556
62.4875 34966 186.992
62.6049 35541 188.523
62.7222 36616 191.353
62.8396 37077 192.554
62.9569 37904 194.689
63.0743 37680 194.113
63.1918 37825 194.487
63.3092 37291 193.109
63.4267 36842 191.943
63.5441 35513 188.449
63.6616 34506 185.758
63.7791 33215 182.25
63.8966 31493 177.463
64.0142 29458 171.633
64.1317 28426 168.6
64.2492 27951 167.186
64.3668 28546 168.956
64.4843 29107 170.608
64.6019 30486 174.602
64.7195 32234 179.538
64.837 32654 180.704
64.9546 33732 183.663
65.0722 33744 183.695
65.1898 33565 183.208
65.3074 33725 183.644
65.4249 32610 180.582
65.5425 31936 178.706
65.6601 31032 176.159
65.7777 30540 174.757
65.8952 30845 175.627
66.0128 31312 176.952
66.1304 32267 179.63
66.2479 33483 182.984
66.3655 34339 185.308
66.483 35263 187.784
66.6005 35755 189.09
66.718 35717 188.989
66.8355 35747 189.069
66.953 35296 187.872
67.0705 34717 186.325
67.1879 33821 183.905
67.3054 32675 180.762
67.4228 31143 176.474
67.5402 29995 173.191
67.6576 28371 168.437
67.7749 27230 165.015
67.8923 27847 166.874
68.0096 28070 167.541
68.1269 29337 171.28
68.2442 30802 175.505
68.3614 32619 180.607
68.4787 33910 184.147
68.5958 34465 185.648
68.713 34881 186.765
68.8302 34988 187.051
68.9473 34799 186.545
69.0643 34237 185.032
69.1814 33112 181.967
69.2984 32215 179.485
69.4154 32037 178.989
69.5323 32066 179.07
69.6492 33684 183.532
69.7661 35430 188.229
69.8829 36715 191.612
69.9997 38294 195.689
70.1165 39277 198.184
70.2332 40162 200.405
70.3499 40009 200.022
70.4665 39538 198.842
70.5831 39696 199.239
70.6996 38656 196.611
70.8161 37584 193.866
70.9326 36579 191.256
71.049 35232 187.702
71.1653 33835 183.943
71.2817 31688 178.011
71.3979 30043 173.329
71.5141 28559 168.994
71.6303 26547 162.933
71.7464 23310 152.676
71.8624 0 1
71.9784 0 1
72.0944 0 1
72.2102 0 1
72.3261 0 1
72.4418 0 1
72.5575 0 1
72.6732 0 1
75.1054 0 1
75.2209 0 1
75.3365 0 1
75.4521 0 1
75.5678 0 1
75.6835 0 1
75.7993 0 1
75.9151 0 1
76.031 0 1
76.147 32490 180.25
76.263 36059 189.892
76.3791 36486 191.013
76.4952 35497 188.406
76.6113 32802 181.113
76.7276 31286 176.878
76.8438 29923 172.983
76.9601 30991 176.043
77.0765 32015 178.927
77.1929 34036 184.488
77.3093 36149 190.129
77.4258 37815 194.461
77.5423 38078 195.136
77.6589 38244 195.561
77.7755 38094 195.177
77.8921 37456 193.536
78.0088 35936 189.568
78.1256 33783 183.802
78.2423 31232 176.726
78.3591 29209 170.906
78.4759 28738 169.523
78.5928 30330 174.155
78.7097 32708 180.854
78.8266 34346 185.327
78.9436 38620 196.52
79.0606 38657 196.614
79.1776 38956 197.373
79.2946 39147 197.856
79.4117 38923 197.289
79.5288 38597 196.461
79.6459 37929 194.754
79.7631 36581 191.262
79.8802 35194 187.601
79.9974 33709 183.6
80.1147 32259 179.608
80.2319 30340 174.184
80.3491 28145 167.765
80.4664 28043 167.46
80.5837 28253 168.086
80.701 29295 171.158
80.8183 30289 174.037
80.9357 32112 179.198
81.053 33581 183.251
81.1704 34025 184.459
81.2877 33508 183.052
81.4051 33543 183.147
81.5225 32748 180.964
81.6399 32728 180.909
81.7573 30922 175.847
81.8747 27394 165.511
81.9922 25602 160.006
82.1096 25150 158.588
82.227 25913 160.975
82.3444 28635 169.219
82.4619 31100 176.352
82.5793 33146 182.06
82.6967 33343 182.601
82.8142 33994 184.375
82.9316 33347 182.612
83.049 33497 183.022
83.1664 33012 181.692
83.2838 32470 180.194
83.4012 31185 176.593
83.5186 30122 173.557
83.636 29199 170.877
83.7534 27276 165.154
83.8708 26115 161.601
83.9881 24588 156.806
84.1055 24391 156.176
84.2228 25016 158.164
84.3401 26155 161.725
84.4575 27653 166.292
84.5747 28959 170.173
84.692 30320 174.126
84.8093 30581 174.874
84.9265 30625 175
85.0437 30742 175.334
85.1609 30469 174.554
85.2781 28593 169.095
85.3952 26236 161.975
85.5123 24370 156.109
85.6294 23476 153.219
85.7465 24342 156.019
85.8636 27190 164.894
85.9806 30909 175.81
86.0976 33306 182.499
86.2145 34927 186.888
86.3315 37069 192.533
86.4484 35065 187.257
86.5652 36583 191.267
86.682 37346 193.251
86.7988 36739 191.674
86.9156 36107 190.018
87.0323 35319 187.933
87.149 33975 184.323
87.2657 33181 182.157
87.3823 31694 178.028
87.4988 30427 174.433
87.6154 30143 173.617
87.7318 30788 175.465
87.8483 32045 179.011
87.9647 33832 183.935
88.081 35637 188.778
88.1973 37182 192.826
88.3136 37519 193.698
88.4298 37854 194.561
88.546 37345 193.249
88.6621 37295 193.119
88.7781 35219 187.667
88.8942 0 1
89.0101 0 1
89.126 0 1
89.2419 0 1
89.3577 0 1
89.4734 0 1
89.5891 0 1
89.7047 0 1
89.8203 0 1
89.9358 0 1
92.3269 0 1
92.4424 0 1
92.558 0 1
92.6736 0 1
92.7893 0 1
92.905 0 1
93.0208 0 1
93.1366 0 1
93.2525 0 1
93.3685 0 1
93.4845 0 1
93.6005 36138 190.1
93.7167 37352 193.267
93.8328 37847 194.543
93.949 37515 193.688
94.0653 36586 191.275
94.1816 36166 190.174
94.2979 34468 185.656
94.4143 31587 177.727
94.5307 28685 169.366
94.6472 27045 164.454
94.7637 26837 163.82
94.8803 29432 171.558
94.9969 33086 181.896
95.1135 36322 190.583
95.2302 38530 196.291
95.3469 39143 197.846
95.4637 39952 199.88
95.5805 40448 201.117
95.6973 40641 201.596
95.8142 41470 203.642
95.9311 40261 200.651
96.048 39738 199.344
96.1649 38098 195.187
96.2819 36913 192.128
96.3989 35409 188.173
96.516 34052 184.532
96.633 33044 181.78
96.7501 32115 179.207
96.8673 32545 180.402
96.9844 33288 182.45
97.1016 34297 185.194
97.2188 35773 189.138
97.336 37041 192.46
97.4532 37610 193.933
97.5704 37760 194.319
97.6877 36972 192.281
97.805 35947 189.597
97.9223 34712 186.312
98.0396 31384 177.155
98.1569 27403 165.539
98.2743 25486 159.643
98.3916 25237 158.862
98.509 27456 165.699
98.6264 32260 179.611
98.7438 35659 188.836
98.8612 37725 194.229
98.9786 38683 196.68
99.096 39122 197.793
99.2134 39266 198.157
99.3308 40130 200.325
99.4482 39996 199.99
99.5656 39692 199.229
99.6831 38605 196.482
99.8005 36785 191.794
99.9179 35628 188.754
100.035 34679 186.223
100.153 33776 183.782
100.27 32651 180.696
100.388 33062 181.83
100.505 33693 183.557
100.622 34905 186.829
100.74 35502 188.42
100.857 36863 191.997
100.975 37661 194.064
101.092 37480 193.598
101.209 37651 194.039
101.327 36931 192.174
101.444 36019 189.787
101.561 33993 184.372
101.679 29296 171.161
101.796 26378 162.413
101.913 25142 158.562
102.03 26848 163.854
102.148 31844 178.449
102.265 35990 189.71
102.382 39926 199.815
102.499 40209 200.522
102.616 41483 203.674
102.733 41949 204.815
102.851 42132 205.261
102.968 42474 206.092
103.085 42320 205.718
103.202 41631 204.037
103.319 40122 200.305
103.436 38702 196.728
103.552 37553 193.786
103.669 36427 190.859
103.786 36120 190.053
103.903 36009 189.76
104.02 36956 192.239
104.137 38018 194.982
104.253 39520 198.796
104.37 40341 200.851
104.487 41417 203.512
104.603 41731 204.282
104.72 41219 203.025
104.836 40677 201.685
104.953 39730 199.324
105.069 35848 189.336
105.186 30643 175.051
105.302 28212 167.964
105.418 28136 167.738
105.535 31965 178.788
105.651 38482 196.168
105.767 42845 206.99
105.883 45458 213.209
105.999 46244 215.044
106.115 0 1
106.231 0 1
106.347 0 1
106.463 0 1
106.579 0 1
106.694 0 1
106.81 0 1
106.926 0 1
107.041 0 1
107.157 0 1
109.576 0 1
109.692 0 1
109.807 0 1
109.923 0 1
110.039 0 1
110.155 0 1
110.27 0 1
110.386 0 1
110.502 0 1
110.618 30432 174.448
110.735 36990 192.328
110.851 41747 204.321
110.967 43549 208.684
111.083 43823 209.339
111.199 44603 211.194
111.316 45281 212.793
111.432 45695 213.764
111.549 45241 212.699
111.665 44828 211.726
111.782 42904 207.133
111.898 41585 203.924
112.015 40158 200.395
112.132 39404 198.504
112.248 38091 195.169
112.365 38585 196.431
112.482 37423 193.45
112.599 39940 199.85
112.716 39700 199.249
112.832 40281 200.701
112.949 40689 201.715
113.066 40814 202.025
113.183 40999 202.482
113.3 40285 200.711
113.417 39711 199.276
113.534 38497 196.207
113.652 34608 186.032
113.769 29488 171.721
113.886 26748 163.548
114.003 26422 162.548
114.12 29050 170.441
114.238 34992 187.061
114.355 40007 200.017
114.472 41940 204.793
114.589 43871 209.454
114.707 44508 210.969
114.824 45032 212.207
114.942 45824 214.065
115.059 45952 214.364
115.176 45427 213.136
115.294 44715 211.459
115.411 43521 208.617
115.529 42791 206.86
115.646 41870 204.622
115.764 41520 203.765
115.881 41603 203.968
115.999 41313 203.256
116.116 42343 205.774
116.234 42443 206.017
116.351 43060 207.509
116.469 43402 208.331
116.586 43649 208.923
116.704 43977 209.707
116.821 43397 208.319
116.939 42991 207.343
117.056 42779 206.831
117.174 39629 199.07
117.291 34475 185.674
117.409 30624 174.997
117.526 28636 169.222
117.644 28982 170.241
117.761 33763 183.747
117.879 40588 201.465
117.996 43455 208.459
118.114 45403 213.08
118.231 46444 215.509
118.349 47561 218.085
118.466 47729 218.47
118.584 48094 219.303
118.701 47969 219.018
118.819 46860 216.472
118.936 45495 213.296
119.053 44763 211.573
119.171 43814 209.318
119.288 43105 207.617
119.405 42630 206.47
119.523 42247 205.541
119.64 42380 205.864
119.757 43170 207.774
119.875 43002 207.369
119.992 42757 206.778
120.109 43538 208.658
120.226 43671 208.976
120.343 43107 207.622
120.46 42493 206.138
120.578 42202 205.431
120.695 42078 205.129
120.812 39523 198.804
120.929 35044 187.2
121.046 31539 177.592
121.163 29027 170.373
121.279 28145 167.765
121.396 30186 173.741
121.513 35934 189.563
121.63 41778 204.397
121.747 43620 208.854
121.863 45120 212.415
121.98 46148 214.821
122.097 46456 215.537
122.213 46839 216.423
122.33 46275 215.116
122.446 45724 213.832
122.563 44765 211.577
122.679 44273 210.412
122.795 42785 206.845
122.912 42524 206.213
123.028 41737 204.296
123.144 41302 203.229
123.26 41538 203.809
123.377 0 1
123.493 0 1
123.609 0 1
123.725 0 1
123.84 0 1
123.956 0 1
124.072 0 1
124.188 0 1
124.303 0 1
124.419 0 1
126.852 0 1
126.968 0 1
127.083 0 1
127.199 0 1
127.315 0 1
127.431 0 1
127.547 0 1
127.663 0 1
127.779 0 1
127.895 0 1
128.011 0 1
128.127 0 1
128.243 0 1
128.359 46554 215.764
128.476 46986 216.763
128.592 47120 217.071
128.708 47359 217.621
128.825 47053 216.917
128.941 47317 217.525
129.058 47530 218.014
129.174 47795 218.621
129.291 47319 217.529
129.408 46961 216.705
129.524 46504 215.648
129.641 46333 215.251
129.758 42544 206.262
129.875 38494 196.199
129.992 34038 184.494
130.108 31762 178.219
130.225 29857 172.792
130.342 33567 183.213
130.459 38878 197.175
130.576 45794 213.995
130.693 48647 220.561
130.81 49947 223.488
130.928 50351 224.39
131.045 51110 226.075
131.162 51623 227.207
131.279 51942 227.908
131.396 51876 227.763
131.513 51048 225.938
131.631 50609 224.964
131.748 50081 223.788
131.865 49897 223.376
131.983 50257 224.181
132.1 50832 225.46
132.217 50289 224.252
132.335 50458 224.629
132.452 50460 224.633
132.57 50017 223.645
132.687 49931 223.452
132.804 51075 225.998
132.922 49546 222.589
133.039 49156 221.712
133.157 49115 221.619
133.274 46074 214.649
133.392 40968 202.406
133.509 35860 189.367
133.627 32317 179.769
133.744 29783 172.578
133.862 30672 175.134
133.979 36484 191.008
134.097 42320 205.718
134.214 46228 215.007
134.332 49597 222.704
134.449 49450 222.374
134.567 49400 222.261
134.684 50583 224.907
134.802 50976 225.779
134.919 50781 225.346
135.037 50684 225.131
135.154 49958 223.513
135.272 49980 223.562
135.389 49388 222.234
135.507 50143 223.926
135.624 50089 223.806
135.742 50200 224.054
135.859 49973 223.546
135.977 49902 223.388
136.094 49605 222.722
136.211 49755 223.058
136.329 49991 223.587
136.446 49272 221.973
136.564 49960 223.517
136.681 49009 221.38
136.798 48995 221.348
136.915 44387 210.682
137.033 39258 198.136
137.15 34545 185.863
137.267 31529 177.564
137.384 29255 171.041
137.502 30713 175.251
137.619 35974 189.668
137.736 41315 203.261
137.853 44135 210.083
137.97 47526 218.005
138.087 47975 219.032
138.204 49159 221.718
138.321 49600 222.711
138.438 50630 225.011
138.555 51284 226.46
138.672 50591 224.924
138.788 50788 225.362
138.905 50196 224.045
139.022 50973 225.772
139.139 50868 225.539
139.255 50938 225.694
139.372 50955 225.732
139.488 50195 224.042
139.605 50732 225.238
139.721 50604 224.953
139.838 50627 225.004
139.954 50453 224.617
140.071 49149 221.696
140.187 50268 224.205
140.303 49547 222.592
140.419 48432 220.073
140.535 45115 212.403
140.652 40130 200.325
140.768 0 1
140.884 0 1
141 0 1
141.115 0 1
141.231 0 1
141.347 0 1
141.463 0 1
141.578 0 1
141.694 0 1
144.104 0 1
144.219 0 1
144.335 0 1
144.45 0 1
144.566 0 1
144.682 0 1
144.798 0 1
144.914 0 1
145.03 0 1
145.146 33871 184.041
145.262 37656 194.052
145.378 38690 196.698
145.494 38316 195.745
145.61 37007 192.372
145.726 34444 185.591
145.842 31115 176.394
145.959 28522 168.885
146.075 26496 162.776
146.192 25347 159.207
146.308 26197 161.855
146.425 28664 169.304
146.541 31443 177.322
146.658 33819 183.899
146.774 36904 192.104
146.891 38734 196.81
147.008 40268 200.669
147.125 40618 201.539
147.241 41818 204.494
147.358 42509 206.177
147.475 42696 206.63
147.592 43179 207.796
147.709 43304 208.096
147.826 43334 208.168
147.943 43271 208.017
148.06 43499 208.564
148.177 43308 208.106
148.294 42786 206.848
148.411 42997 207.357
148.528 43036 207.451
148.645 43073 207.54
148.762 43364 208.24
148.88 43064 207.519
148.997 42399 205.91
149.114 43422 208.379
149.231 42274 205.606
149.349 41294 203.209
149.466 40232 200.579
149.583 36581 191.262
149.701 33043 181.777
149.818 29959 173.087
149.935 27481 165.774
150.053 27451 165.683
150.17 28896 169.988
150.287 31498 177.477
150.405 34476 185.677
150.522 37284 193.091
150.64 39569 198.92
150.757 41798 204.446
150.875 42827 206.947
150.992 43798 209.28
151.11 44433 210.791
151.227 44092 209.981
151.344 44303 210.483
151.462 44155 210.131
151.579 44987 212.101
151.697 45266 212.758
151.814 44822 211.712
151.932 44609 211.208
152.049 44670 211.353
152.167 44542 211.05
152.284 44500 210.95
152.402 44122 210.052
152.519 44479 210.9
152.636 44534 211.031
152.754 44146 210.109
152.871 43885 209.487
152.989 42685 206.603
153.106 40070 200.175
153.223 36635 191.403
153.341 32941 181.497
153.458 30397 174.347
153.575 28767 169.608
153.693 28949 170.144
153.81 31064 176.25
153.927 33690 183.548
154.044 36279 190.47
154.162 38586 196.433
154.279 41958 204.837
154.396 44150 210.119
154.513 45571 213.474
154.63 46593 215.854
154.747 47311 217.511
154.864 47029 216.862
154.981 48155 219.442
155.098 47512 217.972
155.215 47422 217.766
155.332 47302 217.49
155.449 46776 216.278
155.566 46410 215.43
155.683 45826 214.07
155.8 46606 215.884
155.917 46402 215.411
156.033 46250 215.058
156.15 0 1
156.267 0 1
156.383 0 1
156.5 0 1
156.617 0 1
156.733 0 1
156.85 0 1
156.966 0 1
157.082 0 1
157.199 0 1
157.315 0 1
157.431 0 1
157.547 0 1
157.664 0 1
157.78 0 1
157.896 0 1
158.012 0 1
158.128 0 1
158.244 0 1
158.359 0 1
158.475 0 1
158.591 0 1
158.706 0 1
