
6.15755 0 1
6.2731 0 1
6.3887 0 1
6.50437 0 1
6.62009 0 1
6.73587 0 1
6.8517 0 1
6.96759 0 1
7.08353 0 1
7.19952 0 1
7.31557 0 1
7.43166 0 1
7.54781 0 1
7.664 0 1
7.78024 0 1
7.89653 0 1
8.01286 0 1
8.12924 0 1
8.24567 0 1
8.36213 0 1
8.47864 0 1
8.59519 0 1
8.71178 0 1
8.82841 0 1
8.94508 0 1
9.06179 0 1
9.17853 0 1
9.29531 0 1
9.41212 0 1
9.52897 0 1
9.64584 0 1
9.76276 0 1
9.8797 0 1
9.99667 0 1
10.1137 0 1
10.2307 0 1
10.3478 0 1
10.4648 0 1
10.5819 0 1
10.6991 0 1
10.8162 0 1
10.9334 0 1
11.0506 0 1
11.1678 0 1
11.285 0 1
11.4023 0 1
11.5196 0 1
11.6369 0 1
11.7542 0 1
11.8715 0 1
11.9888 0 1
12.1062 0 1
12.2235 0 1
12.3409 0 1
12.4582 0 1
12.5756 0 1
12.693 0 1
12.8104 0 1
12.9278 0 1
13.0452 0 1
13.1626 0 1
13.28 0 1
13.3974 0 1
13.5149 0 1
13.6323 0 1
13.7497 0 1
13.8671 0 1
13.9845 0 1
14.1019 0 1
14.2193 0 1
14.3367 0 1
14.4541 0 1
14.5714 0 1
14.6888 0 1
14.8062 0 1
14.9235 0 1
15.0408 0 0
15.1581 0 0
15.2755 0 0
15.3927 0 0
15.51 0 0
15.6273 0 0
15.7445 0 0
15.8617 0 0
15.9789 0 0
16.0961 0 0
16.2132 0 0
16.3304 0 0
16.4475 0 0
16.5646 0 0
16.6816 0 0
16.7986 0 0
16.9156 0 0
17.0326 0 0
17.1496 0 0
17.2665 0 0
17.3833 0 0
17.5002 0 0
17.617 0 0
17.7338 0 0
17.8505 0 0
17.9672 0 0
18.0839 0 0
18.2005 0 0
18.3171 0 0
18.4337 0 0
18.5502 0 0
18.6666 0 0
18.7831 0 0
18.8994 0 0
19.0158 0 0
19.1321 0 0
19.2483 0 0
19.3645 0 0
19.4806 0 0
19.5967 0 0
19.7128 0 0
19.8288 0 0
19.9447 0 0
20.0606 0 1
20.1764 0 1
20.2922 0 1
20.4079 0 1
20.5236 0 1
20.6392 0 1
20.7548 0 1
20.8702 0 1
23.3078 0 1
23.4233 0 1
23.539 0 1
23.6547 0 1
23.7704 0 1
23.8862 0 1
24.0021 0 1
24.118 0 1
24.234 0 1
24.35 0 1
24.4661 1605 40.0625
24.5822 1697 41.1947
24.6984 1754 41.8808
24.8146 1814 42.5911
24.9309 1767 42.0357
25.0472 1906 43.6578
25.1636 1811 42.5558
25.28 1806 42.4971
25.3965 1839 42.8836
25.513 1922 43.8406
25.6296 1895 43.5316
25.7462 1812 42.5676
25.8628 1815 42.6028
25.9795 1741 41.7253
26.0962 1738 41.6893
26.213 1711 41.3642
26.3298 1664 40.7922
26.4466 1680 40.9878
26.5635 1709 41.3401
26.6804 1716 41.4246
26.7973 1626 40.3237
26.9143 1670 40.8656
27.0313 1538 39.2173
27.1483 1428 37.7889
27.2653 1412 37.5766
27.3824 1528 39.0896
27.4996 1483 38.5097
27.6167 1590 39.8748
27.7339 1670 40.8656
27.8511 1662 40.7676
27.9683 1721 41.4849
28.0855 1771 42.0833
28.2028 1818 42.638
28.3201 1780 42.19
28.4374 1736 41.6653
28.5547 1708 41.328
28.6721 1794 42.3556
28.7894 1628 40.3485
28.9068 1700 41.2311
29.0242 1648 40.5956
29.1416 1649 40.6079
29.259 1646 40.5709
29.3764 1703 41.2674
29.4939 1611 40.1373
29.6113 1557 39.4588
29.7288 1655 40.6817
29.8463 1566 39.5727
29.9638 1631 40.3856
30.0812 1685 41.0488
30.1987 1632 40.398
30.3162 1694 41.1582
30.4337 1596 39.95
30.5512 1563 39.5348
30.6687 1417 37.6431
30.7862 1484 38.5227
30.9037 1472 38.3667
31.0212 1572 39.6485
31.1387 1703 41.2674
31.2562 1736 41.6653
31.3737 1772 42.0951
31.4912 1839 42.8836
31.6087 1767 42.0357
31.7262 1794 42.3556
31.8436 1703 41.2674
31.9611 1782 42.2137
32.0785 1727 41.5572
32.1959 1760 41.9524
32.3134 1607 40.0874
32.4308 1682 41.0122
32.5482 1615 40.1871
32.6655 1546 39.3192
32.7829 1599 39.9875
32.9002 1505 38.7943
33.0176 1490 38.6005
33.1349 1545 39.3065
33.2522 1603 40.0375
33.3694 1472 38.3667
33.4867 1546 39.3192
33.6039 1579 39.7366
33.7211 1599 39.9875
33.8383 1631 40.3856
33.9554 1682 41.0122
34.0725 1609 40.1123
34.1896 1633 40.4104
34.3067 1659 40.7308
34.4237 1490 38.6005
34.5407 1463 38.2492
34.6577 1524 39.0384
34.7746 1525 39.0512
34.8915 1615 40.1871
35.0084 1596 39.95
35.1252 1607 40.0874
35.242 1655 40.6817
35.3587 1622 40.2741
35.4755 1642 40.5216
35.5921 1593 39.9124
35.7088 1558 39.4715
35.8254 1545 39.3065
35.9419 1620 40.2492
36.0584 1530 39.1152
36.1749 1549 39.3573
36.2913 1526 39.064
36.4077 1517 38.9487
36.524 1533 39.1535
36.6403 1490 38.6005
36.7565 1544 39.2938
36.8727 1406 37.4967
36.9889 1526 39.064
37.1049 1525 39.0512
37.221 0 1
37.3369 0 1
37.4529 0 1
37.5687 0 1
37.6845 0 1
37.8003 0 1
37.916 0 1
38.0316 0 1
38.1472 0 1
40.5851 0 1
40.7008 0 1
40.8164 0 1
40.9322 0 1
41.048 0 1
41.1639 0 1
41.2798 0 1
41.3958 0 1
41.5118 0 1
41.6279 0 1
41.744 1266 35.5809
41.8602 1329 36.4555
41.9765 1359 36.8646
42.0928 1328 36.4417
42.2091 1288 35.8887
42.3255 1417 37.6431
42.4419 1365 36.9459
42.5584 1270 35.6371
42.675 1307 36.1525
42.7915 1292 35.9444
42.9081 1249 35.3412
43.0248 1253 35.3977
43.1415 1153 33.9559
43.2582 1124 33.5261
43.375 1056 32.4962
43.4918 1131 33.6303
43.6087 1162 34.0881
43.7256 1211 34.7994
43.8425 1226 35.0143
43.9595 1252 35.3836
44.0765 1306 36.1386
44.1935 1266 35.5809
44.3106 1247 35.3129
44.4277 1183 34.3948
44.5448 1238 35.1852
44.6619 1222 34.9571
44.7791 1236 35.1568
44.8963 1236 35.1568
45.0136 1269 35.623
45.1308 1201 34.6554
45.2481 1289 35.9026
45.3654 1257 35.4542
45.4827 1183 34.3948
45.6001 1237 35.171
45.7174 1162 34.0881
45.8348 1158 34.0294
45.9522 1174 34.2637
46.0697 1122 33.4963
46.1871 1096 33.1059
46.3046 1089 33
46.422 1076 32.8024
46.5395 1004 31.686
46.657 984 31.3688
46.7745 887 29.7825
46.892 873 29.5466
47.0096 853 29.2062
47.1271 854 29.2233
47.2446 976 31.241
47.3622 906 30.0998
47.4797 918 30.2985
47.5973 898 29.9666
47.7149 907 30.1164
47.8324 912 30.1993
47.95 920 30.3315
48.0675 876 29.5973
48.1851 866 29.4279
48.3027 886 29.7658
48.4202 927 30.4467
48.5378 891 29.8496
48.6554 887 29.7825
48.7729 946 30.7571
48.8904 915 30.249
49.008 901 30.0167
49.1255 941 30.6757
49.243 905 30.0832
49.3605 929 30.4795
49.478 941 30.6757
49.5955 971 31.1609
49.713 931 30.5123
49.8304 962 31.0161
49.9479 988 31.4325
50.0653 957 30.9354
50.1827 995 31.5436
50.3001 867 29.4449
50.4175 717 26.7769
50.5348 726 26.9444
50.6521 895 29.9166
50.7694 1054 32.4654
50.8867 1103 33.2114
51.004 1091 33.0303
51.1212 1142 33.7935
51.2384 1171 34.2199
51.3556 1194 34.5543
51.4727 1197 34.5977
51.5899 1234 35.1283
51.707 1217 34.8855
51.824 1251 35.3695
51.9411 1248 35.327
52.0581 1239 35.1994
52.175 1232 35.0999
52.2919 1286 35.8608
52.4088 1283 35.819
52.5257 1275 35.7071
52.6425 1240 35.2136
52.7593 1242 35.242
52.876 1309 36.1801
52.9927 1309 36.1801
53.1094 1367 36.973
53.226 1266 35.5809
53.3426 1410 37.55
53.4591 1347 36.7015
53.5756 1319 36.318
53.692 1336 36.5513
53.8084 1286 35.8608
53.9248 1180 34.3511
54.0411 1135 33.6898
54.1573 1097 33.121
54.2735 0 1
54.3896 0 1
54.5057 0 1
54.6217 0 1
54.7377 0 1
54.8537 0 1
54.9695 0 1
55.0853 0 1
55.2011 0 1
55.3168 0 1
55.4324 0 1
57.824 0 1
57.9396 0 1
58.0553 0 1
58.1711 0 1
58.2869 0 1
58.4028 0 1
58.5187 0 1
58.6347 0 1
58.7508 0 1
58.8669 0 1
58.983 1529 39.1024
59.0992 1482 38.4968
59.2155 1357 36.8375
59.3318 1327 36.428
59.4482 1371 37.027
59.5646 1429 37.8021
59.681 1540 39.2428
59.7975 1528 39.0896
59.9141 1603 40.0375
60.0306 1711 41.3642
60.1473 1604 40.05
60.2639 1653 40.6571
60.3807 1589 39.8623
60.4974 1619 40.2368
60.6142 1633 40.4104
60.731 1513 38.8973
60.8479 1558 39.4715
60.9648 1511 38.8716
61.0818 1599 39.9875
61.1987 1527 39.0768
61.3158 1639 40.4846
61.4328 1618 40.2244
61.5499 1633 40.4104
61.667 1590 39.8748
61.7841 1623 40.2865
61.9013 1499 38.7169
62.0185 1511 38.8716
62.1357 1574 39.6737
62.253 1539 39.2301
62.3702 1518 38.9615
62.4875 1464 38.2623
62.6049 1339 36.5923
62.7222 1336 36.5513
62.8396 1329 36.4555
62.9569 1420 37.6829
63.0743 1477 38.4318
63.1918 1495 38.6652
63.3092 1480 38.4708
63.4267 1539 39.2301
63.5441 1510 38.8587
63.6616 1485 38.5357
63.7791 1515 38.923
63.8966 1495 38.6652
64.0142 1544 39.2938
64.1317 1524 39.0384
64.2492 1615 40.1871
64.3668 1443 37.9868
64.4843 1627 40.3361
64.6019 1485 38.5357
64.7195 1615 40.1871
64.837 1526 39.064
64.9546 1515 38.923
65.0722 1609 40.1123
65.1898 1499 38.7169
65.3074 1568 39.598
65.4249 1465 38.2753
65.5425 1470 38.3406
65.6601 1510 38.8587
65.7777 1455 38.1445
65.8952 1438 37.921
66.0128 1451 38.092
66.1304 1256 35.4401
66.2479 1264 35.5528
66.3655 1234 35.1283
66.483 1290 35.9166
66.6005 1471 38.3536
66.718 1397 37.3765
66.8355 1480 38.4708
66.953 1467 38.3014
67.0705 1477 38.4318
67.1879 1540 39.2428
67.3054 1508 38.833
67.4228 1535 39.1791
67.5402 1469 38.3275
67.6576 1533 39.1535
67.7749 1482 38.4968
67.8923 1541 39.2556
68.0096 1503 38.7685
68.1269 1474 38.3927
68.2442 1513 38.8973
68.3614 1565 39.5601
68.4787 1560 39.4968
68.5958 1529 39.1024
68.713 1468 38.3145
68.8302 1523 39.0256
68.9473 1470 38.3406
69.0643 1450 38.0789
69.1814 1537 39.2046
69.2984 1560 39.4968
69.4154 1466 38.2884
69.5323 1492 38.6264
69.6492 1457 38.1707
69.7661 1356 36.8239
69.8829 1287 35.8748
69.9997 1237 35.171
70.1165 1305 36.1248
70.2332 1427 37.7757
70.3499 1359 36.8646
70.4665 1391 37.2961
70.5831 1451 38.092
70.6996 1506 38.8072
70.8161 1484 38.5227
70.9326 1543 39.281
71.049 1532 39.1408
71.1653 1533 39.1535
71.2817 1482 38.4968
71.3979 1534 39.1663
71.5141 1524 39.0384
71.6303 1450 38.0789
71.7464 1315 36.2629
71.8624 0 1
71.9784 0 1
72.0944 0 1
72.2102 0 1
72.3261 0 1
72.4418 0 1
72.5575 0 1
72.6732 0 1
75.1054 0 1
75.2209 0 1
75.3365 0 1
75.4521 0 1
75.5678 0 1
75.6835 0 1
75.7993 0 1
75.9151 0 1
76.031 0 1
76.147 1345 36.6742
76.263 1430 37.8153
76.3791 1461 38.223
76.4952 1465 38.2753
76.6113 1616 40.1995
76.7276 1564 39.5474
76.8438 1489 38.5876
76.9601 1539 39.2301
77.0765 1489 38.5876
77.1929 1515 38.923
77.3093 1516 38.9358
77.4258 1492 38.6264
77.5423 1557 39.4588
77.6589 1504 38.7814
77.7755 1501 38.7427
77.8921 1492 38.6264
78.0088 1595 39.9375
78.1256 1372 37.0405
78.2423 1487 38.5616
78.3591 1584 39.7995
78.4759 1473 38.3797
78.5928 1443 37.9868
78.7097 1420 37.6829
78.8266 1399 37.4032
78.9436 1145 33.8378
79.0606 1105 33.2415
79.1776 1057 32.5115
79.2946 1218 34.8999
79.4117 1363 36.9188
79.5288 1394 37.3363
79.6459 1445 38.0132
79.7631 1469 38.3275
79.8802 1499 38.7169
79.9974 1514 38.9102
80.1147 1506 38.8072
80.2319 1474 38.3927
80.3491 1427 37.7757
80.4664 1475 38.4057
80.5837 1444 38
80.701 1543 39.281
80.8183 1486 38.5487
80.9357 1494 38.6523
81.053 1543 39.281
81.1704 1569 39.6106
81.2877 1510 38.8587
81.4051 1577 39.7115
81.5225 1542 39.2683
81.6399 1431 37.8286
81.7573 1480 38.4708
81.8747 1478 38.4448
81.9922 1440 37.9473
82.1096 1413 37.5899
82.227 1418 37.6563
82.3444 1455 38.1445
82.4619 1340 36.606
82.5793 1266 35.5809
82.6967 1161 34.0735
82.8142 1139 33.7491
82.9316 1193 34.5398
83.049 1300 36.0555
83.1664 1279 35.7631
83.2838 1329 36.4555
83.4012 1389 37.2693
83.5186 1425 37.7492
83.636 1439 37.9342
83.7534 1357 36.8375
83.8708 1493 38.6394
83.9881 1430 37.8153
84.1055 1410 37.55
84.2228 1480 38.4708
84.3401 1437 37.9078
84.4575 1410 37.55
84.5747 1507 38.8201
84.692 1433 37.855
84.8093 1386 37.229
84.9265 1422 37.7094
85.0437 1490 38.6005
85.1609 1506 38.8072
85.2781 1504 38.7814
85.3952 1523 39.0256
85.5123 1487 38.5616
85.6294 1526 39.064
85.7465 1494 38.6523
85.8636 1553 39.4081
85.9806 1437 37.9078
86.0976 1355 36.8103
86.2145 1276 35.7211
86.3315 1136 33.7046
86.4484 1317 36.2905
86.5652 1343 36.647
86.682 1339 36.5923
86.7988 1442 37.9737
86.9156 1436 37.8946
87.0323 1474 38.3927
87.149 1467 38.3014
87.2657 1450 38.0789
87.3823 1504 38.7814
87.4988 1438 37.921
87.6154 1590 39.8748
87.7318 1520 38.9872
87.8483 1466 38.2884
87.9647 1535 39.1791
88.081 1552 39.3954
88.1973 1533 39.1535
88.3136 1620 40.2492
88.4298 1572 39.6485
88.546 1577 39.7115
88.6621 1555 39.4335
88.7781 1453 38.1182
88.8942 0 1
89.0101 0 1
89.126 0 1
89.2419 0 1
89.3577 0 1
89.4734 0 1
89.5891 0 1
89.7047 0 1
89.8203 0 1
89.9358 0 1
92.3269 0 1
92.4424 0 1
92.558 0 1
92.6736 0 1
92.7893 0 1
92.905 0 1
93.0208 0 1
93.1366 0 1
93.2525 0 1
93.3685 0 1
93.4845 0 1
93.6005 1512 38.8844
93.7167 1593 39.9124
93.8328 1590 39.8748
93.949 1519 38.9744
94.0653 1561 39.5095
94.1816 1527 39.0768
94.2979 1621 40.2616
94.4143 1552 39.3954
94.5307 1507 38.8201
94.6472 1539 39.2301
94.7637 1574 39.6737
94.8803 1513 38.8973
94.9969 1474 38.3927
95.1135 1477 38.4318
95.2302 1471 38.3536
95.3469 1415 37.6165
95.4637 1336 36.5513
95.5805 1287 35.8748
95.6973 1360 36.8782
95.8142 1478 38.4448
95.9311 1459 38.1969
96.048 1409 37.5366
96.1649 1558 39.4715
96.2819 1573 39.6611
96.3989 1625 40.3113
96.516 1685 41.0488
96.633 1592 39.8999
96.7501 1687 41.0731
96.8673 1640 40.4969
96.9844 1715 41.4126
97.1016 1714 41.4005
97.2188 1693 41.1461
97.336 1697 41.1947
97.4532 1657 40.7063
97.5704 1673 40.9023
97.6877 1663 40.7799
97.805 1624 40.2989
97.9223 1756 41.9047
98.0396 1701 41.2432
98.1569 1567 39.5854
98.2743 1616 40.1995
98.3916 1723 41.509
98.509 1712 41.3763
98.6264 1521 39
98.7438 1606 40.0749
98.8612 1523 39.0256
98.9786 1529 39.1024
99.096 1378 37.1214
99.2134 1402 37.4433
99.3308 1399 37.4032
99.4482 1507 38.8201
99.5656 1586 39.8246
99.6831 1631 40.3856
99.8005 1588 39.8497
99.9179 1618 40.2244
100.035 1686 41.0609
100.153 1649 40.6079
100.27 1662 40.7676
100.388 1749 41.821
100.505 1653 40.6571
100.622 1707 41.3159
100.74 1725 41.5331
100.857 1704 41.2795
100.975 1768 42.0476
101.092 1759 41.9404
101.209 1704 41.2795
101.327 1717 41.4367
101.444 1690 41.1096
101.561 1709 41.3401
101.679 1704 41.2795
101.796 1711 41.3642
101.913 1720 41.4729
102.03 1751 41.845
102.148 1643 40.5339
102.265 1746 41.7852
102.382 1551 39.3827
102.499 1577 39.7115
102.616 1558 39.4715
102.733 1479 38.4578
102.851 1470 38.3406
102.968 1556 39.4462
103.085 1554 39.4208
103.202 1573 39.6611
103.319 1658 40.7185
103.436 1715 41.4126
103.552 1684 41.0366
103.669 1769 42.0595
103.786 1754 41.8808
103.903 1705 41.2916
104.02 1750 41.833
104.137 1867 43.2088
104.253 1843 42.9302
104.37 1784 42.2374
104.487 1867 43.2088
104.603 1832 42.8019
104.72 1837 42.8602
104.836 1834 42.8252
104.953 1916 43.7721
105.069 1796 42.3792
105.186 1758 41.9285
105.302 1805 42.4853
105.418 1829 42.7668
105.535 1772 42.0951
105.651 1741 41.7253
105.767 1747 41.7971
105.883 1742 41.7373
105.999 1696 41.1825
106.115 0 1
106.231 0 1
106.347 0 1
106.463 0 1
106.579 0 1
106.694 0 1
106.81 0 1
106.926 0 1
107.041 0 1
107.157 0 1
109.576 0 1
109.692 0 1
109.807 0 1
109.923 0 1
110.039 0 1
110.155 0 1
110.27 0 1
110.386 0 1
110.502 0 1
110.618 1573 39.6611
110.735 1659 40.7308
110.851 1670 40.8656
110.967 1691 41.1218
111.083 1542 39.2683
111.199 1522 39.0128
111.316 1499 38.7169
111.432 1501 38.7427
111.549 1502 38.7556
111.665 1552 39.3954
111.782 1495 38.6652
111.898 1568 39.598
112.015 1631 40.3856
112.132 1756 41.9047
112.248 1642 40.5216
112.365 1638 40.4722
112.482 1634 40.4228
112.599 1645 40.5586
112.716 1608 40.0999
112.832 1708 41.328
112.949 1725 41.5331
113.066 1709 41.3401
113.183 1708 41.328
113.3 1740 41.7133
113.417 1649 40.6079
113.534 1585 39.8121
113.652 1604 40.05
113.769 1586 39.8246
113.886 1554 39.4208
114.003 1576 39.6989
114.12 1512 38.8844
114.238 1514 38.9102
114.355 1510 38.8587
114.472 1604 40.05
114.589 1483 38.5097
114.707 1348 36.7151
114.824 1364 36.9324
114.942 1294 35.9722
115.059 1346 36.6879
115.176 1461 38.223
115.294 1360 36.8782
115.411 1545 39.3065
115.529 1521 39
115.646 1528 39.0896
115.764 1579 39.7366
115.881 1584 39.7995
115.999 1553 39.4081
116.116 1610 40.1248
116.234 1570 39.6232
116.351 1655 40.6817
116.469 1614 40.1746
116.586 1683 41.0244
116.704 1631 40.3856
116.821 1653 40.6571
116.939 1619 40.2368
117.056 1562 39.5221
117.174 1637 40.4599
117.291 1650 40.6202
117.409 1620 40.2492
117.526 1540 39.2428
117.644 1573 39.6611
117.761 1577 39.7115
117.879 1585 39.8121
117.996 1577 39.7115
118.114 1512 38.8844
118.231 1515 38.923
118.349 1438 37.921
118.466 1344 36.6606
118.584 1379 37.1349
118.701 1465 38.2753
118.819 1469 38.3275
118.936 1442 37.9737
119.053 1513 38.8973
119.171 1485 38.5357
119.288 1526 39.064
119.405 1527 39.0768
119.523 1552 39.3954
119.64 1641 40.5093
119.757 1586 39.8246
119.875 1561 39.5095
119.992 1568 39.598
120.109 1599 39.9875
120.226 1639 40.4846
120.343 1554 39.4208
120.46 1685 41.0488
120.578 1540 39.2428
120.695 1683 41.0244
120.812 1658 40.7185
120.929 1561 39.5095
121.046 1596 39.95
121.163 1633 40.4104
121.279 1489 38.5876
121.396 1629 40.3609
121.513 1557 39.4588
121.63 1620 40.2492
121.747 1514 38.9102
121.863 1500 38.7298
121.98 1548 39.3446
122.097 1353 36.7831
122.213 1360 36.8782
122.33 1355 36.8103
122.446 1379 37.1349
122.563 1318 36.3043
122.679 1415 37.6165
122.795 1386 37.229
122.912 1488 38.5746
123.028 1456 38.1576
123.144 1542 39.2683
123.26 1492 38.6264
123.377 0 1
123.493 0 1
123.609 0 1
123.725 0 1
123.84 0 1
123.956 0 1
124.072 0 1
124.188 0 1
124.303 0 1
124.419 0 1
126.852 0 1
126.968 0 1
127.083 0 1
127.199 0 1
127.315 0 1
127.431 0 1
127.547 0 1
127.663 0 1
127.779 0 1
127.895 0 1
128.011 0 1
128.127 0 1
128.243 0 1
128.359 1677 40.9512
128.476 1669 40.8534
128.592 1654 40.6694
128.708 1764 42
128.825 1663 40.7799
128.941 1741 41.7253
129.058 1683 41.0244
129.174 1787 42.2729
129.291 1766 42.0238
129.408 1744 41.7612
129.524 1699 41.2189
129.641 1787 42.2729
129.758 1765 42.0119
129.875 1746 41.7852
129.992 1702 41.2553
130.108 1711 41.3642
130.225 1723 41.509
130.342 1678 40.9634
130.459 1697 41.1947
130.576 1753 41.8688
130.693 1648 40.5956
130.81 1693 41.1461
130.928 1596 39.95
131.045 1461 38.223
131.162 1442 37.9737
131.279 1484 38.5227
131.396 1550 39.37
131.513 1561 39.5095
131.631 1577 39.7115
131.748 1674 40.9145
131.865 1624 40.2989
131.983 1756 41.9047
132.1 1724 41.5211
132.217 1755 41.8927
132.335 1770 42.0714
132.452 1726 41.5452
132.57 1737 41.6773
132.687 1706 41.3038
132.804 1876 43.3128
132.922 1802 42.45
133.039 1723 41.509
133.157 1812 42.5676
133.274 1732 41.6173
133.392 1787 42.2729
133.509 1725 41.5331
133.627 1773 42.107
133.744 1807 42.5088
133.862 1698 41.2068
133.979 1754 41.8808
134.097 1707 41.3159
134.214 1793 42.3438
134.332 1652 40.6448
134.449 1683 41.0244
134.567 1637 40.4599
134.684 1527 39.0768
134.802 1582 39.7744
134.919 1571 39.6358
135.037 1555 39.4335
135.154 1602 40.025
135.272 1634 40.4228
135.389 1691 41.1218
135.507 1728 41.5692
135.624 1783 42.2256
135.742 1796 42.3792
135.859 1779 42.1782
135.977 1790 42.3084
136.094 1814 42.5911
136.211 1832 42.8019
136.329 1888 43.4511
136.446 1817 42.6263
136.564 1857 43.0929
136.681 1861 43.1393
136.798 1785 42.2493
136.915 1836 42.8486
137.033 1837 42.8602
137.15 1757 41.9166
137.267 1723 41.509
137.384 1793 42.3438
137.502 1764 42
137.619 1745 41.7732
137.736 1774 42.1189
137.853 1716 41.4246
137.97 1690 41.1096
138.087 1709 41.3401
138.204 1641 40.5093
138.321 1522 39.0128
138.438 1577 39.7115
138.555 1594 39.9249
138.672 1635 40.4351
138.788 1635 40.4351
138.905 1617 40.2119
139.022 1764 42
139.139 1797 42.391
139.255 1740 41.7133
139.372 1777 42.1545
139.488 1804 42.4735
139.605 1807 42.5088
139.721 1735 41.6533
139.838 1751 41.845
139.954 1761 41.9643
140.071 1729 41.5812
140.187 1798 42.4028
140.303 1738 41.6893
140.419 1730 41.5933
140.535 1735 41.6533
140.652 1825 42.72
140.768 0 1
140.884 0 1
141 0 1
141.115 0 1
141.231 0 1
141.347 0 1
141.463 0 1
141.578 0 1
141.694 0 1
144.104 0 1
144.219 0 1
144.335 0 1
144.45 0 1
144.566 0 1
144.682 0 1
144.798 0 1
144.914 0 1
145.03 0 1
145.146 1477 38.4318
145.262 1465 38.2753
145.378 1565 39.5601
145.494 1501 38.7427
145.61 1524 39.0384
145.726 1518 38.9615
145.842 1547 39.3319
145.959 1565 39.5601
146.075 1568 39.598
146.192 1610 40.1248
146.308 1684 41.0366
146.425 1803 42.4617
146.541 1757 41.9166
146.658 1733 41.6293
146.774 1649 40.6079
146.891 1579 39.7366
147.008 1549 39.3573
147.125 1530 39.1152
147.241 1428 37.7889
147.358 1473 38.3797
147.475 1504 38.7814
147.592 1538 39.2173
147.709 1570 39.6232
147.826 1484 38.5227
147.943 1519 38.9744
148.06 1416 37.6298
148.177 1451 38.092
148.294 1479 38.4578
148.411 1476 38.4187
148.528 1372 37.0405
148.645 1383 37.1887
148.762 1410 37.55
148.88 1473 38.3797
148.997 1328 36.4417
149.114 1485 38.5357
149.231 1386 37.229
149.349 1466 38.2884
149.466 1469 38.3275
149.583 1470 38.3406
149.701 1499 38.7169
149.818 1505 38.7943
149.935 1578 39.724
150.053 1509 38.8458
150.17 1527 39.0768
150.287 1547 39.3319
150.405 1435 37.8814
150.522 1384 37.2022
150.64 1413 37.5899
150.757 1312 36.2215
150.875 1294 35.9722
150.992 1358 36.8511
151.11 1311 36.2077
151.227 1365 36.9459
151.344 1393 37.3229
151.462 1434 37.8682
151.579 1448 38.0526
151.697 1373 37.054
151.814 1367 36.973
151.932 1402 37.4433
152.049 1450 38.0789
152.167 1441 37.9605
152.284 1507 38.8201
152.402 1504 38.7814
152.519 1452 38.1051
152.636 1553 39.4081
152.754 1529 39.1024
152.871 1519 38.9744
152.989 1566 39.5727
153.106 1503 38.7685
153.223 1566 39.5727
153.341 1536 39.1918
153.458 1450 38.0789
153.575 1522 39.0128
153.693 1514 38.9102
153.81 1563 39.5348
153.927 1536 39.1918
154.044 1452 38.1051
154.162 1372 37.0405
154.279 1350 36.7423
154.396 1375 37.081
154.513 1397 37.3765
154.63 1307 36.1525
154.747 1352 36.7696
154.864 1382 37.1753
154.981 1426 37.7624
155.098 1479 38.4578
155.215 1430 37.8153
155.332 1490 38.6005
155.449 1483 38.5097
155.566 1472 38.3667
155.683 1510 38.8587
155.8 1489 38.5876
155.917 1454 38.1314
156.033 1485 38.5357
156.15 0 1
156.267 0 1
156.383 0 1
156.5 0 1
156.617 0 1
156.733 0 1
156.85 0 1
156.966 0 1
157.082 0 1
157.199 0 1
157.315 0 1
157.431 0 1
157.547 0 1
157.664 0 1
157.78 0 1
157.896 0 1
158.012 0 1
158.128 0 1
158.244 0 1
158.359 0 1
158.475 0 1
158.591 0 1
158.706 0 1
