
6.15755 0 1
6.2731 0 1
6.3887 0 1
6.50437 0 1
6.62009 0 1
6.73587 0 1
6.8517 0 1
6.96759 0 1
7.08353 0 1
7.19952 0 1
7.31557 0 1
7.43166 0 1
7.54781 0 1
7.664 0 1
7.78024 0 1
7.89653 0 1
8.01286 0 1
8.12924 0 1
8.24567 0 1
8.36213 0 1
8.47864 0 1
8.59519 0 1
8.71178 0 1
8.82841 0 1
8.94508 0 1
9.06179 0 1
9.17853 0 1
9.29531 0 1
9.41212 0 1
9.52897 0 1
9.64584 0 1
9.76276 0 1
9.8797 0 1
9.99667 0 1
10.1137 0 1
10.2307 0 1
10.3478 0 1
10.4648 0 1
10.5819 0 1
10.6991 0 1
10.8162 0 1
10.9334 0 1
11.0506 0 1
11.1678 0 1
11.285 0 1
11.4023 0 1
11.5196 0 1
11.6369 0 1
11.7542 0 1
11.8715 0 1
11.9888 0 1
12.1062 0 1
12.2235 0 1
12.3409 0 1
12.4582 0 1
12.5756 0 1
12.693 0 1
12.8104 0 1
12.9278 0 1
13.0452 0 1
13.1626 0 1
13.28 0 1
13.3974 0 1
13.5149 0 1
13.6323 0 1
13.7497 0 1
13.8671 0 1
13.9845 0 1
14.1019 0 1
14.2193 0 1
14.3367 0 1
14.4541 0 1
14.5714 0 1
14.6888 0 1
14.8062 0 1
14.9235 0 1
15.0408 1573 39.6611
15.1581 1598 39.975
15.2755 1707 41.3159
15.3927 1705 41.2916
15.51 1709 41.3401
15.6273 1772 42.0951
15.7445 1645 40.5586
15.8617 1734 41.6413
15.9789 1676 40.939
16.0961 1667 40.8289
16.2132 1772 42.0951
16.3304 1809 42.5323
16.4475 1810 42.5441
16.5646 1901 43.6005
16.6816 1930 43.9318
16.7986 1973 44.4185
16.9156 2104 45.8694
17.0326 2027 45.0222
17.1496 2060 45.3872
17.2665 1986 44.5646
17.3833 1987 44.5758
17.5002 2010 44.833
17.617 1946 44.1135
17.7338 1785 42.2493
17.8505 1796 42.3792
17.9672 1755 41.8927
18.0839 1791 42.3202
18.2005 1824 42.7083
18.3171 1920 43.8178
18.4337 1879 43.3474
18.5502 1935 43.9886
18.6666 1926 43.8862
18.7831 1933 43.9659
18.8994 2035 45.111
19.0158 1999 44.7102
19.1321 1860 43.1277
19.2483 1845 42.9535
19.3645 1788 42.2847
19.4806 1661 40.7554
19.5967 1509 38.8458
19.7128 1373 37.054
19.8288 1316 36.2767
19.9447 1246 35.2987
20.0606 0 1
20.1764 0 1
20.2922 0 1
20.4079 0 1
20.5236 0 1
20.6392 0 1
20.7548 0 1
20.8702 0 1
23.3078 0 1
23.4233 0 1
23.539 0 1
23.6547 0 1
23.7704 0 1
23.8862 0 1
24.0021 0 1
24.118 0 1
24.234 0 1
24.35 0 1
24.4661 776 27.8568
24.5822 937 30.6105
24.6984 1119 33.4515
24.8146 1210 34.7851
24.9309 1347 36.7015
25.0472 1521 39
25.1636 1626 40.3237
25.28 1772 42.0951
25.3965 1984 44.5421
25.513 1955 44.2154
25.6296 2080 45.607
25.7462 2139 46.2493
25.8628 2131 46.1628
25.9795 2191 46.8081
26.0962 2098 45.8039
26.213 2089 45.7056
26.3298 2021 44.9555
26.4466 1932 43.9545
26.5635 1817 42.6263
26.6804 1839 42.8836
26.7973 1838 42.8719
26.9143 1963 44.3058
27.0313 1906 43.6578
27.1483 1962 44.2945
27.2653 2093 45.7493
27.3824 2074 45.5412
27.4996 2023 44.9778
27.6167 2035 45.111
27.7339 2031 45.0666
27.8511 1963 44.3058
27.9683 1862 43.1509
28.0855 1793 42.3438
28.2028 1900 43.589
28.3201 1783 42.2256
28.4374 1728 41.5692
28.5547 1808 42.5206
28.6721 1779 42.1782
28.7894 1953 44.1928
28.9068 1983 44.5309
29.0242 2061 45.3982
29.1416 2095 45.7712
29.259 2164 46.5188
29.3764 2126 46.1086
29.4939 2122 46.0652
29.6113 2025 45
29.7288 2066 45.4533
29.8463 1827 42.7434
29.9638 1791 42.3202
30.0812 1832 42.8019
30.1987 1723 41.509
30.3162 1824 42.7083
30.4337 1838 42.8719
30.5512 1901 43.6005
30.6687 1936 44
30.7862 1994 44.6542
30.9037 2021 44.9555
31.0212 1997 44.6878
31.1387 2010 44.833
31.2562 1964 44.317
31.3737 1963 44.3058
31.4912 1884 43.4051
31.6087 1859 43.1161
31.7262 1739 41.7013
31.8436 1791 42.3202
31.9611 1676 40.939
32.0785 1686 41.0609
32.1959 1734 41.6413
32.3134 1833 42.8135
32.4308 1954 44.2041
32.5482 1928 43.909
32.6655 1970 44.3847
32.7829 2102 45.8476
32.9002 2048 45.2548
33.0176 1976 44.4522
33.1349 1963 44.3058
33.2522 1998 44.699
33.3694 1889 43.4626
33.4867 1816 42.6146
33.6039 1662 40.7676
33.7211 1637 40.4599
33.8383 1628 40.3485
33.9554 1613 40.1622
34.0725 1724 41.5211
34.1896 1817 42.6263
34.3067 1828 42.7551
34.4237 1889 43.4626
34.5407 1897 43.5546
34.6577 1975 44.441
34.7746 1823 42.6966
34.8915 1871 43.2551
35.0084 1880 43.359
35.1252 1728 41.5692
35.242 1756 41.9047
35.3587 1725 41.5331
35.4755 1610 40.1248
35.5921 1576 39.6989
35.7088 1553 39.4081
35.8254 1556 39.4462
35.9419 1639 40.4846
36.0584 1771 42.0833
36.1749 1743 41.7493
36.2913 1708 41.328
36.4077 1848 42.9884
36.524 1725 41.5331
36.6403 1677 40.9512
36.7565 1587 39.8372
36.8727 1571 39.6358
36.9889 1400 37.4166
37.1049 1328 36.4417
37.221 0 1
37.3369 0 1
37.4529 0 1
37.5687 0 1
37.6845 0 1
37.8003 0 1
37.916 0 1
38.0316 0 1
38.1472 0 1
40.5851 0 1
40.7008 0 1
40.8164 0 1
40.9322 0 1
41.048 0 1
41.1639 0 1
41.2798 0 1
41.3958 0 1
41.5118 0 1
41.6279 0 1
41.744 935 30.5778
41.8602 1058 32.5269
41.9765 1164 34.1174
42.0928 1211 34.7994
42.2091 1111 33.3317
42.3255 1066 32.6497
42.4419 1119 33.4515
42.5584 1144 33.8231
42.675 1226 35.0143
42.7915 1393 37.3229
42.9081 1453 38.1182
43.0248 1446 38.0263
43.1415 1511 38.8716
43.2582 1568 39.598
43.375 1555 39.4335
43.4918 1622 40.2741
43.6087 1596 39.95
43.7256 1518 38.9615
43.8425 1558 39.4715
43.9595 1524 39.0384
44.0765 1428 37.7889
44.1935 1358 36.8511
44.3106 1368 36.9865
44.4277 1415 37.6165
44.5448 1328 36.4417
44.6619 1311 36.2077
44.7791 1440 37.9473
44.8963 1521 39
45.0136 1580 39.7492
45.1308 1667 40.8289
45.2481 1672 40.8901
45.3654 1607 40.0874
45.4827 1614 40.1746
45.6001 1614 40.1746
45.7174 1552 39.3954
45.8348 1472 38.3667
45.9522 1361 36.8917
46.0697 1338 36.5787
46.1871 1295 35.9861
46.3046 1324 36.3868
46.422 1427 37.7757
46.5395 1420 37.6829
46.657 1495 38.6652
46.7745 1508 38.833
46.892 1615 40.1871
47.0096 1603 40.0375
47.1271 1579 39.7366
47.2446 1617 40.2119
47.3622 1573 39.6611
47.4797 1538 39.2173
47.5973 1464 38.2623
47.7149 1521 39
47.8324 1466 38.2884
47.95 1366 36.9594
48.0675 1391 37.2961
48.1851 1324 36.3868
48.3027 1374 37.0675
48.4202 1494 38.6523
48.5378 1599 39.9875
48.6554 1628 40.3485
48.7729 1639 40.4846
48.8904 1692 41.1339
49.008 1716 41.4246
49.1255 1610 40.1248
49.243 1491 38.6135
49.3605 1409 37.5366
49.478 1355 36.8103
49.5955 1281 35.7911
49.713 1166 34.1467
49.8304 1227 35.0286
49.9479 1344 36.6606
50.0653 1447 38.0395
50.1827 1467 38.3014
50.3001 1602 40.025
50.4175 1537 39.2046
50.5348 1634 40.4228
50.6521 1654 40.6694
50.7694 1642 40.5216
50.8867 1651 40.6325
51.004 1504 38.7814
51.1212 1569 39.6106
51.2384 1569 39.6106
51.3556 1509 38.8458
51.4727 1461 38.223
51.5899 1388 37.2559
51.707 1383 37.1887
51.824 1505 38.7943
51.9411 1602 40.025
52.0581 1760 41.9524
52.175 1849 43
52.2919 1848 42.9884
52.4088 1924 43.8634
52.5257 1982 44.5197
52.6425 2019 44.9333
52.7593 2055 45.3321
52.876 1872 43.2666
52.9927 1881 43.3705
53.1094 1838 42.8719
53.226 1726 41.5452
53.3426 1627 40.3361
53.4591 1655 40.6817
53.5756 1646 40.5709
53.692 1628 40.3485
53.8084 1721 41.4849
53.9248 1696 41.1825
54.0411 1571 39.6358
54.1573 1513 38.8973
54.2735 0 1
54.3896 0 1
54.5057 0 1
54.6217 0 1
54.7377 0 1
54.8537 0 1
54.9695 0 1
55.0853 0 1
55.2011 0 1
55.3168 0 1
55.4324 0 1
57.824 0 1
57.9396 0 1
58.0553 0 1
58.1711 0 1
58.2869 0 1
58.4028 0 1
58.5187 0 1
58.6347 0 1
58.7508 0 1
58.8669 0 1
58.983 1275 35.7071
59.0992 1482 38.4968
59.2155 1582 39.7744
59.3318 1671 40.8779
59.4482 1744 41.7612
59.5646 1841 42.9069
59.681 1868 43.2204
59.7975 1887 43.4396
59.9141 1923 43.852
60.0306 1850 43.0116
60.1473 1841 42.9069
60.2639 1697 41.1947
60.3807 1700 41.2311
60.4974 1706 41.3038
60.6142 1744 41.7612
60.731 1871 43.2551
60.8479 2030 45.0555
60.9648 2058 45.3652
61.0818 2088 45.6946
61.1987 2144 46.3033
61.3158 1972 44.4072
61.4328 1932 43.9545
61.5499 1812 42.5676
61.667 1661 40.7554
61.7841 1606 40.0749
61.9013 1549 39.3573
62.0185 1574 39.6737
62.1357 1612 40.1497
62.253 1753 41.8688
62.3702 1929 43.9204
62.4875 1867 43.2088
62.6049 1975 44.441
62.7222 1986 44.5646
62.8396 2023 44.9778
62.9569 2003 44.7549
63.0743 1977 44.4635
63.1918 2004 44.7661
63.3092 1963 44.3058
63.4267 1926 43.8862
63.5441 1915 43.7607
63.6616 1767 42.0357
63.7791 1556 39.4462
63.8966 1573 39.6611
64.0142 1701 41.2432
64.1317 1701 41.2432
64.2492 1853 43.0465
64.3668 1972 44.4072
64.4843 1895 43.5316
64.6019 1979 44.486
64.7195 1970 44.3847
64.837 1954 44.2041
64.9546 1959 44.2606
65.0722 1836 42.8486
65.1898 1797 42.391
65.3074 1658 40.7185
65.4249 1526 39.064
65.5425 1495 38.6652
65.6601 1450 38.0789
65.7777 1513 38.8973
65.8952 1729 41.5812
66.0128 1803 42.4617
66.1304 1903 43.6234
66.2479 1821 42.6732
66.3655 1881 43.3705
66.483 1987 44.5758
66.6005 1878 43.3359
66.718 1921 43.8292
66.8355 1863 43.1625
66.953 1797 42.391
67.0705 1838 42.8719
67.1879 1789 42.2966
67.3054 1674 40.9145
67.4228 1512 38.8844
67.5402 1534 39.1663
67.6576 1613 40.1622
67.7749 1613 40.1622
67.8923 1703 41.2674
68.0096 1859 43.1161
68.1269 1988 44.587
68.2442 1909 43.6921
68.3614 1916 43.7721
68.4787 1887 43.4396
68.5958 1872 43.2666
68.713 1866 43.1972
68.8302 1667 40.8289
68.9473 1478 38.4448
69.0643 1458 38.1838
69.1814 1384 37.2022
69.2984 1413 37.5899
69.4154 1567 39.5854
69.5323 1559 39.4842
69.6492 1731 41.6053
69.7661 1711 41.3642
69.8829 1794 42.3556
69.9997 1781 42.2019
70.1165 1714 41.4005
70.2332 1685 41.0488
70.3499 1631 40.3856
70.4665 1600 40
70.5831 1462 38.2361
70.6996 1361 36.8917
70.8161 1341 36.6197
70.9326 1218 34.8999
71.049 1005 31.7017
71.1653 954 30.8869
71.2817 798 28.2489
71.3979 717 26.7769
71.5141 704 26.533
71.6303 727 26.9629
71.7464 642 25.3377
71.8624 0 1
71.9784 0 1
72.0944 0 1
72.2102 0 1
72.3261 0 1
72.4418 0 1
72.5575 0 1
72.6732 0 1
75.1054 0 1
75.2209 0 1
75.3365 0 1
75.4521 0 1
75.5678 0 1
75.6835 0 1
75.7993 0 1
75.9151 0 1
76.031 0 1
76.147 1193 34.5398
76.263 1155 33.9853
76.3791 1191 34.5109
76.4952 1259 35.4824
76.6113 1199 34.6266
76.7276 1321 36.3456
76.8438 1528 39.0896
76.9601 1607 40.0874
77.0765 1566 39.5727
77.1929 1674 40.9145
77.3093 1662 40.7676
77.4258 1715 41.4126
77.5423 1578 39.724
77.6589 1605 40.0625
77.7755 1422 37.7094
77.8921 1297 36.0139
78.0088 1228 35.0428
78.1256 1172 34.2345
78.2423 1128 33.5857
78.3591 1212 34.8138
78.4759 1419 37.6696
78.5928 1438 37.921
78.7097 1552 39.3954
78.8266 1576 39.6989
78.9436 1549 39.3573
79.0606 1629 40.3609
79.1776 1595 39.9375
79.2946 1651 40.6325
79.4117 1655 40.6817
79.5288 1629 40.3609
79.6459 1564 39.5474
79.7631 1516 38.9358
79.8802 1481 38.4838
79.9974 1515 38.923
80.1147 1288 35.8887
80.2319 1361 36.8917
80.3491 1415 37.6165
80.4664 1483 38.5097
80.5837 1565 39.5601
80.701 1693 41.1461
80.8183 1631 40.3856
80.9357 1715 41.4126
81.053 1675 40.9268
81.1704 1720 41.4729
81.2877 1636 40.4475
81.4051 1614 40.1746
81.5225 1441 37.9605
81.6399 1386 37.229
81.7573 1222 34.9571
81.8747 1160 34.0588
81.9922 1185 34.4238
82.1096 1283 35.819
82.227 1418 37.6563
82.3444 1576 39.6989
82.4619 1603 40.0375
82.5793 1708 41.328
82.6967 1591 39.8873
82.8142 1717 41.4367
82.9316 1708 41.328
83.049 1674 40.9145
83.1664 1764 42
83.2838 1705 41.2916
83.4012 1637 40.4599
83.5186 1645 40.5586
83.636 1550 39.37
83.7534 1449 38.0657
83.8708 1346 36.6879
83.9881 1308 36.1663
84.1055 1428 37.7889
84.2228 1470 38.3406
84.3401 1646 40.5709
84.4575 1725 41.5331
84.5747 1698 41.2068
84.692 1757 41.9166
84.8093 1818 42.638
84.9265 1699 41.2189
85.0437 1647 40.5832
85.1609 1488 38.5746
85.2781 1333 36.5103
85.3952 1276 35.7211
85.5123 1125 33.541
85.6294 1141 33.7787
85.7465 1400 37.4166
85.8636 1449 38.0657
85.9806 1550 39.37
86.0976 1590 39.8748
86.2145 1744 41.7612
86.3315 1713 41.3884
86.4484 1750 41.833
86.5652 1735 41.6533
86.682 1760 41.9524
86.7988 1671 40.8779
86.9156 1736 41.6653
87.0323 1621 40.2616
87.149 1605 40.0625
87.2657 1615 40.1871
87.3823 1364 36.9324
87.4988 1190 34.4964
87.6154 1157 34.0147
87.7318 1223 34.9714
87.8483 1339 36.5923
87.9647 1333 36.5103
88.081 1409 37.5366
88.1973 1334 36.524
88.3136 1263 35.5387
88.4298 1179 34.3366
88.546 1143 33.8083
88.6621 1000 31.6228
88.7781 779 27.9106
88.8942 0 1
89.0101 0 1
89.126 0 1
89.2419 0 1
89.3577 0 1
89.4734 0 1
89.5891 0 1
89.7047 0 1
89.8203 0 1
89.9358 0 1
92.3269 0 1
92.4424 0 1
92.558 0 1
92.6736 0 1
92.7893 0 1
92.905 0 1
93.0208 0 1
93.1366 0 1
93.2525 0 1
93.3685 0 1
93.4845 0 1
93.6005 1307 36.1525
93.7167 1406 37.4967
93.8328 1441 37.9605
93.949 1541 39.2556
94.0653 1559 39.4842
94.1816 1494 38.6523
94.2979 1476 38.4187
94.4143 1369 37
94.5307 1261 35.5106
94.6472 1230 35.0714
94.7637 1238 35.1852
94.8803 1347 36.7015
94.9969 1512 38.8844
95.1135 1631 40.3856
95.2302 1608 40.0999
95.3469 1706 41.3038
95.4637 1729 41.5812
95.5805 1763 41.9881
95.6973 1733 41.6293
95.8142 1789 42.2966
95.9311 1731 41.6053
96.048 1765 42.0119
96.1649 1656 40.694
96.2819 1724 41.5211
96.3989 1631 40.3856
96.516 1512 38.8844
96.633 1457 38.1707
96.7501 1415 37.6165
96.8673 1356 36.8239
96.9844 1500 38.7298
97.1016 1558 39.4715
97.2188 1701 41.2432
97.336 1814 42.5911
97.4532 1757 41.9166
97.5704 1800 42.4264
97.6877 1816 42.6146
97.805 1721 41.4849
97.9223 1586 39.8246
98.0396 1435 37.8814
98.1569 1317 36.2905
98.2743 1274 35.6931
98.3916 1232 35.0999
98.509 1355 36.8103
98.6264 1553 39.4081
98.7438 1627 40.3361
98.8612 1655 40.6817
98.9786 1765 42.0119
99.096 1727 41.5572
99.2134 1809 42.5323
99.3308 1858 43.1045
99.4482 1861 43.1393
99.5656 1915 43.7607
99.6831 1903 43.6234
99.8005 1823 42.6966
99.9179 1776 42.1426
100.035 1727 41.5572
100.153 1696 41.1825
100.27 1541 39.2556
100.388 1500 38.7298
100.505 1616 40.1995
100.622 1704 41.2795
100.74 1852 43.0349
100.857 1898 43.566
100.975 1865 43.1856
101.092 1896 43.5431
101.209 1975 44.441
101.327 1883 43.3935
101.444 1797 42.391
101.561 1583 39.7869
101.679 1473 38.3797
101.796 1386 37.229
101.913 1305 36.1248
102.03 1382 37.1753
102.148 1483 38.5097
102.265 1640 40.4969
102.382 1808 42.5206
102.499 1818 42.638
102.616 1930 43.9318
102.733 1932 43.9545
102.851 1966 44.3396
102.968 1957 44.238
103.085 1987 44.5758
103.202 1934 43.9773
103.319 1859 43.1161
103.436 1830 42.7785
103.552 1795 42.3674
103.669 1684 41.0366
103.786 1646 40.5709
103.903 1617 40.2119
104.02 1754 41.8808
104.137 1679 40.9756
104.253 1927 43.8976
104.37 1979 44.486
104.487 2053 45.31
104.603 2040 45.1664
104.72 2008 44.8107
104.836 1909 43.6921
104.953 1727 41.5572
105.069 1564 39.5474
105.186 1410 37.55
105.302 1288 35.8887
105.418 1203 34.6843
105.535 1219 34.9142
105.651 1257 35.4542
105.767 1304 36.1109
105.883 1207 34.7419
105.999 1261 35.5106
106.115 0 1
106.231 0 1
106.347 0 1
106.463 0 1
106.579 0 1
106.694 0 1
106.81 0 1
106.926 0 1
107.041 0 1
107.157 0 1
109.576 0 1
109.692 0 1
109.807 0 1
109.923 0 1
110.039 0 1
110.155 0 1
110.27 0 1
110.386 0 1
110.502 0 1
110.618 771 27.7669
110.735 1075 32.7872
110.851 1180 34.3511
110.967 1447 38.0395
111.083 1538 39.2173
111.199 1617 40.2119
111.316 1691 41.1218
111.432 1717 41.4367
111.549 1854 43.0581
111.665 1717 41.4367
111.782 1726 41.5452
111.898 1699 41.2189
112.015 1722 41.497
112.132 1599 39.9875
112.248 1524 39.0384
112.365 1521 39
112.482 1436 37.8946
112.599 1618 40.2244
112.716 1684 41.0366
112.832 1802 42.45
112.949 1886 43.4281
113.066 1836 42.8486
113.183 1832 42.8019
113.3 1835 42.8369
113.417 1802 42.45
113.534 1723 41.509
113.652 1572 39.6485
113.769 1424 37.7359
113.886 1259 35.4824
114.003 1256 35.4401
114.12 1398 37.3898
114.238 1513 38.8973
114.355 1621 40.2616
114.472 1549 39.3573
114.589 1786 42.2611
114.707 1769 42.0595
114.824 1774 42.1189
114.942 1874 43.2897
115.059 1882 43.382
115.176 1860 43.1277
115.294 1726 41.5452
115.411 1882 43.382
115.529 1784 42.2374
115.646 1816 42.6146
115.764 1613 40.1622
115.881 1553 39.4081
115.999 1547 39.3319
116.116 1552 39.3954
116.234 1659 40.7308
116.351 1773 42.107
116.469 1854 43.0581
116.586 1857 43.0929
116.704 1817 42.6263
116.821 1878 43.3359
116.939 1866 43.1972
117.056 1848 42.9884
117.174 1656 40.694
117.291 1458 38.1838
117.409 1368 36.9865
117.526 1313 36.2353
117.644 1225 35
117.761 1387 37.2424
117.879 1477 38.4318
117.996 1624 40.2989
118.114 1627 40.3361
118.231 1769 42.0595
118.349 1760 41.9524
118.466 1755 41.8927
118.584 1795 42.3674
118.701 1815 42.6028
118.819 1722 41.497
118.936 1759 41.9404
119.053 1731 41.6053
119.171 1628 40.3485
119.288 1661 40.7554
119.405 1595 39.9375
119.523 1485 38.5357
119.64 1482 38.4968
119.757 1496 38.6782
119.875 1551 39.3827
119.992 1609 40.1123
120.109 1704 41.2795
120.226 1730 41.5933
120.343 1817 42.6263
120.46 1792 42.332
120.578 1813 42.5793
120.695 1785 42.2493
120.812 1542 39.2683
120.929 1475 38.4057
121.046 1351 36.756
121.163 1251 35.3695
121.279 1182 34.3802
121.396 1220 34.9285
121.513 1360 36.8782
121.63 1305 36.1248
121.747 1417 37.6431
121.863 1410 37.55
121.98 1390 37.2827
122.097 1409 37.5366
122.213 1325 36.4005
122.33 1285 35.8469
122.446 1325 36.4005
122.563 1255 35.426
122.679 1142 33.7935
122.795 1109 33.3017
122.912 1020 31.9374
123.028 892 29.8664
123.144 826 28.7402
123.26 711 26.6646
123.377 0 1
123.493 0 1
123.609 0 1
123.725 0 1
123.84 0 1
123.956 0 1
124.072 0 1
124.188 0 1
124.303 0 1
124.419 0 1
126.852 0 1
126.968 0 1
127.083 0 1
127.199 0 1
127.315 0 1
127.431 0 1
127.547 0 1
127.663 0 1
127.779 0 1
127.895 0 1
128.011 0 1
128.127 0 1
128.243 0 1
128.359 1610 40.1248
128.476 1761 41.9643
128.592 1616 40.1995
128.708 1556 39.4462
128.825 1699 41.2189
128.941 1700 41.2311
129.058 1813 42.5793
129.174 1784 42.2374
129.291 1943 44.0795
129.408 1858 43.1045
129.524 1820 42.6615
129.641 1914 43.7493
129.758 1846 42.9651
129.875 1778 42.1663
129.992 1541 39.2556
130.108 1432 37.8418
130.225 1394 37.3363
130.342 1423 37.7227
130.459 1542 39.2683
130.576 1591 39.8873
130.693 1655 40.6817
130.81 1686 41.0609
130.928 1748 41.8091
131.045 1775 42.1307
131.162 1786 42.2611
131.279 1807 42.5088
131.396 1891 43.4856
131.513 1892 43.4971
131.631 1817 42.6263
131.748 1729 41.5812
131.865 1753 41.8688
131.983 1791 42.3202
132.1 1719 41.4608
132.217 1668 40.8412
132.335 1670 40.8656
132.452 1752 41.8569
132.57 1787 42.2729
132.687 1922 43.8406
132.804 1947 44.1248
132.922 1950 44.1588
133.039 1945 44.1022
133.157 1971 44.3959
133.274 1924 43.8634
133.392 1803 42.4617
133.509 1669 40.8534
133.627 1560 39.4968
133.744 1421 37.6962
133.862 1418 37.6563
133.979 1415 37.6165
134.097 1566 39.5727
134.214 1701 41.2432
134.332 1656 40.694
134.449 1741 41.7253
134.567 1790 42.3084
134.684 1919 43.8064
134.802 1921 43.8292
134.919 1944 44.0908
135.037 1917 43.7836
135.154 1814 42.5911
135.272 1844 42.9418
135.389 1737 41.6773
135.507 1793 42.3438
135.624 1661 40.7554
135.742 1649 40.6079
135.859 1683 41.0244
135.977 1728 41.5692
136.094 1825 42.72
136.211 1830 42.7785
136.329 1912 43.7264
136.446 1946 44.1135
136.564 1854 43.0581
136.681 1989 44.5982
136.798 1874 43.2897
136.915 1956 44.2267
137.033 1820 42.6615
137.15 1733 41.6293
137.267 1506 38.8072
137.384 1533 39.1535
137.502 1293 35.9583
137.619 1395 37.3497
137.736 1599 39.9875
137.853 1629 40.3609
137.97 1663 40.7799
138.087 1786 42.2611
138.204 1803 42.4617
138.321 1793 42.3438
138.438 1881 43.3705
138.555 1843 42.9302
138.672 1827 42.7434
138.788 1719 41.4608
138.905 1714 41.4005
139.022 1681 41
139.139 1498 38.704
139.255 1470 38.3406
139.372 1364 36.9324
139.488 1341 36.6197
139.605 1268 35.609
139.721 1261 35.5106
139.838 1284 35.8329
139.954 1222 34.9571
140.071 1185 34.4238
140.187 1101 33.1813
140.303 1047 32.3574
140.419 1018 31.9061
140.535 980 31.305
140.652 853 29.2062
140.768 0 1
140.884 0 1
141 0 1
141.115 0 1
141.231 0 1
141.347 0 1
141.463 0 1
141.578 0 1
141.694 0 1
144.104 0 1
144.219 0 1
144.335 0 1
144.45 0 1
144.566 0 1
144.682 0 1
144.798 0 1
144.914 0 1
145.03 0 1
145.146 1360 36.8782
145.262 1437 37.9078
145.378 1445 38.0132
145.494 1520 38.9872
145.61 1510 38.8587
145.726 1442 37.9737
145.842 1331 36.4829
145.959 1315 36.2629
146.075 1200 34.641
146.192 1155 33.9853
146.308 1195 34.5688
146.425 1196 34.5832
146.541 1277 35.7351
146.658 1370 37.0135
146.774 1306 36.1386
146.891 1274 35.6931
147.008 1403 37.4566
147.125 1391 37.2961
147.241 1426 37.7624
147.358 1441 37.9605
147.475 1398 37.3898
147.592 1480 38.4708
147.709 1351 36.756
147.826 1353 36.7831
147.943 1354 36.7967
148.06 1316 36.2767
148.177 1290 35.9166
148.294 1265 35.5668
148.411 1332 36.4966
148.528 1337 36.565
148.645 1423 37.7227
148.762 1465 38.2753
148.88 1516 38.9358
148.997 1459 38.1969
149.114 1523 39.0256
149.231 1575 39.6863
149.349 1477 38.4318
149.466 1385 37.2156
149.583 1351 36.756
149.701 1296 36
149.818 1180 34.3511
149.935 1135 33.6898
150.053 1121 33.4813
150.17 1154 33.9706
150.287 1237 35.171
150.405 1284 35.8329
150.522 1373 37.054
150.64 1350 36.7423
150.757 1402 37.4433
150.875 1321 36.3456
150.992 1354 36.7967
151.11 1477 38.4318
151.227 1427 37.7757
151.344 1391 37.2961
151.462 1359 36.8646
151.579 1285 35.8469
151.697 1221 34.9428
151.814 1251 35.3695
151.932 1259 35.4824
152.049 1303 36.0971
152.167 1339 36.5923
152.284 1300 36.0555
152.402 1390 37.2827
152.519 1390 37.2827
152.636 1434 37.8682
152.754 1394 37.3363
152.871 1428 37.7889
152.989 1416 37.6298
153.106 1304 36.1109
153.223 1233 35.1141
153.341 1268 35.609
153.458 1130 33.6155
153.575 1164 34.1174
153.693 1079 32.8481
153.81 1118 33.4365
153.927 1216 34.8712
154.044 1231 35.0856
154.162 1181 34.3657
154.279 1289 35.9026
154.396 1396 37.3631
154.513 1304 36.1109
154.63 1323 36.3731
154.747 1362 36.9053
154.864 1333 36.5103
154.981 1280 35.7771
155.098 1199 34.6266
155.215 1248 35.327
155.332 1191 34.5109
155.449 1164 34.1174
155.566 1148 33.8821
155.683 1197 34.5977
155.8 1130 33.6155
155.917 1282 35.805
156.033 1192 34.5254
156.15 0 1
156.267 0 1
156.383 0 1
156.5 0 1
156.617 0 1
156.733 0 1
156.85 0 1
156.966 0 1
157.082 0 1
157.199 0 1
157.315 0 1
157.431 0 1
157.547 0 1
157.664 0 1
157.78 0 1
157.896 0 1
158.012 0 1
158.128 0 1
158.244 0 1
158.359 0 1
158.475 0 1
158.591 0 1
158.706 0 1
