
6.15755 0 1
6.2731 0 1
6.3887 0 1
6.50437 0 1
6.62009 0 1
6.73587 0 1
6.8517 0 1
6.96759 0 1
7.08353 0 1
7.19952 0 1
7.31557 0 1
7.43166 0 1
7.54781 0 1
7.664 0 1
7.78024 0 1
7.89653 0 1
8.01286 0 1
8.12924 0 1
8.24567 0 1
8.36213 0 1
8.47864 0 1
8.59519 0 1
8.71178 0 1
8.82841 0 1
8.94508 0 1
9.06179 0 1
9.17853 0 1
9.29531 0 1
9.41212 0 1
9.52897 0 1
9.64584 0 1
9.76276 0 1
9.8797 0 1
9.99667 0 1
10.1137 0 1
10.2307 0 1
10.3478 0 1
10.4648 0 1
10.5819 0 1
10.6991 0 1
10.8162 0 1
10.9334 0 1
11.0506 0 1
11.1678 0 1
11.285 0 1
11.4023 0 1
11.5196 0 1
11.6369 0 1
11.7542 0 1
11.8715 0 1
11.9888 0 1
12.1062 0 1
12.2235 0 1
12.3409 0 1
12.4582 0 1
12.5756 0 1
12.693 0 1
12.8104 0 1
12.9278 0 1
13.0452 0 1
13.1626 0 1
13.28 0 1
13.3974 0 1
13.5149 0 1
13.6323 0 1
13.7497 0 1
13.8671 0 1
13.9845 0 1
14.1019 0 1
14.2193 0 1
14.3367 0 1
14.4541 0 1
14.5714 0 1
14.6888 0 1
14.8062 0 1
14.9235 0 1
15.0408 67782 260.35
15.1581 71330 267.077
15.2755 73343 270.819
15.3927 75027 273.911
15.51 75351 274.501
15.6273 75296 274.401
15.7445 75045 273.943
15.8617 73522 271.149
15.9789 71104 266.653
16.0961 72282 268.853
16.2132 73577 271.251
16.3304 77150 277.759
16.4475 79794 282.478
16.5646 82015 286.383
16.6816 83204 288.451
16.7986 81705 285.841
16.9156 82710 287.593
17.0326 83111 288.29
17.1496 82644 287.479
17.2665 81165 284.895
17.3833 78689 280.516
17.5002 74664 273.247
17.617 71565 267.516
17.7338 69067 262.806
17.8505 69125 262.916
17.9672 72329 268.941
18.0839 75977 275.639
18.2005 79912 282.687
18.3171 80759 284.181
18.4337 82065 286.47
18.5502 84397 290.512
18.6666 85456 292.329
18.7831 85983 293.229
18.8994 86215 293.624
19.0158 83938 289.721
19.1321 82290 286.862
19.2483 79734 282.372
19.3645 77336 278.094
19.4806 75254 274.325
19.5967 72665 269.564
19.7128 73852 271.757
19.8288 74924 273.722
19.9447 71684 267.739
20.0606 0 1
20.1764 0 1
20.2922 0 1
20.4079 0 1
20.5236 0 1
20.6392 0 1
20.7548 0 1
20.8702 0 1
23.3078 0 1
23.4233 0 1
23.539 0 1
23.6547 0 1
23.7704 0 1
23.8862 0 1
24.0021 0 1
24.118 0 1
24.234 0 1
24.35 0 1
24.4661 76870 277.254
24.5822 74450 272.855
24.6984 74685 273.286
24.8146 76686 276.922
24.9309 78899 280.89
25.0472 83087 288.248
25.1636 84851 291.292
25.28 86030 293.309
25.3965 86713 294.471
25.513 87047 295.037
25.6296 89029 298.377
25.7462 88502 297.493
25.8628 87493 295.792
25.9795 85267 292.005
26.0962 80601 283.903
26.213 75684 275.107
26.3298 73565 271.229
26.4466 72235 268.766
26.5635 75016 273.89
26.6804 79259 281.53
26.7973 82280 286.845
26.9143 83946 289.734
27.0313 84260 290.276
27.1483 86889 294.769
27.2653 87491 295.789
27.3824 88159 296.916
27.4996 87822 296.348
27.6167 86047 293.338
27.7339 84421 290.553
27.8511 82496 287.221
27.9683 80530 283.778
28.0855 77930 279.159
28.2028 76207 276.056
28.3201 76243 276.121
28.4374 77793 278.914
28.5547 80640 283.972
28.6721 84325 290.388
28.7894 86321 293.804
28.9068 87041 295.027
29.0242 86011 293.276
29.1416 85172 291.842
29.259 85120 291.753
29.3764 84320 290.379
29.4939 80430 283.602
29.6113 75849 275.407
29.7288 71236 266.901
29.8463 68346 261.431
29.9638 67787 260.359
30.0812 69282 263.215
30.1987 73906 271.857
30.3162 76967 277.429
30.4337 78638 280.425
30.5512 80286 283.348
30.6687 81012 284.626
30.7862 83448 288.874
30.9037 82662 287.51
31.0212 83770 289.43
31.1387 83516 288.991
31.2562 82327 286.927
31.3737 81417 285.337
31.4912 79613 282.158
31.6087 77745 278.828
31.7262 74546 273.031
31.8436 73942 271.923
31.9611 74874 273.631
32.0785 78505 280.187
32.1959 82216 286.733
32.3134 83357 288.716
32.4308 83836 289.544
32.5482 83658 289.237
32.6655 83721 289.346
32.7829 83313 288.64
32.9002 82644 287.479
33.0176 81871 286.131
33.1349 80091 283.004
33.2522 75281 274.374
33.3694 69882 264.352
33.4867 66957 258.761
33.6039 65486 255.902
33.7211 65655 256.232
33.8383 69307 263.262
33.9554 72627 269.494
34.0725 74993 273.848
34.1896 76197 276.038
34.3067 77352 278.122
34.4237 78461 280.109
34.5407 78985 281.043
34.6577 79834 282.549
34.7746 79401 281.782
34.8915 78585 280.33
35.0084 78084 279.435
35.1252 76864 277.244
35.242 75484 274.744
35.3587 72829 269.868
35.4755 70605 265.716
35.5921 70602 265.71
35.7088 72672 269.577
35.8254 74967 273.801
35.9419 78644 280.435
36.0584 79790 282.471
36.1749 80814 284.278
36.2913 80267 283.314
36.4077 79939 282.735
36.524 79052 281.162
36.6403 78848 280.799
36.7565 77191 277.833
36.8727 72504 269.266
36.9889 67521 259.848
37.1049 64197 253.371
37.221 0 1
37.3369 0 1
37.4529 0 1
37.5687 0 1
37.6845 0 1
37.8003 0 1
37.916 0 1
38.0316 0 1
38.1472 0 1
40.5851 0 1
40.7008 0 1
40.8164 0 1
40.9322 0 1
41.048 0 1
41.1639 0 1
41.2798 0 1
41.3958 0 1
41.5118 0 1
41.6279 0 1
41.744 62638 250.276
41.8602 65980 256.866
41.9765 65195 255.333
42.0928 62371 249.742
42.2091 57780 240.375
42.3255 54698 233.876
42.4419 52066 228.18
42.5584 51068 225.982
42.675 52463 229.048
42.7915 55657 235.917
42.9081 57755 240.323
43.0248 59000 242.899
43.1415 59875 244.694
43.2582 59629 244.19
43.375 60640 246.252
43.4918 60971 246.923
43.6087 60876 246.731
43.7256 60080 245.112
43.8425 59306 243.528
43.9595 57388 239.558
44.0765 56079 236.81
44.1935 53958 232.289
44.3106 51416 226.751
44.4277 49153 221.705
44.5448 49820 223.204
44.6619 50743 225.262
44.7791 51889 227.792
44.8963 52907 230.015
45.0136 52397 228.904
45.1308 51514 226.967
45.2481 51228 226.336
45.3654 50225 224.109
45.4827 49249 221.921
45.6001 47916 218.897
45.7174 44752 211.547
45.8348 42090 205.158
45.9522 39911 199.777
46.0697 38213 195.481
46.1871 37495 193.636
46.3046 39647 199.116
46.422 41102 202.736
46.5395 42213 205.458
46.657 42951 207.246
46.7745 43080 207.557
46.892 43392 208.307
47.0096 43373 208.262
47.1271 44422 210.765
47.2446 44189 210.212
47.3622 43607 208.823
47.4797 42645 206.507
47.5973 41346 203.337
47.7149 40401 201
47.8324 38829 197.051
47.95 37223 192.933
48.0675 37192 192.852
48.1851 37554 193.789
48.3027 38832 197.058
48.4202 40408 201.017
48.5378 41330 203.298
48.6554 41089 202.704
48.7729 41477 203.659
48.8904 40939 202.334
49.008 40824 202.049
49.1255 39698 199.244
49.243 37751 194.296
49.3605 36350 190.657
49.478 34754 186.424
49.5955 33941 184.231
49.713 33922 184.179
49.8304 35744 189.061
49.9479 38510 196.24
50.0653 40643 201.601
50.1827 42456 206.049
50.3001 43783 209.244
50.4175 44834 211.74
50.5348 45557 213.441
50.6521 47307 217.502
50.7694 48520 220.273
50.8867 49405 222.272
51.004 49839 223.247
51.1212 50744 225.264
51.2384 50458 224.629
51.3556 50253 224.172
51.4727 49404 222.27
51.5899 49752 223.052
51.707 52185 228.44
51.824 55750 236.114
51.9411 59395 243.711
52.0581 60691 246.355
52.175 61570 248.133
52.2919 63152 251.301
52.4088 63833 252.652
52.5257 65504 255.937
52.6425 64819 254.596
52.7593 63430 251.853
52.876 60210 245.377
52.9927 56623 237.956
53.1094 54744 233.974
53.226 52781 229.741
53.3426 53614 231.547
53.4591 57183 239.13
53.5756 62110 249.219
53.692 66072 257.045
53.8084 68847 262.387
53.9248 70869 266.212
54.0411 72131 268.572
54.1573 73346 270.825
54.2735 0 1
54.3896 0 1
54.5057 0 1
54.6217 0 1
54.7377 0 1
54.8537 0 1
54.9695 0 1
55.0853 0 1
55.2011 0 1
55.3168 0 1
55.4324 0 1
57.824 0 1
57.9396 0 1
58.0553 0 1
58.1711 0 1
58.2869 0 1
58.4028 0 1
58.5187 0 1
58.6347 0 1
58.7508 0 1
58.8669 0 1
58.983 84745 291.11
59.0992 90716 301.191
59.2155 92682 304.437
59.3318 94564 307.513
59.4482 97177 311.732
59.5646 97725 312.61
59.681 98420 313.72
59.7975 99099 314.8
59.9141 96974 311.406
60.0306 95733 309.407
60.1473 92953 304.882
60.2639 90291 300.485
60.3807 90866 301.44
60.4974 92070 303.43
60.6142 96987 311.427
60.731 100641 317.24
60.8479 101969 319.326
60.9648 103080 321.061
61.0818 102529 320.201
61.1987 101354 318.361
61.3158 99908 316.082
61.4328 96999 311.447
61.5499 90303 300.505
61.667 84507 290.701
61.7841 79419 281.814
61.9013 76371 276.353
62.0185 76212 276.065
62.1357 79327 281.65
62.253 83413 288.813
62.3702 87855 296.403
62.4875 89760 299.6
62.6049 91354 302.248
62.7222 91367 302.27
62.8396 93531 305.828
62.9569 94219 306.951
63.0743 93399 305.612
63.1918 92839 304.695
63.3092 91770 302.936
63.4267 90025 300.042
63.5441 87315 295.491
63.6616 84544 290.765
63.7791 80404 283.556
63.8966 79015 281.096
64.0142 80250 283.284
64.1317 82846 287.83
64.2492 84816 291.232
64.3668 86020 293.292
64.4843 86064 293.367
64.6019 84938 291.441
64.7195 83708 289.323
64.837 82447 287.136
64.9546 80309 283.388
65.0722 76874 277.262
65.1898 70351 265.238
65.3074 66656 258.178
65.4249 61030 247.043
65.5425 59833 244.608
65.6601 59238 243.389
65.7777 62681 250.362
65.8952 67030 258.902
66.0128 69904 264.394
66.1304 72093 268.501
66.2479 73317 270.771
66.3655 74099 272.211
66.483 75347 274.494
66.6005 76023 275.723
66.718 76794 277.117
66.8355 77063 277.602
66.953 76504 276.594
67.0705 74948 273.766
67.1879 73279 270.701
67.3054 70840 266.158
67.4228 68499 261.723
67.5402 67425 259.663
67.6576 68323 261.387
67.7749 70695 265.885
67.8923 75694 275.125
68.0096 77026 277.536
68.1269 77061 277.599
68.2442 77541 278.462
68.3614 77081 277.635
68.4787 76888 277.287
68.5958 76326 276.272
68.713 74394 272.753
68.8302 69858 264.307
68.9473 64988 254.927
69.0643 61602 248.198
69.1814 59060 243.023
69.2984 57975 240.78
69.4154 61255 247.497
69.5323 66222 257.336
69.6492 70328 265.194
69.7661 72597 269.438
69.8829 74146 272.298
69.9997 76258 276.149
70.1165 77604 278.575
70.2332 78609 280.373
70.3499 79237 281.491
70.4665 80426 283.595
70.5831 80257 283.297
70.6996 79509 281.973
70.8161 78242 279.718
70.9326 76703 276.953
71.049 73612 271.315
71.1653 70357 265.249
71.2817 68754 262.21
71.3979 69964 264.507
71.5141 71536 267.462
71.6303 74197 272.391
71.7464 72956 270.104
71.8624 0 1
71.9784 0 1
72.0944 0 1
72.2102 0 1
72.3261 0 1
72.4418 0 1
72.5575 0 1
72.6732 0 1
75.1054 0 1
75.2209 0 1
75.3365 0 1
75.4521 0 1
75.5678 0 1
75.6835 0 1
75.7993 0 1
75.9151 0 1
76.031 0 1
76.147 70200 264.953
76.263 72610 269.462
76.3791 70579 265.667
76.4952 69076 262.823
76.6113 71996 268.321
76.7276 75905 275.509
76.8438 80034 282.903
76.9601 81230 285.009
77.0765 81655 285.753
77.1929 80826 284.299
77.3093 80287 283.35
77.4258 80118 283.051
77.5423 79240 281.496
77.6589 74700 273.313
77.7755 69251 263.156
77.8921 64005 252.992
78.0088 60686 246.345
78.1256 58129 241.1
78.2423 56371 237.426
78.3591 59131 243.169
78.4759 64292 253.559
78.5928 67916 260.607
78.7097 70793 266.07
78.8266 71304 267.028
78.9436 76929 277.361
79.0606 75973 275.632
79.1776 76982 277.456
79.2946 77195 277.84
79.4117 78204 279.65
79.5288 77473 278.34
79.6459 77439 278.279
79.7631 76035 275.744
79.8802 73738 271.547
79.9974 70101 264.766
80.1147 67938 260.649
80.2319 69063 262.798
80.3491 72171 268.647
80.4664 76527 276.635
80.5837 78250 279.732
80.701 78700 280.535
80.8183 78997 281.064
80.9357 78549 280.266
81.053 77574 278.521
81.1704 77916 279.134
81.2877 77445 278.289
81.4051 72608 269.459
81.5225 67260 259.345
81.6399 61136 247.257
81.7573 59568 244.066
81.8747 55965 236.569
81.9922 56966 238.676
82.1096 62736 250.472
82.227 67473 259.756
82.3444 70305 265.151
82.4619 73603 271.299
82.5793 76262 276.156
82.6967 75904 275.507
82.8142 76864 277.244
82.9316 77636 278.632
83.049 78973 281.021
83.1664 79089 281.228
83.2838 78194 279.632
83.4012 77260 277.957
83.5186 75489 274.753
83.636 73187 270.531
83.7534 69519 263.665
83.8708 69613 263.843
83.9881 72576 269.399
84.1055 76601 276.769
84.2228 81317 285.161
84.3401 81676 285.79
84.4575 82671 287.526
84.5747 81845 286.086
84.692 82144 286.608
84.8093 82107 286.543
84.9265 79607 282.147
85.0437 74042 272.107
85.1609 67156 259.145
85.2781 63585 252.161
85.3952 60604 246.179
85.5123 59257 243.428
85.6294 61794 248.584
85.7465 68050 260.864
85.8636 73069 270.313
85.9806 76563 276.7
86.0976 79095 281.238
86.2145 81747 285.914
86.3315 82641 287.473
86.4484 84884 291.349
86.5652 85933 293.143
86.682 85611 292.594
86.7988 85932 293.142
86.9156 85075 291.676
87.0323 83859 289.584
87.149 81332 285.188
87.2657 78916 280.92
87.3823 76333 276.284
87.4988 77234 277.91
87.6154 80816 284.282
87.7318 85409 292.248
87.8483 87984 296.621
87.9647 88360 297.254
88.081 88052 296.736
88.1973 88414 297.345
88.3136 87818 296.341
88.4298 87193 295.285
88.546 83569 289.083
88.6621 77387 278.185
88.7781 70424 265.375
88.8942 0 1
89.0101 0 1
89.126 0 1
89.2419 0 1
89.3577 0 1
89.4734 0 1
89.5891 0 1
89.7047 0 1
89.8203 0 1
89.9358 0 1
92.3269 0 1
92.4424 0 1
92.558 0 1
92.6736 0 1
92.7893 0 1
92.905 0 1
93.0208 0 1
93.1366 0 1
93.2525 0 1
93.3685 0 1
93.4845 0 1
93.6005 81342 285.205
93.7167 80693 284.065
93.8328 78490 280.161
93.949 73512 271.131
94.0653 68997 262.673
94.1816 64629 254.222
94.2979 61145 247.275
94.4143 60368 245.699
94.5307 62264 249.528
94.6472 66688 258.24
94.7637 72158 268.622
94.8803 75425 274.636
94.9969 78462 280.111
95.1135 80111 283.039
95.2302 80619 283.935
95.3469 82251 286.794
95.4637 83455 288.886
95.5805 84038 289.893
95.6973 84619 290.893
95.8142 85102 291.722
95.9311 83725 289.353
96.048 82303 286.885
96.1649 81021 284.642
96.2819 78202 279.646
96.3989 75435 274.654
96.516 75476 274.729
96.633 77348 278.115
96.7501 81082 284.749
96.8673 83689 289.291
96.9844 85504 292.411
97.1016 85585 292.549
97.2188 84878 291.338
97.336 85184 291.863
97.4532 83111 288.29
97.5704 80598 283.898
97.6877 75866 275.438
97.805 69762 264.125
97.9223 64471 253.911
98.0396 60770 246.516
98.1569 58919 242.732
98.2743 60799 246.575
98.3916 65884 256.679
98.509 71139 266.719
98.6264 74927 273.728
98.7438 76528 276.637
98.8612 78813 280.737
98.9786 79796 282.482
99.096 79790 282.471
99.2134 81343 285.207
99.3308 80818 284.285
99.4482 81318 285.163
99.5656 80084 282.991
99.6831 78426 280.046
99.8005 77600 278.568
99.9179 75021 273.9
100.035 72180 268.663
100.153 71565 267.516
100.27 73303 270.745
100.388 76987 277.465
100.505 79834 282.549
100.622 81211 284.975
100.74 81160 284.886
100.857 80870 284.377
100.975 80953 284.522
101.092 79527 282.005
101.209 78437 280.066
101.327 74444 272.844
101.444 68916 262.519
101.561 63967 252.917
101.679 60313 245.587
101.796 58277 241.406
101.913 61163 247.312
102.03 66928 258.704
102.148 71894 268.131
102.265 70179 264.913
102.382 83888 289.634
102.499 79641 282.207
102.616 80646 283.982
102.733 82305 286.888
102.851 81576 285.615
102.968 83249 288.529
103.085 82423 287.094
103.202 81443 285.382
103.319 79937 282.731
103.436 78418 280.032
103.552 75191 274.21
103.669 73038 270.255
103.786 75133 274.104
103.903 77635 278.631
104.02 81438 285.373
104.137 82593 287.39
104.253 82950 288.01
104.37 83113 288.293
104.487 83000 288.097
104.603 82375 287.01
104.72 80089 283
104.836 75270 274.354
104.953 69681 263.972
105.069 64614 254.193
105.186 60660 246.293
105.302 60287 245.534
105.418 62930 250.859
105.535 68190 261.132
105.651 72876 269.956
105.767 75657 275.058
105.883 77081 277.635
105.999 79034 281.13
106.115 0 1
106.231 0 1
106.347 0 1
106.463 0 1
106.579 0 1
106.694 0 1
106.81 0 1
106.926 0 1
107.041 0 1
107.157 0 1
109.576 0 1
109.692 0 1
109.807 0 1
109.923 0 1
110.039 0 1
110.155 0 1
110.27 0 1
110.386 0 1
110.502 0 1
110.618 60000 244.949
110.735 65240 255.421
110.851 68273 261.291
110.967 71159 266.756
111.083 72387 269.048
111.199 73834 271.724
111.316 74217 272.428
111.432 75264 274.343
111.549 74704 273.32
111.665 73593 271.28
111.782 73208 270.57
111.898 70845 266.167
112.015 68605 261.926
112.132 65819 256.552
112.248 64396 253.764
112.365 65288 255.515
112.482 69120 262.907
112.599 69678 263.966
112.716 72317 268.918
112.832 72666 269.566
112.949 71482 267.361
113.066 71109 266.663
113.183 71063 266.576
113.3 68953 262.589
113.417 65153 255.251
113.534 59619 244.17
113.652 56390 237.466
113.769 53348 230.972
113.886 50769 225.32
114.003 52166 228.399
114.12 55484 235.55
114.238 58601 242.076
114.355 61055 247.093
114.472 63925 252.834
114.589 62843 250.685
114.707 64876 254.708
114.824 64875 254.706
114.942 65336 255.609
115.059 65137 255.22
115.176 64480 253.929
115.294 62764 250.527
115.411 61316 247.621
115.529 59107 243.119
115.646 57129 239.017
115.764 54190 232.787
115.881 53862 232.082
115.999 54393 233.223
116.116 56667 238.048
116.234 58858 242.607
116.351 59474 243.873
116.469 58631 242.138
116.586 58515 241.899
116.704 58394 241.649
116.821 57576 239.95
116.939 56141 236.941
117.056 52405 228.921
117.174 48590 220.431
117.291 46306 215.188
117.409 44360 210.618
117.526 43386 208.293
117.644 45822 214.061
117.761 47799 218.63
117.879 50356 224.401
117.996 51742 227.469
118.114 54198 232.805
118.231 55742 236.097
118.349 56286 237.247
118.466 56739 238.199
118.584 58010 240.853
118.701 57718 240.246
118.819 57819 240.456
118.936 57076 238.906
119.053 56043 236.734
119.171 55230 235.011
119.288 53578 231.469
119.405 51696 227.368
119.523 51484 226.901
119.64 53056 230.339
119.757 55326 235.215
119.875 57831 240.481
119.992 59215 243.341
120.109 60357 245.677
120.226 59564 244.057
120.343 60149 245.253
120.46 61025 247.032
120.578 60170 245.296
120.695 57670 240.146
120.812 54011 232.403
120.929 51401 226.718
121.046 49287 222.007
121.163 48158 219.449
121.279 49034 221.436
121.396 51708 227.394
121.513 54371 233.176
121.63 56520 237.739
121.747 59201 243.313
121.863 61057 247.097
121.98 63127 251.251
122.097 63953 252.889
122.213 64734 254.429
122.33 65820 256.554
122.446 65724 256.367
122.563 65178 255.3
122.679 64931 254.816
122.795 63795 252.577
122.912 63762 252.511
123.028 61467 247.925
123.144 58537 241.944
123.26 57122 239.002
123.377 0 1
123.493 0 1
123.609 0 1
123.725 0 1
123.84 0 1
123.956 0 1
124.072 0 1
124.188 0 1
124.303 0 1
124.419 0 1
126.852 0 1
126.968 0 1
127.083 0 1
127.199 0 1
127.315 0 1
127.431 0 1
127.547 0 1
127.663 0 1
127.779 0 1
127.895 0 1
128.011 0 1
128.127 0 1
128.243 0 1
128.359 70537 265.588
128.476 67309 259.44
128.592 65366 255.668
128.708 66030 256.963
128.825 68816 262.328
128.941 72403 269.078
129.058 75265 274.345
129.174 75502 274.776
129.291 75492 274.758
129.408 75336 274.474
129.524 74852 273.591
129.641 73516 271.138
129.758 69767 264.134
129.875 65174 255.292
129.992 61436 247.863
130.108 59160 243.228
130.225 56475 237.645
130.342 58134 241.11
130.459 61369 247.728
130.576 62984 250.966
130.693 64132 253.243
130.81 65028 255.006
130.928 65838 256.589
131.045 68579 261.876
131.162 69292 263.234
131.279 70109 264.781
131.396 69959 264.498
131.513 69264 263.181
131.631 68514 261.752
131.748 67087 259.012
131.865 66257 257.404
131.983 62815 250.629
132.1 59595 244.121
132.217 59431 243.785
132.335 60603 246.177
132.452 63118 251.233
132.57 65566 256.059
132.687 64433 253.837
132.804 67580 259.962
132.922 65345 255.627
133.039 64698 254.358
133.157 64161 253.3
133.274 61036 247.055
133.392 57410 239.604
133.509 53767 231.877
133.627 51085 226.02
133.744 48932 221.206
133.862 48734 220.758
133.979 50852 225.504
134.097 53051 230.328
134.214 54627 233.724
134.332 53761 231.864
134.449 54335 233.099
134.567 55178 234.9
134.684 56331 237.342
134.802 57126 239.01
134.919 56560 237.823
135.037 56456 237.605
135.154 54821 234.139
135.272 53652 231.629
135.389 53731 231.799
135.507 51322 226.544
135.624 48525 220.284
135.742 46959 216.7
135.859 46800 216.333
135.977 47561 218.085
136.094 49551 222.601
136.211 51169 226.206
136.329 50592 224.927
136.446 50453 224.617
136.564 50531 224.791
136.681 49580 222.666
136.798 49709 222.955
136.915 47324 217.541
137.033 44710 211.447
137.15 42579 206.347
137.267 40621 201.547
137.384 39389 198.467
137.502 39802 199.504
137.619 41922 204.749
137.736 44371 210.644
137.853 44720 211.471
137.97 46271 215.107
138.087 47056 216.924
138.204 48058 219.221
138.321 50071 223.766
138.438 51548 227.042
138.555 52345 228.79
138.672 52358 228.819
138.788 52762 229.7
138.905 52383 228.873
139.022 51557 227.062
139.139 50690 225.144
139.255 48892 221.115
139.372 47935 218.941
139.488 48598 220.45
139.605 51121 226.1
139.721 53316 230.903
139.838 56401 237.489
139.954 56588 237.882
140.071 56051 236.751
140.187 58341 241.539
140.303 57653 240.11
140.419 57518 239.829
140.535 56354 237.39
140.652 52742 229.656
140.768 0 1
140.884 0 1
141 0 1
141.115 0 1
141.231 0 1
141.347 0 1
141.463 0 1
141.578 0 1
141.694 0 1
144.104 0 1
144.219 0 1
144.335 0 1
144.45 0 1
144.566 0 1
144.682 0 1
144.798 0 1
144.914 0 1
145.03 0 1
145.146 50035 223.685
145.262 51268 226.424
145.378 50758 225.295
145.494 50466 224.646
145.61 49695 222.924
145.726 47115 217.06
145.842 44750 211.542
145.959 42726 206.703
146.075 41163 202.887
146.192 39813 199.532
146.308 39796 199.489
146.425 41150 202.855
146.541 42757 206.778
146.658 43192 207.827
146.774 43924 209.581
146.891 44255 210.369
147.008 44000 209.762
147.125 44460 210.855
147.241 44548 211.064
147.358 44589 211.161
147.475 44258 210.376
147.592 43434 208.408
147.709 42556 206.291
147.826 41453 203.6
147.943 40127 200.317
148.06 38313 195.737
148.177 37666 194.077
148.294 38249 195.574
148.411 39332 198.323
148.528 40540 201.345
148.645 41139 202.828
148.762 41243 203.084
148.88 41172 202.909
148.997 42276 205.611
149.114 38890 197.205
149.231 39898 199.745
149.349 37881 194.63
149.466 36681 191.523
149.583 34474 185.672
149.701 33197 182.2
149.818 33092 181.912
149.935 33042 181.775
150.053 34684 186.236
150.17 35665 188.852
150.287 36645 191.429
150.405 37313 193.166
150.522 38596 196.459
150.64 38898 197.226
150.757 39117 197.78
150.875 39315 198.28
150.992 39006 197.499
151.11 39859 199.647
151.227 39193 197.972
151.344 38701 196.726
151.462 38006 194.951
151.579 37179 192.819
151.697 36105 190.013
151.814 36221 190.318
151.932 36842 191.943
152.049 38337 195.798
152.167 39813 199.532
152.284 41202 202.983
152.402 41819 204.497
152.519 42243 205.531
152.636 42714 206.674
152.754 42661 206.545
152.871 42060 205.085
152.989 40171 200.427
153.106 39210 198.015
153.223 37323 193.192
153.341 36152 190.137
153.458 35947 189.597
153.575 36604 191.322
153.693 38588 196.438
153.81 40118 200.295
153.927 41121 202.783
154.044 42497 206.148
154.162 43591 208.785
154.279 44816 211.698
154.396 46037 214.562
154.513 46533 215.715
154.63 47244 217.357
154.747 47380 217.669
154.864 47467 217.869
154.981 46863 216.479
155.098 46367 215.33
155.215 45430 213.143
155.332 44306 210.49
155.449 44359 210.616
155.566 45894 214.229
155.683 47810 218.655
155.8 49270 221.968
155.917 50669 225.098
156.033 51108 226.071
156.15 0 1
156.267 0 1
156.383 0 1
156.5 0 1
156.617 0 1
156.733 0 1
156.85 0 1
156.966 0 1
157.082 0 1
157.199 0 1
157.315 0 1
157.431 0 1
157.547 0 1
157.664 0 1
157.78 0 1
157.896 0 1
158.012 0 1
158.128 0 1
158.244 0 1
158.359 0 1
158.475 0 1
158.591 0 1
158.706 0 1
