
6.15755 0 1
6.2731 0 1
6.3887 0 1
6.50437 0 1
6.62009 0 1
6.73587 0 1
6.8517 0 1
6.96759 0 1
7.08353 0 1
7.19952 0 1
7.31557 0 1
7.43166 0 1
7.54781 0 1
7.664 0 1
7.78024 0 1
7.89653 0 1
8.01286 0 1
8.12924 0 1
8.24567 0 1
8.36213 0 1
8.47864 0 1
8.59519 0 1
8.71178 0 1
8.82841 0 1
8.94508 0 1
9.06179 0 1
9.17853 0 1
9.29531 0 1
9.41212 0 1
9.52897 0 1
9.64584 0 1
9.76276 0 1
9.8797 0 1
9.99667 0 1
10.1137 0 1
10.2307 0 1
10.3478 0 1
10.4648 0 1
10.5819 0 1
10.6991 0 1
10.8162 0 1
10.9334 0 1
11.0506 0 1
11.1678 0 1
11.285 0 1
11.4023 0 1
11.5196 0 1
11.6369 0 1
11.7542 0 1
11.8715 0 1
11.9888 0 1
12.1062 0 1
12.2235 0 1
12.3409 0 1
12.4582 0 1
12.5756 0 1
12.693 0 1
12.8104 0 1
12.9278 0 1
13.0452 0 1
13.1626 0 1
13.28 0 1
13.3974 0 1
13.5149 0 1
13.6323 0 1
13.7497 0 1
13.8671 0 1
13.9845 0 1
14.1019 0 1
14.2193 0 1
14.3367 0 1
14.4541 0 1
14.5714 0 1
14.6888 0 1
14.8062 0 1
14.9235 0 1
15.0408 1598 39.975
15.1581 1755 41.8927
15.2755 1816 42.6146
15.3927 1892 43.4971
15.51 1873 43.2782
15.6273 1857 43.0929
15.7445 1932 43.9545
15.8617 1878 43.3359
15.9789 1817 42.6263
16.0961 1838 42.8719
16.2132 1856 43.0813
16.3304 1905 43.6463
16.4475 1997 44.6878
16.5646 2022 44.9667
16.6816 2023 44.9778
16.7986 2237 47.2969
16.9156 2213 47.0425
17.0326 2181 46.7012
17.1496 2243 47.3603
17.2665 2107 45.9021
17.3833 2239 47.3181
17.5002 2119 46.0326
17.617 2028 45.0333
17.7338 2070 45.4973
17.8505 1943 44.0795
17.9672 1925 43.8748
18.0839 1902 43.6119
18.2005 1997 44.6878
18.3171 1990 44.6094
18.4337 1969 44.3734
18.5502 2024 44.9889
18.6666 2257 47.5079
18.7831 2170 46.5833
18.8994 2115 45.9891
19.0158 2202 46.9255
19.1321 2137 46.2277
19.2483 1952 44.1814
19.3645 1903 43.6234
19.4806 1717 41.4367
19.5967 1573 39.6611
19.7128 1478 38.4448
19.8288 1557 39.4588
19.9447 1338 36.5787
20.0606 0 1
20.1764 0 1
20.2922 0 1
20.4079 0 1
20.5236 0 1
20.6392 0 1
20.7548 0 1
20.8702 0 1
23.3078 0 1
23.4233 0 1
23.539 0 1
23.6547 0 1
23.7704 0 1
23.8862 0 1
24.0021 0 1
24.118 0 1
24.234 0 1
24.35 0 1
24.4661 869 29.4788
24.5822 1069 32.6956
24.6984 1225 35
24.8146 1321 36.3456
24.9309 1415 37.6165
25.0472 1597 39.9625
25.1636 1825 42.72
25.28 1885 43.4166
25.3965 2058 45.3652
25.513 2203 46.9361
25.6296 2235 47.2758
25.7462 2383 48.816
25.8628 2414 49.1325
25.9795 2368 48.6621
26.0962 2343 48.4045
26.213 2165 46.5296
26.3298 2227 47.1911
26.4466 2072 45.5192
26.5635 1989 44.5982
26.6804 2051 45.288
26.7973 2086 45.6727
26.9143 2063 45.4203
27.0313 2064 45.4313
27.1483 2205 46.9574
27.2653 2287 47.8226
27.3824 2134 46.1952
27.4996 2143 46.2925
27.6167 2287 47.8226
27.7339 2211 47.0213
27.8511 2147 46.3357
27.9683 2084 45.6508
28.0855 2026 45.0111
28.2028 1967 44.3509
28.3201 1936 44
28.4374 1896 43.5431
28.5547 1886 43.4281
28.6721 1982 44.5197
28.7894 2086 45.6727
28.9068 2194 46.8402
29.0242 2355 48.5283
29.1416 2299 47.9479
29.259 2337 48.3425
29.3764 2354 48.518
29.4939 2252 47.4552
29.6113 2157 46.4435
29.7288 2090 45.7165
29.8463 2071 45.5082
29.9638 1995 44.6654
30.0812 1855 43.0697
30.1987 1965 44.3283
30.3162 1989 44.5982
30.4337 2097 45.793
30.5512 2102 45.8476
30.6687 2169 46.5725
30.7862 2150 46.3681
30.9037 2170 46.5833
31.0212 2218 47.0956
31.1387 2216 47.0744
31.2562 2218 47.0956
31.3737 2090 45.7165
31.4912 1983 44.5309
31.6087 2009 44.8219
31.7262 1914 43.7493
31.8436 1885 43.4166
31.9611 1817 42.6263
32.0785 1797 42.391
32.1959 1920 43.8178
32.3134 1978 44.4747
32.4308 2038 45.1442
32.5482 2078 45.5851
32.6655 2210 47.0106
32.7829 2202 46.9255
32.9002 2173 46.6154
33.0176 2263 47.571
33.1349 2149 46.3573
33.2522 2133 46.1844
33.3694 2169 46.5725
33.4867 2047 45.2438
33.6039 1819 42.6497
33.7211 1848 42.9884
33.8383 1873 43.2782
33.9554 1791 42.3202
34.0725 1861 43.1393
34.1896 1965 44.3283
34.3067 1991 44.6206
34.4237 2056 45.3431
34.5407 2065 45.4423
34.6577 2068 45.4753
34.7746 2086 45.6727
34.8915 1925 43.8748
35.0084 1997 44.6878
35.1252 2040 45.1664
35.242 1896 43.5431
35.3587 1832 42.8019
35.4755 1836 42.8486
35.5921 1810 42.5441
35.7088 1776 42.1426
35.8254 1694 41.1582
35.9419 1826 42.7317
36.0584 1905 43.6463
36.1749 1894 43.5201
36.2913 1920 43.8178
36.4077 1917 43.7836
36.524 1931 43.9431
36.6403 1876 43.3128
36.7565 1791 42.3202
36.8727 1589 39.8623
36.9889 1591 39.8873
37.1049 1461 38.223
37.221 0 1
37.3369 0 1
37.4529 0 1
37.5687 0 1
37.6845 0 1
37.8003 0 1
37.916 0 1
38.0316 0 1
38.1472 0 1
40.5851 0 1
40.7008 0 1
40.8164 0 1
40.9322 0 1
41.048 0 1
41.1639 0 1
41.2798 0 1
41.3958 0 1
41.5118 0 1
41.6279 0 1
41.744 1050 32.4037
41.8602 1093 33.0606
41.9765 1214 34.8425
42.0928 1205 34.7131
42.2091 1182 34.3802
42.3255 1254 35.4119
42.4419 1193 34.5398
42.5584 1238 35.1852
42.675 1383 37.1887
42.7915 1509 38.8458
42.9081 1523 39.0256
43.0248 1663 40.7799
43.1415 1622 40.2741
43.2582 1526 39.064
43.375 1695 41.1704
43.4918 1709 41.3401
43.6087 1761 41.9643
43.7256 1718 41.4488
43.8425 1684 41.0366
43.9595 1641 40.5093
44.0765 1586 39.8246
44.1935 1618 40.2244
44.3106 1528 39.0896
44.4277 1420 37.6829
44.5448 1427 37.7757
44.6619 1476 38.4187
44.7791 1507 38.8201
44.8963 1628 40.3485
45.0136 1698 41.2068
45.1308 1746 41.7852
45.2481 1776 42.1426
45.3654 1828 42.7551
45.4827 1680 40.9878
45.6001 1719 41.4608
45.7174 1706 41.3038
45.8348 1539 39.2301
45.9522 1564 39.5474
46.0697 1435 37.8814
46.1871 1409 37.5366
46.3046 1408 37.5233
46.422 1541 39.2556
46.5395 1637 40.4599
46.657 1697 41.1947
46.7745 1742 41.7373
46.892 1704 41.2795
47.0096 1798 42.4028
47.1271 1805 42.4853
47.2446 1818 42.638
47.3622 1775 42.1307
47.4797 1783 42.2256
47.5973 1626 40.3237
47.7149 1617 40.2119
47.8324 1579 39.7366
47.95 1543 39.281
48.0675 1544 39.2938
48.1851 1468 38.3145
48.3027 1551 39.3827
48.4202 1629 40.3609
48.5378 1720 41.4729
48.6554 1780 42.19
48.7729 1757 41.9166
48.8904 1760 41.9524
49.008 1839 42.8836
49.1255 1726 41.5452
49.243 1685 41.0488
49.3605 1561 39.5095
49.478 1380 37.1484
49.5955 1356 36.8239
49.713 1393 37.3229
49.8304 1445 38.0132
49.9479 1459 38.1969
50.0653 1583 39.7869
50.1827 1627 40.3361
50.3001 1727 41.5572
50.4175 1704 41.2795
50.5348 1803 42.4617
50.6521 1795 42.3674
50.7694 1767 42.0357
50.8867 1731 41.6053
51.004 1687 41.0731
51.1212 1734 41.6413
51.2384 1696 41.1825
51.3556 1732 41.6173
51.4727 1615 40.1871
51.5899 1503 38.7685
51.707 1563 39.5348
51.824 1671 40.8779
51.9411 1831 42.7902
52.0581 1892 43.4971
52.175 1956 44.2267
52.2919 2098 45.8039
52.4088 2064 45.4313
52.5257 2162 46.4973
52.6425 2185 46.744
52.7593 2199 46.8935
52.876 2113 45.9674
52.9927 2069 45.4863
53.1094 1928 43.909
53.226 1803 42.4617
53.3426 1822 42.6849
53.4591 1741 41.7253
53.5756 1762 41.9762
53.692 1789 42.2966
53.8084 1905 43.6463
53.9248 1684 41.0366
54.0411 1709 41.3401
54.1573 1653 40.6571
54.2735 0 1
54.3896 0 1
54.5057 0 1
54.6217 0 1
54.7377 0 1
54.8537 0 1
54.9695 0 1
55.0853 0 1
55.2011 0 1
55.3168 0 1
55.4324 0 1
57.824 0 1
57.9396 0 1
58.0553 0 1
58.1711 0 1
58.2869 0 1
58.4028 0 1
58.5187 0 1
58.6347 0 1
58.7508 0 1
58.8669 0 1
58.983 1329 36.4555
59.0992 1561 39.5095
59.2155 1762 41.9762
59.3318 1871 43.2551
59.4482 1919 43.8064
59.5646 2043 45.1996
59.681 2104 45.8694
59.7975 2060 45.3872
59.9141 1996 44.6766
60.0306 2034 45.0999
60.1473 1971 44.3959
60.2639 1854 43.0581
60.3807 1906 43.6578
60.4974 1915 43.7607
60.6142 1964 44.317
60.731 2168 46.5618
60.8479 2252 47.4552
60.9648 2238 47.3075
61.0818 2284 47.7912
61.1987 2243 47.3603
61.3158 2217 47.085
61.4328 2097 45.793
61.5499 1981 44.5084
61.667 1858 43.1045
61.7841 1731 41.6053
61.9013 1711 41.3642
62.0185 1673 40.9023
62.1357 1847 42.9767
62.253 1838 42.8719
62.3702 2065 45.4423
62.4875 1997 44.6878
62.6049 2055 45.3321
62.7222 2199 46.8935
62.8396 2102 45.8476
62.9569 2240 47.3286
63.0743 2227 47.1911
63.1918 2105 45.8803
63.3092 2050 45.2769
63.4267 1958 44.2493
63.5441 2028 45.0333
63.6616 1921 43.8292
63.7791 1828 42.7551
63.8966 1720 41.4729
64.0142 1801 42.4382
64.1317 1917 43.7836
64.2492 1954 44.2041
64.3668 2129 46.1411
64.4843 2113 45.9674
64.6019 2138 46.2385
64.7195 2187 46.7654
64.837 2145 46.3141
64.9546 2146 46.3249
65.0722 2013 44.8665
65.1898 1900 43.589
65.3074 1727 41.5572
65.4249 1677 40.9512
65.5425 1563 39.5348
65.6601 1652 40.6448
65.7777 1777 42.1545
65.8952 1786 42.2611
66.0128 2090 45.7165
66.1304 1995 44.6654
66.2479 2077 45.5741
66.3655 2160 46.4758
66.483 2100 45.8258
66.6005 2066 45.4533
66.718 2136 46.2169
66.8355 2091 45.7275
66.953 2006 44.7884
67.0705 2005 44.7772
67.1879 1973 44.4185
67.3054 1825 42.72
67.4228 1734 41.6413
67.5402 1706 41.3038
67.6576 1730 41.5933
67.7749 1801 42.4382
67.8923 1896 43.5431
68.0096 2025 45
68.1269 2081 45.618
68.2442 2159 46.465
68.3614 2045 45.2217
68.4787 2044 45.2106
68.5958 2090 45.7165
68.713 2032 45.0777
68.8302 1876 43.3128
68.9473 1785 42.2493
69.0643 1535 39.1791
69.1814 1449 38.0657
69.2984 1518 38.9615
69.4154 1610 40.1248
69.5323 1724 41.5211
69.6492 1896 43.5431
69.7661 1972 44.4072
69.8829 1960 44.2719
69.9997 1936 44
70.1165 1902 43.6119
70.2332 1883 43.3935
70.3499 1724 41.5211
70.4665 1711 41.3642
70.5831 1571 39.6358
70.6996 1551 39.3827
70.8161 1466 38.2884
70.9326 1360 36.8782
71.049 1171 34.2199
71.1653 936 30.5941
71.2817 892 29.8664
71.3979 839 28.9655
71.5141 822 28.6705
71.6303 727 26.9629
71.7464 707 26.5895
71.8624 0 1
71.9784 0 1
72.0944 0 1
72.2102 0 1
72.3261 0 1
72.4418 0 1
72.5575 0 1
72.6732 0 1
75.1054 0 1
75.2209 0 1
75.3365 0 1
75.4521 0 1
75.5678 0 1
75.6835 0 1
75.7993 0 1
75.9151 0 1
76.031 0 1
76.147 1247 35.3129
76.263 1314 36.2491
76.3791 1277 35.7351
76.4952 1343 36.647
76.6113 1344 36.6606
76.7276 1504 38.7814
76.8438 1638 40.4722
76.9601 1753 41.8688
77.0765 1776 42.1426
77.1929 1805 42.4853
77.3093 1825 42.72
77.4258 1837 42.8602
77.5423 1768 42.0476
77.6589 1721 41.4849
77.7755 1530 39.1152
77.8921 1402 37.4433
78.0088 1358 36.8511
78.1256 1325 36.4005
78.2423 1251 35.3695
78.3591 1311 36.2077
78.4759 1500 38.7298
78.5928 1556 39.4462
78.7097 1682 41.0122
78.8266 1677 40.9512
78.9436 1739 41.7013
79.0606 1865 43.1856
79.1776 1739 41.7013
79.2946 1746 41.7852
79.4117 1821 42.6732
79.5288 1847 42.9767
79.6459 1702 41.2553
79.7631 1731 41.6053
79.8802 1688 41.0853
79.9974 1582 39.7744
80.1147 1426 37.7624
80.2319 1512 38.8844
80.3491 1548 39.3446
80.4664 1591 39.8873
80.5837 1778 42.1663
80.701 1782 42.2137
80.8183 1843 42.9302
80.9357 1869 43.2319
81.053 1883 43.3935
81.1704 1839 42.8836
81.2877 1851 43.0232
81.4051 1786 42.2611
81.5225 1567 39.5854
81.6399 1525 39.0512
81.7573 1352 36.7696
81.8747 1308 36.1663
81.9922 1320 36.3318
82.1096 1434 37.8682
82.227 1584 39.7995
82.3444 1663 40.7799
82.4619 1765 42.0119
82.5793 1753 41.8688
82.6967 1850 43.0116
82.8142 1877 43.3244
82.9316 1897 43.5546
83.049 1844 42.9418
83.1664 1823 42.6966
83.2838 1863 43.1625
83.4012 1813 42.5793
83.5186 1777 42.1545
83.636 1717 41.4367
83.7534 1541 39.2556
83.8708 1475 38.4057
83.9881 1496 38.6782
84.1055 1512 38.8844
84.2228 1618 40.2244
84.3401 1766 42.0238
84.4575 1847 42.9767
84.5747 1814 42.5911
84.692 1916 43.7721
84.8093 1883 43.3935
84.9265 1818 42.638
85.0437 1653 40.6571
85.1609 1585 39.8121
85.2781 1458 38.1838
85.3952 1380 37.1484
85.5123 1268 35.609
85.6294 1342 36.6333
85.7465 1544 39.2938
85.8636 1618 40.2244
85.9806 1726 41.5452
86.0976 1798 42.4028
86.2145 1830 42.7785
86.3315 1853 43.0465
86.4484 1946 44.1135
86.5652 1886 43.4281
86.682 1867 43.2088
86.7988 1856 43.0813
86.9156 1937 44.0114
87.0323 1874 43.2897
87.149 1785 42.2493
87.2657 1700 41.2311
87.3823 1399 37.4032
87.4988 1298 36.0278
87.6154 1291 35.9305
87.7318 1347 36.7015
87.8483 1412 37.5766
87.9647 1482 38.4968
88.081 1462 38.2361
88.1973 1457 38.1707
88.3136 1483 38.5097
88.4298 1336 36.5513
88.546 1225 35
88.6621 1026 32.0312
88.7781 815 28.5482
88.8942 0 1
89.0101 0 1
89.126 0 1
89.2419 0 1
89.3577 0 1
89.4734 0 1
89.5891 0 1
89.7047 0 1
89.8203 0 1
89.9358 0 1
92.3269 0 1
92.4424 0 1
92.558 0 1
92.6736 0 1
92.7893 0 1
92.905 0 1
93.0208 0 1
93.1366 0 1
93.2525 0 1
93.3685 0 1
93.4845 0 1
93.6005 1491 38.6135
93.7167 1476 38.4187
93.8328 1587 39.8372
93.949 1591 39.8873
94.0653 1712 41.3763
94.1816 1656 40.694
94.2979 1547 39.3319
94.4143 1488 38.5746
94.5307 1402 37.4433
94.6472 1366 36.9594
94.7637 1434 37.8682
94.8803 1499 38.7169
94.9969 1623 40.2865
95.1135 1771 42.0833
95.2302 1810 42.5441
95.3469 1909 43.6921
95.4637 1944 44.0908
95.5805 1926 43.8862
95.6973 1934 43.9773
95.8142 1869 43.2319
95.9311 1881 43.3705
96.048 1894 43.5201
96.1649 1904 43.6348
96.2819 1801 42.4382
96.3989 1781 42.2019
96.516 1686 41.0609
96.633 1645 40.5586
96.7501 1559 39.4842
96.8673 1594 39.9249
96.9844 1696 41.1825
97.1016 1782 42.2137
97.2188 1881 43.3705
97.336 1981 44.5084
97.4532 2030 45.0555
97.5704 1956 44.2267
97.6877 1991 44.6206
97.805 1822 42.6849
97.9223 1692 41.1339
98.0396 1575 39.6863
98.1569 1500 38.7298
98.2743 1392 37.3095
98.3916 1386 37.229
98.509 1474 38.3927
98.6264 1699 41.2189
98.7438 1765 42.0119
98.8612 1874 43.2897
98.9786 1919 43.8064
99.096 1960 44.2719
99.2134 1990 44.6094
99.3308 2047 45.2438
99.4482 1966 44.3396
99.5656 1987 44.5758
99.6831 1925 43.8748
99.8005 2017 44.911
99.9179 2046 45.2327
100.035 1896 43.5431
100.153 1850 43.0116
100.27 1682 41.0122
100.388 1694 41.1582
100.505 1746 41.7852
100.622 1833 42.8135
100.74 1994 44.6542
100.857 2032 45.0777
100.975 2016 44.8999
101.092 2145 46.3141
101.209 2071 45.5082
101.327 2155 46.422
101.444 2022 44.9667
101.561 1772 42.0951
101.679 1685 41.0488
101.796 1521 39
101.913 1470 38.3406
102.03 1459 38.1969
102.148 1743 41.7493
102.265 1747 41.7971
102.382 1878 43.3359
102.499 1991 44.6206
102.616 2114 45.9783
102.733 2092 45.7384
102.851 2063 45.4203
102.968 2162 46.4973
103.085 2066 45.4533
103.202 2183 46.7226
103.319 2094 45.7602
103.436 2096 45.7821
103.552 2019 44.9333
103.669 1970 44.3847
103.786 1791 42.3202
103.903 1774 42.1189
104.02 1792 42.332
104.137 1964 44.317
104.253 2067 45.4643
104.37 2246 47.392
104.487 2160 46.4758
104.603 2214 47.0532
104.72 2148 46.3465
104.836 2047 45.2438
104.953 1912 43.7264
105.069 1674 40.9145
105.186 1470 38.3406
105.302 1483 38.5097
105.418 1320 36.3318
105.535 1354 36.7967
105.651 1327 36.428
105.767 1339 36.5923
105.883 1333 36.5103
105.999 1272 35.6651
106.115 0 1
106.231 0 1
106.347 0 1
106.463 0 1
106.579 0 1
106.694 0 1
106.81 0 1
106.926 0 1
107.041 0 1
107.157 0 1
109.576 0 1
109.692 0 1
109.807 0 1
109.923 0 1
110.039 0 1
110.155 0 1
110.27 0 1
110.386 0 1
110.502 0 1
110.618 904 30.0666
110.735 1224 34.9857
110.851 1348 36.7151
110.967 1579 39.7366
111.083 1665 40.8044
111.199 1791 42.3202
111.316 1841 42.9069
111.432 1849 43
111.549 1900 43.589
111.665 2019 44.9333
111.782 1941 44.0568
111.898 2026 45.0111
112.015 1937 44.0114
112.132 1869 43.2319
112.248 1640 40.4969
112.365 1626 40.3237
112.482 1624 40.2989
112.599 1842 42.9185
112.716 1887 43.4396
112.832 1979 44.486
112.949 1997 44.6878
113.066 2006 44.7884
113.183 1919 43.8064
113.3 1957 44.238
113.417 1998 44.699
113.534 1807 42.5088
113.652 1636 40.4475
113.769 1544 39.2938
113.886 1382 37.1753
114.003 1331 36.4829
114.12 1448 38.0526
114.238 1626 40.3237
114.355 1781 42.2019
114.472 1783 42.2256
114.589 1975 44.441
114.707 2017 44.911
114.824 1973 44.4185
114.942 2027 45.0222
115.059 2047 45.2438
115.176 2018 44.9222
115.294 2098 45.8039
115.411 2058 45.3652
115.529 1871 43.2551
115.646 1810 42.5441
115.764 1764 42
115.881 1647 40.5832
115.999 1734 41.6413
116.116 1587 39.8372
116.234 1799 42.4146
116.351 1993 44.643
116.469 1989 44.5982
116.586 1992 44.6318
116.704 2038 45.1442
116.821 2093 45.7493
116.939 1988 44.587
117.056 1948 44.1362
117.174 1858 43.1045
117.291 1678 40.9634
117.409 1524 39.0384
117.526 1399 37.4032
117.644 1403 37.4566
117.761 1655 40.6817
117.879 1689 41.0974
117.996 1765 42.0119
118.114 1826 42.7317
118.231 1910 43.7035
118.349 1892 43.4971
118.466 1957 44.238
118.584 2057 45.3542
118.701 1969 44.3734
118.819 1904 43.6348
118.936 2031 45.0666
119.053 1875 43.3013
119.171 1814 42.5911
119.288 1796 42.3792
119.405 1763 41.9881
119.523 1627 40.3361
119.64 1609 40.1123
119.757 1698 41.2068
119.875 1721 41.4849
119.992 1842 42.9185
120.109 1849 43
120.226 1899 43.5775
120.343 1966 44.3396
120.46 1925 43.8748
120.578 1895 43.5316
120.695 1902 43.6119
120.812 1789 42.2966
120.929 1580 39.7492
121.046 1471 38.3536
121.163 1348 36.7151
121.279 1253 35.3977
121.396 1329 36.4555
121.513 1397 37.3765
121.63 1486 38.5487
121.747 1498 38.704
121.863 1573 39.6611
121.98 1514 38.9102
122.097 1574 39.6737
122.213 1526 39.064
122.33 1531 39.128
122.446 1430 37.8153
122.563 1429 37.8021
122.679 1332 36.4966
122.795 1121 33.4813
122.912 1083 32.909
123.028 966 31.0805
123.144 896 29.9333
123.26 794 28.178
123.377 0 1
123.493 0 1
123.609 0 1
123.725 0 1
123.84 0 1
123.956 0 1
124.072 0 1
124.188 0 1
124.303 0 1
124.419 0 1
126.852 0 1
126.968 0 1
127.083 0 1
127.199 0 1
127.315 0 1
127.431 0 1
127.547 0 1
127.663 0 1
127.779 0 1
127.895 0 1
128.011 0 1
128.127 0 1
128.243 0 1
128.359 1841 42.9069
128.476 1820 42.6615
128.592 1824 42.7083
128.708 1779 42.1782
128.825 1847 42.9767
128.941 2041 45.1774
129.058 1916 43.7721
129.174 2057 45.3542
129.291 2085 45.6618
129.408 2104 45.8694
129.524 2057 45.3542
129.641 2096 45.7821
129.758 2050 45.2769
129.875 1891 43.4856
129.992 1686 41.0609
130.108 1617 40.2119
130.225 1532 39.1408
130.342 1511 38.8716
130.459 1610 40.1248
130.576 1703 41.2674
130.693 1880 43.359
130.81 1926 43.8862
130.928 1931 43.9431
131.045 1995 44.6654
131.162 1978 44.4747
131.279 2088 45.6946
131.396 2069 45.4863
131.513 1992 44.6318
131.631 2008 44.8107
131.748 2015 44.8888
131.865 1933 43.9659
131.983 1854 43.0581
132.1 1801 42.4382
132.217 1828 42.7551
132.335 1737 41.6773
132.452 1906 43.6578
132.57 1933 43.9659
132.687 2174 46.6262
132.804 2129 46.1411
132.922 2117 46.0109
133.039 2176 46.6476
133.157 2131 46.1628
133.274 2049 45.2659
133.392 1984 44.5421
133.509 1835 42.8369
133.627 1751 41.845
133.744 1584 39.7995
133.862 1554 39.4208
133.979 1620 40.2492
134.097 1676 40.939
134.214 1895 43.5316
134.332 1864 43.1741
134.449 1996 44.6766
134.567 1917 43.7836
134.684 2035 45.111
134.802 2069 45.4863
134.919 2132 46.1736
135.037 2068 45.4753
135.154 2010 44.833
135.272 2028 45.0333
135.389 1943 44.0795
135.507 1961 44.2832
135.624 1935 43.9886
135.742 1839 42.8836
135.859 1842 42.9185
135.977 1894 43.5201
136.094 1950 44.1588
136.211 1975 44.441
136.329 2147 46.3357
136.446 2086 45.6727
136.564 2109 45.9239
136.681 2188 46.7761
136.798 2077 45.5741
136.915 2104 45.8694
137.033 1986 44.5646
137.15 1774 42.1189
137.267 1700 41.2311
137.384 1639 40.4846
137.502 1558 39.4715
137.619 1547 39.3319
137.736 1759 41.9404
137.853 1770 42.0714
137.97 1915 43.7607
138.087 1990 44.6094
138.204 1957 44.238
138.321 1961 44.2832
138.438 2016 44.8999
138.555 2196 46.8615
138.672 2017 44.911
138.788 2024 44.9889
138.905 1950 44.1588
139.022 1783 42.2256
139.139 1698 41.2068
139.255 1582 39.7744
139.372 1584 39.7995
139.488 1495 38.6652
139.605 1376 37.0945
139.721 1296 36
139.838 1473 38.3797
139.954 1407 37.51
140.071 1351 36.756
140.187 1239 35.1994
140.303 1145 33.8378
140.419 1058 32.5269
140.535 1052 32.4345
140.652 992 31.496
140.768 0 1
140.884 0 1
141 0 1
141.115 0 1
141.231 0 1
141.347 0 1
141.463 0 1
141.578 0 1
141.694 0 1
144.104 0 1
144.219 0 1
144.335 0 1
144.45 0 1
144.566 0 1
144.682 0 1
144.798 0 1
144.914 0 1
145.03 0 1
145.146 1459 38.1969
145.262 1591 39.8873
145.378 1647 40.5832
145.494 1661 40.7554
145.61 1666 40.8167
145.726 1548 39.3446
145.842 1540 39.2428
145.959 1440 37.9473
146.075 1316 36.2767
146.192 1226 35.0143
146.308 1305 36.1248
146.425 1291 35.9305
146.541 1373 37.054
146.658 1323 36.3731
146.774 1481 38.4838
146.891 1527 39.0768
147.008 1608 40.0999
147.125 1588 39.8497
147.241 1583 39.7869
147.358 1605 40.0625
147.475 1580 39.7492
147.592 1599 39.9875
147.709 1514 38.9102
147.826 1557 39.4588
147.943 1448 38.0526
148.06 1411 37.5633
148.177 1373 37.054
148.294 1434 37.8682
148.411 1472 38.3667
148.528 1516 38.9358
148.645 1529 39.1024
148.762 1627 40.3361
148.88 1624 40.2989
148.997 1627 40.3361
149.114 1640 40.4969
149.231 1597 39.9625
149.349 1662 40.7676
149.466 1527 39.0768
149.583 1372 37.0405
149.701 1392 37.3095
149.818 1247 35.3129
149.935 1227 35.0286
150.053 1279 35.7631
150.17 1309 36.1801
150.287 1371 37.027
150.405 1441 37.9605
150.522 1468 38.3145
150.64 1496 38.6782
150.757 1540 39.2428
150.875 1602 40.025
150.992 1562 39.5221
151.11 1491 38.6135
151.227 1582 39.7744
151.344 1493 38.6394
151.462 1478 38.4448
151.579 1393 37.3229
151.697 1492 38.6264
151.814 1364 36.9324
151.932 1394 37.3363
152.049 1401 37.4299
152.167 1428 37.7889
152.284 1536 39.1918
152.402 1543 39.281
152.519 1550 39.37
152.636 1579 39.7366
152.754 1653 40.6571
152.871 1523 39.0256
152.989 1490 38.6005
153.106 1450 38.0789
153.223 1385 37.2156
153.341 1267 35.5949
153.458 1225 35
153.575 1195 34.5688
153.693 1251 35.3695
153.81 1260 35.4965
153.927 1312 36.2215
154.044 1356 36.8239
154.162 1411 37.5633
154.279 1491 38.6135
154.396 1517 38.9487
154.513 1479 38.4578
154.63 1478 38.4448
154.747 1466 38.2884
154.864 1475 38.4057
154.981 1433 37.855
155.098 1379 37.1349
155.215 1353 36.7831
155.332 1319 36.318
155.449 1309 36.1801
155.566 1258 35.4683
155.683 1308 36.1663
155.8 1359 36.8646
155.917 1366 36.9594
156.033 1306 36.1386
156.15 0 1
156.267 0 1
156.383 0 1
156.5 0 1
156.617 0 1
156.733 0 1
156.85 0 1
156.966 0 1
157.082 0 1
157.199 0 1
157.315 0 1
157.431 0 1
157.547 0 1
157.664 0 1
157.78 0 1
157.896 0 1
158.012 0 1
158.128 0 1
158.244 0 1
158.359 0 1
158.475 0 1
158.591 0 1
158.706 0 1
