
6.15755 0 1
6.2731 0 1
6.3887 0 1
6.50437 0 1
6.62009 0 1
6.73587 0 1
6.8517 0 1
6.96759 0 1
7.08353 0 1
7.19952 0 1
7.31557 0 1
7.43166 0 1
7.54781 0 1
7.664 0 1
7.78024 0 1
7.89653 0 1
8.01286 0 1
8.12924 0 1
8.24567 0 1
8.36213 0 1
8.47864 0 1
8.59519 0 1
8.71178 0 1
8.82841 0 1
8.94508 0 1
9.06179 0 1
9.17853 0 1
9.29531 0 1
9.41212 0 1
9.52897 0 1
9.64584 0 1
9.76276 0 1
9.8797 0 1
9.99667 0 1
10.1137 0 1
10.2307 0 1
10.3478 0 1
10.4648 0 1
10.5819 0 1
10.6991 0 1
10.8162 0 1
10.9334 0 1
11.0506 0 1
11.1678 0 1
11.285 0 1
11.4023 0 1
11.5196 0 1
11.6369 0 1
11.7542 0 1
11.8715 0 1
11.9888 0 1
12.1062 0 1
12.2235 0 1
12.3409 0 1
12.4582 0 1
12.5756 0 1
12.693 0 1
12.8104 0 1
12.9278 0 1
13.0452 0 1
13.1626 0 1
13.28 0 1
13.3974 0 1
13.5149 0 1
13.6323 0 1
13.7497 0 1
13.8671 0 1
13.9845 0 1
14.1019 0 1
14.2193 0 1
14.3367 0 1
14.4541 0 1
14.5714 0 1
14.6888 0 1
14.8062 0 1
14.9235 0 1
15.0408 1275 35.7071
15.1581 1502 38.7556
15.2755 1557 39.4588
15.3927 1544 39.2938
15.51 1540 39.2428
15.6273 1566 39.5727
15.7445 1534 39.1663
15.8617 1496 38.6782
15.9789 1531 39.128
16.0961 1497 38.6911
16.2132 1478 38.4448
16.3304 1518 38.9615
16.4475 1589 39.8623
16.5646 1641 40.5093
16.6816 1698 41.2068
16.7986 1765 42.0119
16.9156 1889 43.4626
17.0326 1782 42.2137
17.1496 1693 41.1461
17.2665 1732 41.6173
17.3833 1758 41.9285
17.5002 1875 43.3013
17.617 1716 41.4246
17.7338 1638 40.4722
17.8505 1591 39.8873
17.9672 1540 39.2428
18.0839 1545 39.3065
18.2005 1557 39.4588
18.3171 1690 41.1096
18.4337 1679 40.9756
18.5502 1684 41.0366
18.6666 1743 41.7493
18.7831 1776 42.1426
18.8994 1777 42.1545
19.0158 1752 41.8569
19.1321 1758 41.9285
19.2483 1634 40.4228
19.3645 1608 40.0999
19.4806 1522 39.0128
19.5967 1331 36.4829
19.7128 1243 35.2562
19.8288 1170 34.2053
19.9447 1067 32.665
20.0606 0 1
20.1764 0 1
20.2922 0 1
20.4079 0 1
20.5236 0 1
20.6392 0 1
20.7548 0 1
20.8702 0 1
23.3078 0 1
23.4233 0 1
23.539 0 1
23.6547 0 1
23.7704 0 1
23.8862 0 1
24.0021 0 1
24.118 0 1
24.234 0 1
24.35 0 1
24.4661 754 27.4591
24.5822 842 29.0172
24.6984 984 31.3688
24.8146 1107 33.2716
24.9309 1152 33.9411
25.0472 1224 34.9857
25.1636 1375 37.081
25.28 1482 38.4968
25.3965 1621 40.2616
25.513 1730 41.5933
25.6296 1767 42.0357
25.7462 1832 42.8019
25.8628 1954 44.2041
25.9795 1894 43.5201
26.0962 1963 44.3058
26.213 1859 43.1161
26.3298 1733 41.6293
26.4466 1658 40.7185
26.5635 1664 40.7922
26.6804 1631 40.3856
26.7973 1616 40.1995
26.9143 1759 41.9404
27.0313 1703 41.2674
27.1483 1870 43.2435
27.2653 1810 42.5441
27.3824 1826 42.7317
27.4996 1871 43.2551
27.6167 1785 42.2493
27.7339 1751 41.845
27.8511 1715 41.4126
27.9683 1742 41.7373
28.0855 1671 40.8779
28.2028 1557 39.4588
28.3201 1512 38.8844
28.4374 1485 38.5357
28.5547 1552 39.3954
28.6721 1537 39.2046
28.7894 1636 40.4475
28.9068 1674 40.9145
29.0242 1825 42.72
29.1416 1847 42.9767
29.259 1847 42.9767
29.3764 1900 43.589
29.4939 1816 42.6146
29.6113 1823 42.6966
29.7288 1758 41.9285
29.8463 1574 39.6737
29.9638 1595 39.9375
30.0812 1538 39.2173
30.1987 1588 39.8497
30.3162 1625 40.3113
30.4337 1654 40.6694
30.5512 1670 40.8656
30.6687 1763 41.9881
30.7862 1703 41.2674
30.9037 1789 42.2966
31.0212 1781 42.2019
31.1387 1757 41.9166
31.2562 1737 41.6773
31.3737 1712 41.3763
31.4912 1586 39.8246
31.6087 1585 39.8121
31.7262 1598 39.975
31.8436 1523 39.0256
31.9611 1494 38.6523
32.0785 1480 38.4708
32.1959 1547 39.3319
32.3134 1530 39.1152
32.4308 1624 40.2989
32.5482 1734 41.6413
32.6655 1781 42.2019
32.7829 1853 43.0465
32.9002 1703 41.2674
33.0176 1829 42.7668
33.1349 1809 42.5323
33.2522 1807 42.5088
33.3694 1688 41.0853
33.4867 1560 39.4968
33.6039 1497 38.6911
33.7211 1464 38.2623
33.8383 1411 37.5633
33.9554 1477 38.4318
34.0725 1602 40.025
34.1896 1596 39.95
34.3067 1650 40.6202
34.4237 1602 40.025
34.5407 1734 41.6413
34.6577 1670 40.8656
34.7746 1696 41.1825
34.8915 1719 41.4608
35.0084 1645 40.5586
35.1252 1647 40.5832
35.242 1605 40.0625
35.3587 1480 38.4708
35.4755 1472 38.3667
35.5921 1444 38
35.7088 1406 37.4967
35.8254 1449 38.0657
35.9419 1342 36.6333
36.0584 1435 37.8814
36.1749 1537 39.2046
36.2913 1531 39.128
36.4077 1537 39.2046
36.524 1508 38.833
36.6403 1473 38.3797
36.7565 1502 38.7556
36.8727 1365 36.9459
36.9889 1240 35.2136
37.1049 1103 33.2114
37.221 0 1
37.3369 0 1
37.4529 0 1
37.5687 0 1
37.6845 0 1
37.8003 0 1
37.916 0 1
38.0316 0 1
38.1472 0 1
40.5851 0 1
40.7008 0 1
40.8164 0 1
40.9322 0 1
41.048 0 1
41.1639 0 1
41.2798 0 1
41.3958 0 1
41.5118 0 1
41.6279 0 1
41.744 809 28.4429
41.8602 894 29.8998
41.9765 987 31.4166
42.0928 1042 32.28
42.2091 1011 31.7962
42.3255 1023 31.9844
42.4419 986 31.4006
42.5584 977 31.257
42.675 1017 31.8904
42.7915 1153 33.9559
42.9081 1233 35.1141
43.0248 1235 35.1426
43.1415 1368 36.9865
43.2582 1369 37
43.375 1398 37.3898
43.4918 1363 36.9188
43.6087 1370 37.0135
43.7256 1301 36.0694
43.8425 1393 37.3229
43.9595 1381 37.1618
44.0765 1254 35.4119
44.1935 1300 36.0555
44.3106 1145 33.8378
44.4277 1176 34.2929
44.5448 1145 33.8378
44.6619 1109 33.3017
44.7791 1174 34.2637
44.8963 1271 35.6511
45.0136 1341 36.6197
45.1308 1383 37.1887
45.2481 1371 37.027
45.3654 1410 37.55
45.4827 1426 37.7624
45.6001 1436 37.8946
45.7174 1387 37.2424
45.8348 1319 36.318
45.9522 1182 34.3802
46.0697 1171 34.2199
46.1871 1227 35.0286
46.3046 1146 33.8526
46.422 1274 35.6931
46.5395 1318 36.3043
46.657 1386 37.229
46.7745 1361 36.8917
46.892 1379 37.1349
47.0096 1417 37.6431
47.1271 1383 37.1887
47.2446 1366 36.9594
47.3622 1408 37.5233
47.4797 1395 37.3497
47.5973 1374 37.0675
47.7149 1335 36.5377
47.8324 1232 35.0999
47.95 1240 35.2136
48.0675 1183 34.3948
48.1851 1151 33.9264
48.3027 1157 34.0147
48.4202 1208 34.7563
48.5378 1342 36.6333
48.6554 1493 38.6394
48.7729 1480 38.4708
48.8904 1475 38.4057
49.008 1435 37.8814
49.1255 1443 37.9868
49.243 1367 36.973
49.3605 1236 35.1568
49.478 1188 34.4674
49.5955 1129 33.6006
49.713 1101 33.1813
49.8304 1109 33.3017
49.9479 1198 34.6121
50.0653 1327 36.428
50.1827 1394 37.3363
50.3001 1369 37
50.4175 1397 37.3765
50.5348 1473 38.3797
50.6521 1426 37.7624
50.7694 1465 38.2753
50.8867 1468 38.3145
51.004 1464 38.2623
51.1212 1320 36.3318
51.2384 1422 37.7094
51.3556 1360 36.8782
51.4727 1340 36.606
51.5899 1236 35.1568
51.707 1278 35.7491
51.824 1339 36.5923
51.9411 1433 37.855
52.0581 1586 39.8246
52.175 1657 40.7063
52.2919 1803 42.4617
52.4088 1881 43.3705
52.5257 1800 42.4264
52.6425 1959 44.2606
52.7593 1893 43.5086
52.876 1919 43.8064
52.9927 1794 42.3556
53.1094 1643 40.5339
53.226 1678 40.9634
53.3426 1612 40.1497
53.4591 1641 40.5093
53.5756 1682 41.0122
53.692 1566 39.5727
53.8084 1619 40.2368
53.9248 1647 40.5832
54.0411 1596 39.95
54.1573 1515 38.923
54.2735 0 1
54.3896 0 1
54.5057 0 1
54.6217 0 1
54.7377 0 1
54.8537 0 1
54.9695 0 1
55.0853 0 1
55.2011 0 1
55.3168 0 1
55.4324 0 1
57.824 0 1
57.9396 0 1
58.0553 0 1
58.1711 0 1
58.2869 0 1
58.4028 0 1
58.5187 0 1
58.6347 0 1
58.7508 0 1
58.8669 0 1
58.983 1174 34.2637
59.0992 1384 37.2022
59.2155 1516 38.9358
59.3318 1576 39.6989
59.4482 1627 40.3361
59.5646 1670 40.8656
59.681 1776 42.1426
59.7975 1734 41.6413
59.9141 1728 41.5692
60.0306 1710 41.3521
60.1473 1680 40.9878
60.2639 1580 39.7492
60.3807 1509 38.8458
60.4974 1490 38.6005
60.6142 1664 40.7922
60.731 1719 41.4608
60.8479 1751 41.845
60.9648 1833 42.8135
61.0818 1852 43.0349
61.1987 1829 42.7668
61.3158 1802 42.45
61.4328 1731 41.6053
61.5499 1725 41.5331
61.667 1673 40.9023
61.7841 1483 38.5097
61.9013 1350 36.7423
62.0185 1399 37.4032
62.1357 1442 37.9737
62.253 1515 38.923
62.3702 1621 40.2616
62.4875 1625 40.3113
62.6049 1778 42.1663
62.7222 1740 41.7133
62.8396 1675 40.9268
62.9569 1731 41.6053
63.0743 1747 41.7971
63.1918 1682 41.0122
63.3092 1706 41.3038
63.4267 1692 41.1339
63.5441 1641 40.5093
63.6616 1640 40.4969
63.7791 1404 37.47
63.8966 1364 36.9324
64.0142 1425 37.7492
64.1317 1420 37.6829
64.2492 1568 39.598
64.3668 1668 40.8412
64.4843 1747 41.7971
64.6019 1770 42.0714
64.7195 1813 42.5793
64.837 1670 40.8656
64.9546 1724 41.5211
65.0722 1691 41.1218
65.1898 1587 39.8372
65.3074 1472 38.3667
65.4249 1423 37.7227
65.5425 1317 36.2905
65.6601 1354 36.7967
65.7777 1426 37.7624
65.8952 1488 38.5746
66.0128 1616 40.1995
66.1304 1590 39.8748
66.2479 1625 40.3113
66.3655 1703 41.2674
66.483 1780 42.19
66.6005 1738 41.6893
66.718 1658 40.7185
66.8355 1743 41.7493
66.953 1683 41.0244
67.0705 1597 39.9625
67.1879 1616 40.1995
67.3054 1543 39.281
67.4228 1370 37.0135
67.5402 1342 36.6333
67.6576 1318 36.3043
67.7749 1481 38.4838
67.8923 1509 38.8458
68.0096 1542 39.2683
68.1269 1681 41
68.2442 1668 40.8412
68.3614 1694 41.1582
68.4787 1722 41.497
68.5958 1731 41.6053
68.713 1640 40.4969
68.8302 1570 39.6232
68.9473 1444 38
69.0643 1304 36.1109
69.1814 1263 35.5387
69.2984 1229 35.0571
69.4154 1326 36.4143
69.5323 1454 38.1314
69.6492 1505 38.7943
69.7661 1562 39.5221
69.8829 1619 40.2368
69.9997 1604 40.05
70.1165 1526 39.064
70.2332 1508 38.833
70.3499 1459 38.1969
70.4665 1417 37.6431
70.5831 1314 36.2491
70.6996 1251 35.3695
70.8161 1211 34.7994
70.9326 1128 33.5857
71.049 965 31.0644
71.1653 812 28.4956
71.2817 681 26.096
71.3979 614 24.779
71.5141 611 24.7184
71.6303 597 24.4336
71.7464 568 23.8328
71.8624 0 1
71.9784 0 1
72.0944 0 1
72.2102 0 1
72.3261 0 1
72.4418 0 1
72.5575 0 1
72.6732 0 1
75.1054 0 1
75.2209 0 1
75.3365 0 1
75.4521 0 1
75.5678 0 1
75.6835 0 1
75.7993 0 1
75.9151 0 1
76.031 0 1
76.147 1044 32.311
76.263 1089 33
76.3791 1030 32.0936
76.4952 1090 33.0151
76.6113 1016 31.8748
76.7276 1191 34.5109
76.8438 1282 35.805
76.9601 1376 37.0945
77.0765 1445 38.0132
77.1929 1468 38.3145
77.3093 1487 38.5616
77.4258 1451 38.092
77.5423 1466 38.2884
77.6589 1452 38.1051
77.7755 1373 37.054
77.8921 1209 34.7707
78.0088 1170 34.2053
78.1256 1067 32.665
78.2423 1051 32.4191
78.3591 1125 33.541
78.4759 1257 35.4542
78.5928 1261 35.5106
78.7097 1357 36.8375
78.8266 1368 36.9865
78.9436 1549 39.3573
79.0606 1458 38.1838
79.1776 1393 37.3229
79.2946 1530 39.1152
79.4117 1465 38.2753
79.5288 1511 38.8716
79.6459 1496 38.6782
79.7631 1405 37.4833
79.8802 1413 37.5899
79.9974 1318 36.3043
80.1147 1268 35.609
80.2319 1127 33.5708
80.3491 1224 34.9857
80.4664 1267 35.5949
80.5837 1373 37.054
80.701 1473 38.3797
80.8183 1530 39.1152
80.9357 1476 38.4187
81.053 1532 39.1408
81.1704 1614 40.1746
81.2877 1611 40.1373
81.4051 1491 38.6135
81.5225 1381 37.1618
81.6399 1183 34.3948
81.7573 1140 33.7639
81.8747 1120 33.4664
81.9922 1076 32.8024
82.1096 1198 34.6121
82.227 1287 35.8748
82.3444 1340 36.606
82.4619 1361 36.8917
82.5793 1443 37.9868
82.6967 1509 38.8458
82.8142 1567 39.5854
82.9316 1489 38.5876
83.049 1561 39.5095
83.1664 1476 38.4187
83.2838 1461 38.223
83.4012 1437 37.9078
83.5186 1498 38.704
83.636 1356 36.8239
83.7534 1321 36.3456
83.8708 1184 34.4093
83.9881 1157 34.0147
84.1055 1200 34.641
84.2228 1276 35.7211
84.3401 1372 37.0405
84.4575 1498 38.704
84.5747 1470 38.3406
84.692 1549 39.3573
84.8093 1604 40.05
84.9265 1524 39.0384
85.0437 1489 38.5876
85.1609 1373 37.054
85.2781 1197 34.5977
85.3952 1106 33.2566
85.5123 1160 34.0588
85.6294 1157 34.0147
85.7465 1231 35.0856
85.8636 1310 36.1939
85.9806 1399 37.4032
86.0976 1479 38.4578
86.2145 1516 38.9358
86.3315 1487 38.5616
86.4484 1553 39.4081
86.5652 1544 39.2938
86.682 1564 39.5474
86.7988 1564 39.5474
86.9156 1568 39.598
87.0323 1541 39.2556
87.149 1475 38.4057
87.2657 1361 36.8917
87.3823 1209 34.7707
87.4988 1110 33.3167
87.6154 1004 31.686
87.7318 1099 33.1512
87.8483 1063 32.6037
87.9647 1219 34.9142
88.081 1260 35.4965
88.1973 1246 35.2987
88.3136 1163 34.1028
88.4298 1129 33.6006
88.546 966 31.0805
88.6621 911 30.1828
88.7781 742 27.2397
88.8942 0 1
89.0101 0 1
89.126 0 1
89.2419 0 1
89.3577 0 1
89.4734 0 1
89.5891 0 1
89.7047 0 1
89.8203 0 1
89.9358 0 1
92.3269 0 1
92.4424 0 1
92.558 0 1
92.6736 0 1
92.7893 0 1
92.905 0 1
93.0208 0 1
93.1366 0 1
93.2525 0 1
93.3685 0 1
93.4845 0 1
93.6005 1170 34.2053
93.7167 1225 35
93.8328 1291 35.9305
93.949 1348 36.7151
94.0653 1428 37.7889
94.1816 1287 35.8748
94.2979 1271 35.6511
94.4143 1213 34.8281
94.5307 1243 35.2562
94.6472 1170 34.2053
94.7637 1104 33.2265
94.8803 1216 34.8712
94.9969 1441 37.9605
95.1135 1407 37.51
95.2302 1442 37.9737
95.3469 1464 38.2623
95.4637 1560 39.4968
95.5805 1558 39.4715
95.6973 1594 39.9249
95.8142 1597 39.9625
95.9311 1564 39.5474
96.048 1591 39.8873
96.1649 1473 38.3797
96.2819 1531 39.128
96.3989 1413 37.5899
96.516 1422 37.7094
96.633 1361 36.8917
96.7501 1286 35.8608
96.8673 1266 35.5809
96.9844 1313 36.2353
97.1016 1374 37.0675
97.2188 1473 38.3797
97.336 1609 40.1123
97.4532 1609 40.1123
97.5704 1626 40.3237
97.6877 1680 40.9878
97.805 1603 40.0375
97.9223 1460 38.2099
98.0396 1353 36.7831
98.1569 1165 34.1321
98.2743 1184 34.4093
98.3916 1134 33.6749
98.509 1132 33.6452
98.6264 1349 36.7287
98.7438 1442 37.9737
98.8612 1554 39.4208
98.9786 1494 38.6523
99.096 1591 39.8873
99.2134 1586 39.8246
99.3308 1614 40.1746
99.4482 1697 41.1947
99.5656 1634 40.4228
99.6831 1692 41.1339
99.8005 1616 40.1995
99.9179 1611 40.1373
100.035 1552 39.3954
100.153 1467 38.3014
100.27 1307 36.1525
100.388 1336 36.5513
100.505 1358 36.8511
100.622 1508 38.833
100.74 1564 39.5474
100.857 1720 41.4729
100.975 1731 41.6053
101.092 1746 41.7852
101.209 1731 41.6053
101.327 1696 41.1825
101.444 1635 40.4351
101.561 1472 38.3667
101.679 1407 37.51
101.796 1234 35.1283
101.913 1229 35.0571
102.03 1180 34.3511
102.148 1386 37.229
102.265 1457 38.1707
102.382 1618 40.2244
102.499 1645 40.5586
102.616 1680 40.9878
102.733 1733 41.6293
102.851 1828 42.7551
102.968 1783 42.2256
103.085 1777 42.1545
103.202 1847 42.9767
103.319 1696 41.1825
103.436 1687 41.0731
103.552 1639 40.4846
103.669 1583 39.7869
103.786 1480 38.4708
103.903 1344 36.6606
104.02 1461 38.223
104.137 1523 39.0256
104.253 1662 40.7676
104.37 1755 41.8927
104.487 1779 42.1782
104.603 1788 42.2847
104.72 1747 41.7971
104.836 1724 41.5211
104.953 1618 40.2244
105.069 1415 37.6165
105.186 1308 36.1663
105.302 1202 34.6699
105.418 1160 34.0588
105.535 1128 33.5857
105.651 1126 33.5559
105.767 1193 34.5398
105.883 1190 34.4964
105.999 1223 34.9714
106.115 0 1
106.231 0 1
106.347 0 1
106.463 0 1
106.579 0 1
106.694 0 1
106.81 0 1
106.926 0 1
107.041 0 1
107.157 0 1
109.576 0 1
109.692 0 1
109.807 0 1
109.923 0 1
110.039 0 1
110.155 0 1
110.27 0 1
110.386 0 1
110.502 0 1
110.618 679 26.0576
110.735 886 29.7658
110.851 1120 33.4664
110.967 1303 36.0971
111.083 1424 37.7359
111.199 1420 37.6829
111.316 1538 39.2173
111.432 1567 39.5854
111.549 1615 40.1871
111.665 1692 41.1339
111.782 1599 39.9875
111.898 1633 40.4104
112.015 1613 40.1622
112.132 1483 38.5097
112.248 1336 36.5513
112.365 1367 36.973
112.482 1387 37.2424
112.599 1373 37.054
112.716 1436 37.8946
112.832 1628 40.3485
112.949 1630 40.3733
113.066 1625 40.3113
113.183 1575 39.6863
113.3 1714 41.4005
113.417 1660 40.7431
113.534 1604 40.05
113.652 1450 38.0789
113.769 1273 35.6791
113.886 1204 34.6987
114.003 1192 34.5254
114.12 1168 34.176
114.238 1409 37.5366
114.355 1420 37.6829
114.472 1498 38.704
114.589 1719 41.4608
114.707 1687 41.0731
114.824 1692 41.1339
114.942 1700 41.2311
115.059 1643 40.5339
115.176 1620 40.2492
115.294 1671 40.8779
115.411 1580 39.7492
115.529 1651 40.6325
115.646 1540 39.2428
115.764 1486 38.5487
115.881 1431 37.8286
115.999 1364 36.9324
116.116 1377 37.108
116.234 1462 38.2361
116.351 1577 39.7115
116.469 1646 40.5709
116.586 1653 40.6571
116.704 1674 40.9145
116.821 1715 41.4126
116.939 1693 41.1461
117.056 1666 40.8167
117.174 1474 38.3927
117.291 1412 37.5766
117.409 1277 35.7351
117.526 1184 34.4093
117.644 1179 34.3366
117.761 1247 35.3129
117.879 1412 37.5766
117.996 1548 39.3446
118.114 1525 39.0512
118.231 1650 40.6202
118.349 1640 40.4969
118.466 1646 40.5709
118.584 1626 40.3237
118.701 1724 41.5211
118.819 1654 40.6694
118.936 1649 40.6079
119.053 1543 39.281
119.171 1588 39.8497
119.288 1468 38.3145
119.405 1467 38.3014
119.523 1355 36.8103
119.64 1371 37.027
119.757 1342 36.6333
119.875 1436 37.8946
119.992 1402 37.4433
120.109 1572 39.6485
120.226 1566 39.5727
120.343 1532 39.1408
120.46 1610 40.1248
120.578 1570 39.6232
120.695 1611 40.1373
120.812 1452 38.1051
120.929 1371 37.027
121.046 1225 35
121.163 1168 34.176
121.279 1146 33.8526
121.396 1143 33.8083
121.513 1200 34.641
121.63 1282 35.805
121.747 1291 35.9305
121.863 1257 35.4542
121.98 1264 35.5528
122.097 1389 37.2693
122.213 1319 36.318
122.33 1308 36.1663
122.446 1274 35.6931
122.563 1207 34.7419
122.679 1128 33.5857
122.795 1037 32.2025
122.912 959 30.9677
123.028 862 29.3598
123.144 732 27.0555
123.26 642 25.3377
123.377 0 1
123.493 0 1
123.609 0 1
123.725 0 1
123.84 0 1
123.956 0 1
124.072 0 1
124.188 0 1
124.303 0 1
124.419 0 1
126.852 0 1
126.968 0 1
127.083 0 1
127.199 0 1
127.315 0 1
127.431 0 1
127.547 0 1
127.663 0 1
127.779 0 1
127.895 0 1
128.011 0 1
128.127 0 1
128.243 0 1
128.359 1502 38.7556
128.476 1521 39
128.592 1473 38.3797
128.708 1420 37.6829
128.825 1445 38.0132
128.941 1524 39.0384
129.058 1541 39.2556
129.174 1664 40.7922
129.291 1649 40.6079
129.408 1664 40.7922
129.524 1669 40.8534
129.641 1707 41.3159
129.758 1662 40.7676
129.875 1617 40.2119
129.992 1483 38.5097
130.108 1396 37.3631
130.225 1267 35.5949
130.342 1174 34.2637
130.459 1378 37.1214
130.576 1397 37.3765
130.693 1566 39.5727
130.81 1516 38.9358
130.928 1609 40.1123
131.045 1626 40.3237
131.162 1685 41.0488
131.279 1641 40.5093
131.396 1698 41.2068
131.513 1749 41.821
131.631 1695 41.1704
131.748 1563 39.5348
131.865 1670 40.8656
131.983 1542 39.2683
132.1 1455 38.1445
132.217 1404 37.47
132.335 1513 38.8973
132.452 1445 38.0132
132.57 1585 39.8121
132.687 1682 41.0122
132.804 1677 40.9512
132.922 1693 41.1461
133.039 1703 41.2674
133.157 1756 41.9047
133.274 1755 41.8927
133.392 1594 39.9249
133.509 1502 38.7556
133.627 1451 38.092
133.744 1368 36.9865
133.862 1339 36.5923
133.979 1294 35.9722
134.097 1386 37.229
134.214 1465 38.2753
134.332 1541 39.2556
134.449 1582 39.7744
134.567 1663 40.7799
134.684 1741 41.7253
134.802 1705 41.2916
134.919 1608 40.0999
135.037 1656 40.694
135.154 1655 40.6817
135.272 1592 39.8999
135.389 1617 40.2119
135.507 1530 39.1152
135.624 1562 39.5221
135.742 1472 38.3667
135.859 1460 38.2099
135.977 1578 39.724
136.094 1596 39.95
136.211 1640 40.4969
136.329 1700 41.2311
136.446 1667 40.8289
136.564 1729 41.5812
136.681 1800 42.4264
136.798 1854 43.0581
136.915 1756 41.9047
137.033 1662 40.7676
137.15 1567 39.5854
137.267 1486 38.5487
137.384 1303 36.0971
137.502 1245 35.2846
137.619 1242 35.242
137.736 1411 37.5633
137.853 1466 38.2884
137.97 1505 38.7943
138.087 1476 38.4187
138.204 1609 40.1123
138.321 1650 40.6202
138.438 1637 40.4599
138.555 1700 41.2311
138.672 1733 41.6293
138.788 1629 40.3609
138.905 1535 39.1791
139.022 1506 38.8072
139.139 1449 38.0657
139.255 1285 35.8469
139.372 1205 34.7131
139.488 1164 34.1174
139.605 1110 33.3167
139.721 1052 32.4345
139.838 1135 33.6898
139.954 1131 33.6303
140.071 1113 33.3617
140.187 984 31.3688
140.303 961 31
140.419 915 30.249
140.535 890 29.8329
140.652 797 28.2312
140.768 0 1
140.884 0 1
141 0 1
141.115 0 1
141.231 0 1
141.347 0 1
141.463 0 1
141.578 0 1
141.694 0 1
144.104 0 1
144.219 0 1
144.335 0 1
144.45 0 1
144.566 0 1
144.682 0 1
144.798 0 1
144.914 0 1
145.03 0 1
145.146 1208 34.7563
145.262 1258 35.4683
145.378 1352 36.7696
145.494 1392 37.3095
145.61 1421 37.6962
145.726 1357 36.8375
145.842 1273 35.6791
145.959 1250 35.3553
146.075 1104 33.2265
146.192 1082 32.8938
146.308 1045 32.3265
146.425 1055 32.4808
146.541 1100 33.1662
146.658 1200 34.641
146.774 1212 34.8138
146.891 1200 34.641
147.008 1266 35.5809
147.125 1218 34.8999
147.241 1319 36.318
147.358 1293 35.9583
147.475 1303 36.0971
147.592 1359 36.8646
147.709 1256 35.4401
147.826 1242 35.242
147.943 1184 34.4093
148.06 1139 33.7491
148.177 1135 33.6898
148.294 1127 33.5708
148.411 1119 33.4515
148.528 1223 34.9714
148.645 1273 35.6791
148.762 1292 35.9444
148.88 1306 36.1386
148.997 1322 36.3593
149.114 1326 36.4143
149.231 1314 36.2491
149.349 1306 36.1386
149.466 1294 35.9722
149.583 1198 34.6121
149.701 1168 34.176
149.818 1026 32.0312
149.935 1059 32.5423
150.053 1036 32.187
150.17 1026 32.0312
150.287 1046 32.3419
150.405 1195 34.5688
150.522 1226 35.0143
150.64 1216 34.8712
150.757 1279 35.7631
150.875 1220 34.9285
150.992 1190 34.4964
151.11 1225 35
151.227 1242 35.242
151.344 1244 35.2704
151.462 1204 34.6987
151.579 1165 34.1321
151.697 1125 33.541
151.814 1085 32.9393
151.932 1123 33.5112
152.049 1112 33.3467
152.167 1220 34.9285
152.284 1168 34.176
152.402 1166 34.1467
152.519 1204 34.6987
152.636 1291 35.9305
152.754 1218 34.8999
152.871 1249 35.3412
152.989 1262 35.5246
153.106 1222 34.9571
153.223 1069 32.6956
153.341 1009 31.7648
153.458 1018 31.9061
153.575 954 30.8869
153.693 989 31.4484
153.81 1005 31.7017
153.927 1016 31.8748
154.044 1072 32.7414
154.162 1134 33.6749
154.279 1130 33.6155
154.396 1216 34.8712
154.513 1145 33.8378
154.63 1187 34.4529
154.747 1090 33.0151
154.864 1163 34.1028
154.981 1103 33.2114
155.098 1078 32.8329
155.215 1073 32.7567
155.332 1001 31.6386
155.449 1011 31.7962
155.566 1031 32.1092
155.683 1028 32.0624
155.8 1034 32.1559
155.917 1036 32.187
156.033 1057 32.5115
156.15 0 1
156.267 0 1
156.383 0 1
156.5 0 1
156.617 0 1
156.733 0 1
156.85 0 1
156.966 0 1
157.082 0 1
157.199 0 1
157.315 0 1
157.431 0 1
157.547 0 1
157.664 0 1
157.78 0 1
157.896 0 1
158.012 0 1
158.128 0 1
158.244 0 1
158.359 0 1
158.475 0 1
158.591 0 1
158.706 0 1
