
6.15755 0 1
6.2731 0 1
6.3887 0 1
6.50437 0 1
6.62009 0 1
6.73587 0 1
6.8517 0 1
6.96759 0 1
7.08353 0 1
7.19952 0 1
7.31557 0 1
7.43166 0 1
7.54781 0 1
7.664 0 1
7.78024 0 1
7.89653 0 1
8.01286 0 1
8.12924 0 1
8.24567 0 1
8.36213 0 1
8.47864 0 1
8.59519 0 1
8.71178 0 1
8.82841 0 1
8.94508 0 1
9.06179 0 1
9.17853 0 1
9.29531 0 1
9.41212 0 1
9.52897 0 1
9.64584 0 1
9.76276 0 1
9.8797 0 1
9.99667 0 1
10.1137 0 1
10.2307 0 1
10.3478 0 1
10.4648 0 1
10.5819 0 1
10.6991 0 1
10.8162 0 1
10.9334 0 1
11.0506 0 1
11.1678 0 1
11.285 0 1
11.4023 0 1
11.5196 0 1
11.6369 0 1
11.7542 0 1
11.8715 0 1
11.9888 0 1
12.1062 0 1
12.2235 0 1
12.3409 0 1
12.4582 0 1
12.5756 0 1
12.693 0 1
12.8104 0 1
12.9278 0 1
13.0452 0 1
13.1626 0 1
13.28 0 1
13.3974 0 1
13.5149 0 1
13.6323 0 1
13.7497 0 1
13.8671 0 1
13.9845 0 1
14.1019 0 1
14.2193 0 1
14.3367 0 1
14.4541 0 1
14.5714 0 1
14.6888 0 1
14.8062 0 1
14.9235 0 1
15.0408 0 0
15.1581 0 0
15.2755 0 0
15.3927 0 0
15.51 0 0
15.6273 0 0
15.7445 0 0
15.8617 0 0
15.9789 0 0
16.0961 0 0
16.2132 0 0
16.3304 0 0
16.4475 0 0
16.5646 0 0
16.6816 0 0
16.7986 0 0
16.9156 0 0
17.0326 0 0
17.1496 0 0
17.2665 0 0
17.3833 0 0
17.5002 0 0
17.617 0 0
17.7338 0 0
17.8505 0 0
17.9672 0 0
18.0839 0 0
18.2005 0 0
18.3171 0 0
18.4337 0 0
18.5502 0 0
18.6666 0 0
18.7831 0 0
18.8994 0 0
19.0158 0 0
19.1321 0 0
19.2483 0 0
19.3645 0 0
19.4806 0 0
19.5967 0 0
19.7128 0 0
19.8288 0 0
19.9447 0 0
20.0606 0 1
20.1764 0 1
20.2922 0 1
20.4079 0 1
20.5236 0 1
20.6392 0 1
20.7548 0 1
20.8702 0 1
23.3078 0 1
23.4233 0 1
23.539 0 1
23.6547 0 1
23.7704 0 1
23.8862 0 1
24.0021 0 1
24.118 0 1
24.234 0 1
24.35 0 1
24.4661 1783 42.2256
24.5822 1761 41.9643
24.6984 1760 41.9524
24.8146 1675 40.9268
24.9309 1742 41.7373
25.0472 1631 40.3856
25.1636 1740 41.7133
25.28 1703 41.2674
25.3965 1794 42.3556
25.513 1850 43.0116
25.6296 1892 43.4971
25.7462 1962 44.2945
25.8628 2009 44.8219
25.9795 1950 44.1588
26.0962 1907 43.6692
26.213 1939 44.0341
26.3298 1868 43.2204
26.4466 1897 43.5546
26.5635 1829 42.7668
26.6804 1777 42.1545
26.7973 1704 41.2795
26.9143 1776 42.1426
27.0313 1855 43.0697
27.1483 1895 43.5316
27.2653 1951 44.1701
27.3824 2022 44.9667
27.4996 1960 44.2719
27.6167 1890 43.4741
27.7339 1834 42.8252
27.8511 1892 43.4971
27.9683 1789 42.2966
28.0855 1826 42.7317
28.2028 1791 42.3202
28.3201 1721 41.4849
28.4374 1679 40.9756
28.5547 1587 39.8372
28.6721 1619 40.2368
28.7894 1642 40.5216
28.9068 1672 40.8901
29.0242 1794 42.3556
29.1416 1822 42.6849
29.259 1802 42.45
29.3764 1901 43.6005
29.4939 1873 43.2782
29.6113 1935 43.9886
29.7288 1910 43.7035
29.8463 1844 42.9418
29.9638 1854 43.0581
30.0812 1737 41.6773
30.1987 1632 40.398
30.3162 1761 41.9643
30.4337 1694 41.1582
30.5512 1832 42.8019
30.6687 1850 43.0116
30.7862 1916 43.7721
30.9037 1867 43.2088
31.0212 1925 43.8748
31.1387 1925 43.8748
31.2562 1959 44.2606
31.3737 1862 43.1509
31.4912 1814 42.5911
31.6087 1815 42.6028
31.7262 1823 42.6966
31.8436 1754 41.8808
31.9611 1630 40.3733
32.0785 1620 40.2492
32.1959 1568 39.598
32.3134 1621 40.2616
32.4308 1752 41.8569
32.5482 1748 41.8091
32.6655 1867 43.2088
32.7829 1867 43.2088
32.9002 1907 43.6692
33.0176 1890 43.4741
33.1349 1932 43.9545
33.2522 1835 42.8369
33.3694 1918 43.795
33.4867 1843 42.9302
33.6039 1827 42.7434
33.7211 1807 42.5088
33.8383 1651 40.6325
33.9554 1711 41.3642
34.0725 1751 41.845
34.1896 1864 43.1741
34.3067 1820 42.6615
34.4237 1888 43.4511
34.5407 2034 45.0999
34.6577 1989 44.5982
34.7746 1938 44.0227
34.8915 1996 44.6766
35.0084 1916 43.7721
35.1252 1918 43.795
35.242 1852 43.0349
35.3587 1847 42.9767
35.4755 1816 42.6146
35.5921 1678 40.9634
35.7088 1588 39.8497
35.8254 1578 39.724
35.9419 1585 39.8121
36.0584 1600 40
36.1749 1684 41.0366
36.2913 1719 41.4608
36.4077 1836 42.8486
36.524 1935 43.9886
36.6403 1868 43.2204
36.7565 1940 44.0454
36.8727 1863 43.1625
36.9889 1895 43.5316
37.1049 1877 43.3244
37.221 0 1
37.3369 0 1
37.4529 0 1
37.5687 0 1
37.6845 0 1
37.8003 0 1
37.916 0 1
38.0316 0 1
38.1472 0 1
40.5851 0 1
40.7008 0 1
40.8164 0 1
40.9322 0 1
41.048 0 1
41.1639 0 1
41.2798 0 1
41.3958 0 1
41.5118 0 1
41.6279 0 1
41.744 1623 40.2865
41.8602 1589 39.8623
41.9765 1614 40.1746
42.0928 1676 40.939
42.2091 1701 41.2432
42.3255 1668 40.8412
42.4419 1553 39.4081
42.5584 1465 38.2753
42.675 1506 38.8072
42.7915 1457 38.1707
42.9081 1522 39.0128
43.0248 1570 39.6232
43.1415 1607 40.0874
43.2582 1692 41.1339
43.375 1679 40.9756
43.4918 1656 40.694
43.6087 1694 41.1582
43.7256 1670 40.8656
43.8425 1548 39.3446
43.9595 1539 39.2301
44.0765 1527 39.0768
44.1935 1499 38.7169
44.3106 1403 37.4566
44.4277 1397 37.3765
44.5448 1255 35.426
44.6619 1195 34.5688
44.7791 1229 35.0571
44.8963 1272 35.6651
45.0136 1374 37.0675
45.1308 1371 37.027
45.2481 1477 38.4318
45.3654 1423 37.7227
45.4827 1367 36.973
45.6001 1403 37.4566
45.7174 1369 37
45.8348 1416 37.6298
45.9522 1381 37.1618
46.0697 1283 35.819
46.1871 1338 36.5787
46.3046 1229 35.0571
46.422 1267 35.5949
46.5395 1265 35.5668
46.657 1348 36.7151
46.7745 1359 36.8646
46.892 1363 36.9188
47.0096 1397 37.3765
47.1271 1381 37.1618
47.2446 1324 36.3868
47.3622 1284 35.8329
47.4797 1249 35.3412
47.5973 1250 35.3553
47.7149 1200 34.641
47.8324 1135 33.6898
47.95 1083 32.909
48.0675 1044 32.311
48.1851 969 31.1288
48.3027 985 31.3847
48.4202 1013 31.8277
48.5378 1021 31.9531
48.6554 1127 33.5708
48.7729 1222 34.9571
48.8904 1122 33.4963
49.008 1170 34.2053
49.1255 1194 34.5543
49.243 1195 34.5688
49.3605 1200 34.641
49.478 1112 33.3467
49.5955 1113 33.3617
49.713 1078 32.8329
49.8304 1018 31.9061
49.9479 1043 32.2955
50.0653 1229 35.0571
50.1827 1307 36.1525
50.3001 1338 36.5787
50.4175 1338 36.5787
50.5348 1423 37.7227
50.6521 1441 37.9605
50.7694 1490 38.6005
50.8867 1510 38.8587
51.004 1517 38.9487
51.1212 1495 38.6652
51.2384 1492 38.6264
51.3556 1485 38.5357
51.4727 1401 37.4299
51.5899 1304 36.1109
51.707 1250 35.3553
51.824 1315 36.2629
51.9411 1342 36.6333
52.0581 1430 37.8153
52.175 1649 40.6079
52.2919 1730 41.5933
52.4088 1684 41.0366
52.5257 1750 41.833
52.6425 1791 42.3202
52.7593 1764 42
52.876 1788 42.2847
52.9927 1734 41.6413
53.1094 1677 40.9512
53.226 1701 41.2432
53.3426 1599 39.9875
53.4591 1694 41.1582
53.5756 1785 42.2493
53.692 1898 43.566
53.8084 1878 43.3359
53.9248 1969 44.3734
54.0411 1990 44.6094
54.1573 2003 44.7549
54.2735 0 1
54.3896 0 1
54.5057 0 1
54.6217 0 1
54.7377 0 1
54.8537 0 1
54.9695 0 1
55.0853 0 1
55.2011 0 1
55.3168 0 1
55.4324 0 1
57.824 0 1
57.9396 0 1
58.0553 0 1
58.1711 0 1
58.2869 0 1
58.4028 0 1
58.5187 0 1
58.6347 0 1
58.7508 0 1
58.8669 0 1
58.983 2375 48.734
59.0992 2371 48.6929
59.2155 2463 49.6286
59.3318 2524 50.2394
59.4482 2506 50.06
59.5646 2601 51
59.681 2564 50.636
59.7975 2519 50.1896
59.9141 2328 48.2494
60.0306 2224 47.1593
60.1473 2079 45.5961
60.2639 1968 44.3621
60.3807 1816 42.6146
60.4974 1881 43.3705
60.6142 1956 44.2267
60.731 1964 44.317
60.8479 2168 46.5618
60.9648 2212 47.0319
61.0818 2374 48.7237
61.1987 2403 49.0204
61.3158 2406 49.051
61.4328 2245 47.3814
61.5499 2400 48.9898
61.667 2259 47.5289
61.7841 2238 47.3075
61.9013 2098 45.8039
62.0185 2138 46.2385
62.1357 2161 46.4866
62.253 2247 47.4025
62.3702 2281 47.7598
62.4875 2349 48.4665
62.6049 2496 49.96
62.7222 2527 50.2693
62.8396 2500 50
62.9569 2481 49.8096
63.0743 2515 50.1498
63.1918 2495 49.95
63.3092 2441 49.4065
63.4267 2463 49.6286
63.5441 2209 47
63.6616 2125 46.0977
63.7791 1907 43.6692
63.8966 1769 42.0595
64.0142 1771 42.0833
64.1317 1837 42.8602
64.2492 1979 44.486
64.3668 2101 45.8367
64.4843 2208 46.9894
64.6019 2304 48
64.7195 2349 48.4665
64.837 2314 48.1041
64.9546 2309 48.0521
65.0722 2291 47.8644
65.1898 2199 46.8935
65.3074 2237 47.2969
65.4249 2073 45.5302
65.5425 2045 45.2217
65.6601 2150 46.3681
65.7777 2174 46.6262
65.8952 2280 47.7493
66.0128 2377 48.7545
66.1304 2386 48.8467
66.2479 2529 50.2892
66.3655 2456 49.558
66.483 2511 50.1099
66.6005 2492 49.9199
66.718 2562 50.6162
66.8355 2433 49.3254
66.953 2407 49.0612
67.0705 2358 48.5592
67.1879 2224 47.1593
67.3054 2082 45.6289
67.4228 1870 43.2435
67.5402 1731 41.6053
67.6576 1770 42.0714
67.7749 1888 43.4511
67.8923 2097 45.793
68.0096 2249 47.4236
68.1269 2362 48.6004
68.2442 2455 49.548
68.3614 2513 50.1298
68.4787 2533 50.3289
68.5958 2451 49.5076
68.713 2495 49.95
68.8302 2412 49.1121
68.9473 2410 49.0918
69.0643 2261 47.55
69.1814 2224 47.1593
69.2984 2332 48.2908
69.4154 2406 49.051
69.5323 2477 49.7695
69.6492 2634 51.3225
69.7661 2758 52.5167
69.8829 2750 52.4404
69.9997 2858 53.4603
70.1165 2873 53.6004
70.2332 2847 53.3573
70.3499 2900 53.8516
70.4665 2790 52.8205
70.5831 2744 52.3832
70.6996 2694 51.9038
70.8161 2540 50.3984
70.9326 2388 48.8672
71.049 2175 46.6369
71.1653 1963 44.3058
71.2817 1876 43.3128
71.3979 1940 44.0454
71.5141 2068 45.4753
71.6303 2189 46.7868
71.7464 2132 46.1736
71.8624 0 1
71.9784 0 1
72.0944 0 1
72.2102 0 1
72.3261 0 1
72.4418 0 1
72.5575 0 1
72.6732 0 1
75.1054 0 1
75.2209 0 1
75.3365 0 1
75.4521 0 1
75.5678 0 1
75.6835 0 1
75.7993 0 1
75.9151 0 1
76.031 0 1
76.147 2616 51.1468
76.263 2488 49.8799
76.3791 2373 48.7134
76.4952 2220 47.1169
76.6113 2059 45.3762
76.7276 2152 46.3897
76.8438 2369 48.6724
76.9601 2618 51.1664
77.0765 2848 53.3667
77.1929 3072 55.4256
77.3093 3133 55.9732
77.4258 3237 56.8946
77.5423 3235 56.8771
77.6589 3179 56.3826
77.7755 3047 55.1996
77.8921 3116 55.8211
78.0088 2959 54.3967
78.1256 2804 52.9528
78.2423 2721 52.1632
78.3591 2669 51.6624
78.4759 2867 53.5444
78.5928 2968 54.4794
78.7097 3072 55.4256
78.8266 3284 57.3062
78.9436 3297 57.4195
79.0606 3452 58.7537
79.1776 3354 57.9137
79.2946 3386 58.1893
79.4117 3285 57.3149
79.5288 3447 58.7112
79.6459 3336 57.7581
79.7631 3206 56.6216
79.8802 3083 55.5248
79.9974 2703 51.9904
80.1147 2504 50.04
80.2319 2234 47.2652
80.3491 2308 48.0416
80.4664 2424 49.2341
80.5837 2809 53
80.701 2998 54.754
80.8183 3167 56.2761
80.9357 3377 58.112
81.053 3321 57.6281
81.1704 3297 57.4195
81.2877 3370 58.0517
81.4051 3372 58.0689
81.5225 3286 57.3236
81.6399 3053 55.254
81.7573 3103 55.7046
81.8747 2922 54.0555
81.9922 2932 54.1479
82.1096 2979 54.5802
82.227 3055 55.2721
82.3444 3200 56.5685
82.4619 3270 57.1839
82.5793 3352 57.8965
82.6967 3582 59.8498
82.8142 3492 59.0931
82.9316 3530 59.4138
83.049 3557 59.6406
83.1664 3441 58.66
83.2838 3395 58.2666
83.4012 3127 55.9196
83.5186 3114 55.8032
83.636 2822 53.1225
83.7534 2476 49.7594
83.8708 2282 47.7703
83.9881 2245 47.3814
84.1055 2504 50.04
84.2228 2642 51.4004
84.3401 2964 54.4426
84.4575 3341 57.8014
84.5747 3511 59.2537
84.692 3621 60.1747
84.8093 3570 59.7495
84.9265 3617 60.1415
85.0437 3616 60.1332
85.1609 3435 58.6089
85.2781 3400 58.3095
85.3952 3377 58.112
85.5123 3242 56.9386
85.6294 3170 56.3028
85.7465 3353 57.9051
85.8636 3573 59.7746
85.9806 3727 61.0492
86.0976 3924 62.6418
86.2145 3894 62.4019
86.3315 3990 63.1664
86.4484 4346 65.9242
86.5652 4275 65.3835
86.682 4195 64.7688
86.7988 4196 64.7765
86.9156 4045 63.6003
87.0323 3976 63.0555
87.149 3792 61.5792
87.2657 3414 58.4294
87.3823 3168 56.285
87.4988 3000 54.7723
87.6154 2997 54.7449
87.7318 3493 59.1016
87.8483 3870 62.2093
87.9647 4184 64.6838
88.081 4479 66.9253
88.1973 4856 69.685
88.3136 4648 68.1762
88.4298 4723 68.7241
88.546 4732 68.7895
88.6621 4532 67.3201
88.7781 4434 66.5883
88.8942 0 1
89.0101 0 1
89.126 0 1
89.2419 0 1
89.3577 0 1
89.4734 0 1
89.5891 0 1
89.7047 0 1
89.8203 0 1
89.9358 0 1
92.3269 0 1
92.4424 0 1
92.558 0 1
92.6736 0 1
92.7893 0 1
92.905 0 1
93.0208 0 1
93.1366 0 1
93.2525 0 1
93.3685 0 1
93.4845 0 1
93.6005 5035 70.9577
93.7167 5063 71.1548
93.8328 5149 71.7565
93.949 5263 72.5465
94.0653 4991 70.647
94.1816 5146 71.7356
94.2979 4959 70.4202
94.4143 4730 68.775
94.5307 4653 68.2129
94.6472 4614 67.9264
94.7637 4722 68.7168
94.8803 4772 69.0797
94.9969 5005 70.746
95.1135 5044 71.0211
95.2302 5411 73.5595
95.3469 5507 74.2092
95.4637 5437 73.736
95.5805 5636 75.0733
95.6973 5592 74.7797
95.8142 5845 76.4526
95.9311 5455 73.858
96.048 5431 73.6953
96.1649 5327 72.9863
96.2819 5031 70.9295
96.3989 4661 68.2715
96.516 4362 66.0454
96.633 3917 62.5859
96.7501 3788 61.5467
96.8673 4134 64.2962
96.9844 4601 67.8307
97.1016 5023 70.8731
97.2188 5433 73.7089
97.336 5695 75.4652
97.4532 5931 77.013
97.5704 5965 77.2334
97.6877 5849 76.4788
97.805 5887 76.7268
97.9223 5685 75.3989
98.0396 5558 74.552
98.1569 5434 73.7157
98.2743 5413 73.5731
98.3916 5286 72.7049
98.509 5302 72.8148
98.6264 5474 73.9865
98.7438 5663 75.2529
98.8612 5931 77.013
98.9786 6120 78.2304
99.096 6249 79.0506
99.2134 6360 79.7496
99.3308 6224 78.8923
99.4482 6370 79.8123
99.5656 6290 79.3095
99.6831 6155 78.4538
99.8005 5951 77.1427
99.9179 5805 76.1906
100.035 5433 73.7089
100.153 4858 69.6994
100.27 4491 67.0149
100.388 4565 67.5648
100.505 4847 69.6204
100.622 5425 73.6546
100.74 5917 76.922
100.857 6539 80.8641
100.975 6564 81.0185
101.092 6570 81.0555
101.209 6647 81.5291
101.327 6522 80.7589
101.444 6516 80.7217
101.561 6356 79.7245
101.679 6084 78
101.796 5984 77.3563
101.913 5917 76.922
102.03 5927 76.987
102.148 6162 78.4984
102.265 6539 80.8641
102.382 6120 78.2304
102.499 6669 81.6639
102.616 6837 82.6862
102.733 6820 82.5833
102.851 7131 84.4452
102.968 7110 84.3208
103.085 6819 82.5772
103.202 6973 83.5045
103.319 6546 80.9074
103.436 6418 80.1124
103.552 6025 77.6209
103.669 5353 73.1642
103.786 5026 70.8943
103.903 4866 69.7567
104.02 5477 74.0068
104.137 5897 76.7919
104.253 6810 82.5227
104.37 6897 83.0482
104.487 7138 84.4867
104.603 7256 85.1822
104.72 7423 86.1568
104.836 7417 86.122
104.953 7124 84.4038
105.069 7026 83.8212
105.186 6806 82.4985
105.302 6740 82.0975
105.418 6548 80.9197
105.535 6453 80.3306
105.651 6778 82.3286
105.767 7035 83.8749
105.883 7238 85.0764
105.999 7288 85.3698
106.115 0 1
106.231 0 1
106.347 0 1
106.463 0 1
106.579 0 1
106.694 0 1
106.81 0 1
106.926 0 1
107.041 0 1
107.157 0 1
109.576 0 1
109.692 0 1
109.807 0 1
109.923 0 1
110.039 0 1
110.155 0 1
110.27 0 1
110.386 0 1
110.502 0 1
110.618 6093 78.0577
110.735 6341 79.6304
110.851 6787 82.3833
110.967 6712 81.9268
111.083 6922 83.1986
111.199 6913 83.1445
111.316 7005 83.6959
111.432 6818 82.5712
111.549 6791 82.4075
111.665 6658 81.5966
111.782 6450 80.3119
111.898 6133 78.3135
112.015 5772 75.9737
112.132 5408 73.5391
112.248 4789 69.2026
112.365 4649 68.1836
112.482 4871 69.7925
112.599 5270 72.5948
112.716 5714 75.591
112.832 6167 78.5302
112.949 6260 79.1202
113.066 6400 80
113.183 6083 77.9936
113.3 6333 79.5801
113.417 6148 78.4092
113.534 6034 77.6788
113.652 5810 76.2234
113.769 5634 75.06
113.886 5599 74.8265
114.003 5347 73.1232
114.12 5344 73.1027
114.238 5407 73.5323
114.355 5632 75.0467
114.472 5601 74.8398
114.589 5752 75.8419
114.707 5717 75.6108
114.824 5863 76.5702
114.942 5899 76.8049
115.059 5932 77.0195
115.176 5973 77.2852
115.294 5700 75.4983
115.411 5638 75.0866
115.529 5247 72.4362
115.646 4994 70.6682
115.764 4523 67.2533
115.881 4125 64.2262
115.999 4149 64.4127
116.116 4564 67.5574
116.234 5033 70.9436
116.351 5385 73.3826
116.469 5681 75.3724
116.586 5716 75.6042
116.704 5776 76
116.821 5843 76.4395
116.939 5807 76.2037
117.056 5543 74.4513
117.174 5452 73.8377
117.291 5369 73.2735
117.409 5365 73.2462
117.526 5164 71.861
117.644 5040 70.993
117.761 5297 72.7805
117.879 5342 73.089
117.996 5571 74.6391
118.114 5493 74.1148
118.231 5666 75.2728
118.349 5743 75.7826
118.466 5784 76.0526
118.584 5805 76.1906
118.701 5766 75.9342
118.819 5760 75.8947
118.936 5523 74.3169
119.053 5571 74.6391
119.171 5351 73.1505
119.288 4861 69.7209
119.405 4424 66.5132
119.523 4088 63.9375
119.64 4139 64.3351
119.757 4276 65.3911
119.875 4910 70.0714
119.992 5044 71.0211
120.109 5349 73.1369
120.226 5545 74.4648
120.343 5656 75.2064
120.46 5558 74.552
120.578 5434 73.7157
120.695 5409 73.5459
120.812 5448 73.8106
120.929 5262 72.5396
121.046 5231 72.3257
121.163 4930 70.214
121.279 4940 70.2851
121.396 4914 70.0999
121.513 5078 71.2601
121.63 5132 71.638
121.747 5032 70.9366
121.863 5218 72.2357
121.98 5291 72.7393
122.097 5366 73.253
122.213 5430 73.6885
122.33 5464 73.9189
122.446 5452 73.8377
122.563 5337 73.0548
122.679 5212 72.1942
122.795 5163 71.854
122.912 4884 69.8856
123.028 4444 66.6633
123.144 4111 64.1171
123.26 3858 62.1128
123.377 0 1
123.493 0 1
123.609 0 1
123.725 0 1
123.84 0 1
123.956 0 1
124.072 0 1
124.188 0 1
124.303 0 1
124.419 0 1
126.852 0 1
126.968 0 1
127.083 0 1
127.199 0 1
127.315 0 1
127.431 0 1
127.547 0 1
127.663 0 1
127.779 0 1
127.895 0 1
128.011 0 1
128.127 0 1
128.243 0 1
128.359 4606 67.8675
128.476 4144 64.3739
128.592 4101 64.0391
128.708 4420 66.4831
128.825 5103 71.4353
128.941 5448 73.8106
129.058 5645 75.1332
129.174 5682 75.379
129.291 5611 74.9066
129.408 5663 75.2529
129.524 5642 75.1132
129.641 5666 75.2728
129.758 5679 75.3591
129.875 5564 74.5922
129.992 5405 73.5187
130.108 5243 72.4086
130.225 5139 71.6868
130.342 5288 72.7186
130.459 5205 72.1457
130.576 5715 75.5976
130.693 5485 74.0608
130.81 5389 73.4098
130.928 5438 73.7428
131.045 5627 75.0133
131.162 5526 74.3371
131.279 5564 74.5922
131.396 5608 74.8866
131.513 5435 73.7225
131.631 5285 72.698
131.748 5085 71.3092
131.865 4755 68.9565
131.983 4246 65.1613
132.1 4096 64
132.217 4208 64.8691
132.335 4627 68.0221
132.452 4943 70.3065
132.57 5323 72.9589
132.687 5328 72.9932
132.804 5512 74.2428
132.922 5297 72.7805
133.039 5376 73.3212
133.157 5383 73.3689
133.274 5450 73.8241
133.392 5195 72.0763
133.509 5053 71.0845
133.627 5079 71.2671
133.744 4925 70.1783
133.862 5023 70.8731
133.979 5114 71.5122
134.097 5075 71.239
134.214 5242 72.4017
134.332 5216 72.2219
134.449 5244 72.4155
134.567 5161 71.8401
134.684 5264 72.5534
134.802 5279 72.6567
134.919 5273 72.6154
135.037 5359 73.2052
135.154 5180 71.9722
135.272 5127 71.6031
135.389 4680 68.4105
135.507 4328 65.7875
135.624 3993 63.1902
135.742 3999 63.2376
135.859 4318 65.7115
135.977 4792 69.2243
136.094 5036 70.9648
136.211 5227 72.298
136.329 5294 72.7599
136.446 5288 72.7186
136.564 5271 72.6017
136.681 5331 73.0137
136.798 5153 71.7844
136.915 5211 72.1873
137.033 5084 71.3022
137.15 4867 69.7639
137.267 4811 69.3614
137.384 4749 68.913
137.502 4872 69.7997
137.619 4872 69.7997
137.736 4952 70.3704
137.853 4888 69.9142
137.97 4966 70.4699
138.087 5246 72.4293
138.204 5002 70.7248
138.321 5073 71.225
138.438 5033 70.9436
138.555 5348 73.13
138.672 5155 71.7983
138.788 5090 71.3442
138.905 4993 70.6612
139.022 4749 68.913
139.139 4367 66.0833
139.255 4082 63.8905
139.372 3929 62.6817
139.488 4221 64.9692
139.605 4466 66.8281
139.721 4744 68.8767
139.838 5056 71.1056
139.954 5124 71.5821
140.071 5074 71.232
140.187 5171 71.9097
140.303 4994 70.6682
140.419 5206 72.1526
140.535 5024 70.8802
140.652 4888 69.9142
140.768 0 1
140.884 0 1
141 0 1
141.115 0 1
141.231 0 1
141.347 0 1
141.463 0 1
141.578 0 1
141.694 0 1
144.104 0 1
144.219 0 1
144.335 0 1
144.45 0 1
144.566 0 1
144.682 0 1
144.798 0 1
144.914 0 1
145.03 0 1
145.146 4410 66.4078
145.262 4463 66.8057
145.378 4466 66.8281
145.494 4315 65.6887
145.61 4321 65.7343
145.726 4273 65.3682
145.842 4101 64.0391
145.959 4187 64.707
146.075 4133 64.2884
146.192 4146 64.3894
146.308 4222 64.9769
146.425 4227 65.0154
146.541 4178 64.6375
146.658 4214 64.9153
146.774 4208 64.8691
146.891 4247 65.169
147.008 4272 65.3605
147.125 4338 65.8635
147.241 4332 65.8179
147.358 4223 64.9846
147.475 4057 63.6946
147.592 4040 63.561
147.709 3623 60.1914
147.826 3349 57.8705
147.943 3269 57.1752
148.06 3392 58.2409
148.177 3807 61.7009
148.294 4029 63.4744
148.411 4121 64.195
148.528 4166 64.5446
148.645 4248 65.1767
148.762 4312 65.6658
148.88 4075 63.8357
148.997 3876 62.2575
149.114 4251 65.1997
149.231 4078 63.8592
149.349 4105 64.0703
149.466 3848 62.0322
149.583 3777 61.4573
149.701 3772 61.4166
149.818 3649 60.407
149.935 3853 62.0725
150.053 3845 62.0081
150.17 3840 61.9677
150.287 3907 62.506
150.405 3855 62.0886
150.522 3877 62.2656
150.64 4078 63.8592
150.757 4042 63.5767
150.875 4021 63.4114
150.992 4060 63.7181
151.11 3815 61.7657
151.227 3780 61.4817
151.344 3429 58.5577
151.462 3231 56.8419
151.579 3185 56.4358
151.697 3331 57.7148
151.814 3609 60.075
151.932 3732 61.0901
152.049 4055 63.6789
152.167 4032 63.498
152.284 4044 63.5925
152.402 4047 63.616
152.519 4036 63.5295
152.636 4111 64.1171
152.754 4038 63.5453
152.871 4039 63.5531
152.989 3992 63.1823
153.106 3899 62.442
153.223 3843 61.9919
153.341 3755 61.2781
153.458 3839 61.9597
153.575 3772 61.4166
153.693 3818 61.79
153.81 3905 62.49
153.927 3763 61.3433
154.044 4079 63.867
154.162 3907 62.506
154.279 4125 64.2262
154.396 4149 64.4127
154.513 4219 64.9538
154.63 3978 63.0714
154.747 4037 63.5374
154.864 3821 61.8142
154.981 3664 60.531
155.098 3447 58.7112
155.215 3367 58.0259
155.332 3517 59.3043
155.449 3648 60.3987
155.566 3882 62.3057
155.683 4224 64.9923
155.8 4086 63.9218
155.917 4164 64.5291
156.033 4043 63.5846
156.15 0 1
156.267 0 1
156.383 0 1
156.5 0 1
156.617 0 1
156.733 0 1
156.85 0 1
156.966 0 1
157.082 0 1
157.199 0 1
157.315 0 1
157.431 0 1
157.547 0 1
157.664 0 1
157.78 0 1
157.896 0 1
158.012 0 1
158.128 0 1
158.244 0 1
158.359 0 1
158.475 0 1
158.591 0 1
158.706 0 1
