
6.15755 0 1
6.2731 0 1
6.3887 0 1
6.50437 0 1
6.62009 0 1
6.73587 0 1
6.8517 0 1
6.96759 0 1
7.08353 0 1
7.19952 0 1
7.31557 0 1
7.43166 0 1
7.54781 0 1
7.664 0 1
7.78024 0 1
7.89653 0 1
8.01286 0 1
8.12924 0 1
8.24567 0 1
8.36213 0 1
8.47864 0 1
8.59519 0 1
8.71178 0 1
8.82841 0 1
8.94508 0 1
9.06179 0 1
9.17853 0 1
9.29531 0 1
9.41212 0 1
9.52897 0 1
9.64584 0 1
9.76276 0 1
9.8797 0 1
9.99667 0 1
10.1137 0 1
10.2307 0 1
10.3478 0 1
10.4648 0 1
10.5819 0 1
10.6991 0 1
10.8162 0 1
10.9334 0 1
11.0506 0 1
11.1678 0 1
11.285 0 1
11.4023 0 1
11.5196 0 1
11.6369 0 1
11.7542 0 1
11.8715 0 1
11.9888 0 1
12.1062 0 1
12.2235 0 1
12.3409 0 1
12.4582 0 1
12.5756 0 1
12.693 0 1
12.8104 0 1
12.9278 0 1
13.0452 0 1
13.1626 0 1
13.28 0 1
13.3974 0 1
13.5149 0 1
13.6323 0 1
13.7497 0 1
13.8671 0 1
13.9845 0 1
14.1019 0 1
14.2193 0 1
14.3367 0 1
14.4541 0 1
14.5714 0 1
14.6888 0 1
14.8062 0 1
14.9235 0 1
15.0408 8084 89.9111
15.1581 8430 91.815
15.2755 8594 92.7038
15.3927 8988 94.8051
15.51 9015 94.9474
15.6273 8745 93.5147
15.7445 8592 92.693
15.8617 8587 92.6661
15.9789 8434 91.8368
16.0961 8200 90.5539
16.2132 7952 89.174
16.3304 7868 88.7017
16.4475 7809 88.3685
16.5646 7574 87.0287
16.6816 7483 86.5043
16.7986 7434 86.2206
16.9156 7166 84.6522
17.0326 7050 83.9643
17.1496 6830 82.6438
17.2665 6958 83.4146
17.3833 6949 83.3607
17.5002 6932 83.2586
17.617 7022 83.7974
17.7338 7134 84.463
17.8505 7287 85.3639
17.9672 7563 86.9655
18.0839 7686 87.6698
18.2005 7833 88.5042
18.3171 7810 88.3742
18.4337 7957 89.202
18.5502 8156 90.3106
18.6666 8255 90.857
18.7831 8340 91.3236
18.8994 8212 90.6201
19.0158 8087 89.9277
19.1321 7775 88.176
19.2483 7265 85.235
19.3645 6964 83.4506
19.4806 6649 81.5414
19.5967 6406 80.0375
19.7128 5878 76.6681
19.8288 5599 74.8265
19.9447 4971 70.5053
20.0606 0 1
20.1764 0 1
20.2922 0 1
20.4079 0 1
20.5236 0 1
20.6392 0 1
20.7548 0 1
20.8702 0 1
23.3078 0 1
23.4233 0 1
23.539 0 1
23.6547 0 1
23.7704 0 1
23.8862 0 1
24.0021 0 1
24.118 0 1
24.234 0 1
24.35 0 1
24.4661 3503 59.1861
24.5822 3954 62.8808
24.6984 4465 66.8207
24.8146 4954 70.3847
24.9309 5716 75.6042
25.0472 6163 78.5048
25.1636 6772 82.2922
25.28 7273 85.2819
25.3965 7432 86.209
25.513 7805 88.3459
25.6296 7941 89.1123
25.7462 8070 89.8332
25.8628 8034 89.6326
25.9795 8211 90.6146
26.0962 8201 90.5594
26.213 8064 89.7998
26.3298 8015 89.5265
26.4466 8153 90.294
26.5635 8217 90.6477
26.6804 8304 91.1263
26.7973 8199 90.5483
26.9143 8227 90.7028
27.0313 8093 89.9611
27.1483 8431 91.8205
27.2653 8324 91.236
27.3824 8563 92.5365
27.4996 8584 92.6499
27.6167 8705 93.3006
27.7339 8594 92.7038
27.8511 8307 91.1427
27.9683 8190 90.4986
28.0855 8203 90.5704
28.2028 7908 88.9269
28.3201 7991 89.3924
28.4374 8232 90.7304
28.5547 8158 90.3216
28.6721 8214 90.6311
28.7894 8226 90.6973
28.9068 8317 91.1976
29.0242 8303 91.1208
29.1416 8117 90.0944
29.259 7980 89.3308
29.3764 7851 88.6059
29.4939 7920 88.9944
29.6113 8005 89.4707
29.7288 8003 89.4595
29.8463 7871 88.7187
29.9638 8089 89.9389
30.0812 8217 90.6477
30.1987 8343 91.34
30.3162 8226 90.6973
30.4337 8232 90.7304
30.5512 8292 91.0604
30.6687 8198 90.5428
30.7862 8460 91.9783
30.9037 8662 93.0699
31.0212 8954 94.6256
31.1387 8856 94.1063
31.2562 8696 93.2523
31.3737 8699 93.2684
31.4912 8574 92.5959
31.6087 8427 91.7987
31.7262 8517 92.2876
31.8436 8281 91
31.9611 8359 91.4276
32.0785 8335 91.2962
32.1959 8239 90.7689
32.3134 8460 91.9783
32.4308 8606 92.7685
32.5482 8393 91.6133
32.6655 8415 91.7333
32.7829 8156 90.3106
32.9002 8291 91.0549
33.0176 8235 90.7469
33.1349 7937 89.0898
33.2522 8018 89.5433
33.3694 8160 90.3327
33.4867 8110 90.0555
33.6039 8189 90.4931
33.7211 8313 91.1757
33.8383 8493 92.1575
33.9554 8366 91.4658
34.0725 8626 92.8763
34.1896 8309 91.1537
34.3067 8631 92.9032
34.4237 8584 92.6499
34.5407 8817 93.8989
34.6577 8973 94.7259
34.7746 9004 94.8894
34.8915 8826 93.9468
35.0084 8759 93.5895
35.1252 8766 93.6269
35.242 8593 92.6984
35.3587 8548 92.4554
35.4755 8522 92.3147
35.5921 8538 92.4013
35.7088 8386 91.5751
35.8254 8390 91.5969
35.9419 8485 92.1141
36.0584 8420 91.7606
36.1749 8422 91.7715
36.2913 8035 89.6382
36.4077 7826 88.4647
36.524 7399 86.0174
36.6403 6914 83.1505
36.7565 6489 80.5543
36.8727 5956 77.1751
36.9889 5408 73.5391
37.1049 5143 71.7147
37.221 0 1
37.3369 0 1
37.4529 0 1
37.5687 0 1
37.6845 0 1
37.8003 0 1
37.916 0 1
38.0316 0 1
38.1472 0 1
40.5851 0 1
40.7008 0 1
40.8164 0 1
40.9322 0 1
41.048 0 1
41.1639 0 1
41.2798 0 1
41.3958 0 1
41.5118 0 1
41.6279 0 1
41.744 4505 67.1193
41.8602 5401 73.4915
41.9765 6046 77.756
42.0928 6744 82.1219
42.2091 7373 85.8662
42.3255 7691 87.6983
42.4419 8206 90.587
42.5584 8674 93.1343
42.675 8727 93.4184
42.7915 8987 94.7998
42.9081 9114 95.4673
43.0248 9172 95.7706
43.1415 9305 96.4624
43.2582 9879 99.3932
43.375 10480 102.372
43.4918 10926 104.528
43.6087 11374 106.649
43.7256 11318 106.386
43.8425 11663 107.995
43.9595 11534 107.396
44.0765 12040 109.727
44.1935 12345 111.108
44.3106 12192 110.417
44.4277 12275 110.793
44.5448 12406 111.382
44.6619 12491 111.763
44.7791 12581 112.165
44.8963 12481 111.718
45.0136 12222 110.553
45.1308 12509 111.844
45.2481 12384 111.283
45.3654 11994 109.517
45.4827 11972 109.417
45.6001 11905 109.11
45.7174 11825 108.743
45.8348 11515 107.308
45.9522 11251 106.071
46.0697 11293 106.269
46.1871 10978 104.776
46.3046 10644 103.17
46.422 10114 100.568
46.5395 9954 99.7697
46.657 9888 99.4384
46.7745 10506 102.499
46.892 10565 102.786
47.0096 11052 105.128
47.1271 10994 104.852
47.2446 10896 104.384
47.3622 11040 105.071
47.4797 10591 102.913
47.5973 10476 102.352
47.7149 10446 102.206
47.8324 9991 99.955
47.95 9945 99.7246
48.0675 9782 98.904
48.1851 9639 98.1784
48.3027 9508 97.509
48.4202 9527 97.6064
48.5378 9283 96.3483
48.6554 9292 96.395
48.7729 9192 95.8749
48.8904 9231 96.0781
49.008 9049 95.1262
49.1255 9103 95.4096
49.243 8844 94.0425
49.3605 8758 93.5842
49.478 9039 95.0737
49.5955 8797 93.7923
49.713 8840 94.0213
49.8304 8698 93.2631
49.9479 8468 92.0217
50.0653 8594 92.7038
50.1827 8879 94.2284
50.3001 9223 96.0365
50.4175 9518 97.5602
50.5348 9998 99.99
50.6521 9753 98.7573
50.7694 10082 100.409
50.8867 10268 101.331
51.004 10202 101.005
51.1212 10350 101.735
51.2384 10159 100.792
51.3556 10324 101.607
51.4727 9983 99.915
51.5899 9912 99.559
51.707 9823 99.111
51.824 9756 98.7725
51.9411 9557 97.7599
52.0581 9501 97.4731
52.175 9230 96.0729
52.2919 9345 96.6695
52.4088 9431 97.1133
52.5257 9193 95.8801
52.6425 8974 94.7312
52.7593 8849 94.0691
52.876 8951 94.6097
52.9927 8711 93.3327
53.1094 8788 93.7443
53.226 8595 92.7092
53.3426 8455 91.9511
53.4591 7971 89.2805
53.5756 7751 88.0398
53.692 7436 86.2322
53.8084 7118 84.3682
53.9248 6792 82.4136
54.0411 6403 80.0187
54.1573 5981 77.3369
54.2735 0 1
54.3896 0 1
54.5057 0 1
54.6217 0 1
54.7377 0 1
54.8537 0 1
54.9695 0 1
55.0853 0 1
55.2011 0 1
55.3168 0 1
55.4324 0 1
57.824 0 1
57.9396 0 1
58.0553 0 1
58.1711 0 1
58.2869 0 1
58.4028 0 1
58.5187 0 1
58.6347 0 1
58.7508 0 1
58.8669 0 1
58.983 7899 88.8763
59.0992 9042 95.0894
59.2155 10091 100.454
59.3318 11002 104.89
59.4482 11669 108.023
59.5646 12733 112.841
59.681 13091 114.416
59.7975 13146 114.656
59.9141 13478 116.095
60.0306 13375 115.65
60.1473 13396 115.741
60.2639 13248 115.1
60.3807 13196 114.874
60.4974 13263 115.165
60.6142 13124 114.56
60.731 12839 113.309
60.8479 12708 112.73
60.9648 12733 112.841
61.0818 12736 112.854
61.1987 12675 112.583
61.3158 12858 113.393
61.4328 12467 111.656
61.5499 12747 112.903
61.667 12861 113.406
61.7841 12603 112.263
61.9013 12301 110.91
62.0185 12168 110.309
62.1357 12388 111.301
62.253 12719 112.779
62.3702 13041 114.197
62.4875 13685 116.983
62.6049 14246 119.357
62.7222 14531 120.545
62.8396 15048 122.67
62.9569 15338 123.847
63.0743 15372 123.984
63.1918 15182 123.215
63.3092 15412 124.145
63.4267 15063 122.731
63.5441 14816 121.721
63.6616 14204 119.181
63.7791 14138 118.903
63.8966 13905 117.919
64.0142 13860 117.729
64.1317 13790 117.431
64.2492 13276 115.222
64.3668 12974 113.903
64.4843 12869 113.442
64.6019 12899 113.574
64.7195 13137 114.617
64.837 12995 113.996
64.9546 13205 114.913
65.0722 12887 113.521
65.1898 12898 113.569
65.3074 12802 113.146
65.4249 12875 113.468
65.5425 12746 112.898
65.6601 12412 111.409
65.7777 12773 113.018
65.8952 13190 114.848
66.0128 13584 116.55
66.1304 14323 119.679
66.2479 14575 120.727
66.3655 15503 124.511
66.483 15721 125.383
66.6005 15982 126.42
66.718 16046 126.673
66.8355 15806 125.722
66.953 15636 125.044
67.0705 15403 124.109
67.1879 15051 122.683
67.3054 14405 120.021
67.4228 14370 119.875
67.5402 13962 118.161
67.6576 13924 118
67.7749 13568 116.482
67.8923 13207 114.922
68.0096 13211 114.939
68.1269 13194 114.865
68.2442 13456 116
68.3614 13530 116.319
68.4787 13462 116.026
68.5958 13514 116.25
68.713 13352 115.551
68.8302 13211 114.939
68.9473 13155 114.695
69.0643 12641 112.432
69.1814 12240 110.635
69.2984 12022 109.645
69.4154 12305 110.928
69.5323 12632 112.392
69.6492 13147 114.66
69.7661 13642 116.799
69.8829 14013 118.377
69.9997 14110 118.786
70.1165 14004 118.338
70.2332 13872 117.779
70.3499 13472 116.069
70.4665 12622 112.348
70.5831 11666 108.009
70.6996 10778 103.817
70.8161 9881 99.4032
70.9326 8908 94.3822
71.049 8360 91.433
71.1653 7627 87.3327
71.2817 7153 84.5754
71.3979 6692 81.8046
71.5141 6342 79.6367
71.6303 5846 76.4591
71.7464 5315 72.904
71.8624 0 1
71.9784 0 1
72.0944 0 1
72.2102 0 1
72.3261 0 1
72.4418 0 1
72.5575 0 1
72.6732 0 1
75.1054 0 1
75.2209 0 1
75.3365 0 1
75.4521 0 1
75.5678 0 1
75.6835 0 1
75.7993 0 1
75.9151 0 1
76.031 0 1
76.147 10972 104.747
76.263 11621 107.801
76.3791 11903 109.101
76.4952 12002 109.554
76.6113 11861 108.908
76.7276 12148 110.218
76.8438 12525 111.915
76.9601 12445 111.557
77.0765 12347 111.117
77.1929 12501 111.808
77.3093 13082 114.377
77.4258 13586 116.559
77.5423 13286 115.265
77.6589 13509 116.228
77.7755 13490 116.146
77.8921 13183 114.817
78.0088 12654 112.49
78.1256 12090 109.955
78.2423 11966 109.389
78.3591 11976 109.435
78.4759 12183 110.377
78.5928 13259 115.148
78.7097 13996 118.305
78.8266 14581 120.752
78.9436 15259 123.527
79.0606 15452 124.306
79.1776 16024 126.586
79.2946 16552 128.655
79.4117 16601 128.845
79.5288 16536 128.592
79.6459 16569 128.721
79.7631 16124 126.98
79.8802 15424 124.193
79.9974 14930 122.188
80.1147 14318 119.658
80.2319 14609 120.868
80.3491 14650 121.037
80.4664 14739 121.404
80.5837 14693 121.215
80.701 14364 119.85
80.8183 14482 120.341
80.9357 14535 120.561
81.053 14895 122.045
81.1704 15216 123.353
81.2877 15349 123.891
81.4051 14978 122.385
81.5225 15219 123.365
81.6399 14630 120.955
81.7573 13625 116.726
81.8747 13377 115.659
81.9922 13083 114.381
82.1096 13453 115.987
82.227 14500 120.416
82.3444 15763 125.551
82.4619 16696 129.213
82.5793 16916 130.062
82.6967 17069 130.648
82.8142 17568 132.544
82.9316 18372 135.543
83.049 18243 135.067
83.1664 18294 135.255
83.2838 18114 134.588
83.4012 17610 132.703
83.5186 16825 129.711
83.636 16187 127.228
83.7534 15855 125.917
83.8708 16061 126.732
83.9881 16355 127.887
84.1055 16228 127.389
84.2228 15991 126.456
84.3401 16281 127.597
84.4575 16252 127.483
84.5747 16649 129.031
84.692 17205 131.168
84.8093 17150 130.958
84.9265 16799 129.611
85.0437 16694 129.205
85.1609 16376 127.969
85.2781 15529 124.615
85.3952 14633 120.967
85.5123 14335 119.729
85.6294 14207 119.193
85.7465 14894 122.041
85.8636 15947 126.281
85.9806 17047 130.564
86.0976 17602 132.673
86.2145 18251 135.096
86.3315 18357 135.488
86.4484 19078 138.123
86.5652 19432 139.399
86.682 19583 139.939
86.7988 19164 138.434
86.9156 19064 138.072
87.0323 18294 135.255
87.149 17949 133.974
87.2657 17279 131.45
87.3823 16999 130.38
87.4988 16349 127.863
87.6154 15578 124.812
87.7318 15028 122.589
87.8483 14408 120.033
87.9647 13727 117.162
88.081 12385 111.288
88.1973 12006 109.572
88.3136 11544 107.443
88.4298 10553 102.728
88.546 9614 98.051
88.6621 8800 93.8083
88.7781 7743 87.9943
88.8942 0 1
89.0101 0 1
89.126 0 1
89.2419 0 1
89.3577 0 1
89.4734 0 1
89.5891 0 1
89.7047 0 1
89.8203 0 1
89.9358 0 1
92.3269 0 1
92.4424 0 1
92.558 0 1
92.6736 0 1
92.7893 0 1
92.905 0 1
93.0208 0 1
93.1366 0 1
93.2525 0 1
93.3685 0 1
93.4845 0 1
93.6005 15455 124.318
93.7167 17067 130.641
93.8328 18392 135.617
93.949 19510 139.678
94.0653 19670 140.25
94.1816 19872 140.968
94.2979 20036 141.549
94.4143 18984 137.782
94.5307 18018 134.231
94.6472 17401 131.913
94.7637 17020 130.461
94.8803 17648 132.846
94.9969 18589 136.341
95.1135 19518 139.707
95.2302 20594 143.506
95.3469 21858 147.845
95.4637 22639 150.463
95.5805 22811 151.033
95.6973 23502 153.304
95.8142 23553 153.47
95.9311 23553 153.47
96.048 23337 152.765
96.1649 23387 152.928
96.2819 23035 151.773
96.3989 22064 148.54
96.516 21735 147.428
96.633 21464 146.506
96.7501 21535 146.748
96.8673 21738 147.438
96.9844 21608 146.997
97.1016 21656 147.16
97.2188 21402 146.294
97.336 21984 148.27
97.4532 22253 149.174
97.5704 22896 151.314
97.6877 23145 152.135
97.805 22852 151.169
97.9223 22325 149.416
98.0396 21653 147.15
98.1569 19943 141.22
98.2743 18850 137.295
98.3916 18098 134.529
98.509 18307 135.303
98.6264 19674 140.264
98.7438 20507 143.203
98.8612 21776 147.567
98.9786 23134 152.099
99.096 23973 154.832
99.2134 24238 155.686
99.3308 25094 158.411
99.4482 25640 160.125
99.5656 25777 160.552
99.6831 25578 159.931
99.8005 25316 159.11
99.9179 24468 156.423
100.035 23622 153.695
100.153 23233 152.424
100.27 23191 152.286
100.388 23063 151.865
100.505 22738 150.791
100.622 22550 150.167
100.74 22489 149.963
100.857 22653 150.509
100.975 22932 151.433
101.092 23796 154.26
101.209 23992 154.894
101.327 24352 156.051
101.444 23751 154.114
101.561 23293 152.62
101.679 21710 147.343
101.796 20306 142.499
101.913 19009 137.873
102.03 19010 137.877
102.148 19920 141.138
102.265 21023 144.993
102.382 22868 151.222
102.499 23985 154.871
102.616 24929 157.889
102.733 25380 159.311
102.851 26071 161.465
102.968 26000 161.245
103.085 26242 161.994
103.202 26215 161.91
103.319 25760 160.499
103.436 25097 158.42
103.552 24547 156.675
103.669 23884 154.544
103.786 23386 152.925
103.903 23186 152.269
104.02 23086 151.941
104.137 22829 151.093
104.253 22454 149.847
104.37 22839 151.126
104.487 23023 151.733
104.603 23232 152.42
104.72 23180 152.25
104.836 22485 149.95
104.953 21249 145.77
105.069 19178 138.485
105.186 17261 131.381
105.302 15635 125.04
105.418 14151 118.958
105.535 12794 113.111
105.651 11903 109.101
105.767 11393 106.738
105.883 11192 105.792
105.999 10963 104.704
106.115 0 1
106.231 0 1
106.347 0 1
106.463 0 1
106.579 0 1
106.694 0 1
106.81 0 1
106.926 0 1
107.041 0 1
107.157 0 1
109.576 0 1
109.692 0 1
109.807 0 1
109.923 0 1
110.039 0 1
110.155 0 1
110.27 0 1
110.386 0 1
110.502 0 1
110.618 10501 102.474
110.735 12886 113.517
110.851 14971 122.356
110.967 17282 131.461
111.083 19256 138.766
111.199 21074 145.169
111.316 21914 148.034
111.432 22168 148.889
111.549 22937 151.45
111.665 22932 151.433
111.782 22932 151.433
111.898 22616 150.386
112.015 22496 149.987
112.132 21987 148.28
112.248 21634 147.085
112.365 21288 145.904
112.482 20596 143.513
112.599 21226 145.691
112.716 21041 145.055
112.832 20631 143.635
112.949 20563 143.398
113.066 20745 144.031
113.183 21172 145.506
113.3 21437 146.414
113.417 22086 148.614
113.534 21464 146.506
113.652 20772 144.125
113.769 19912 141.11
113.886 18650 136.565
114.003 17737 133.18
114.12 17018 130.453
114.238 17565 132.533
114.355 18530 136.125
114.472 19017 137.902
114.589 22201 149
114.707 22585 150.283
114.824 23272 152.552
114.942 23127 152.076
115.059 23542 153.434
115.176 24063 155.123
115.294 23551 153.463
115.411 23364 152.853
115.529 22819 151.06
115.646 22042 148.465
115.764 21593 146.946
115.881 21086 145.21
115.999 20674 143.785
116.116 20636 143.652
116.234 20204 142.141
116.351 20208 142.155
116.469 19960 141.28
116.586 20241 142.271
116.704 20337 142.608
116.821 20659 143.732
116.939 21087 145.214
117.056 20786 144.174
117.174 20250 142.302
117.291 19794 140.691
117.409 18593 136.356
117.526 17746 133.214
117.644 16688 129.182
117.761 16817 129.68
117.879 17313 131.579
117.996 18396 135.632
118.114 19646 140.164
118.231 21536 146.751
118.349 21966 148.209
118.466 22230 149.097
118.584 22357 149.523
118.701 22222 149.07
118.819 21851 147.821
118.936 21632 147.078
119.053 21322 146.021
119.171 21077 145.179
119.288 20385 142.776
119.405 20007 141.446
119.523 19684 140.3
119.64 19375 139.194
119.757 18922 137.557
119.875 18485 135.96
119.992 18211 134.948
120.109 18249 135.089
120.226 18222 134.989
120.343 18473 135.915
120.46 18890 137.441
120.578 19154 138.398
120.695 18932 137.594
120.812 18485 135.96
120.929 17768 133.297
121.046 17347 131.708
121.163 15912 126.143
121.279 14895 122.045
121.396 14410 120.042
121.513 14275 119.478
121.63 14505 120.437
121.747 15140 123.045
121.863 15524 124.595
121.98 16241 127.44
122.097 16025 126.59
122.213 15324 123.79
122.33 14624 120.93
122.446 13846 117.669
122.563 12959 113.838
122.679 12305 110.928
122.795 11394 106.743
122.912 10644 103.17
123.028 10070 100.349
123.144 9366 96.7781
123.26 8763 93.6109
123.377 0 1
123.493 0 1
123.609 0 1
123.725 0 1
123.84 0 1
123.956 0 1
124.072 0 1
124.188 0 1
124.303 0 1
124.419 0 1
126.852 0 1
126.968 0 1
127.083 0 1
127.199 0 1
127.315 0 1
127.431 0 1
127.547 0 1
127.663 0 1
127.779 0 1
127.895 0 1
128.011 0 1
128.127 0 1
128.243 0 1
128.359 19272 138.824
128.476 19366 139.162
128.592 19175 138.474
128.708 19044 138
128.825 18411 135.687
128.941 18508 136.044
129.058 18215 134.963
129.174 18181 134.837
129.291 18351 135.466
129.408 18635 136.51
129.524 18798 137.106
129.641 18628 136.484
129.758 18673 136.649
129.875 18593 136.356
129.992 18189 134.867
130.108 17542 132.446
130.225 17056 130.599
130.342 15835 125.837
130.459 15464 124.354
130.576 15820 125.778
130.693 16244 127.452
130.81 17281 131.457
130.928 18453 135.842
131.045 19176 138.477
131.162 19351 139.108
131.279 19622 140.079
131.396 20086 141.725
131.513 19617 140.061
131.631 19624 140.086
131.748 19497 139.632
131.865 19287 138.878
131.983 19389 139.244
132.1 19048 138.014
132.217 18806 137.135
132.335 18279 135.2
132.452 18314 135.329
132.57 18341 135.429
132.687 18517 136.077
132.804 17873 133.69
132.922 18172 134.804
133.039 18278 135.196
133.157 18805 137.131
133.274 18597 136.371
133.392 18755 136.949
133.509 18656 136.587
133.627 18336 135.41
133.744 17724 133.132
133.862 16796 129.599
133.979 16433 128.191
134.097 16088 126.838
134.214 16374 127.961
134.332 17081 130.694
134.449 18476 135.926
134.567 19711 140.396
134.684 20312 142.52
134.802 20633 143.642
134.919 20752 144.056
135.037 20746 144.035
135.154 20543 143.328
135.272 20663 143.746
135.389 20690 143.84
135.507 21034 145.031
135.624 20568 143.415
135.742 20501 143.182
135.859 20772 144.125
135.977 20310 142.513
136.094 20572 143.429
136.211 20483 143.119
136.329 20084 141.718
136.446 20250 142.302
136.564 20238 142.26
136.681 20319 142.545
136.798 20209 142.158
136.915 20281 142.411
137.033 20495 143.161
137.15 20152 141.958
137.267 19606 140.021
137.384 19201 138.568
137.502 18261 135.133
137.619 17397 131.898
137.736 16964 130.246
137.853 16310 127.711
137.97 17782 133.349
138.087 18581 136.312
138.204 19719 140.424
138.321 20754 144.062
138.438 20481 143.112
138.555 20406 142.85
138.672 20267 142.362
138.788 19620 140.071
138.905 19198 138.557
139.022 18465 135.886
139.139 17424 132
139.255 16830 129.73
139.372 16197 127.267
139.488 15341 123.859
139.605 14063 118.588
139.721 13187 114.835
139.838 12589 112.201
139.954 11914 109.151
140.071 11472 107.107
140.187 10728 103.576
140.303 9986 99.93
140.419 9459 97.2574
140.535 9078 95.2785
140.652 8966 94.689
140.768 0 1
140.884 0 1
141 0 1
141.115 0 1
141.231 0 1
141.347 0 1
141.463 0 1
141.578 0 1
141.694 0 1
144.104 0 1
144.219 0 1
144.335 0 1
144.45 0 1
144.566 0 1
144.682 0 1
144.798 0 1
144.914 0 1
145.03 0 1
145.146 14762 121.499
145.262 15156 123.11
145.378 15323 123.786
145.494 15797 125.686
145.61 15619 124.976
145.726 15668 125.172
145.842 15698 125.292
145.959 15457 124.326
146.075 15243 123.463
146.192 15023 122.568
146.308 14553 120.636
146.425 13841 117.648
146.541 13743 117.231
146.658 13282 115.248
146.774 13412 115.81
146.891 14371 119.879
147.008 15353 123.907
147.125 15488 124.451
147.241 16198 127.271
147.358 16161 127.126
147.475 15949 126.289
147.592 15978 126.404
147.709 15980 126.412
147.826 16023 126.582
147.943 15818 125.77
148.06 16161 127.126
148.177 16145 127.063
148.294 16104 126.902
148.411 15969 126.369
148.528 16086 126.831
148.645 16272 127.562
148.762 15830 125.817
148.88 15722 125.387
148.997 15967 126.361
149.114 15329 123.81
149.231 15560 124.74
149.349 15743 125.471
149.466 15433 124.23
149.583 15393 124.069
149.701 15227 123.398
149.818 15127 122.992
149.935 14977 122.381
150.053 14169 119.034
150.17 13771 117.35
150.287 13371 115.633
150.405 13411 115.806
150.522 14126 118.853
150.64 14734 121.384
150.757 15354 123.911
150.875 15847 125.885
150.992 15963 126.345
151.11 15996 126.475
151.227 16006 126.515
151.344 15841 125.861
151.462 15635 125.04
151.579 15933 126.226
151.697 16079 126.803
151.814 16307 127.699
151.932 15988 126.444
152.049 15840 125.857
152.167 15684 125.236
152.284 15521 124.583
152.402 15561 124.744
152.519 15474 124.395
152.636 15348 123.887
152.754 15162 123.134
152.871 14962 122.319
152.989 15102 122.89
153.106 15309 123.73
153.223 15053 122.691
153.341 14940 122.229
153.458 14684 121.178
153.575 14213 119.218
153.693 13583 116.546
153.81 13562 116.456
153.927 12998 114.009
154.044 13445 115.953
154.162 14122 118.836
154.279 14322 119.675
154.396 15194 123.264
154.513 15307 123.721
154.63 15538 124.652
154.747 15643 125.072
154.864 15339 123.851
154.981 15238 123.442
155.098 15012 122.523
155.215 15243 123.463
155.332 15039 122.634
155.449 14888 122.016
155.566 14846 121.844
155.683 14485 120.354
155.8 14293 119.553
155.917 14004 118.338
156.033 13496 116.172
156.15 0 1
156.267 0 1
156.383 0 1
156.5 0 1
156.617 0 1
156.733 0 1
156.85 0 1
156.966 0 1
157.082 0 1
157.199 0 1
157.315 0 1
157.431 0 1
157.547 0 1
157.664 0 1
157.78 0 1
157.896 0 1
158.012 0 1
158.128 0 1
158.244 0 1
158.359 0 1
158.475 0 1
158.591 0 1
158.706 0 1
