
6.15755 0 1
6.2731 0 1
6.3887 0 1
6.50437 0 1
6.62009 0 1
6.73587 0 1
6.8517 0 1
6.96759 0 1
7.08353 0 1
7.19952 0 1
7.31557 0 1
7.43166 0 1
7.54781 0 1
7.664 0 1
7.78024 0 1
7.89653 0 1
8.01286 0 1
8.12924 0 1
8.24567 0 1
8.36213 0 1
8.47864 0 1
8.59519 0 1
8.71178 0 1
8.82841 0 1
8.94508 0 1
9.06179 0 1
9.17853 0 1
9.29531 0 1
9.41212 0 1
9.52897 0 1
9.64584 0 1
9.76276 0 1
9.8797 0 1
9.99667 0 1
10.1137 0 1
10.2307 0 1
10.3478 0 1
10.4648 0 1
10.5819 0 1
10.6991 0 1
10.8162 0 1
10.9334 0 1
11.0506 0 1
11.1678 0 1
11.285 0 1
11.4023 0 1
11.5196 0 1
11.6369 0 1
11.7542 0 1
11.8715 0 1
11.9888 0 1
12.1062 0 1
12.2235 0 1
12.3409 0 1
12.4582 0 1
12.5756 0 1
12.693 0 1
12.8104 0 1
12.9278 0 1
13.0452 0 1
13.1626 0 1
13.28 0 1
13.3974 0 1
13.5149 0 1
13.6323 0 1
13.7497 0 1
13.8671 0 1
13.9845 0 1
14.1019 0 1
14.2193 0 1
14.3367 0 1
14.4541 0 1
14.5714 0 1
14.6888 0 1
14.8062 0 1
14.9235 0 1
15.0408 0 0
15.1581 0 0
15.2755 0 0
15.3927 0 0
15.51 0 0
15.6273 0 0
15.7445 0 0
15.8617 0 0
15.9789 0 0
16.0961 0 0
16.2132 0 0
16.3304 0 0
16.4475 0 0
16.5646 0 0
16.6816 0 0
16.7986 0 0
16.9156 0 0
17.0326 0 0
17.1496 0 0
17.2665 0 0
17.3833 0 0
17.5002 0 0
17.617 0 0
17.7338 0 0
17.8505 0 0
17.9672 0 0
18.0839 0 0
18.2005 0 0
18.3171 0 0
18.4337 0 0
18.5502 0 0
18.6666 0 0
18.7831 0 0
18.8994 0 0
19.0158 0 0
19.1321 0 0
19.2483 0 0
19.3645 0 0
19.4806 0 0
19.5967 0 0
19.7128 0 0
19.8288 0 0
19.9447 0 0
20.0606 0 1
20.1764 0 1
20.2922 0 1
20.4079 0 1
20.5236 0 1
20.6392 0 1
20.7548 0 1
20.8702 0 1
23.3078 0 1
23.4233 0 1
23.539 0 1
23.6547 0 1
23.7704 0 1
23.8862 0 1
24.0021 0 1
24.118 0 1
24.234 0 1
24.35 0 1
24.4661 854 29.2233
24.5822 839 28.9655
24.6984 838 28.9482
24.8146 865 29.4109
24.9309 850 29.1548
25.0472 888 29.7993
25.1636 874 29.5635
25.28 915 30.249
25.3965 910 30.1662
25.513 959 30.9677
25.6296 965 31.0644
25.7462 935 30.5778
25.8628 859 29.3087
25.9795 891 29.8496
26.0962 887 29.7825
26.213 985 31.3847
26.3298 951 30.8383
26.4466 898 29.9666
26.5635 929 30.4795
26.6804 945 30.7409
26.7973 843 29.0345
26.9143 819 28.6182
27.0313 768 27.7128
27.1483 812 28.4956
27.2653 839 28.9655
27.3824 792 28.1425
27.4996 837 28.931
27.6167 815 28.5482
27.7339 842 29.0172
27.8511 781 27.9464
27.9683 765 27.6586
28.0855 767 27.6948
28.2028 750 27.3861
28.3201 823 28.688
28.4374 788 28.0713
28.5547 796 28.2135
28.6721 843 29.0345
28.7894 844 29.0517
28.9068 888 29.7993
29.0242 868 29.4618
29.1416 869 29.4788
29.259 888 29.7993
29.3764 865 29.4109
29.4939 879 29.6479
29.6113 890 29.8329
29.7288 860 29.3258
29.8463 771 27.7669
29.9638 869 29.4788
30.0812 853 29.2062
30.1987 862 29.3598
30.3162 796 28.2135
30.4337 733 27.074
30.5512 747 27.3313
30.6687 700 26.4575
30.7862 764 27.6405
30.9037 800 28.2843
31.0212 767 27.6948
31.1387 782 27.9643
31.2562 755 27.4773
31.3737 779 27.9106
31.4912 745 27.2947
31.6087 725 26.9258
31.7262 806 28.3901
31.8436 736 27.1293
31.9611 753 27.4408
32.0785 739 27.1846
32.1959 751 27.4044
32.3134 838 28.9482
32.4308 892 29.8664
32.5482 814 28.5307
32.6655 828 28.775
32.7829 829 28.7924
32.9002 806 28.3901
33.0176 895 29.9166
33.1349 813 28.5132
33.2522 802 28.3196
33.3694 847 29.1033
33.4867 840 28.9828
33.6039 801 28.3019
33.7211 861 29.3428
33.8383 829 28.7924
33.9554 860 29.3258
34.0725 801 28.3019
34.1896 725 26.9258
34.3067 691 26.2869
34.4237 731 27.037
34.5407 731 27.037
34.6577 759 27.55
34.7746 732 27.0555
34.8915 782 27.9643
35.0084 760 27.5681
35.1252 731 27.037
35.242 697 26.4008
35.3587 722 26.8701
35.4755 722 26.8701
35.5921 776 27.8568
35.7088 739 27.1846
35.8254 815 28.5482
35.9419 803 28.3373
36.0584 787 28.0535
36.1749 781 27.9464
36.2913 840 28.9828
36.4077 831 28.8271
36.524 819 28.6182
36.6403 817 28.5832
36.7565 855 29.2404
36.8727 809 28.4429
36.9889 808 28.4253
37.1049 803 28.3373
37.221 0 1
37.3369 0 1
37.4529 0 1
37.5687 0 1
37.6845 0 1
37.8003 0 1
37.916 0 1
38.0316 0 1
38.1472 0 1
40.5851 0 1
40.7008 0 1
40.8164 0 1
40.9322 0 1
41.048 0 1
41.1639 0 1
41.2798 0 1
41.3958 0 1
41.5118 0 1
41.6279 0 1
41.744 649 25.4755
41.8602 674 25.9615
41.9765 678 26.0384
42.0928 680 26.0768
42.2091 670 25.8844
42.3255 673 25.9422
42.4419 705 26.5518
42.5584 686 26.1916
42.675 709 26.6271
42.7915 688 26.2298
42.9081 635 25.1992
43.0248 552 23.4947
43.1415 625 25
43.2582 599 24.4745
43.375 595 24.3926
43.4918 674 25.9615
43.6087 629 25.0799
43.7256 624 24.98
43.8425 599 24.4745
43.9595 594 24.3721
44.0765 574 23.9583
44.1935 606 24.6171
44.3106 603 24.5561
44.4277 664 25.7682
44.5448 657 25.632
44.6619 661 25.7099
44.7791 697 26.4008
44.8963 581 24.1039
45.0136 595 24.3926
45.1308 574 23.9583
45.2481 614 24.779
45.3654 568 23.8328
45.4827 583 24.1454
45.6001 631 25.1197
45.7174 562 23.7065
45.8348 605 24.5967
45.9522 557 23.6008
46.0697 574 23.9583
46.1871 544 23.3238
46.3046 513 22.6495
46.422 505 22.4722
46.5395 507 22.5167
46.657 505 22.4722
46.7745 450 21.2132
46.892 459 21.4243
47.0096 491 22.1585
47.1271 467 21.6102
47.2446 511 22.6053
47.3622 471 21.7025
47.4797 423 20.567
47.5973 445 21.095
47.7149 456 21.3542
47.8324 427 20.664
47.95 446 21.1187
48.0675 466 21.587
48.1851 487 22.0681
48.3027 463 21.5174
48.4202 516 22.7156
48.5378 446 21.1187
48.6554 463 21.5174
48.7729 479 21.8861
48.8904 452 21.2603
49.008 460 21.4476
49.1255 477 21.8403
49.243 462 21.4942
49.3605 476 21.8174
49.478 508 22.5389
49.5955 480 21.9089
49.713 444 21.0713
49.8304 498 22.3159
49.9479 515 22.6936
50.0653 419 20.4695
50.1827 460 21.4476
50.3001 429 20.7123
50.4175 392 19.799
50.5348 408 20.199
50.6521 427 20.664
50.7694 502 22.4054
50.8867 528 22.9783
51.004 507 22.5167
51.1212 469 21.6564
51.2384 489 22.1133
51.3556 529 23
51.4727 555 23.5584
51.5899 582 24.1247
51.707 596 24.4131
51.824 529 23
51.9411 599 24.4745
52.0581 535 23.1301
52.175 547 23.388
52.2919 565 23.7697
52.4088 615 24.7992
52.5257 681 26.096
52.6425 635 25.1992
52.7593 623 24.96
52.876 599 24.4745
52.9927 612 24.7386
53.1094 602 24.5357
53.226 629 25.0799
53.3426 642 25.3377
53.4591 620 24.8998
53.5756 648 25.4558
53.692 648 25.4558
53.8084 602 24.5357
53.9248 514 22.6716
54.0411 565 23.7697
54.1573 528 22.9783
54.2735 0 1
54.3896 0 1
54.5057 0 1
54.6217 0 1
54.7377 0 1
54.8537 0 1
54.9695 0 1
55.0853 0 1
55.2011 0 1
55.3168 0 1
55.4324 0 1
57.824 0 1
57.9396 0 1
58.0553 0 1
58.1711 0 1
58.2869 0 1
58.4028 0 1
58.5187 0 1
58.6347 0 1
58.7508 0 1
58.8669 0 1
58.983 674 25.9615
59.0992 633 25.1595
59.2155 609 24.6779
59.3318 636 25.219
59.4482 632 25.1396
59.5646 644 25.3772
59.681 634 25.1794
59.7975 633 25.1595
59.9141 692 26.3059
60.0306 677 26.0192
60.1473 676 26
60.2639 661 25.7099
60.3807 690 26.2679
60.4974 686 26.1916
60.6142 663 25.7488
60.731 689 26.2488
60.8479 697 26.4008
60.9648 655 25.593
61.0818 672 25.923
61.1987 684 26.1534
61.3158 668 25.8457
61.4328 688 26.2298
61.5499 680 26.0768
61.667 653 25.5539
61.7841 709 26.6271
61.9013 694 26.3439
62.0185 672 25.923
62.1357 646 25.4165
62.253 681 26.096
62.3702 638 25.2587
62.4875 604 24.5764
62.6049 550 23.4521
62.7222 553 23.516
62.8396 542 23.2809
62.9569 564 23.7487
63.0743 544 23.3238
63.1918 581 24.1039
63.3092 548 23.4094
63.4267 578 24.0416
63.5441 578 24.0416
63.6616 561 23.6854
63.7791 607 24.6374
63.8966 568 23.8328
64.0142 614 24.779
64.1317 551 23.4734
64.2492 586 24.2074
64.3668 579 24.0624
64.4843 589 24.2693
64.6019 558 23.622
64.7195 567 23.8118
64.837 566 23.7908
64.9546 528 22.9783
65.0722 562 23.7065
65.1898 574 23.9583
65.3074 571 23.8956
65.4249 522 22.8473
65.5425 577 24.0208
65.6601 584 24.1661
65.7777 541 23.2594
65.8952 562 23.7065
66.0128 566 23.7908
66.1304 492 22.1811
66.2479 484 22
66.3655 423 20.567
66.483 497 22.2935
66.6005 493 22.2036
66.718 479 21.8861
66.8355 485 22.0227
66.953 504 22.4499
67.0705 485 22.0227
67.1879 522 22.8473
67.3054 517 22.7376
67.4228 518 22.7596
67.5402 536 23.1517
67.6576 523 22.8692
67.7749 489 22.1133
67.8923 508 22.5389
68.0096 528 22.9783
68.1269 490 22.1359
68.2442 531 23.0434
68.3614 500 22.3607
68.4787 520 22.8035
68.5958 546 23.3666
68.713 487 22.0681
68.8302 472 21.7256
68.9473 527 22.9565
69.0643 514 22.6716
69.1814 528 22.9783
69.2984 496 22.2711
69.4154 519 22.7816
69.5323 489 22.1133
69.6492 495 22.2486
69.7661 525 22.9129
69.8829 502 22.4054
69.9997 443 21.0476
70.1165 417 20.4206
70.2332 468 21.6333
70.3499 452 21.2603
70.4665 475 21.7945
70.5831 474 21.7715
70.6996 404 20.0998
70.8161 431 20.7605
70.9326 469 21.6564
71.049 525 22.9129
71.1653 497 22.2935
71.2817 497 22.2935
71.3979 475 21.7945
71.5141 435 20.8567
71.6303 430 20.7364
71.7464 383 19.5704
71.8624 0 1
71.9784 0 1
72.0944 0 1
72.2102 0 1
72.3261 0 1
72.4418 0 1
72.5575 0 1
72.6732 0 1
75.1054 0 1
75.2209 0 1
75.3365 0 1
75.4521 0 1
75.5678 0 1
75.6835 0 1
75.7993 0 1
75.9151 0 1
76.031 0 1
76.147 357 18.8944
76.263 408 20.199
76.3791 386 19.6469
76.4952 360 18.9737
76.6113 360 18.9737
76.7276 347 18.6279
76.8438 369 19.2094
76.9601 393 19.8242
77.0765 387 19.6723
77.1929 348 18.6548
77.3093 354 18.8149
77.4258 405 20.1246
77.5423 358 18.9209
77.6589 362 19.0263
77.7755 343 18.5203
77.8921 313 17.6918
78.0088 327 18.0831
78.1256 285 16.8819
78.2423 333 18.2483
78.3591 297 17.2337
78.4759 283 16.8226
78.5928 295 17.1756
78.7097 306 17.4929
78.8266 306 17.4929
78.9436 255 15.9687
79.0606 246 15.6844
79.1776 187 13.6748
79.2946 216 14.6969
79.4117 265 16.2788
79.5288 257 16.0312
79.6459 267 16.3401
79.7631 294 17.1464
79.8802 236 15.3623
79.9974 253 15.906
80.1147 240 15.4919
80.2319 253 15.906
80.3491 232 15.2315
80.4664 225 15
80.5837 214 14.6287
80.701 217 14.7309
80.8183 216 14.6969
80.9357 214 14.6287
81.053 197 14.0357
81.1704 197 14.0357
81.2877 190 13.784
81.4051 190 13.784
81.5225 182 13.4907
81.6399 181 13.4536
81.7573 181 13.4536
81.8747 178 13.3417
81.9922 172 13.1149
82.1096 175 13.2288
82.227 186 13.6382
82.3444 136 11.6619
82.4619 139 11.7898
82.5793 164 12.8062
82.6967 147 12.1244
82.8142 135 11.619
82.9316 101 10.0499
83.049 134 11.5758
83.1664 129 11.3578
83.2838 121 11
83.4012 134 11.5758
83.5186 93 9.64365
83.636 121 11
83.7534 102 10.0995
83.8708 97 9.84886
83.9881 98 9.89949
84.1055 88 9.38083
84.2228 84 9.16515
84.3401 81 9
84.4575 90 9.48683
84.5747 85 9.21954
84.692 75 8.66025
84.8093 79 8.88819
84.9265 89 9.43398
85.0437 85 9.21954
85.1609 62 7.87401
85.2781 54 7.34847
85.3952 65 8.06226
85.5123 60 7.74597
85.6294 64 8
85.7465 71 8.42615
85.8636 59 7.68115
85.9806 65 8.06226
86.0976 53 7.28011
86.2145 58 7.61577
86.3315 54 7.34847
86.4484 77 8.77496
86.5652 69 8.30662
86.682 75 8.66025
86.7988 80 8.94427
86.9156 107 10.3441
87.0323 89 9.43398
87.149 102 10.0995
87.2657 95 9.74679
87.3823 88 9.38083
87.4988 123 11.0905
87.6154 99 9.94987
87.7318 104 10.198
87.8483 96 9.79796
87.9647 129 11.3578
88.081 143 11.9583
88.1973 150 12.2474
88.3136 138 11.7473
88.4298 134 11.5758
88.546 154 12.4097
88.6621 169 13
88.7781 163 12.7671
88.8942 0 1
89.0101 0 1
89.126 0 1
89.2419 0 1
89.3577 0 1
89.4734 0 1
89.5891 0 1
89.7047 0 1
89.8203 0 1
89.9358 0 1
92.3269 0 1
92.4424 0 1
92.558 0 1
92.6736 0 1
92.7893 0 1
92.905 0 1
93.0208 0 1
93.1366 0 1
93.2525 0 1
93.3685 0 1
93.4845 0 1
93.6005 244 15.6205
93.7167 244 15.6205
93.8328 261 16.1555
93.949 253 15.906
94.0653 240 15.4919
94.1816 234 15.2971
94.2979 224 14.9666
94.4143 224 14.9666
94.5307 239 15.4596
94.6472 202 14.2127
94.7637 213 14.5945
94.8803 226 15.0333
94.9969 233 15.2643
95.1135 204 14.2829
95.2302 200 14.1421
95.3469 210 14.4914
95.4637 165 12.8452
95.5805 150 12.2474
95.6973 187 13.6748
95.8142 221 14.8661
95.9311 250 15.8114
96.048 210 14.4914
96.1649 251 15.843
96.2819 249 15.7797
96.3989 251 15.843
96.516 246 15.6844
96.633 243 15.5885
96.7501 221 14.8661
96.8673 262 16.1864
96.9844 228 15.0997
97.1016 260 16.1245
97.2188 306 17.4929
97.336 287 16.9411
97.4532 328 18.1108
97.5704 328 18.1108
97.6877 353 18.7883
97.805 346 18.6011
97.9223 333 18.2483
98.0396 354 18.8149
98.1569 317 17.8045
98.2743 343 18.5203
98.3916 366 19.1311
98.509 384 19.5959
98.6264 373 19.3132
98.7438 346 18.6011
98.8612 408 20.199
98.9786 350 18.7083
99.096 258 16.0624
99.2134 253 15.906
99.3308 365 19.105
99.4482 419 20.4695
99.5656 459 21.4243
99.6831 386 19.6469
99.8005 433 20.8087
99.9179 465 21.5639
100.035 458 21.4009
100.153 443 21.0476
100.27 497 22.2935
100.388 472 21.7256
100.505 451 21.2368
100.622 507 22.5167
100.74 480 21.9089
100.857 497 22.2935
100.975 474 21.7715
101.092 477 21.8403
101.209 540 23.2379
101.327 463 21.5174
101.444 490 22.1359
101.561 492 22.1811
101.679 519 22.7816
101.796 507 22.5167
101.913 502 22.4054
102.03 515 22.6936
102.148 451 21.2368
102.265 537 23.1733
102.382 477 21.8403
102.499 441 21
102.616 371 19.2614
102.733 343 18.5203
102.851 408 20.199
102.968 480 21.9089
103.085 582 24.1247
103.202 538 23.1948
103.319 556 23.5797
103.436 506 22.4944
103.552 551 23.4734
103.669 527 22.9565
103.786 529 23
103.903 506 22.4944
104.02 526 22.9347
104.137 572 23.9165
104.253 589 24.2693
104.37 590 24.2899
104.487 555 23.5584
104.603 554 23.5372
104.72 555 23.5584
104.836 578 24.0416
104.953 562 23.7065
105.069 554 23.5372
105.186 577 24.0208
105.302 555 23.5584
105.418 548 23.4094
105.535 595 24.3926
105.651 570 23.8747
105.767 567 23.8118
105.883 490 22.1359
105.999 443 21.0476
106.115 0 1
106.231 0 1
106.347 0 1
106.463 0 1
106.579 0 1
106.694 0 1
106.81 0 1
106.926 0 1
107.041 0 1
107.157 0 1
109.576 0 1
109.692 0 1
109.807 0 1
109.923 0 1
110.039 0 1
110.155 0 1
110.27 0 1
110.386 0 1
110.502 0 1
110.618 423 20.567
110.735 424 20.5913
110.851 432 20.7846
110.967 424 20.5913
111.083 412 20.2978
111.199 333 18.2483
111.316 321 17.9165
111.432 370 19.2354
111.549 432 20.7846
111.665 430 20.7364
111.782 438 20.9284
111.898 411 20.2731
112.015 385 19.6214
112.132 369 19.2094
112.248 403 20.0749
112.365 404 20.0998
112.482 386 19.6469
112.599 375 19.3649
112.716 395 19.8746
112.832 367 19.1572
112.949 358 18.9209
113.066 380 19.4936
113.183 408 20.199
113.3 376 19.3907
113.417 316 17.7764
113.534 345 18.5742
113.652 371 19.2614
113.769 343 18.5203
113.886 332 18.2209
114.003 344 18.5472
114.12 314 17.72
114.238 329 18.1384
114.355 325 18.0278
114.472 288 16.9706
114.589 288 16.9706
114.707 270 16.4317
114.824 284 16.8523
114.942 274 16.5529
115.059 305 17.4642
115.176 307 17.5214
115.294 286 16.9115
115.411 342 18.4932
115.529 333 18.2483
115.646 309 17.5784
115.764 337 18.3576
115.881 308 17.5499
115.999 325 18.0278
116.116 291 17.0587
116.234 345 18.5742
116.351 318 17.8326
116.469 312 17.6635
116.586 330 18.1659
116.704 316 17.7764
116.821 328 18.1108
116.939 321 17.9165
117.056 315 17.7482
117.174 299 17.2916
117.291 338 18.3848
117.409 328 18.1108
117.526 296 17.2047
117.644 333 18.2483
117.761 308 17.5499
117.879 281 16.7631
117.996 274 16.5529
118.114 257 16.0312
118.231 283 16.8226
118.349 279 16.7033
118.466 283 16.8226
118.584 292 17.088
118.701 296 17.2047
118.819 296 17.2047
118.936 289 17
119.053 344 18.5472
119.171 308 17.5499
119.288 319 17.8606
119.405 327 18.0831
119.523 302 17.3781
119.64 338 18.3848
119.757 292 17.088
119.875 333 18.2483
119.992 330 18.1659
120.109 317 17.8045
120.226 317 17.8045
120.343 334 18.2757
120.46 346 18.6011
120.578 289 17
120.695 365 19.105
120.812 323 17.9722
120.929 315 17.7482
121.046 299 17.2916
121.163 327 18.0831
121.279 319 17.8606
121.396 309 17.5784
121.513 293 17.1172
121.63 244 15.6205
121.747 240 15.4919
121.863 232 15.2315
121.98 251 15.843
122.097 325 18.0278
122.213 340 18.4391
122.33 307 17.5214
122.446 299 17.2916
122.563 346 18.6011
122.679 340 18.4391
122.795 329 18.1384
122.912 350 18.7083
123.028 354 18.8149
123.144 368 19.1833
123.26 360 18.9737
123.377 0 1
123.493 0 1
123.609 0 1
123.725 0 1
123.84 0 1
123.956 0 1
124.072 0 1
124.188 0 1
124.303 0 1
124.419 0 1
126.852 0 1
126.968 0 1
127.083 0 1
127.199 0 1
127.315 0 1
127.431 0 1
127.547 0 1
127.663 0 1
127.779 0 1
127.895 0 1
128.011 0 1
128.127 0 1
128.243 0 1
128.359 434 20.8327
128.476 425 20.6155
128.592 453 21.2838
128.708 453 21.2838
128.825 458 21.4009
128.941 474 21.7715
129.058 431 20.7605
129.174 481 21.9317
129.291 450 21.2132
129.408 453 21.2838
129.524 459 21.4243
129.641 457 21.3776
129.758 415 20.3715
129.875 427 20.664
129.992 470 21.6795
130.108 459 21.4243
130.225 429 20.7123
130.342 416 20.3961
130.459 357 18.8944
130.576 332 18.2209
130.693 294 17.1464
130.81 287 16.9411
130.928 341 18.4662
131.045 378 19.4422
131.162 436 20.8806
131.279 483 21.9773
131.396 487 22.0681
131.513 464 21.5407
131.631 479 21.8861
131.748 468 21.6333
131.865 477 21.8403
131.983 502 22.4054
132.1 476 21.8174
132.217 535 23.1301
132.335 479 21.8861
132.452 471 21.7025
132.57 497 22.2935
132.687 446 21.1187
132.804 538 23.1948
132.922 501 22.383
133.039 477 21.8403
133.157 487 22.0681
133.274 476 21.8174
133.392 495 22.2486
133.509 508 22.5389
133.627 521 22.8254
133.744 495 22.2486
133.862 463 21.5174
133.979 419 20.4695
134.097 408 20.199
134.214 402 20.0499
134.332 329 18.1384
134.449 360 18.9737
134.567 397 19.9249
134.684 433 20.8087
134.802 531 23.0434
134.919 490 22.1359
135.037 539 23.2164
135.154 538 23.1948
135.272 542 23.2809
135.389 509 22.561
135.507 545 23.3452
135.624 544 23.3238
135.742 569 23.8537
135.859 567 23.8118
135.977 521 22.8254
136.094 514 22.6716
136.211 603 24.5561
136.329 553 23.516
136.446 536 23.1517
136.564 547 23.388
136.681 589 24.2693
136.798 539 23.2164
136.915 553 23.516
137.033 592 24.3311
137.15 591 24.3105
137.267 516 22.7156
137.384 515 22.6936
137.502 494 22.2261
137.619 494 22.2261
137.736 456 21.3542
137.853 410 20.2485
137.97 393 19.8242
138.087 412 20.2978
138.204 420 20.4939
138.321 459 21.4243
138.438 540 23.2379
138.555 582 24.1247
138.672 573 23.9374
138.788 526 22.9347
138.905 571 23.8956
139.022 616 24.8193
139.139 609 24.6779
139.255 615 24.7992
139.372 581 24.1039
139.488 617 24.8395
139.605 617 24.8395
139.721 634 25.1794
139.838 655 25.593
139.954 568 23.8328
140.071 601 24.5153
140.187 609 24.6779
140.303 606 24.6171
140.419 578 24.0416
140.535 565 23.7697
140.652 613 24.7588
140.768 0 1
140.884 0 1
141 0 1
141.115 0 1
141.231 0 1
141.347 0 1
141.463 0 1
141.578 0 1
141.694 0 1
144.104 0 1
144.219 0 1
144.335 0 1
144.45 0 1
144.566 0 1
144.682 0 1
144.798 0 1
144.914 0 1
145.03 0 1
145.146 553 23.516
145.262 591 24.3105
145.378 591 24.3105
145.494 556 23.5797
145.61 596 24.4131
145.726 591 24.3105
145.842 608 24.6577
145.959 548 23.4094
146.075 550 23.4521
146.192 458 21.4009
146.308 508 22.5389
146.425 470 21.6795
146.541 447 21.1424
146.658 433 20.8087
146.774 469 21.6564
146.891 498 22.3159
147.008 458 21.4009
147.125 506 22.4944
147.241 555 23.5584
147.358 597 24.4336
147.475 532 23.0651
147.592 572 23.9165
147.709 586 24.2074
147.826 537 23.1733
147.943 627 25.04
148.06 598 24.454
148.177 549 23.4307
148.294 585 24.1868
148.411 584 24.1661
148.528 607 24.6374
148.645 559 23.6432
148.762 555 23.5584
148.88 562 23.7065
148.997 556 23.5797
149.114 593 24.3516
149.231 562 23.7065
149.349 549 23.4307
149.466 536 23.1517
149.583 515 22.6936
149.701 527 22.9565
149.818 479 21.8861
149.935 488 22.0907
150.053 484 22
150.17 476 21.8174
150.287 478 21.8632
150.405 480 21.9089
150.522 510 22.5832
150.64 507 22.5167
150.757 529 23
150.875 530 23.0217
150.992 601 24.5153
151.11 633 25.1595
151.227 587 24.2281
151.344 541 23.2594
151.462 598 24.454
151.579 580 24.0832
151.697 572 23.9165
151.814 598 24.454
151.932 609 24.6779
152.049 571 23.8956
152.167 602 24.5357
152.284 569 23.8537
152.402 632 25.1396
152.519 580 24.0832
152.636 592 24.3311
152.754 584 24.1661
152.871 615 24.7992
152.989 550 23.4521
153.106 565 23.7697
153.223 543 23.3024
153.341 566 23.7908
153.458 493 22.2036
153.575 502 22.4054
153.693 498 22.3159
153.81 460 21.4476
153.927 499 22.3383
154.044 522 22.8473
154.162 555 23.5584
154.279 585 24.1868
154.396 582 24.1247
154.513 588 24.2487
154.63 638 25.2587
154.747 584 24.1661
154.864 649 25.4755
154.981 595 24.3926
155.098 643 25.3574
155.215 618 24.8596
155.332 660 25.6905
155.449 579 24.0624
155.566 630 25.0998
155.683 602 24.5357
155.8 670 25.8844
155.917 612 24.7386
156.033 635 25.1992
156.15 0 1
156.267 0 1
156.383 0 1
156.5 0 1
156.617 0 1
156.733 0 1
156.85 0 1
156.966 0 1
157.082 0 1
157.199 0 1
157.315 0 1
157.431 0 1
157.547 0 1
157.664 0 1
157.78 0 1
157.896 0 1
158.012 0 1
158.128 0 1
158.244 0 1
158.359 0 1
158.475 0 1
158.591 0 1
158.706 0 1
