
6.15755 0 1
6.2731 0 1
6.3887 0 1
6.50437 0 1
6.62009 0 1
6.73587 0 1
6.8517 0 1
6.96759 0 1
7.08353 0 1
7.19952 0 1
7.31557 0 1
7.43166 0 1
7.54781 0 1
7.664 0 1
7.78024 0 1
7.89653 0 1
8.01286 0 1
8.12924 0 1
8.24567 0 1
8.36213 0 1
8.47864 0 1
8.59519 0 1
8.71178 0 1
8.82841 0 1
8.94508 0 1
9.06179 0 1
9.17853 0 1
9.29531 0 1
9.41212 0 1
9.52897 0 1
9.64584 0 1
9.76276 0 1
9.8797 0 1
9.99667 0 1
10.1137 0 1
10.2307 0 1
10.3478 0 1
10.4648 0 1
10.5819 0 1
10.6991 0 1
10.8162 0 1
10.9334 0 1
11.0506 0 1
11.1678 0 1
11.285 0 1
11.4023 0 1
11.5196 0 1
11.6369 0 1
11.7542 0 1
11.8715 0 1
11.9888 0 1
12.1062 0 1
12.2235 0 1
12.3409 0 1
12.4582 0 1
12.5756 0 1
12.693 0 1
12.8104 0 1
12.9278 0 1
13.0452 0 1
13.1626 0 1
13.28 0 1
13.3974 0 1
13.5149 0 1
13.6323 0 1
13.7497 0 1
13.8671 0 1
13.9845 0 1
14.1019 0 1
14.2193 0 1
14.3367 0 1
14.4541 0 1
14.5714 0 1
14.6888 0 1
14.8062 0 1
14.9235 0 1
15.0408 83923 289.695
15.1581 88423 297.36
15.2755 91445 302.399
15.3927 92993 304.948
15.51 94218 306.95
15.6273 92837 304.692
15.7445 92327 303.854
15.8617 90016 300.027
15.9789 86026 293.302
16.0961 88058 296.746
16.2132 90891 301.481
16.3304 94925 308.099
16.4475 99145 314.873
16.5646 102207 319.698
16.6816 102172 319.644
16.7986 101558 318.682
16.9156 102073 319.489
17.0326 102246 319.759
17.1496 101344 318.346
17.2665 100436 316.916
17.3833 96698 310.963
17.5002 92640 304.368
17.617 89690 299.483
17.7338 87244 295.371
17.8505 88748 297.906
17.9672 92660 304.401
18.0839 95836 309.574
18.2005 98426 313.729
18.3171 99795 315.903
18.4337 102055 319.46
18.5502 104459 323.201
18.6666 105564 324.906
18.7831 106597 326.492
18.8994 105415 324.677
19.0158 103429 321.604
19.1321 100159 316.479
19.2483 95182 308.516
19.3645 91771 302.937
19.4806 89215 298.689
19.5967 87737 296.204
19.7128 91135 301.886
19.8288 94294 307.073
19.9447 89881 299.802
20.0606 0 1
20.1764 0 1
20.2922 0 1
20.4079 0 1
20.5236 0 1
20.6392 0 1
20.7548 0 1
20.8702 0 1
23.3078 0 1
23.4233 0 1
23.539 0 1
23.6547 0 1
23.7704 0 1
23.8862 0 1
24.0021 0 1
24.118 0 1
24.234 0 1
24.35 0 1
24.4661 89464 299.105
24.5822 88561 297.592
24.6984 91209 302.008
24.8146 95446 308.943
24.9309 100581 317.145
25.0472 104480 323.234
25.1636 106406 326.199
25.28 106700 326.65
25.3965 107319 327.596
25.513 107947 328.553
25.6296 109647 331.13
25.7462 110227 332.005
25.8628 108600 329.545
25.9795 105032 324.086
26.0962 99361 315.216
26.213 93654 306.029
26.3298 91859 303.082
26.4466 91083 301.8
26.5635 93385 305.59
26.6804 98058 313.142
26.7973 100316 316.727
26.9143 101780 319.03
27.0313 104355 323.04
27.1483 107701 328.178
27.2653 108879 329.968
27.3824 109196 330.448
27.4996 108485 329.371
27.6167 106926 326.995
27.7339 103846 322.251
27.8511 98675 314.126
27.9683 93426 305.657
28.0855 89092 298.483
28.2028 88867 298.106
28.3201 90833 301.385
28.4374 97031 311.498
28.5547 101143 318.03
28.6721 105429 324.698
28.7894 106432 326.239
28.9068 107009 327.122
29.0242 105786 325.248
29.1416 105030 324.083
29.259 103983 322.464
29.3764 102273 319.802
29.4939 97618 312.439
29.6113 92436 304.033
29.7288 87341 295.535
29.8463 84800 291.204
29.9638 82981 288.064
30.0812 84508 290.703
30.1987 89326 298.875
30.3162 92989 304.941
30.4337 94929 308.106
30.5512 98118 313.238
30.6687 99012 314.662
30.7862 102703 320.473
30.9037 102100 319.531
31.0212 102941 320.844
31.1387 101896 319.212
31.2562 100116 316.411
31.3737 96834 311.182
31.4912 91749 302.901
31.6087 86591 294.263
31.7262 84799 291.203
31.8436 86858 294.717
31.9611 92690 304.45
32.0785 96990 311.432
32.1959 100598 317.172
32.3134 101087 317.942
32.4308 101531 318.639
32.5482 101241 318.184
32.6655 100845 317.561
32.7829 101073 317.92
32.9002 99673 315.71
33.0176 98717 314.193
33.1349 95970 309.79
33.2522 90802 301.334
33.3694 84256 290.269
33.4867 80818 284.285
33.6039 78470 280.125
33.7211 78334 279.882
33.8383 81520 285.517
33.9554 85428 292.281
34.0725 88415 297.347
34.1896 91285 302.134
34.3067 93527 305.822
34.4237 94709 307.748
34.5407 96079 309.966
34.6577 96756 311.056
34.7746 96571 310.759
34.8915 95671 309.307
35.0084 93338 305.513
35.1252 88464 297.429
35.242 84377 290.477
35.3587 79712 282.333
35.4755 80520 283.76
35.5921 83635 289.197
35.7088 87869 296.427
35.8254 91958 303.246
35.9419 95580 309.16
36.0584 96487 310.624
36.1749 96318 310.351
36.2913 96264 310.264
36.4077 94985 308.196
36.524 95329 308.754
36.6403 93912 306.451
36.7565 91889 303.132
36.8727 87313 295.488
36.9889 81824 286.049
37.1049 77436 278.273
37.221 0 1
37.3369 0 1
37.4529 0 1
37.5687 0 1
37.6845 0 1
37.8003 0 1
37.916 0 1
38.0316 0 1
38.1472 0 1
40.5851 0 1
40.7008 0 1
40.8164 0 1
40.9322 0 1
41.048 0 1
41.1639 0 1
41.2798 0 1
41.3958 0 1
41.5118 0 1
41.6279 0 1
41.744 74306 272.591
41.8602 78115 279.491
41.9765 78217 279.673
42.0928 73655 271.395
42.2091 68683 262.074
42.3255 64836 254.629
42.4419 60915 246.81
42.5584 59417 243.756
42.675 61157 247.299
42.7915 64955 254.863
42.9081 67485 259.779
43.0248 69358 263.359
43.1415 70623 265.75
43.2582 71402 267.212
43.375 71993 268.315
43.4918 71746 267.854
43.6087 71708 267.783
43.7256 70992 266.443
43.8425 68952 262.587
43.9595 66593 258.056
44.0765 64112 253.203
44.1935 60312 245.585
44.3106 57256 239.282
44.4277 56368 237.419
44.5448 57361 239.502
44.6619 59966 244.88
44.7791 61877 248.751
44.8963 61949 248.896
45.0136 61284 247.556
45.1308 60354 245.671
45.2481 59268 243.45
45.3654 58499 241.866
45.4827 57402 239.587
45.6001 55828 236.279
45.7174 52188 228.447
45.8348 48640 220.545
45.9522 45279 212.789
46.0697 43328 208.154
46.1871 42409 205.934
46.3046 43845 209.392
46.422 46538 215.727
46.5395 48906 221.147
46.657 49714 222.966
46.7745 50484 224.686
46.892 50332 224.348
47.0096 50336 224.357
47.1271 50654 225.064
47.2446 50095 223.819
47.3622 48978 221.31
47.4797 48081 219.274
47.5973 46533 215.715
47.7149 44627 211.251
47.8324 42860 207.027
47.95 40516 201.286
48.0675 41461 203.62
48.1851 43602 208.811
48.3027 45678 213.724
48.4202 46782 216.291
48.5378 47404 217.725
48.6554 47320 217.532
48.7729 47493 217.929
48.8904 47427 217.777
49.008 47220 217.302
49.1255 46108 214.728
49.243 43317 208.127
49.3605 41152 202.86
49.478 39337 198.336
49.5955 37933 194.764
49.713 37803 194.43
49.8304 40031 200.077
49.9479 44017 209.802
50.0653 47415 217.75
50.1827 49743 223.031
50.3001 51232 226.345
50.4175 53444 231.18
50.5348 53832 232.017
50.6521 56289 237.253
50.7694 57204 239.174
50.8867 57990 240.811
51.004 58286 241.425
51.1212 57923 240.672
51.2384 57881 240.585
51.3556 56794 238.315
51.4727 56090 236.833
51.5899 57699 240.206
51.707 61934 248.865
51.824 66598 258.066
51.9411 69616 263.848
52.0581 71364 267.14
52.175 72731 269.687
52.2919 73488 271.087
52.4088 75194 274.215
52.5257 76595 276.758
52.6425 77134 277.73
52.7593 75382 274.558
52.876 70839 266.156
52.9927 65872 256.655
53.1094 62289 249.578
53.226 59820 244.581
53.3426 59322 243.561
53.4591 64350 253.673
53.5756 71392 267.193
53.692 77985 279.258
53.8084 81731 285.886
53.9248 85046 291.626
54.0411 88216 297.012
54.1573 89370 298.948
54.2735 0 1
54.3896 0 1
54.5057 0 1
54.6217 0 1
54.7377 0 1
54.8537 0 1
54.9695 0 1
55.0853 0 1
55.2011 0 1
55.3168 0 1
55.4324 0 1
57.824 0 1
57.9396 0 1
58.0553 0 1
58.1711 0 1
58.2869 0 1
58.4028 0 1
58.5187 0 1
58.6347 0 1
58.7508 0 1
58.8669 0 1
58.983 97749 312.648
59.0992 104930 323.929
59.2155 109164 330.4
59.3318 109977 331.628
59.4482 111617 334.091
59.5646 112295 335.104
59.681 111751 334.292
59.7975 111666 334.165
59.9141 109913 331.531
60.0306 108451 329.319
60.1473 105344 324.567
60.2639 101098 317.959
60.3807 101083 317.936
60.4974 102822 320.659
60.6142 108390 329.226
60.731 111776 334.329
60.8479 113154 336.384
60.9648 113630 337.09
61.0818 113155 336.385
61.1987 111956 334.598
61.3158 111084 333.293
61.4328 107082 327.234
61.5499 100056 316.316
61.667 90749 301.246
61.7841 83722 289.348
61.9013 79120 281.283
62.0185 78217 279.673
62.1357 82587 287.38
62.253 90210 300.35
62.3702 97399 312.088
62.4875 101308 318.289
62.6049 103099 321.09
62.7222 104363 323.053
62.8396 105947 325.495
62.9569 105530 324.854
63.0743 104957 323.971
63.1918 104159 322.737
63.3092 103855 322.265
63.4267 102746 320.54
63.5441 100331 316.751
63.6616 96963 311.389
63.7791 92367 303.919
63.8966 90405 300.674
64.0142 91477 302.452
64.1317 95651 309.275
64.2492 98847 314.399
64.3668 100130 316.433
64.4843 99203 314.965
64.6019 98730 314.213
64.7195 96805 311.135
64.837 96743 311.035
64.9546 94188 306.901
65.0722 89890 299.817
65.1898 81703 285.837
65.3074 75480 274.736
65.4249 67853 260.486
65.5425 65512 255.953
65.6601 65328 255.593
65.7777 70825 266.13
65.8952 77704 278.754
66.0128 83588 289.116
66.1304 86412 293.959
66.2479 89114 298.52
66.3655 89191 298.649
66.483 90329 300.548
66.6005 90304 300.506
66.718 91149 301.909
66.8355 91266 302.103
66.953 91299 302.157
67.0705 90425 300.707
67.1879 89105 298.505
67.3054 87181 295.264
67.4228 82702 287.58
67.5402 80777 284.213
67.6576 81244 285.033
67.7749 84307 290.357
67.8923 90269 300.448
68.0096 91565 302.597
68.1269 92727 304.511
68.2442 92541 304.206
68.3614 92332 303.862
68.4787 91623 302.693
68.5958 92520 304.171
68.713 88555 297.582
68.8302 82797 287.745
68.9473 74911 273.699
69.0643 69456 263.545
69.1814 65012 254.975
69.2984 64202 253.381
69.4154 69067 262.806
69.5323 77397 278.203
69.6492 84226 290.217
69.7661 89467 299.11
69.8829 90731 301.216
69.9997 93174 305.244
70.1165 93617 305.969
70.2332 94893 308.047
70.3499 94777 307.859
70.4665 97356 312.019
70.5831 97152 311.692
70.6996 96552 310.728
70.8161 96932 311.339
70.9326 95733 309.407
71.049 92892 304.782
71.1653 87581 295.941
71.2817 84963 291.484
71.3979 83968 289.772
71.5141 86143 293.501
71.6303 89463 299.104
71.7464 88336 297.214
71.8624 0 1
71.9784 0 1
72.0944 0 1
72.2102 0 1
72.3261 0 1
72.4418 0 1
72.5575 0 1
72.6732 0 1
75.1054 0 1
75.2209 0 1
75.3365 0 1
75.4521 0 1
75.5678 0 1
75.6835 0 1
75.7993 0 1
75.9151 0 1
76.031 0 1
76.147 89110 298.513
76.263 92886 304.772
76.3791 89675 299.458
76.4952 85341 292.132
76.6113 87007 294.969
76.7276 91667 302.766
76.8438 96730 311.014
76.9601 98910 314.5
77.0765 99228 315.005
77.1929 98803 314.329
77.3093 98476 313.809
77.4258 98149 313.287
77.5423 96134 310.055
77.6589 88799 297.992
77.7755 80395 283.54
77.8921 73200 270.555
78.0088 67216 259.26
78.1256 63789 252.565
78.2423 61859 248.715
78.3591 66846 258.546
78.4759 76322 276.264
78.5928 83865 289.595
78.7097 88053 296.737
78.8266 87553 295.894
78.9436 92705 304.475
79.0606 91758 302.916
79.1776 93008 304.972
79.2946 95026 308.263
79.4117 96246 310.235
79.5288 95237 308.605
79.6459 95906 309.687
79.7631 94654 307.659
79.8802 94097 306.752
79.9974 90686 301.141
80.1147 85200 291.89
80.2319 84131 290.053
80.3491 87840 296.378
80.4664 94035 306.651
80.5837 96262 310.261
80.701 96831 311.177
80.8183 96585 310.781
80.9357 96665 310.91
81.053 95874 309.635
81.1704 96091 309.985
81.2877 93612 305.961
81.4051 87605 295.981
81.5225 78776 280.671
81.6399 70143 264.845
81.7573 66837 258.529
81.8747 62317 249.634
81.9922 65434 255.801
82.1096 74224 272.441
82.227 82348 286.963
82.3444 86430 293.99
82.4619 89649 299.414
82.5793 92860 304.729
82.6967 91546 302.566
82.8142 94514 307.431
82.9316 96691 310.952
83.049 97689 312.552
83.1664 97755 312.658
83.2838 98127 313.252
83.4012 98948 314.56
83.5186 98059 313.144
83.636 94751 307.817
83.7534 89480 299.132
83.8708 87528 295.851
83.9881 90091 300.152
84.1055 95205 308.553
84.2228 101485 318.567
84.3401 101769 319.013
84.4575 103152 321.173
84.5747 102829 320.67
84.692 102665 320.414
84.8093 101780 319.03
84.9265 97378 312.054
85.0437 87903 296.484
85.1609 79579 282.098
85.2781 73362 270.854
85.3952 69160 262.983
85.5123 68767 262.235
85.6294 75467 274.713
85.7465 86456 294.034
85.8636 93611 305.959
85.9806 98968 314.592
86.0976 102294 319.834
86.2145 106449 326.265
86.3315 111068 333.269
86.4484 115355 339.64
86.5652 118553 344.315
86.682 121444 348.488
86.7988 123138 350.91
86.9156 125026 353.59
87.0323 126454 355.604
87.149 126170 355.204
87.2657 123026 350.751
87.3823 119147 345.177
87.4988 120542 347.192
87.6154 127834 357.539
87.7318 139106 372.969
87.8483 144896 380.652
87.9647 148358 385.173
88.081 151513 389.247
88.1973 152834 390.94
88.3136 154729 393.356
88.4298 152148 390.062
88.546 144260 379.816
88.6621 130643 361.446
88.7781 118774 344.636
88.8942 0 1
89.0101 0 1
89.126 0 1
89.2419 0 1
89.3577 0 1
89.4734 0 1
89.5891 0 1
89.7047 0 1
89.8203 0 1
89.9358 0 1
92.3269 0 1
92.4424 0 1
92.558 0 1
92.6736 0 1
92.7893 0 1
92.905 0 1
93.0208 0 1
93.1366 0 1
93.2525 0 1
93.3685 0 1
93.4845 0 1
93.6005 161143 401.426
93.7167 158510 398.133
93.8328 149758 386.986
93.949 135746 368.437
94.0653 124958 353.494
94.1816 116038 340.644
94.2979 110866 332.965
94.4143 109478 330.875
94.5307 115360 339.647
94.6472 125321 354.007
94.7637 135012 367.44
94.8803 140785 375.213
94.9969 145628 381.612
95.1135 151308 388.983
95.2302 154315 392.829
95.3469 157517 396.884
95.4637 160584 400.729
95.5805 161920 402.393
95.6973 162847 403.543
95.8142 163380 404.203
95.9311 161547 401.929
96.048 158558 398.193
96.1649 153918 392.324
96.2819 148598 385.484
96.3989 142408 377.37
96.516 140316 374.588
96.633 141334 375.944
96.7501 145025 380.821
96.8673 147662 384.268
96.9844 148202 384.97
97.1016 146397 382.619
97.2188 142448 377.423
97.336 140404 374.705
97.4532 134174 366.298
97.5704 125895 354.817
97.6877 112936 336.06
97.805 101287 318.256
97.9223 91505 302.498
98.0396 86017 293.287
98.1569 82071 286.48
98.2743 84645 290.938
98.3916 91042 301.732
98.509 96786 311.104
98.6264 99826 315.953
98.7438 103276 321.366
98.8612 106147 325.802
98.9786 108345 329.158
99.096 109520 330.938
99.2134 109981 331.634
99.3308 109016 330.176
99.4482 108671 329.653
99.5656 107425 327.758
99.6831 105550 324.885
99.8005 103750 322.102
99.9179 99985 316.204
100.035 95087 308.362
100.153 95621 309.226
100.27 98155 313.297
100.388 101609 318.762
100.505 104474 323.224
100.622 104377 323.074
100.74 104034 322.543
100.857 103555 321.8
100.975 104048 322.565
101.092 102369 319.952
101.209 99145 314.873
101.327 90991 301.647
101.444 84004 289.834
101.561 78320 279.857
101.679 74597 273.125
101.796 72714 269.655
101.913 75752 275.231
102.03 81954 286.276
102.148 86438 294.003
102.265 84340 290.413
102.382 102659 320.404
102.499 99285 315.095
102.616 103249 321.324
102.733 104950 323.96
102.851 105503 324.812
102.968 107809 328.343
103.085 107042 327.173
103.202 105804 325.275
103.319 104658 323.509
103.436 101586 318.726
103.552 98542 313.914
103.669 96671 310.92
103.786 99411 315.295
103.903 103373 321.517
104.02 106649 326.572
104.137 107711 328.194
104.253 106840 326.864
104.37 106569 326.449
104.487 106979 327.076
104.603 105913 325.443
104.72 101113 317.983
104.836 93135 305.18
104.953 85631 292.628
105.069 80181 283.162
105.186 76327 276.273
105.302 73648 271.382
105.418 77830 278.98
105.535 83183 288.415
105.651 87596 295.966
105.767 91540 302.556
105.883 96278 310.287
105.999 99358 315.211
106.115 0 1
106.231 0 1
106.347 0 1
106.463 0 1
106.579 0 1
106.694 0 1
106.81 0 1
106.926 0 1
107.041 0 1
107.157 0 1
109.576 0 1
109.692 0 1
109.807 0 1
109.923 0 1
110.039 0 1
110.155 0 1
110.27 0 1
110.386 0 1
110.502 0 1
110.618 74593 273.117
110.735 80844 284.331
110.851 85227 291.937
110.967 89320 298.865
111.083 92211 303.663
111.199 95153 308.469
111.316 97087 311.588
111.432 98405 313.696
111.549 98315 313.552
111.665 97496 312.243
111.782 96328 310.368
111.898 94003 306.599
112.015 89796 299.66
112.132 87763 296.248
112.248 87597 295.968
112.365 89867 299.778
112.482 95496 309.024
112.599 94119 306.788
112.716 96086 309.977
112.832 94320 307.116
112.949 94509 307.423
113.066 93811 306.286
113.183 93110 305.139
113.3 90046 300.077
113.417 83655 289.232
113.534 76466 276.525
113.652 70613 265.731
113.769 66488 257.853
113.886 62507 250.014
114.003 64201 253.379
114.12 69371 263.384
114.238 73564 271.227
114.355 77567 278.509
114.472 82249 286.791
114.589 82570 287.35
114.707 85844 292.991
114.824 86248 293.68
114.942 87662 296.078
115.059 87177 295.258
115.176 86597 294.274
115.294 85482 292.373
115.411 83502 288.967
115.529 80514 283.75
115.646 77955 279.204
115.764 77021 277.527
115.881 78187 279.619
115.999 80985 284.579
116.116 82134 286.59
116.234 82668 287.52
116.351 83222 288.482
116.469 82532 287.284
116.586 82871 287.873
116.704 82802 287.753
116.821 82728 287.625
116.939 80209 283.212
117.056 75077 274.002
117.174 68397 261.528
117.291 63679 252.347
117.409 59503 243.932
117.526 57964 240.757
117.644 61961 248.92
117.761 67668 260.131
117.879 73153 270.468
117.996 75785 275.291
118.114 79793 282.477
118.231 83668 289.254
118.349 83958 289.755
118.466 86356 293.864
118.584 88362 297.257
118.701 88959 298.26
118.819 88842 298.064
118.936 88171 296.936
119.053 86295 293.76
119.171 84353 290.436
119.288 83630 289.189
119.405 83931 289.708
119.523 85534 292.462
119.64 88868 298.107
119.757 90735 301.223
119.875 92456 304.066
119.992 92868 304.743
120.109 93199 305.285
120.226 93950 306.513
120.343 94574 307.529
120.46 94256 307.011
120.578 93970 306.545
120.695 89475 299.124
120.812 81999 286.355
120.929 75551 274.865
121.046 70013 264.6
121.163 66104 257.107
121.279 66722 258.306
121.396 73326 270.788
121.513 80549 283.812
121.63 86343 293.842
121.747 90357 300.594
121.863 93663 306.044
121.98 97491 312.235
122.097 99164 314.903
122.213 101354 318.361
122.33 102277 319.808
122.446 103041 321
122.563 102088 319.512
122.679 101672 318.86
122.795 99371 315.232
122.912 97332 311.981
123.028 95940 309.742
123.144 96034 309.894
123.26 96491 310.63
123.377 0 1
123.493 0 1
123.609 0 1
123.725 0 1
123.84 0 1
123.956 0 1
124.072 0 1
124.188 0 1
124.303 0 1
124.419 0 1
126.852 0 1
126.968 0 1
127.083 0 1
127.199 0 1
127.315 0 1
127.431 0 1
127.547 0 1
127.663 0 1
127.779 0 1
127.895 0 1
128.011 0 1
128.127 0 1
128.243 0 1
128.359 108811 329.865
128.476 109245 330.522
128.592 109940 331.572
128.708 111833 334.414
128.825 115298 339.556
128.941 116646 341.535
129.058 116799 341.759
129.174 116578 341.435
129.291 117044 342.117
129.408 116106 340.743
129.524 115739 340.204
129.641 114341 338.143
129.758 108892 329.988
129.875 100267 316.65
129.992 90627 301.043
130.108 83553 289.055
130.225 77145 277.75
130.342 76909 277.325
130.459 84147 290.081
130.576 90663 301.103
130.693 96547 310.72
130.81 100605 317.183
130.928 102242 319.753
131.045 103605 321.877
131.162 105301 324.501
131.279 107299 327.565
131.396 105880 325.392
131.513 105032 324.086
131.631 102443 320.067
131.748 100202 316.547
131.865 98738 314.226
131.983 97162 311.708
132.1 97269 311.88
132.217 98184 313.343
132.335 98741 314.231
132.452 98820 314.356
132.57 98879 314.45
132.687 95870 309.629
132.804 99527 315.479
132.922 95308 308.72
133.039 94968 308.169
133.157 93466 305.722
133.274 89547 299.244
133.392 83718 289.341
133.509 76050 275.772
133.627 68542 261.805
133.744 62695 250.39
133.862 59816 244.573
133.979 62193 249.385
134.097 67305 259.432
134.214 73405 270.934
134.332 74598 273.126
134.449 76328 276.275
134.567 77239 277.919
134.684 77212 277.87
134.802 77641 278.641
134.919 77173 277.8
135.037 75999 275.679
135.154 73773 271.612
135.272 72254 268.801
135.389 71056 266.563
135.507 70313 265.166
135.624 69625 263.865
135.742 69809 264.214
135.859 69857 264.305
135.977 70021 264.615
136.094 70130 264.821
136.211 69771 264.142
136.329 68781 262.261
136.446 68654 262.019
136.564 68267 261.28
136.681 67562 259.927
136.798 68387 261.509
136.915 65420 255.773
137.033 61254 247.495
137.15 56359 237.401
137.267 52355 228.812
137.384 48572 220.391
137.502 47432 217.789
137.619 50370 224.433
137.736 55736 236.085
137.853 58235 241.319
137.97 62453 249.906
138.087 65265 255.47
138.204 66396 257.674
138.321 67919 260.613
138.438 69558 263.739
138.555 69831 264.256
138.672 70669 265.836
138.788 69349 263.342
138.905 69045 262.764
139.022 69404 263.446
139.139 69794 264.186
139.255 70446 265.417
139.372 72854 269.915
139.488 73696 271.47
139.605 75325 274.454
139.721 75849 275.407
139.838 76634 276.828
139.954 76815 277.155
140.071 76226 276.091
140.187 78562 280.289
140.303 77730 278.801
140.419 78277 279.78
140.535 77320 278.065
140.652 72879 269.961
140.768 0 1
140.884 0 1
141 0 1
141.115 0 1
141.231 0 1
141.347 0 1
141.463 0 1
141.578 0 1
141.694 0 1
144.104 0 1
144.219 0 1
144.335 0 1
144.45 0 1
144.566 0 1
144.682 0 1
144.798 0 1
144.914 0 1
145.03 0 1
145.146 66949 258.745
145.262 67906 260.588
145.378 67827 260.436
145.494 67820 260.423
145.61 66074 257.049
145.726 64251 253.478
145.842 60145 245.245
145.959 55008 234.538
146.075 51871 227.752
146.192 48925 221.19
146.308 47337 217.571
146.425 49076 221.531
146.541 52018 228.075
146.658 54640 233.752
146.774 56654 238.021
146.891 58476 241.818
147.008 58844 242.578
147.125 59810 244.561
147.241 58578 242.029
147.358 58437 241.737
147.475 57062 238.877
147.592 55511 235.608
147.709 54924 234.359
147.826 55207 234.962
147.943 55746 236.106
148.06 54937 234.386
148.177 55427 235.429
148.294 56121 236.899
148.411 55791 236.201
148.528 55533 235.654
148.645 55028 234.58
148.762 54310 233.045
148.88 54248 232.912
148.997 55940 236.516
149.114 50842 225.482
149.231 52942 230.091
149.349 51385 226.683
149.466 49454 222.383
149.583 45592 213.523
149.701 42599 206.395
149.818 40867 202.156
149.935 40024 200.06
150.053 41655 204.096
150.17 44601 211.189
150.287 46344 215.277
150.405 48152 219.436
150.522 50275 224.221
150.64 51340 226.583
150.757 51866 227.741
150.875 51587 227.128
150.992 51543 227.031
151.11 52140 228.342
151.227 51001 225.834
151.344 50540 224.811
151.462 50886 225.579
151.579 51539 227.022
151.697 52680 229.521
151.814 53759 231.86
151.932 54651 233.776
152.049 55559 235.71
152.167 55483 235.548
152.284 56612 237.933
152.402 56883 238.502
152.519 57085 238.925
152.636 57957 240.743
152.754 58083 241.004
152.871 57681 240.169
152.989 56096 236.846
153.106 53142 230.525
153.223 50023 223.658
153.341 47928 218.925
153.458 46186 214.909
153.575 46818 216.375
153.693 49701 222.937
153.81 52674 229.508
153.927 55014 234.551
154.044 57196 239.157
154.162 59495 243.916
154.279 61254 247.495
154.396 63539 252.069
154.513 64505 253.978
154.63 65778 256.472
154.747 65740 256.398
154.864 65224 255.39
154.981 64486 253.941
155.098 65672 256.265
155.215 66464 257.806
155.332 67240 259.307
155.449 68726 262.156
155.566 69669 263.949
155.683 71290 267.002
155.8 70763 266.013
155.917 71406 267.219
156.033 71284 266.991
156.15 0 1
156.267 0 1
156.383 0 1
156.5 0 1
156.617 0 1
156.733 0 1
156.85 0 1
156.966 0 1
157.082 0 1
157.199 0 1
157.315 0 1
157.431 0 1
157.547 0 1
157.664 0 1
157.78 0 1
157.896 0 1
158.012 0 1
158.128 0 1
158.244 0 1
158.359 0 1
158.475 0 1
158.591 0 1
158.706 0 1
