
6.15755 0 1
6.2731 0 1
6.3887 0 1
6.50437 0 1
6.62009 0 1
6.73587 0 1
6.8517 0 1
6.96759 0 1
7.08353 0 1
7.19952 0 1
7.31557 0 1
7.43166 0 1
7.54781 0 1
7.664 0 1
7.78024 0 1
7.89653 0 1
8.01286 0 1
8.12924 0 1
8.24567 0 1
8.36213 0 1
8.47864 0 1
8.59519 0 1
8.71178 0 1
8.82841 0 1
8.94508 0 1
9.06179 0 1
9.17853 0 1
9.29531 0 1
9.41212 0 1
9.52897 0 1
9.64584 0 1
9.76276 0 1
9.8797 0 1
9.99667 0 1
10.1137 0 1
10.2307 0 1
10.3478 0 1
10.4648 0 1
10.5819 0 1
10.6991 0 1
10.8162 0 1
10.9334 0 1
11.0506 0 1
11.1678 0 1
11.285 0 1
11.4023 0 1
11.5196 0 1
11.6369 0 1
11.7542 0 1
11.8715 0 1
11.9888 0 1
12.1062 0 1
12.2235 0 1
12.3409 0 1
12.4582 0 1
12.5756 0 1
12.693 0 1
12.8104 0 1
12.9278 0 1
13.0452 0 1
13.1626 0 1
13.28 0 1
13.3974 0 1
13.5149 0 1
13.6323 0 1
13.7497 0 1
13.8671 0 1
13.9845 0 1
14.1019 0 1
14.2193 0 1
14.3367 0 1
14.4541 0 1
14.5714 0 1
14.6888 0 1
14.8062 0 1
14.9235 0 1
15.0408 0 0
15.1581 0 0
15.2755 0 0
15.3927 0 0
15.51 0 0
15.6273 0 0
15.7445 0 0
15.8617 0 0
15.9789 0 0
16.0961 0 0
16.2132 0 0
16.3304 0 0
16.4475 0 0
16.5646 0 0
16.6816 0 0
16.7986 0 0
16.9156 0 0
17.0326 0 0
17.1496 0 0
17.2665 0 0
17.3833 0 0
17.5002 0 0
17.617 0 0
17.7338 0 0
17.8505 0 0
17.9672 0 0
18.0839 0 0
18.2005 0 0
18.3171 0 0
18.4337 0 0
18.5502 0 0
18.6666 0 0
18.7831 0 0
18.8994 0 0
19.0158 0 0
19.1321 0 0
19.2483 0 0
19.3645 0 0
19.4806 0 0
19.5967 0 0
19.7128 0 0
19.8288 0 0
19.9447 0 0
20.0606 0 1
20.1764 0 1
20.2922 0 1
20.4079 0 1
20.5236 0 1
20.6392 0 1
20.7548 0 1
20.8702 0 1
23.3078 0 1
23.4233 0 1
23.539 0 1
23.6547 0 1
23.7704 0 1
23.8862 0 1
24.0021 0 1
24.118 0 1
24.234 0 1
24.35 0 1
24.4661 32750 180.97
24.5822 32436 180.1
24.6984 32276 179.655
24.8146 32192 179.421
24.9309 32004 178.897
25.0472 32149 179.301
25.1636 32131 179.251
25.28 32480 180.222
25.3965 33745 183.698
25.513 34570 185.93
25.6296 36368 190.704
25.7462 37513 193.683
25.8628 38519 196.263
25.9795 39882 199.705
26.0962 40025 200.062
26.213 40407 201.015
26.3298 40197 200.492
26.4466 40166 200.415
26.5635 40288 200.719
26.6804 38311 195.732
26.7973 37173 192.803
26.9143 37110 192.64
27.0313 37534 193.737
27.1483 38967 197.401
27.2653 39790 199.474
27.3824 39963 199.907
27.4996 39888 199.72
27.6167 39361 198.396
27.7339 38490 196.189
27.8511 36932 192.177
27.9683 36667 191.486
28.0855 35626 188.749
28.2028 34210 184.959
28.3201 33523 183.093
28.4374 32582 180.505
28.5547 32012 178.919
28.6721 31759 178.211
28.7894 32119 179.218
28.9068 32663 180.729
29.0242 33900 184.12
29.1416 35130 187.43
29.259 36413 190.822
29.3764 37544 193.763
29.4939 38218 195.494
29.6113 39028 197.555
29.7288 39392 198.474
29.8463 39824 199.56
29.9638 39752 199.379
30.0812 39472 198.676
30.1987 38310 195.729
30.3162 36519 191.099
30.4337 35091 187.326
30.5512 36025 189.803
30.6687 37977 194.877
30.7862 38948 197.352
30.9037 39461 198.648
31.0212 39772 199.429
31.1387 39680 199.198
31.2562 38711 196.751
31.3737 38403 195.967
31.4912 37248 192.997
31.6087 36237 190.36
31.7262 35367 188.061
31.8436 34347 185.329
31.9611 33074 181.863
32.0785 32462 180.172
32.1959 31592 177.741
32.3134 32109 179.19
32.4308 32522 180.339
32.5482 33829 183.927
32.6655 34891 186.791
32.7829 35831 189.291
32.9002 37455 193.533
33.0176 38465 196.125
33.1349 38969 197.406
33.2522 38867 197.147
33.3694 40091 200.227
33.4867 40098 200.245
33.6039 39750 199.374
33.7211 39267 198.159
33.8383 38071 195.118
33.9554 36552 191.186
34.0725 34657 186.164
34.1896 35295 187.87
34.3067 37015 192.393
34.4237 38391 195.936
34.5407 39180 197.939
34.6577 39692 199.229
34.7746 39224 198.05
34.8915 38716 196.764
35.0084 38204 195.458
35.1252 36949 192.221
35.242 36746 191.692
35.3587 35599 188.677
35.4755 34801 186.55
35.5921 33595 183.289
35.7088 32393 179.981
35.8254 31884 178.561
35.9419 31433 177.294
36.0584 30923 175.849
36.1749 31640 177.876
36.2913 32692 180.809
36.4077 33893 184.101
36.524 34901 186.818
36.6403 36476 190.987
36.7565 37548 193.773
36.8727 38602 196.474
36.9889 39018 197.53
37.1049 39132 197.818
37.221 0 1
37.3369 0 1
37.4529 0 1
37.5687 0 1
37.6845 0 1
37.8003 0 1
37.916 0 1
38.0316 0 1
38.1472 0 1
40.5851 0 1
40.7008 0 1
40.8164 0 1
40.9322 0 1
41.048 0 1
41.1639 0 1
41.2798 0 1
41.3958 0 1
41.5118 0 1
41.6279 0 1
41.744 30845 175.627
41.8602 33196 182.198
41.9765 34794 186.531
42.0928 35783 189.164
42.2091 36540 191.154
42.3255 36648 191.437
42.4419 36498 191.044
42.5584 35591 188.656
42.675 33360 182.647
42.7915 31507 177.502
42.9081 29791 172.601
43.0248 31240 176.748
43.1415 33192 182.187
43.2582 33987 184.356
43.375 34106 184.678
43.4918 34485 185.701
43.6087 33732 183.663
43.7256 33400 182.757
43.8425 32595 180.541
43.9595 31349 177.056
44.0765 30401 174.359
44.1935 29446 171.598
44.3106 27969 167.239
44.4277 26650 163.248
44.5448 25356 159.236
44.6619 24097 155.232
44.7791 22914 151.374
44.8963 22979 151.588
45.0136 23283 152.588
45.1308 23885 154.548
45.2481 24458 156.391
45.3654 25174 158.663
45.4827 26214 161.907
45.6001 26152 161.716
45.7174 26375 162.404
45.8348 26250 162.019
45.9522 25759 160.496
46.0697 25428 159.462
46.1871 24456 156.384
46.3046 22491 149.97
46.422 20876 144.485
46.5395 20865 144.447
46.657 21890 147.953
46.7745 22926 151.413
46.892 23674 153.864
47.0096 23818 154.331
47.1271 23346 152.794
47.2446 23357 152.83
47.3622 22915 151.377
47.4797 22091 148.63
47.5973 21742 147.452
47.7149 20767 144.108
47.8324 20138 141.908
47.95 18980 137.768
48.0675 18637 136.517
48.1851 17333 131.655
48.3027 16746 129.406
48.4202 16628 128.95
48.5378 16730 129.345
48.6554 17266 131.4
48.7729 17821 133.495
48.8904 18482 135.949
49.008 19300 138.924
49.1255 20083 141.715
49.243 20714 143.924
49.3605 20583 143.468
49.478 20483 143.119
49.5955 20017 141.481
49.713 19383 139.223
49.8304 18287 135.229
49.9479 17112 130.813
50.0653 17640 132.816
50.1827 18876 137.39
50.3001 20546 143.339
50.4175 22002 148.331
50.5348 22935 151.443
50.6521 23326 152.729
50.7694 23734 154.058
50.8867 23870 154.499
51.004 24437 156.323
51.1212 24465 156.413
51.2384 24451 156.368
51.3556 24349 156.042
51.4727 23857 154.457
51.5899 23431 153.072
51.707 22992 151.631
51.824 22652 150.506
51.9411 22591 150.303
52.0581 23617 153.678
52.175 25090 158.398
52.2919 26698 163.395
52.4088 28423 168.591
52.5257 30294 174.052
52.6425 31385 177.158
52.7593 31815 178.368
52.876 32275 179.652
52.9927 32615 180.596
53.1094 33692 183.554
53.226 32812 181.141
53.3426 31276 176.85
53.4591 29345 171.304
53.5756 28103 167.639
53.692 28810 169.735
53.8084 30761 175.388
53.9248 33443 182.874
54.0411 34860 186.708
54.1573 36294 190.51
54.2735 0 1
54.3896 0 1
54.5057 0 1
54.6217 0 1
54.7377 0 1
54.8537 0 1
54.9695 0 1
55.0853 0 1
55.2011 0 1
55.3168 0 1
55.4324 0 1
57.824 0 1
57.9396 0 1
58.0553 0 1
58.1711 0 1
58.2869 0 1
58.4028 0 1
58.5187 0 1
58.6347 0 1
58.7508 0 1
58.8669 0 1
58.983 35776 189.145
59.0992 39137 197.831
59.2155 41433 203.551
59.3318 42387 205.881
59.4482 43040 207.461
59.5646 43137 207.694
59.681 42497 206.148
59.7975 42476 206.097
59.9141 41050 202.608
60.0306 39078 197.682
60.1473 37887 194.646
60.2639 36154 190.142
60.3807 33787 183.812
60.4974 32324 179.789
60.6142 31561 177.654
60.731 32512 180.311
60.8479 32692 180.809
60.9648 34487 185.707
61.0818 36258 190.415
61.1987 37870 194.602
61.3158 38564 196.377
61.4328 39265 198.154
61.5499 39159 197.886
61.667 38717 196.766
61.7841 37824 194.484
61.9013 35329 187.96
62.0185 33290 182.455
62.1357 32261 179.613
62.253 32327 179.797
62.3702 33705 183.589
62.4875 35921 189.528
62.6049 37142 192.723
62.7222 38596 196.459
62.8396 38889 197.203
62.9569 39720 199.299
63.0743 39425 198.557
63.1918 38877 197.173
63.3092 38229 195.522
63.4267 37079 192.559
63.5441 36075 189.934
63.6616 34562 185.909
63.7791 32841 181.221
63.8966 31006 176.085
64.0142 29309 171.199
64.1317 28670 169.322
64.2492 28869 169.909
64.3668 29800 172.627
64.4843 31382 177.15
64.6019 33158 182.093
64.7195 34565 185.917
64.837 36160 190.158
64.9546 36713 191.606
65.0722 36043 189.85
65.1898 35988 189.705
65.3074 35813 189.243
65.4249 33096 181.923
65.5425 30786 175.459
65.6601 29381 171.409
65.7777 28586 169.074
65.8952 29978 173.142
66.0128 31809 178.351
66.1304 33855 183.997
66.2479 35103 187.358
66.3655 36329 190.602
66.483 37267 193.047
66.6005 37539 193.75
66.718 37670 194.088
66.8355 37086 192.577
66.953 36576 191.249
67.0705 35455 188.295
67.1879 33988 184.358
67.3054 32756 180.986
67.4228 31730 178.129
67.5402 29230 170.968
67.6576 27262 165.112
67.7749 27349 165.375
67.8923 27240 165.045
68.0096 28417 168.573
68.1269 30798 175.494
68.2442 33094 181.918
68.3614 34963 186.984
68.4787 36000 189.737
68.5958 36415 190.827
68.713 36799 191.831
68.8302 36451 190.921
68.9473 36261 190.423
69.0643 34557 185.895
69.1814 31939 178.715
69.2984 30317 174.118
69.4154 29550 171.901
69.5323 31121 176.411
69.6492 33557 183.186
69.7661 35471 188.337
69.8829 37798 194.417
69.9997 38767 196.893
70.1165 39688 199.218
70.2332 40573 201.427
70.3499 40036 200.09
70.4665 40066 200.165
70.5831 39546 198.862
70.6996 38359 195.855
70.8161 37514 193.685
70.9326 36028 189.81
71.049 34607 186.03
71.1653 32192 179.421
71.2817 29713 172.375
71.3979 27765 166.628
71.5141 27041 164.441
71.6303 27711 166.466
71.7464 26498 162.782
71.8624 0 1
71.9784 0 1
72.0944 0 1
72.2102 0 1
72.3261 0 1
72.4418 0 1
72.5575 0 1
72.6732 0 1
75.1054 0 1
75.2209 0 1
75.3365 0 1
75.4521 0 1
75.5678 0 1
75.6835 0 1
75.7993 0 1
75.9151 0 1
76.031 0 1
76.147 33990 184.364
76.263 35664 188.849
76.3791 35490 188.388
76.4952 33676 183.51
76.6113 31268 176.828
76.7276 28871 169.915
76.8438 29067 170.49
76.9601 29495 171.741
77.0765 31673 177.969
77.1929 34012 184.423
77.3093 37156 192.759
77.4258 38498 196.209
77.5423 38515 196.252
77.6589 39079 197.684
77.7755 39164 197.899
77.8921 38941 197.335
78.0088 36576 191.249
78.1256 34068 184.575
78.2423 31472 177.403
78.3591 29421 171.526
78.4759 29108 170.611
78.5928 30434 174.453
78.7097 32924 181.45
78.8266 34828 186.623
78.9436 37152 192.749
79.0606 37963 194.841
79.1776 39285 198.204
79.2946 39391 198.472
79.4117 39128 197.808
79.5288 39276 198.182
79.6459 38376 195.898
79.7631 37482 193.603
79.8802 36281 190.476
79.9974 34791 186.523
80.1147 32554 180.427
80.2319 30447 174.491
80.3491 27787 166.694
80.4664 27222 164.991
80.5837 27854 166.895
80.701 29112 170.622
80.8183 31344 177.042
80.9357 33938 184.223
81.053 35019 187.134
81.1704 35512 188.446
81.2877 35425 188.215
81.4051 35167 187.529
81.5225 35650 188.812
81.6399 33492 183.008
81.7573 32012 178.919
81.8747 28961 170.179
81.9922 26875 163.936
82.1096 26205 161.88
82.227 27685 166.388
82.3444 29663 172.229
82.4619 31943 178.726
82.5793 33578 183.243
82.6967 33268 182.395
82.8142 34430 185.553
82.9316 35053 187.224
83.049 34971 187.005
83.1664 34797 186.54
83.2838 33994 184.375
83.4012 32775 181.039
83.5186 32331 179.808
83.636 30644 175.054
83.7534 29298 171.167
83.8708 26907 164.034
83.9881 25109 158.458
84.1055 24333 155.99
84.2228 24928 157.886
84.3401 26408 162.505
84.4575 27937 167.144
84.5747 30324 174.138
84.692 31963 178.782
84.8093 32925 181.452
84.9265 33024 181.725
85.0437 33164 182.11
85.1609 32509 180.303
85.2781 30472 174.562
85.3952 28666 169.31
85.5123 26529 162.877
85.6294 25720 160.375
85.7465 26388 162.444
85.8636 29180 170.822
85.9806 31448 177.336
86.0976 33429 182.836
86.2145 35316 187.926
86.3315 36303 190.533
86.4484 38027 195.005
86.5652 38134 195.279
86.682 38875 197.167
86.7988 38856 197.119
86.9156 37980 194.885
87.0323 37291 193.109
87.149 36327 190.596
87.2657 35354 188.027
87.3823 33536 183.128
87.4988 31288 176.884
87.6154 29759 172.508
87.7318 30304 174.08
87.8483 32244 179.566
87.9647 34299 185.2
88.081 37015 192.393
88.1973 38706 196.738
88.3136 40130 200.325
88.4298 40089 200.222
88.546 39778 199.444
88.6621 39955 199.887
88.7781 38090 195.167
88.8942 0 1
89.0101 0 1
89.126 0 1
89.2419 0 1
89.3577 0 1
89.4734 0 1
89.5891 0 1
89.7047 0 1
89.8203 0 1
89.9358 0 1
92.3269 0 1
92.4424 0 1
92.558 0 1
92.6736 0 1
92.7893 0 1
92.905 0 1
93.0208 0 1
93.1366 0 1
93.2525 0 1
93.3685 0 1
93.4845 0 1
93.6005 37722 194.222
93.7167 38958 197.378
93.8328 39206 198.005
93.949 39250 198.116
94.0653 39190 197.965
94.1816 37947 194.8
94.2979 36233 190.35
94.4143 34413 185.507
94.5307 32853 181.254
94.6472 31641 177.879
94.7637 31380 177.144
94.8803 32776 181.041
94.9969 34894 186.799
95.1135 36272 190.452
95.2302 37997 194.928
95.3469 39468 198.666
95.4637 40144 200.36
95.5805 41017 202.527
95.6973 42033 205.02
95.8142 42572 206.33
95.9311 41916 204.734
96.048 41213 203.01
96.1649 40646 201.609
96.2819 39826 199.565
96.3989 38093 195.174
96.516 36394 190.772
96.633 33927 184.193
96.7501 32275 179.652
96.8673 32419 180.053
96.9844 33081 181.882
97.1016 34919 186.866
97.2188 37553 193.786
97.336 38780 196.926
97.4532 39702 199.254
97.5704 40222 200.554
97.6877 39527 198.814
97.805 38530 196.291
97.9223 37135 192.704
98.0396 34520 185.796
98.1569 32605 180.569
98.2743 31062 176.244
98.3916 30474 174.568
98.509 31781 178.272
98.6264 34125 184.73
98.7438 35689 188.915
98.8612 37446 193.51
98.9786 38924 197.292
99.096 40694 201.728
99.2134 40843 202.097
99.3308 41569 203.885
99.4482 41979 204.888
99.5656 41827 204.517
99.6831 41266 203.14
99.8005 40074 200.185
99.9179 39282 198.197
100.035 37710 194.191
100.153 36079 189.945
100.27 33907 184.139
100.388 33118 181.984
100.505 33433 182.847
100.622 35296 187.872
100.74 37687 194.131
100.857 39026 197.55
100.975 40168 200.42
101.092 40634 201.579
101.209 40467 201.164
101.327 40098 200.245
101.444 39057 197.628
101.561 36911 192.122
101.679 34728 186.355
101.796 33238 182.313
101.913 32010 178.913
102.03 32176 179.377
102.148 34231 185.016
102.265 39155 197.876
102.382 36068 189.916
102.499 40097 200.242
102.616 41164 202.889
102.733 42568 206.32
102.851 43265 208.002
102.968 43407 208.343
103.085 43192 207.827
103.202 42865 207.039
103.319 42050 205.061
103.436 41298 203.219
103.552 39898 199.745
103.669 37776 194.36
103.786 35654 188.823
103.903 34862 186.714
104.02 35568 188.595
104.137 37131 192.694
104.253 40296 200.739
104.37 40312 200.778
104.487 42436 206
104.603 42695 206.628
104.72 42421 205.964
104.836 42500 206.155
104.953 40917 202.28
105.069 38963 197.39
105.186 36750 191.703
105.302 34903 186.823
105.418 34277 185.14
105.535 35191 187.593
105.651 37820 194.474
105.767 39822 199.555
105.883 41769 204.375
105.999 43237 207.935
106.115 0 1
106.231 0 1
106.347 0 1
106.463 0 1
106.579 0 1
106.694 0 1
106.81 0 1
106.926 0 1
107.041 0 1
107.157 0 1
109.576 0 1
109.692 0 1
109.807 0 1
109.923 0 1
110.039 0 1
110.155 0 1
110.27 0 1
110.386 0 1
110.502 0 1
110.618 34835 186.641
110.735 37593 193.889
110.851 39443 198.603
110.967 40953 202.368
111.083 42328 205.738
111.199 43306 208.101
111.316 44481 210.905
111.432 45379 213.023
111.549 44680 211.376
111.665 44286 210.442
111.782 43626 208.868
111.898 42687 206.608
112.015 41967 204.858
112.132 40422 201.052
112.248 37926 194.746
112.365 36658 191.463
112.482 36752 191.708
112.599 37557 193.796
112.716 39353 198.376
112.832 40919 202.284
112.949 42037 205.029
113.066 42035 205.024
113.183 42140 205.28
113.3 41798 204.446
113.417 41101 202.734
113.534 39381 198.446
113.652 37466 193.561
113.769 35930 189.552
113.886 34408 185.494
114.003 34081 184.61
114.12 34768 186.462
114.238 36617 191.356
114.355 37973 194.867
114.472 41643 204.066
114.589 38627 196.538
114.707 42042 205.041
114.824 43270 208.014
114.942 43845 209.392
115.059 44464 210.865
115.176 43852 209.409
115.294 43346 208.197
115.411 42725 206.7
115.529 41741 204.306
115.646 41327 203.29
115.764 39514 198.781
115.881 37312 193.163
115.999 37192 192.852
116.116 37980 194.885
116.234 39387 198.462
116.351 41101 202.734
116.469 41901 204.697
116.586 42535 206.24
116.704 42126 205.246
116.821 42270 205.597
116.939 41890 204.67
117.056 40435 201.085
117.174 38985 197.446
117.291 37567 193.822
117.409 36075 189.934
117.526 35426 188.218
117.644 35733 189.032
117.761 36742 191.682
117.879 38281 195.655
117.996 39008 197.504
118.114 40428 201.067
118.231 41576 203.902
118.349 41948 204.812
118.466 42680 206.591
118.584 43541 208.665
118.701 43883 209.483
118.819 43385 208.291
118.936 42544 206.262
119.053 41727 204.272
119.171 41154 202.864
119.288 40158 200.395
119.405 38160 195.346
119.523 36672 191.499
119.64 36879 192.039
119.757 37406 193.406
119.875 39337 198.336
119.992 40148 200.37
120.109 41092 202.712
120.226 41146 202.845
120.343 41089 202.704
120.46 40682 201.698
120.578 40714 201.777
120.695 39412 198.525
120.812 38148 195.315
120.929 37453 193.528
121.046 36196 190.252
121.163 35198 187.611
121.279 35338 187.984
121.396 36008 189.758
121.513 37088 192.582
121.63 37623 193.966
121.747 39561 198.899
121.863 39862 199.655
121.98 40671 201.671
122.097 41780 204.402
122.213 41787 204.419
122.33 42431 205.988
122.446 41901 204.697
122.563 42058 205.08
122.679 40404 201.007
122.795 40255 200.636
122.912 39575 198.935
123.028 38540 196.316
123.144 37120 192.666
123.26 36350 190.657
123.377 0 1
123.493 0 1
123.609 0 1
123.725 0 1
123.84 0 1
123.956 0 1
124.072 0 1
124.188 0 1
124.303 0 1
124.419 0 1
126.852 0 1
126.968 0 1
127.083 0 1
127.199 0 1
127.315 0 1
127.431 0 1
127.547 0 1
127.663 0 1
127.779 0 1
127.895 0 1
128.011 0 1
128.127 0 1
128.243 0 1
128.359 41147 202.847
128.476 41121 202.783
128.592 41174 202.914
128.708 42456 206.049
128.825 43996 209.752
128.941 45161 212.511
129.058 44969 212.059
129.174 45371 213.005
129.291 45076 212.311
129.408 44924 211.953
129.524 43825 209.344
129.641 43044 207.47
129.758 41957 204.834
129.875 40477 201.189
129.992 39392 198.474
130.108 39161 197.891
130.225 39114 197.773
130.342 40020 200.05
130.459 40372 200.928
130.576 42510 206.18
130.693 42240 205.524
130.81 43562 208.715
130.928 44149 210.117
131.045 44708 211.443
131.162 45429 213.141
131.279 46298 215.17
131.396 46121 214.758
131.513 45232 212.678
131.631 44443 210.815
131.748 43979 209.712
131.865 42993 207.348
131.983 42564 206.31
132.1 42981 207.319
132.217 43662 208.955
132.335 44578 211.135
132.452 45281 212.793
132.57 45617 213.581
132.687 44808 211.679
132.804 46921 216.613
132.922 45550 213.424
133.039 45083 212.328
133.157 44038 209.852
133.274 42517 206.197
133.392 41160 202.879
133.509 40269 200.671
133.627 39600 198.997
133.744 39123 197.795
133.862 39836 199.59
133.979 41149 202.852
134.097 41623 204.017
134.214 42993 207.348
134.332 42733 206.72
134.449 43754 209.175
134.567 44793 211.644
134.684 45408 213.092
134.802 46148 214.821
134.919 45829 214.077
135.037 45479 213.258
135.154 44754 211.551
135.272 43347 208.199
135.389 43377 208.271
135.507 42812 206.911
135.624 42862 207.031
135.742 43784 209.246
135.859 44664 211.339
135.977 45039 212.224
136.094 46070 214.639
136.211 46039 214.567
136.329 45865 214.161
136.446 45735 213.857
136.564 45231 212.676
136.681 44527 211.014
136.798 43467 208.487
136.915 42238 205.519
137.033 40833 202.072
137.15 39982 199.955
137.267 39810 199.524
137.384 39959 199.897
137.502 39933 199.832
137.619 40866 202.153
137.736 41172 202.909
137.853 41106 202.746
137.97 43403 208.334
138.087 42722 206.693
138.204 44304 210.485
138.321 45099 212.365
138.438 45900 214.243
138.555 46223 214.995
138.672 46040 214.569
138.788 45166 212.523
138.905 44279 210.426
139.022 43799 209.282
139.139 44063 209.912
139.255 44087 209.969
139.372 45098 212.363
139.488 45693 213.759
139.605 46952 216.684
139.721 46916 216.601
139.838 46928 216.629
139.954 47367 217.64
140.071 46427 215.469
140.187 46539 215.729
140.303 45335 212.92
140.419 44122 210.052
140.535 42774 206.819
140.652 41346 203.337
140.768 0 1
140.884 0 1
141 0 1
141.115 0 1
141.231 0 1
141.347 0 1
141.463 0 1
141.578 0 1
141.694 0 1
144.104 0 1
144.219 0 1
144.335 0 1
144.45 0 1
144.566 0 1
144.682 0 1
144.798 0 1
144.914 0 1
145.03 0 1
145.146 41261 203.128
145.262 41831 204.526
145.378 40699 201.74
145.494 39912 199.78
145.61 38942 197.337
145.726 38221 195.502
145.842 37535 193.74
145.959 37104 192.624
146.075 37348 193.256
146.192 37815 194.461
146.308 38514 196.25
146.425 39331 198.32
146.541 39181 197.942
146.658 39997 199.992
146.774 40416 201.037
146.891 40781 201.943
147.008 41550 203.838
147.125 43170 207.774
147.241 42416 205.951
147.358 42021 204.99
147.475 40793 201.973
147.592 39383 198.452
147.709 40206 200.514
147.826 40210 200.524
147.943 41658 204.103
148.06 41708 204.225
148.177 42729 206.71
148.294 43364 208.24
148.411 42798 206.877
148.528 43134 207.687
148.645 42593 206.381
148.762 42136 205.271
148.88 41879 204.644
148.997 39677 199.191
149.114 40975 202.423
149.231 39362 198.399
149.349 39091 197.714
149.466 37328 193.205
149.583 37582 193.861
149.701 37423 193.45
149.818 38038 195.033
149.935 38185 195.41
150.053 38513 196.247
150.17 38534 196.301
150.287 39234 198.076
150.405 40002 200.005
150.522 40578 201.44
150.64 41063 202.64
150.757 41844 204.558
150.875 42227 205.492
150.992 41389 203.443
151.11 40228 200.569
151.227 39490 198.721
151.344 38991 197.461
151.462 39324 198.303
151.579 41141 202.832
151.697 42339 205.764
151.814 43127 207.67
151.932 42970 207.292
152.049 43245 207.954
152.167 42692 206.62
152.284 42639 206.492
152.402 42129 205.254
152.519 41642 204.064
152.636 41151 202.857
152.754 40208 200.519
152.871 39690 199.223
152.989 38977 197.426
153.106 37830 194.499
153.223 38204 195.458
153.341 38234 195.535
153.458 38637 196.563
153.575 38642 196.576
153.693 39181 197.942
153.81 39517 198.789
153.927 40057 200.142
154.044 40426 201.062
154.162 41464 203.627
154.279 42268 205.592
154.396 43752 209.17
154.513 43730 209.117
154.63 42769 206.807
154.747 42319 205.716
154.864 41767 204.37
154.981 41106 202.746
155.098 41505 203.728
155.215 42224 205.485
155.332 43597 208.799
155.449 43670 208.974
155.566 44045 209.869
155.683 44484 210.912
155.8 44043 209.864
155.917 43761 209.191
156.033 43198 207.841
156.15 0 1
156.267 0 1
156.383 0 1
156.5 0 1
156.617 0 1
156.733 0 1
156.85 0 1
156.966 0 1
157.082 0 1
157.199 0 1
157.315 0 1
157.431 0 1
157.547 0 1
157.664 0 1
157.78 0 1
157.896 0 1
158.012 0 1
158.128 0 1
158.244 0 1
158.359 0 1
158.475 0 1
158.591 0 1
158.706 0 1
