
6.15755 0 1
6.2731 0 1
6.3887 0 1
6.50437 0 1
6.62009 0 1
6.73587 0 1
6.8517 0 1
6.96759 0 1
7.08353 0 1
7.19952 0 1
7.31557 0 1
7.43166 0 1
7.54781 0 1
7.664 0 1
7.78024 0 1
7.89653 0 1
8.01286 0 1
8.12924 0 1
8.24567 0 1
8.36213 0 1
8.47864 0 1
8.59519 0 1
8.71178 0 1
8.82841 0 1
8.94508 0 1
9.06179 0 1
9.17853 0 1
9.29531 0 1
9.41212 0 1
9.52897 0 1
9.64584 0 1
9.76276 0 1
9.8797 0 1
9.99667 0 1
10.1137 0 1
10.2307 0 1
10.3478 0 1
10.4648 0 1
10.5819 0 1
10.6991 0 1
10.8162 0 1
10.9334 0 1
11.0506 0 1
11.1678 0 1
11.285 0 1
11.4023 0 1
11.5196 0 1
11.6369 0 1
11.7542 0 1
11.8715 0 1
11.9888 0 1
12.1062 0 1
12.2235 0 1
12.3409 0 1
12.4582 0 1
12.5756 0 1
12.693 0 1
12.8104 0 1
12.9278 0 1
13.0452 0 1
13.1626 0 1
13.28 0 1
13.3974 0 1
13.5149 0 1
13.6323 0 1
13.7497 0 1
13.8671 0 1
13.9845 0 1
14.1019 0 1
14.2193 0 1
14.3367 0 1
14.4541 0 1
14.5714 0 1
14.6888 0 1
14.8062 0 1
14.9235 0 1
15.0408 0 0
15.1581 0 0
15.2755 0 0
15.3927 0 0
15.51 0 0
15.6273 0 0
15.7445 0 0
15.8617 0 0
15.9789 0 0
16.0961 0 0
16.2132 0 0
16.3304 0 0
16.4475 0 0
16.5646 0 0
16.6816 0 0
16.7986 0 0
16.9156 0 0
17.0326 0 0
17.1496 0 0
17.2665 0 0
17.3833 0 0
17.5002 0 0
17.617 0 0
17.7338 0 0
17.8505 0 0
17.9672 0 0
18.0839 0 0
18.2005 0 0
18.3171 0 0
18.4337 0 0
18.5502 0 0
18.6666 0 0
18.7831 0 0
18.8994 0 0
19.0158 0 0
19.1321 0 0
19.2483 0 0
19.3645 0 0
19.4806 0 0
19.5967 0 0
19.7128 0 0
19.8288 0 0
19.9447 0 0
20.0606 0 1
20.1764 0 1
20.2922 0 1
20.4079 0 1
20.5236 0 1
20.6392 0 1
20.7548 0 1
20.8702 0 1
23.3078 0 1
23.4233 0 1
23.539 0 1
23.6547 0 1
23.7704 0 1
23.8862 0 1
24.0021 0 1
24.118 0 1
24.234 0 1
24.35 0 1
24.4661 58971 242.839
24.5822 58874 242.64
24.6984 58045 240.925
24.8146 57894 240.612
24.9309 56949 238.64
25.0472 56206 237.078
25.1636 54777 234.045
25.28 54553 233.566
25.3965 55743 236.1
25.513 57145 239.05
25.6296 59601 244.133
25.7462 61938 248.873
25.8628 64639 254.242
25.9795 66963 258.772
26.0962 67380 259.577
26.213 67385 259.586
26.3298 66316 257.519
26.4466 66829 258.513
26.5635 64950 254.853
26.6804 61955 248.908
26.7973 59424 243.77
26.9143 59120 243.146
27.0313 60363 245.689
27.1483 63275 251.545
27.2653 65061 255.071
27.3824 66180 257.255
27.4996 66303 257.494
27.6167 65936 256.78
27.7339 65177 255.298
27.8511 63609 252.208
27.9683 63231 251.458
28.0855 62265 249.53
28.2028 60520 246.008
28.3201 60271 245.502
28.4374 58525 241.919
28.5547 56726 238.172
28.6721 55236 235.023
28.7894 54281 232.983
28.9068 54871 234.246
29.0242 56458 237.609
29.1416 57414 239.612
29.259 59914 244.773
29.3764 62384 249.768
29.4939 64387 253.746
29.6113 65777 256.47
29.7288 66514 257.903
29.8463 66814 258.484
29.9638 66766 258.391
30.0812 64288 253.551
30.1987 61097 247.178
30.3162 58761 242.407
30.4337 58049 240.934
30.5512 59926 244.798
30.6687 62561 250.122
30.7862 63423 251.839
30.9037 66227 257.346
31.0212 66627 258.122
31.1387 66901 258.652
31.2562 66006 256.916
31.3737 65022 254.994
31.4912 64316 253.606
31.6087 63517 252.026
31.7262 62583 250.166
31.8436 60818 246.613
31.9611 60261 245.481
32.0785 58523 241.915
32.1959 56544 237.79
32.3134 55498 235.58
32.4308 55221 234.991
32.5482 56890 238.516
32.6655 58666 242.211
32.7829 60176 245.308
32.9002 63266 251.527
33.0176 65535 255.998
33.1349 66543 257.959
33.2522 66140 257.177
33.3694 67943 260.659
33.4867 67653 260.102
33.6039 66564 258
33.7211 65764 256.445
33.8383 61466 247.923
33.9554 59367 243.653
34.0725 57973 240.776
34.1896 59020 242.94
34.3067 61501 247.994
34.4237 64029 253.04
34.5407 64404 253.779
34.6577 65828 256.57
34.7746 66333 257.552
34.8915 65988 256.881
35.0084 64819 254.596
35.1252 63557 252.105
35.242 63683 252.355
35.3587 62126 249.251
35.4755 61317 247.623
35.5921 60811 246.599
35.7088 59343 243.604
35.8254 56785 238.296
35.9419 54922 234.354
36.0584 53514 231.331
36.1749 53682 231.694
36.2913 55624 235.847
36.4077 56640 237.992
36.524 58545 241.961
36.6403 60807 246.591
36.7565 63152 251.301
36.8727 64447 253.864
36.9889 64753 254.466
37.1049 64659 254.281
37.221 0 1
37.3369 0 1
37.4529 0 1
37.5687 0 1
37.6845 0 1
37.8003 0 1
37.916 0 1
38.0316 0 1
38.1472 0 1
40.5851 0 1
40.7008 0 1
40.8164 0 1
40.9322 0 1
41.048 0 1
41.1639 0 1
41.2798 0 1
41.3958 0 1
41.5118 0 1
41.6279 0 1
41.744 48628 220.518
41.8602 52779 229.737
41.9765 55087 234.706
42.0928 56252 237.175
42.2091 57835 240.489
42.3255 57653 240.11
42.4419 57134 239.027
42.5584 55145 234.83
42.675 51702 227.381
42.7915 48740 220.771
42.9081 48693 220.665
43.0248 51114 226.084
43.1415 53459 231.212
43.2582 54797 234.088
43.375 55842 236.309
43.4918 57343 239.464
43.6087 56525 237.75
43.7256 55776 236.169
43.8425 55162 234.866
43.9595 54060 232.508
44.0765 52994 230.204
44.1935 52081 228.213
44.3106 50658 225.073
44.4277 49604 222.72
44.5448 47394 217.702
44.6619 44825 211.719
44.7791 42456 206.049
44.8963 42627 206.463
45.0136 42604 206.407
45.1308 43159 207.747
45.2481 44467 210.872
45.3654 46222 214.993
45.4827 49314 222.068
45.6001 48560 220.363
45.7174 49067 221.511
45.8348 48679 220.633
45.9522 48399 219.998
46.0697 46810 216.356
46.1871 43762 209.194
46.3046 40572 201.425
46.422 39259 198.139
46.5395 39776 199.439
46.657 41941 204.795
46.7745 43453 208.454
46.892 43732 209.122
47.0096 44382 210.67
47.1271 44210 210.262
47.2446 43777 209.23
47.3622 42908 207.142
47.4797 41958 204.837
47.5973 40950 202.361
47.7149 40279 200.696
47.8324 39117 197.78
47.95 37405 193.404
48.0675 37316 193.173
48.1851 34602 186.016
48.3027 33001 181.662
48.4202 31568 177.674
48.5378 32655 180.707
48.6554 33607 183.322
48.7729 34402 185.478
48.8904 36793 191.815
49.008 39024 197.545
49.1255 40172 200.43
49.243 40714 201.777
49.3605 40631 201.571
49.478 40366 200.913
49.5955 38800 196.977
49.713 36898 192.089
49.8304 35020 187.136
49.9479 33692 183.554
50.0653 35319 187.933
50.1827 38600 196.469
50.3001 40848 202.109
50.4175 42573 206.332
50.5348 44045 209.869
50.6521 44991 212.111
50.7694 45841 214.105
50.8867 46327 215.237
51.004 46185 214.907
51.1212 46222 214.993
51.2384 46495 215.627
51.3556 46096 214.7
51.4727 45663 213.689
51.5899 44972 212.066
51.707 43448 208.442
51.824 41310 203.249
51.9411 41311 203.251
52.0581 42658 206.538
52.175 45171 212.535
52.2919 47145 217.129
52.4088 50590 224.922
52.5257 53193 230.636
52.6425 53954 232.28
52.7593 54899 234.305
52.876 55438 235.453
52.9927 54974 234.465
53.1094 55346 235.257
53.226 53088 230.408
53.3426 49607 222.726
53.4591 47764 218.55
53.5756 46242 215.04
53.692 48933 221.208
53.8084 52027 228.094
53.9248 54161 232.725
54.0411 56139 236.937
54.1573 57367 239.514
54.2735 0 1
54.3896 0 1
54.5057 0 1
54.6217 0 1
54.7377 0 1
54.8537 0 1
54.9695 0 1
55.0853 0 1
55.2011 0 1
55.3168 0 1
55.4324 0 1
57.824 0 1
57.9396 0 1
58.0553 0 1
58.1711 0 1
58.2869 0 1
58.4028 0 1
58.5187 0 1
58.6347 0 1
58.7508 0 1
58.8669 0 1
58.983 58136 241.114
59.0992 62859 250.717
59.2155 65572 256.07
59.3318 67143 259.12
59.4482 67933 260.64
59.5646 68586 261.889
59.681 68181 261.115
59.7975 67141 259.116
59.9141 66119 257.136
60.0306 64154 253.286
60.1473 62751 250.501
60.2639 60549 246.067
60.3807 57288 239.349
60.4974 55308 235.177
60.6142 54226 232.865
60.731 54964 234.444
60.8479 55223 234.996
60.9648 57777 240.368
61.0818 60629 246.23
61.1987 63107 251.211
61.3158 64229 253.434
61.4328 63768 252.523
61.5499 64093 253.166
61.667 62376 249.752
61.7841 59953 244.853
61.9013 56516 237.731
62.0185 53929 232.226
62.1357 53175 230.597
62.253 54708 233.897
62.3702 57081 238.916
62.4875 59787 244.514
62.6049 62004 249.006
62.7222 64728 254.417
62.8396 64044 253.069
62.9569 64926 254.806
63.0743 64362 253.697
63.1918 64610 254.185
63.3092 63000 250.998
63.4267 61604 248.202
63.5441 60177 245.31
63.6616 58152 241.147
63.7791 55699 236.006
63.8966 53122 230.482
64.0142 51070 225.987
64.1317 49583 222.672
64.2492 50061 223.743
64.3668 51626 227.214
64.4843 53600 231.517
64.6019 57116 238.99
64.7195 59082 243.068
64.837 59673 244.281
64.9546 60633 246.238
65.0722 59827 244.596
65.1898 58776 242.438
65.3074 57574 239.946
65.4249 53151 230.545
65.5425 50113 223.859
65.6601 48558 220.359
65.7777 49135 221.664
65.8952 52139 228.34
66.0128 54947 234.408
66.1304 57505 239.802
66.2479 58984 242.866
66.3655 59937 244.82
66.483 61367 247.724
66.6005 61754 248.504
66.718 60896 246.771
66.8355 61247 247.481
66.953 59431 243.785
67.0705 58528 241.926
67.1879 56775 238.275
67.3054 55154 234.849
67.4228 53160 230.565
67.5402 50007 223.622
67.6576 47565 218.094
67.7749 47039 216.885
67.8923 47688 218.376
68.0096 49815 223.193
68.1269 52270 228.626
68.2442 56322 237.323
68.3614 58594 242.062
68.4787 59659 244.252
68.5958 59530 243.988
68.713 59892 244.728
68.8302 59087 243.078
68.9473 57089 238.933
69.0643 53332 230.937
69.1814 50574 224.887
69.2984 48395 219.989
69.4154 50233 224.127
69.5323 53119 230.476
69.6492 56269 237.211
69.7661 58743 242.37
69.8829 62190 249.379
69.9997 63116 251.229
70.1165 64349 253.671
70.2332 64675 254.313
70.3499 64230 253.436
70.4665 63417 251.827
70.5831 62455 249.91
70.6996 60800 246.577
70.8161 59794 244.528
70.9326 57120 238.998
71.049 55165 234.872
71.1653 51823 227.647
71.2817 48562 220.368
71.3979 46496 215.629
71.5141 45500 213.307
71.6303 46005 214.488
71.7464 43048 207.48
71.8624 0 1
71.9784 0 1
72.0944 0 1
72.2102 0 1
72.3261 0 1
72.4418 0 1
72.5575 0 1
72.6732 0 1
75.1054 0 1
75.2209 0 1
75.3365 0 1
75.4521 0 1
75.5678 0 1
75.6835 0 1
75.7993 0 1
75.9151 0 1
76.031 0 1
76.147 51728 227.438
76.263 54547 233.553
76.3791 55519 235.625
76.4952 52800 229.783
76.6113 49592 222.693
76.7276 46790 216.31
76.8438 47831 218.703
76.9601 48496 220.218
77.0765 51254 226.393
77.1929 54770 234.03
77.3093 59036 242.973
77.4258 60370 245.703
77.5423 60380 245.723
77.6589 60507 245.982
77.7755 60341 245.644
77.8921 58594 242.062
78.0088 54718 233.919
78.1256 50319 224.319
78.2423 47576 218.119
78.3591 45829 214.077
78.4759 46527 215.701
78.5928 50903 225.617
78.7097 54819 234.135
78.8266 57413 239.61
78.9436 60320 245.601
79.0606 61078 247.14
79.1776 62047 249.092
79.2946 62035 249.068
79.4117 62125 249.249
79.5288 61573 248.139
79.6459 61717 248.429
79.7631 59246 243.405
79.8802 57726 240.262
79.9974 55148 234.836
80.1147 52504 229.138
80.2319 48691 220.66
80.3491 45713 213.806
80.4664 45315 212.873
80.5837 46770 216.264
80.701 49287 222.007
80.8183 52634 229.421
80.9357 56749 238.22
81.053 57475 239.739
81.1704 58344 241.545
81.2877 57707 240.223
81.4051 57602 240.004
81.5225 56582 237.87
81.6399 52365 228.834
81.7573 49325 222.092
81.8747 44838 211.75
81.9922 43061 207.511
82.1096 44247 210.35
82.227 48279 219.725
82.3444 51460 226.848
82.4619 54343 233.116
82.5793 57062 238.877
82.6967 55905 236.442
82.8142 57482 239.754
82.9316 58356 241.57
83.049 57791 240.398
83.1664 56550 237.802
83.2838 55928 236.491
83.4012 53858 232.073
83.5186 52415 228.943
83.636 50061 223.743
83.7534 48272 219.709
83.8708 44464 210.865
83.9881 41905 204.707
84.1055 41509 203.738
84.2228 42919 207.169
84.3401 45419 213.117
84.4575 49044 221.459
84.5747 53107 230.45
84.692 54927 234.365
84.8093 55589 235.773
84.9265 55203 234.953
85.0437 53859 232.075
85.1609 52075 228.199
85.2781 47509 217.966
85.3952 44749 211.54
85.5123 42745 206.749
85.6294 43056 207.499
85.7465 45811 214.035
85.8636 50636 225.024
85.9806 54391 233.219
86.0976 56739 238.199
86.2145 59410 243.742
86.3315 60350 245.662
86.4484 62137 249.273
86.5652 62488 249.976
86.682 63028 251.054
86.7988 62532 250.064
86.9156 60965 246.911
87.0323 59811 244.563
87.149 57499 239.789
87.2657 56134 236.926
87.3823 53085 230.402
87.4988 49507 222.502
87.6154 48425 220.057
87.7318 50088 223.803
87.8483 53381 231.043
87.9647 57208 239.182
88.081 61435 247.861
88.1973 64285 253.545
88.3136 64448 253.866
88.4298 64030 253.041
88.546 62996 250.99
88.6621 60618 246.207
88.7781 56044 236.736
88.8942 0 1
89.0101 0 1
89.126 0 1
89.2419 0 1
89.3577 0 1
89.4734 0 1
89.5891 0 1
89.7047 0 1
89.8203 0 1
89.9358 0 1
92.3269 0 1
92.4424 0 1
92.558 0 1
92.6736 0 1
92.7893 0 1
92.905 0 1
93.0208 0 1
93.1366 0 1
93.2525 0 1
93.3685 0 1
93.4845 0 1
93.6005 62075 249.149
93.7167 63907 252.798
93.8328 63927 252.838
93.949 62817 250.633
94.0653 62073 249.145
94.1816 60044 245.039
94.2979 55883 236.396
94.4143 52589 229.323
94.5307 50568 224.873
94.6472 49822 223.208
94.7637 51709 227.396
94.8803 55772 236.161
94.9969 59969 244.886
95.1135 62826 250.651
95.2302 65208 255.359
95.3469 66739 258.339
95.4637 68134 261.025
95.5805 68918 262.522
95.6973 70088 264.741
95.8142 70445 265.415
95.9311 69616 263.848
96.048 68261 261.268
96.1649 66413 257.707
96.2819 65187 255.317
96.3989 63108 251.213
96.516 59973 244.894
96.633 55984 236.609
96.7501 54952 234.418
96.8673 54918 234.346
96.9844 57287 239.347
97.1016 60398 245.76
97.2188 65278 255.496
97.336 68479 261.685
97.4532 69995 264.566
97.5704 69852 264.295
97.6877 68563 261.845
97.805 65789 256.494
97.9223 61509 248.01
98.0396 57165 239.092
98.1569 54185 232.777
98.2743 53477 231.251
98.3916 53266 230.794
98.509 57765 240.344
98.6264 62186 249.371
98.7438 65515 255.959
98.8612 68701 262.109
98.9786 70625 265.754
99.096 72331 268.944
99.2134 73555 271.21
99.3308 74755 273.414
99.4482 74108 272.228
99.5656 73495 271.1
99.6831 73046 270.27
99.8005 70045 264.66
99.9179 68331 261.402
100.035 65462 255.855
100.153 62328 249.656
100.27 58006 240.844
100.388 57866 240.554
100.505 59932 244.81
100.622 63128 251.253
100.74 67825 260.432
100.857 71342 267.099
100.975 72862 269.93
101.092 73299 270.738
101.209 72549 269.349
101.327 71153 266.745
101.444 67635 260.067
101.561 63071 251.139
101.679 58851 242.592
101.796 56622 237.954
101.913 55765 236.146
102.03 58579 242.031
102.148 64244 253.464
102.265 73079 270.331
102.382 67364 259.546
102.499 75377 274.549
102.616 75940 275.572
102.733 77573 278.519
102.851 78492 280.164
102.968 79561 282.066
103.085 78874 280.845
103.202 76947 277.393
103.319 75478 274.733
103.436 73966 271.967
103.552 70505 265.528
103.669 67360 259.538
103.786 62634 250.268
103.903 61746 248.487
104.02 63378 251.75
104.137 67482 259.773
104.253 74582 273.097
104.37 74582 273.097
104.487 79079 281.21
104.603 78896 280.884
104.72 77993 279.272
104.836 76258 276.149
104.953 71726 267.817
105.069 66300 257.488
105.186 62574 250.148
105.302 59941 244.829
105.418 60388 245.74
105.535 65453 255.838
105.651 71200 266.833
105.767 75071 273.991
105.883 78601 280.359
105.999 80872 284.38
106.115 0 1
106.231 0 1
106.347 0 1
106.463 0 1
106.579 0 1
106.694 0 1
106.81 0 1
106.926 0 1
107.041 0 1
107.157 0 1
109.576 0 1
109.692 0 1
109.807 0 1
109.923 0 1
110.039 0 1
110.155 0 1
110.27 0 1
110.386 0 1
110.502 0 1
110.618 64004 252.99
110.735 71224 266.878
110.851 75682 275.104
110.967 78396 279.993
111.083 79839 282.558
111.199 81354 285.226
111.316 82761 287.682
111.432 83693 289.297
111.549 82692 287.562
111.665 82270 286.827
111.782 80014 282.867
111.898 77885 279.079
112.015 75557 274.876
112.132 71993 268.315
112.248 68103 260.966
112.365 64452 253.874
112.482 65299 255.537
112.599 67049 258.938
112.716 72299 268.885
112.832 76596 276.76
112.949 78500 280.179
113.066 79402 281.784
113.183 79023 281.11
113.3 77458 278.313
113.417 74841 273.571
113.534 69405 263.448
113.652 65063 255.074
113.769 61513 248.018
113.886 60088 245.129
114.003 58838 242.565
114.12 64377 253.726
114.238 70083 264.732
114.355 73987 272.006
114.472 80711 284.097
114.589 74157 272.318
114.707 79369 281.725
114.824 80010 282.86
114.942 81728 285.881
115.059 80769 284.199
115.176 80750 284.165
115.294 78769 280.658
115.411 76754 277.045
115.529 74723 273.355
115.646 71677 267.726
115.764 67963 260.697
115.881 63678 252.345
115.999 62798 250.595
116.116 64726 254.413
116.234 68467 261.662
116.351 72726 269.678
116.469 75111 274.064
116.586 75204 274.233
116.704 75385 274.563
116.821 74628 273.181
116.939 72591 269.427
117.056 68452 261.633
117.174 64047 253.075
117.291 60411 245.786
117.409 57779 240.373
117.526 56866 238.466
117.644 59509 243.945
117.761 64582 254.13
117.879 68338 261.415
117.996 70276 265.096
118.114 72837 269.883
118.231 74282 272.547
118.349 75016 273.89
118.466 75859 275.425
118.584 75673 275.087
118.701 75729 275.189
118.819 74661 273.242
118.936 73102 270.374
119.053 71378 267.167
119.171 69283 263.217
119.288 66416 257.713
119.405 62634 250.268
119.523 59429 243.781
119.64 59794 244.528
119.757 60675 246.323
119.875 64351 253.675
119.992 67594 259.988
120.109 69585 263.79
120.226 70296 265.134
120.343 69979 264.535
120.46 69249 263.152
120.578 68354 261.446
120.695 64173 253.324
120.812 60713 246.4
120.929 57693 240.194
121.046 54743 233.972
121.163 54061 232.51
121.279 55275 235.106
121.396 59125 243.156
121.513 63340 251.674
121.63 66076 257.053
121.747 69075 262.821
121.863 69135 262.935
121.98 69664 263.939
122.097 71667 267.707
122.213 71422 267.249
122.33 71211 266.854
122.446 70853 266.182
122.563 69411 263.46
122.679 68074 260.91
122.795 66259 257.408
122.912 64076 253.132
123.028 61518 248.028
123.144 57824 240.466
123.26 55454 235.487
123.377 0 1
123.493 0 1
123.609 0 1
123.725 0 1
123.84 0 1
123.956 0 1
124.072 0 1
124.188 0 1
124.303 0 1
124.419 0 1
126.852 0 1
126.968 0 1
127.083 0 1
127.199 0 1
127.315 0 1
127.431 0 1
127.547 0 1
127.663 0 1
127.779 0 1
127.895 0 1
128.011 0 1
128.127 0 1
128.243 0 1
128.359 63391 251.776
128.476 60958 246.897
128.592 60360 245.683
128.708 62584 250.168
128.825 66220 257.332
128.941 70266 265.077
129.058 71867 268.08
129.174 72110 268.533
129.291 72050 268.421
129.408 71325 267.067
129.524 69006 262.69
129.641 65434 255.801
129.758 61861 248.719
129.875 59085 243.074
129.992 56614 237.937
130.108 56512 237.723
130.225 58363 241.584
130.342 61763 248.522
130.459 64856 254.668
130.576 69860 264.31
130.693 70434 265.394
130.81 70885 266.242
130.928 72193 268.688
131.045 72915 270.028
131.162 73612 271.315
131.279 74126 272.261
131.396 73734 271.54
131.513 72682 269.596
131.631 70942 266.349
131.748 69518 263.663
131.865 66590 258.05
131.983 63129 251.255
132.1 62283 249.566
132.217 64167 253.312
132.335 66902 258.654
132.452 70146 264.851
132.57 71921 268.181
132.687 70114 264.79
132.804 75049 273.951
132.922 72023 268.371
133.039 69594 263.807
133.157 66645 258.157
133.274 62817 250.633
133.392 60244 245.447
133.509 57581 239.96
133.627 56887 238.51
133.744 57964 240.757
133.862 61015 247.012
133.979 65673 256.267
134.097 68274 261.293
134.214 70053 264.675
134.332 69822 264.239
134.449 71838 268.026
134.567 72753 269.728
134.684 73312 270.762
134.802 73919 271.88
134.919 73985 272.002
135.037 73021 270.224
135.154 71566 267.518
135.272 69695 263.998
135.389 68116 260.99
135.507 64622 254.209
135.624 62479 249.958
135.742 63066 251.129
135.859 65792 256.5
135.977 68662 262.034
136.094 71575 267.535
136.211 72060 268.44
136.329 71797 267.95
136.446 71892 268.127
136.564 71217 266.865
136.681 68774 262.248
136.798 65434 255.801
136.915 62240 249.479
137.033 59462 243.848
137.15 57275 239.322
137.267 56533 237.767
137.384 58143 241.129
137.502 61380 247.75
137.619 64568 254.102
137.736 66674 258.213
137.853 67251 259.328
137.97 70724 265.94
138.087 69501 263.63
138.204 71826 268.004
138.321 72862 269.93
138.438 73354 270.839
138.555 74037 272.097
138.672 73645 271.376
138.788 72920 270.037
138.905 71316 267.051
139.022 69316 263.279
139.139 66966 258.778
139.255 64531 254.03
139.372 65409 255.752
139.488 67647 260.09
139.605 71194 266.822
139.721 73434 270.987
139.838 74650 273.222
139.954 74642 273.207
140.071 73117 270.402
140.187 73802 271.665
140.303 71007 266.471
140.419 67022 258.886
140.535 63533 252.058
140.652 60619 246.209
140.768 0 1
140.884 0 1
141 0 1
141.115 0 1
141.231 0 1
141.347 0 1
141.463 0 1
141.578 0 1
141.694 0 1
144.104 0 1
144.219 0 1
144.335 0 1
144.45 0 1
144.566 0 1
144.682 0 1
144.798 0 1
144.914 0 1
145.03 0 1
145.146 63212 251.42
145.262 62663 250.326
145.378 59882 244.708
145.494 57031 238.812
145.61 55215 234.979
145.726 53458 231.21
145.842 52011 228.059
145.959 51864 227.737
146.075 53225 230.705
146.192 56317 237.312
146.308 58389 241.638
146.425 60042 245.035
146.541 61263 247.514
146.658 62160 249.319
146.774 62875 250.749
146.891 63746 252.48
147.008 64067 253.115
147.125 65392 255.719
147.241 64877 254.71
147.358 63829 252.644
147.475 62690 250.38
147.592 61476 247.944
147.709 58572 242.017
147.826 56310 237.297
147.943 56163 236.987
148.06 56869 238.472
148.177 59366 243.651
148.294 62517 250.034
148.411 63154 251.305
148.528 63745 252.478
148.645 62643 250.286
148.762 62504 250.008
148.88 61518 248.028
148.997 57294 239.362
149.114 56923 238.585
149.231 53779 231.903
149.349 52332 228.762
149.466 49425 222.317
149.583 49443 222.358
149.701 50608 224.962
149.818 53505 231.311
149.935 55481 235.544
150.053 56263 237.198
150.17 57668 240.142
150.287 59100 243.105
150.405 60234 245.426
150.522 61105 247.194
150.64 61369 247.728
150.757 62320 249.64
150.875 62348 249.696
150.992 60970 246.921
151.11 60295 245.55
151.227 59070 243.043
151.344 56676 238.067
151.462 53580 231.474
151.579 53698 231.728
151.697 54652 233.778
151.814 57819 240.456
151.932 60585 246.14
152.049 61662 248.318
152.167 61812 248.62
152.284 61775 248.546
152.402 61129 247.243
152.519 59350 243.619
152.636 56823 238.376
152.754 54537 233.532
152.871 52208 228.491
152.989 51590 227.134
153.106 49649 222.821
153.223 49146 221.689
153.341 51671 227.313
153.458 53302 230.872
153.575 55837 236.299
153.693 56405 237.497
153.81 58316 241.487
153.927 59613 244.158
154.044 61495 247.982
154.162 61649 248.292
154.279 63003 251.004
154.396 64229 253.434
154.513 64723 254.407
154.63 63945 252.873
154.747 63750 252.488
154.864 62378 249.756
154.981 60212 245.381
155.098 58128 241.097
155.215 56763 238.25
155.332 59571 244.072
155.449 61839 248.674
155.566 63602 252.194
155.683 64455 253.88
155.8 63976 252.935
155.917 64356 253.685
156.033 63460 251.913
156.15 0 1
156.267 0 1
156.383 0 1
156.5 0 1
156.617 0 1
156.733 0 1
156.85 0 1
156.966 0 1
157.082 0 1
157.199 0 1
157.315 0 1
157.431 0 1
157.547 0 1
157.664 0 1
157.78 0 1
157.896 0 1
158.012 0 1
158.128 0 1
158.244 0 1
158.359 0 1
158.475 0 1
158.591 0 1
158.706 0 1
