
6.15755 0 1
6.2731 0 1
6.3887 0 1
6.50437 0 1
6.62009 0 1
6.73587 0 1
6.8517 0 1
6.96759 0 1
7.08353 0 1
7.19952 0 1
7.31557 0 1
7.43166 0 1
7.54781 0 1
7.664 0 1
7.78024 0 1
7.89653 0 1
8.01286 0 1
8.12924 0 1
8.24567 0 1
8.36213 0 1
8.47864 0 1
8.59519 0 1
8.71178 0 1
8.82841 0 1
8.94508 0 1
9.06179 0 1
9.17853 0 1
9.29531 0 1
9.41212 0 1
9.52897 0 1
9.64584 0 1
9.76276 0 1
9.8797 0 1
9.99667 0 1
10.1137 0 1
10.2307 0 1
10.3478 0 1
10.4648 0 1
10.5819 0 1
10.6991 0 1
10.8162 0 1
10.9334 0 1
11.0506 0 1
11.1678 0 1
11.285 0 1
11.4023 0 1
11.5196 0 1
11.6369 0 1
11.7542 0 1
11.8715 0 1
11.9888 0 1
12.1062 0 1
12.2235 0 1
12.3409 0 1
12.4582 0 1
12.5756 0 1
12.693 0 1
12.8104 0 1
12.9278 0 1
13.0452 0 1
13.1626 0 1
13.28 0 1
13.3974 0 1
13.5149 0 1
13.6323 0 1
13.7497 0 1
13.8671 0 1
13.9845 0 1
14.1019 0 1
14.2193 0 1
14.3367 0 1
14.4541 0 1
14.5714 0 1
14.6888 0 1
14.8062 0 1
14.9235 0 1
15.0408 957 30.9354
15.1581 988 31.4325
15.2755 1016 31.8748
15.3927 970 31.1448
15.51 1038 32.218
15.6273 998 31.5911
15.7445 954 30.8869
15.8617 946 30.7571
15.9789 1011 31.7962
16.0961 1051 32.4191
16.2132 1062 32.5883
16.3304 1047 32.3574
16.4475 1121 33.4813
16.5646 1164 34.1174
16.6816 1147 33.8674
16.7986 1077 32.8177
16.9156 1133 33.6601
17.0326 1110 33.3167
17.1496 1152 33.9411
17.2665 1162 34.0881
17.3833 1135 33.6898
17.5002 1133 33.6601
17.617 1173 34.2491
17.7338 1172 34.2345
17.8505 1113 33.3617
17.9672 1199 34.6266
18.0839 1207 34.7419
18.2005 1195 34.5688
18.3171 1224 34.9857
18.4337 1290 35.9166
18.5502 1262 35.5246
18.6666 1368 36.9865
18.7831 1329 36.4555
18.8994 1260 35.4965
19.0158 1238 35.1852
19.1321 1239 35.1994
19.2483 1221 34.9428
19.3645 1155 33.9853
19.4806 1200 34.641
19.5967 1188 34.4674
19.7128 1217 34.8855
19.8288 1296 36
19.9447 1183 34.3948
20.0606 0 1
20.1764 0 1
20.2922 0 1
20.4079 0 1
20.5236 0 1
20.6392 0 1
20.7548 0 1
20.8702 0 1
23.3078 0 1
23.4233 0 1
23.539 0 1
23.6547 0 1
23.7704 0 1
23.8862 0 1
24.0021 0 1
24.118 0 1
24.234 0 1
24.35 0 1
24.4661 1213 34.8281
24.5822 1272 35.6651
24.6984 1223 34.9714
24.8146 1248 35.327
24.9309 1389 37.2693
25.0472 1389 37.2693
25.1636 1411 37.5633
25.28 1430 37.8153
25.3965 1448 38.0526
25.513 1423 37.7227
25.6296 1452 38.1051
25.7462 1384 37.2022
25.8628 1404 37.47
25.9795 1222 34.9571
26.0962 1364 36.9324
26.213 1408 37.5233
26.3298 1423 37.7227
26.4466 1418 37.6563
26.5635 1483 38.5097
26.6804 1463 38.2492
26.7973 1493 38.6394
26.9143 1631 40.3856
27.0313 1607 40.0874
27.1483 1635 40.4351
27.2653 1618 40.2244
27.3824 1556 39.4462
27.4996 1575 39.6863
27.6167 1578 39.724
27.7339 1533 39.1535
27.8511 1420 37.6829
27.9683 1458 38.1838
28.0855 1417 37.6431
28.2028 1313 36.2353
28.3201 1313 36.2353
28.4374 1413 37.5899
28.5547 1499 38.7169
28.6721 1500 38.7298
28.7894 1535 39.1791
28.9068 1602 40.025
29.0242 1487 38.5616
29.1416 1415 37.6165
29.259 1395 37.3497
29.3764 1444 38
29.4939 1331 36.4829
29.6113 1358 36.8511
29.7288 1417 37.6431
29.8463 1423 37.7227
29.9638 1405 37.4833
30.0812 1467 38.3014
30.1987 1502 38.7556
30.3162 1509 38.8458
30.4337 1529 39.1024
30.5512 1632 40.398
30.6687 1555 39.4335
30.7862 1653 40.6571
30.9037 1558 39.4715
31.0212 1641 40.5093
31.1387 1616 40.1995
31.2562 1616 40.1995
31.3737 1538 39.2173
31.4912 1476 38.4187
31.6087 1411 37.5633
31.7262 1400 37.4166
31.8436 1426 37.7624
31.9611 1440 37.9473
32.0785 1523 39.0256
32.1959 1529 39.1024
32.3134 1560 39.4968
32.4308 1569 39.6106
32.5482 1596 39.95
32.6655 1505 38.7943
32.7829 1485 38.5357
32.9002 1366 36.9594
33.0176 1412 37.5766
33.1349 1398 37.3898
33.2522 1381 37.1618
33.3694 1336 36.5513
33.4867 1364 36.9324
33.6039 1516 38.9358
33.7211 1564 39.5474
33.8383 1588 39.8497
33.9554 1575 39.6863
34.0725 1602 40.025
34.1896 1649 40.6079
34.3067 1654 40.6694
34.4237 1658 40.7185
34.5407 1609 40.1123
34.6577 1777 42.1545
34.7746 1711 41.3642
34.8915 1584 39.7995
35.0084 1575 39.6863
35.1252 1652 40.6448
35.242 1531 39.128
35.3587 1438 37.921
35.4755 1444 38
35.5921 1408 37.5233
35.7088 1435 37.8814
35.8254 1555 39.4335
35.9419 1591 39.8873
36.0584 1655 40.6817
36.1749 1621 40.2616
36.2913 1573 39.6611
36.4077 1443 37.9868
36.524 1517 38.9487
36.6403 1469 38.3275
36.7565 1408 37.5233
36.8727 1435 37.8814
36.9889 1352 36.7696
37.1049 1463 38.2492
37.221 0 1
37.3369 0 1
37.4529 0 1
37.5687 0 1
37.6845 0 1
37.8003 0 1
37.916 0 1
38.0316 0 1
38.1472 0 1
40.5851 0 1
40.7008 0 1
40.8164 0 1
40.9322 0 1
41.048 0 1
41.1639 0 1
41.2798 0 1
41.3958 0 1
41.5118 0 1
41.6279 0 1
41.744 1190 34.4964
41.8602 1263 35.5387
41.9765 1205 34.7131
42.0928 1247 35.3129
42.2091 1303 36.0971
42.3255 1238 35.1852
42.4419 1390 37.2827
42.5584 1392 37.3095
42.675 1475 38.4057
42.7915 1453 38.1182
42.9081 1519 38.9744
43.0248 1535 39.1791
43.1415 1502 38.7556
43.2582 1535 39.1791
43.375 1522 39.0128
43.4918 1606 40.0749
43.6087 1571 39.6358
43.7256 1435 37.8814
43.8425 1430 37.8153
43.9595 1356 36.8239
44.0765 1348 36.7151
44.1935 1261 35.5106
44.3106 1358 36.8511
44.4277 1263 35.5387
44.5448 1334 36.524
44.6619 1318 36.3043
44.7791 1342 36.6333
44.8963 1348 36.7151
45.0136 1322 36.3593
45.1308 1288 35.8887
45.2481 1206 34.7275
45.3654 1116 33.4066
45.4827 1117 33.4215
45.6001 1078 32.8329
45.7174 1053 32.45
45.8348 1154 33.9706
45.9522 1179 34.3366
46.0697 1135 33.6898
46.1871 1265 35.5668
46.3046 1291 35.9305
46.422 1303 36.0971
46.5395 1297 36.0139
46.657 1358 36.8511
46.7745 1334 36.524
46.892 1369 37
47.0096 1309 36.1801
47.1271 1311 36.2077
47.2446 1343 36.647
47.3622 1208 34.7563
47.4797 1189 34.4819
47.5973 1204 34.6987
47.7149 1114 33.3766
47.8324 1051 32.4191
47.95 1053 32.45
48.0675 1110 33.3167
48.1851 1066 32.6497
48.3027 1087 32.9697
48.4202 1098 33.1361
48.5378 1092 33.0454
48.6554 1064 32.619
48.7729 967 31.0966
48.8904 984 31.3688
49.008 909 30.1496
49.1255 927 30.4467
49.243 959 30.9677
49.3605 910 30.1662
49.478 947 30.7734
49.5955 961 31
49.713 1106 33.2566
49.8304 1160 34.0588
49.9479 1152 33.9411
50.0653 1193 34.5398
50.1827 1257 35.4542
50.3001 1249 35.3412
50.4175 1237 35.171
50.5348 1343 36.647
50.6521 1264 35.5528
50.7694 1300 36.0555
50.8867 1243 35.2562
51.004 1283 35.819
51.1212 1282 35.805
51.2384 1243 35.2562
51.3556 1204 34.6987
51.4727 1197 34.5977
51.5899 1286 35.8608
51.707 1247 35.3129
51.824 1403 37.4566
51.9411 1387 37.2424
52.0581 1413 37.5899
52.175 1391 37.2961
52.2919 1271 35.6511
52.4088 1220 34.9285
52.5257 1268 35.609
52.6425 1183 34.3948
52.7593 1232 35.0999
52.876 1327 36.428
52.9927 1268 35.609
53.1094 1494 38.6523
53.226 1509 38.8458
53.3426 1667 40.8289
53.4591 1701 41.2432
53.5756 1775 42.1307
53.692 1763 41.9881
53.8084 1894 43.5201
53.9248 1943 44.0795
54.0411 1933 43.9659
54.1573 1935 43.9886
54.2735 0 1
54.3896 0 1
54.5057 0 1
54.6217 0 1
54.7377 0 1
54.8537 0 1
54.9695 0 1
55.0853 0 1
55.2011 0 1
55.3168 0 1
55.4324 0 1
57.824 0 1
57.9396 0 1
58.0553 0 1
58.1711 0 1
58.2869 0 1
58.4028 0 1
58.5187 0 1
58.6347 0 1
58.7508 0 1
58.8669 0 1
58.983 2235 47.2758
59.0992 2302 47.9792
59.2155 2334 48.3115
59.3318 2215 47.0638
59.4482 2292 47.8748
59.5646 2194 46.8402
59.681 2179 46.6798
59.7975 2150 46.3681
59.9141 2098 45.8039
60.0306 2087 45.6837
60.1473 2095 45.7712
60.2639 2122 46.0652
60.3807 2119 46.0326
60.4974 2133 46.1844
60.6142 2081 45.618
60.731 2074 45.5412
60.8479 1972 44.4072
60.9648 1881 43.3705
61.0818 1735 41.6533
61.1987 1679 40.9756
61.3158 1730 41.5933
61.4328 1637 40.4599
61.5499 1691 41.1218
61.667 1802 42.45
61.7841 1915 43.7607
61.9013 1943 44.0795
62.0185 2043 45.1996
62.1357 2136 46.2169
62.253 2188 46.7761
62.3702 2259 47.5289
62.4875 2190 46.7974
62.6049 2189 46.7868
62.7222 2249 47.4236
62.8396 2307 48.0312
62.9569 2219 47.1063
63.0743 2151 46.3789
63.1918 2187 46.7654
63.3092 2061 45.3982
63.4267 2055 45.3321
63.5441 2085 45.6618
63.6616 2041 45.1774
63.7791 2084 45.6508
63.8966 2003 44.7549
64.0142 2039 45.1553
64.1317 2033 45.0888
64.2492 1921 43.8292
64.3668 1965 44.3283
64.4843 1763 41.9881
64.6019 1615 40.1871
64.7195 1668 40.8412
64.837 1569 39.6106
64.9546 1538 39.2173
65.0722 1584 39.7995
65.1898 1770 42.0714
65.3074 1802 42.45
65.4249 1902 43.6119
65.5425 1932 43.9545
65.6601 2075 45.5522
65.7777 2191 46.8081
65.8952 2220 47.1169
66.0128 2257 47.5079
66.1304 2300 47.9583
66.2479 2323 48.1975
66.3655 2222 47.1381
66.483 2280 47.7493
66.6005 2231 47.2335
66.718 2179 46.6798
66.8355 2145 46.3141
66.953 2183 46.7226
67.0705 2121 46.0543
67.1879 2123 46.076
67.3054 2176 46.6476
67.4228 2099 45.8148
67.5402 2202 46.9255
67.6576 2213 47.0425
67.7749 2178 46.669
67.8923 2172 46.6047
68.0096 2017 44.911
68.1269 1941 44.0568
68.2442 1832 42.8019
68.3614 1731 41.6053
68.4787 1620 40.2492
68.5958 1639 40.4846
68.713 1741 41.7253
68.8302 1867 43.2088
68.9473 1923 43.852
69.0643 2188 46.7761
69.1814 2267 47.613
69.2984 2394 48.9285
69.4154 2421 49.2037
69.5323 2513 50.1298
69.6492 2620 51.1859
69.7661 2589 50.8822
69.8829 2705 52.0096
69.9997 2718 52.1344
70.1165 2725 52.2015
70.2332 2822 53.1225
70.3499 2737 52.3163
70.4665 2661 51.5849
70.5831 2612 51.1077
70.6996 2576 50.7543
70.8161 2601 51
70.9326 2459 49.5883
71.049 2583 50.8232
71.1653 2614 51.1273
71.2817 2516 50.1597
71.3979 2568 50.6754
71.5141 2517 50.1697
71.6303 2297 47.927
71.7464 2017 44.911
71.8624 0 1
71.9784 0 1
72.0944 0 1
72.2102 0 1
72.3261 0 1
72.4418 0 1
72.5575 0 1
72.6732 0 1
75.1054 0 1
75.2209 0 1
75.3365 0 1
75.4521 0 1
75.5678 0 1
75.6835 0 1
75.7993 0 1
75.9151 0 1
76.031 0 1
76.147 2520 50.1996
76.263 2891 53.768
76.3791 2852 53.4041
76.4952 2969 54.4885
76.6113 2934 54.1664
76.7276 2947 54.2863
76.8438 2984 54.626
76.9601 2757 52.5071
77.0765 2583 50.8232
77.1929 2297 47.927
77.3093 2106 45.8912
77.4258 2139 46.2493
77.5423 2006 44.7884
77.6589 2004 44.7661
77.7755 2254 47.4763
77.8921 2390 48.8876
78.0088 2632 51.303
78.1256 2823 53.1319
78.2423 3113 55.7943
78.3591 3102 55.6956
78.4759 3229 56.8243
78.5928 3341 57.8014
78.7097 3344 57.8273
78.8266 3236 56.8859
78.9436 3291 57.3672
79.0606 3224 56.7803
79.1776 3264 57.1314
79.2946 3195 56.5243
79.4117 3198 56.5509
79.5288 3173 56.3294
79.6459 3123 55.8838
79.7631 3073 55.4346
79.8802 3077 55.4707
79.9974 3054 55.263
80.1147 2945 54.2679
80.2319 3114 55.8032
80.3491 3129 55.9375
80.4664 3129 55.9375
80.5837 3102 55.6956
80.701 2799 52.9056
80.8183 2526 50.2593
80.9357 2290 47.8539
81.053 2145 46.3141
81.1704 1970 44.3847
81.2877 1936 44
81.4051 2052 45.299
81.5225 2288 47.833
81.6399 2598 50.9706
81.7573 2876 53.6284
81.8747 2933 54.1572
81.9922 3183 56.4181
82.1096 3286 57.3236
82.227 3376 58.1034
82.3444 3266 57.1489
82.4619 3357 57.9396
82.5793 3369 58.0431
82.6967 3203 56.5951
82.8142 3198 56.5509
82.9316 3311 57.5413
83.049 3101 55.6866
83.1664 3059 55.3082
83.2838 3037 55.109
83.4012 2929 54.1202
83.5186 2999 54.7631
83.636 2853 53.4135
83.7534 2916 54
83.8708 2965 54.4518
83.9881 3050 55.2268
84.1055 3102 55.6956
84.2228 2848 53.3667
84.3401 2714 52.0961
84.4575 2369 48.6724
84.5747 2227 47.1911
84.692 2144 46.3033
84.8093 1988 44.587
84.9265 1976 44.4522
85.0437 2013 44.8665
85.1609 2382 48.8057
85.2781 2607 51.0588
85.3952 2955 54.3599
85.5123 3142 56.0535
85.6294 3411 58.4038
85.7465 3471 58.9152
85.8636 3526 59.3801
85.9806 3671 60.5888
86.0976 3655 60.4566
86.2145 3817 61.7819
86.3315 3901 62.458
86.4484 3609 60.075
86.5652 3854 62.0806
86.682 3709 60.9016
86.7988 3715 60.9508
86.9156 3873 62.2334
87.0323 3693 60.7701
87.149 3734 61.1065
87.2657 3796 61.6117
87.3823 3787 61.5386
87.4988 3907 62.506
87.6154 4033 63.5059
87.7318 3954 62.8808
87.8483 3681 60.6712
87.9647 3486 59.0424
88.081 3136 56
88.1973 2891 53.768
88.3136 2684 51.8073
88.4298 2650 51.4782
88.546 2739 52.3355
88.6621 2910 53.9444
88.7781 3097 55.6507
88.8942 0 1
89.0101 0 1
89.126 0 1
89.2419 0 1
89.3577 0 1
89.4734 0 1
89.5891 0 1
89.7047 0 1
89.8203 0 1
89.9358 0 1
92.3269 0 1
92.4424 0 1
92.558 0 1
92.6736 0 1
92.7893 0 1
92.905 0 1
93.0208 0 1
93.1366 0 1
93.2525 0 1
93.3685 0 1
93.4845 0 1
93.6005 3058 55.2992
93.7167 2796 52.8772
93.8328 3062 55.3353
93.949 3026 55.0091
94.0653 3232 56.8507
94.1816 3575 59.7913
94.2979 3863 62.153
94.4143 4326 65.7723
94.5307 4404 66.3626
94.6472 4843 69.5917
94.7637 4924 70.1712
94.8803 4849 69.6348
94.9969 4888 69.9142
95.1135 4878 69.8427
95.2302 4940 70.2851
95.3469 5051 71.0704
95.4637 5028 70.9084
95.5805 5039 70.9859
95.6973 4991 70.647
95.8142 4936 70.2567
95.9311 4879 69.8498
96.048 4893 69.95
96.1649 4741 68.8549
96.2819 4803 69.3037
96.3989 4697 68.5347
96.516 4696 68.5274
96.633 4769 69.0579
96.7501 4948 70.342
96.8673 4791 69.217
96.9844 4463 66.8057
97.1016 4006 63.293
97.2188 3720 60.9918
97.336 3438 58.6345
97.4532 3201 56.5774
97.5704 3139 56.0268
97.6877 3216 56.7098
97.805 3398 58.2924
97.9223 3681 60.6712
98.0396 4099 64.0234
98.1569 4338 65.8635
98.2743 4596 67.7938
98.3916 4809 69.347
98.509 5011 70.7884
98.6264 5173 71.9236
98.7438 5055 71.0985
98.8612 5025 70.8872
98.9786 5225 72.2842
99.096 5136 71.6659
99.2134 5074 71.232
99.3308 5207 72.1595
99.4482 5109 71.4773
99.5656 5099 71.4073
99.6831 4960 70.4273
99.8005 5095 71.3793
99.9179 4804 69.3109
100.035 4869 69.7782
100.153 4900 70
100.27 4934 70.2424
100.388 5056 71.1056
100.505 4764 69.0217
100.622 4564 67.5574
100.74 4181 64.6607
100.857 3822 61.8223
100.975 3519 59.3212
101.092 3354 57.9137
101.209 3254 57.0438
101.327 3186 56.4447
101.444 3695 60.7865
101.561 3856 62.0967
101.679 4359 66.0227
101.796 4657 68.2422
101.913 4985 70.6045
102.03 5282 72.6774
102.148 5281 72.6705
102.265 5112 71.4983
102.382 5497 74.1418
102.499 5397 73.4643
102.616 5381 73.3553
102.733 5329 73
102.851 5235 72.3533
102.968 5408 73.5391
103.085 5371 73.2871
103.202 5315 72.904
103.319 5148 71.7496
103.436 5080 71.2741
103.552 5101 71.4213
103.669 5139 71.6868
103.786 5220 72.2496
103.903 5239 72.3809
104.02 5128 71.6101
104.137 4923 70.1641
104.253 4569 67.5944
104.37 4135 64.304
104.487 3714 60.9426
104.603 3548 59.5651
104.72 3584 59.8665
104.836 3581 59.8415
104.953 3830 61.887
105.069 4128 64.2495
105.186 4542 67.3944
105.302 5015 70.8167
105.418 5276 72.6361
105.535 5463 73.9121
105.651 5518 74.2832
105.767 5661 75.2396
105.883 5727 75.6769
105.999 5659 75.2263
106.115 0 1
106.231 0 1
106.347 0 1
106.463 0 1
106.579 0 1
106.694 0 1
106.81 0 1
106.926 0 1
107.041 0 1
107.157 0 1
109.576 0 1
109.692 0 1
109.807 0 1
109.923 0 1
110.039 0 1
110.155 0 1
110.27 0 1
110.386 0 1
110.502 0 1
110.618 5034 70.9507
110.735 5089 71.3372
110.851 5170 71.9027
110.967 5395 73.4507
111.083 5294 72.7599
111.199 5207 72.1595
111.316 5263 72.5465
111.432 5292 72.7461
111.549 5278 72.6498
111.665 5149 71.7565
111.782 5133 71.645
111.898 4978 70.5549
112.015 5066 71.1758
112.132 5158 71.8192
112.248 5138 71.6798
112.365 5094 71.3723
112.482 4837 69.5485
112.599 4793 69.2315
112.716 4424 66.5132
112.832 4060 63.7181
112.949 3727 61.0492
113.066 3336 57.7581
113.183 3312 57.55
113.3 3357 57.9396
113.417 3382 58.155
113.534 3704 60.8605
113.652 4102 64.0469
113.769 4363 66.053
113.886 4648 68.1762
114.003 4704 68.5857
114.12 4879 69.8498
114.238 5033 70.9436
114.355 5064 71.1618
114.472 4886 69.8999
114.589 5032 70.9366
114.707 4790 69.2098
114.824 4750 68.9202
114.942 4738 68.8331
115.059 4868 69.7711
115.176 5030 70.9225
115.294 4883 69.8785
115.411 4803 69.3037
115.529 4755 68.9565
115.646 4757 68.971
115.764 4765 69.029
115.881 4904 70.0286
115.999 4831 69.5054
116.116 4710 68.6294
116.234 4376 66.1513
116.351 4064 63.7495
116.469 3897 62.426
116.586 3528 59.397
116.704 3374 58.0861
116.821 3292 57.376
116.939 3329 57.6975
117.056 3512 59.2621
117.174 3662 60.5145
117.291 3910 62.53
117.409 4208 64.8691
117.526 4437 66.6108
117.644 4682 68.4251
117.761 4825 69.4622
117.879 4842 69.5845
117.996 4918 70.1285
118.114 4803 69.3037
118.231 4822 69.4406
118.349 4515 67.1937
118.466 4608 67.8823
118.584 4591 67.7569
118.701 4687 68.4617
118.819 4721 68.7095
118.936 4599 67.8159
119.053 4620 67.9706
119.171 4465 66.8207
119.288 4444 66.6633
119.405 4594 67.7791
119.523 4660 68.2642
119.64 4659 68.2569
119.757 4431 66.5658
119.875 4206 64.8537
119.992 4042 63.5767
120.109 3813 61.7495
120.226 3645 60.3738
120.343 3370 58.0517
120.46 3242 56.9386
120.578 3259 57.0877
120.695 3290 57.3585
120.812 3400 58.3095
120.929 3676 60.63
121.046 3968 62.9921
121.163 4220 64.9615
121.279 4326 65.7723
121.396 4460 66.7832
121.513 4423 66.5056
121.63 4651 68.1982
121.747 4522 67.2458
121.863 4592 67.7643
121.98 4491 67.0149
122.097 4552 67.4685
122.213 4414 66.4379
122.33 4376 66.1513
122.446 4454 66.7383
122.563 4461 66.7907
122.679 4406 66.3777
122.795 4243 65.1383
122.912 4180 64.6529
123.028 4346 65.9242
123.144 4279 65.4141
123.26 4324 65.7571
123.377 0 1
123.493 0 1
123.609 0 1
123.725 0 1
123.84 0 1
123.956 0 1
124.072 0 1
124.188 0 1
124.303 0 1
124.419 0 1
126.852 0 1
126.968 0 1
127.083 0 1
127.199 0 1
127.315 0 1
127.431 0 1
127.547 0 1
127.663 0 1
127.779 0 1
127.895 0 1
128.011 0 1
128.127 0 1
128.243 0 1
128.359 4670 68.3374
128.476 4563 67.55
128.592 4624 68
128.708 4386 66.2269
128.825 4247 65.169
128.941 4013 63.3482
129.058 3852 62.0645
129.174 3579 59.8247
129.291 3519 59.3212
129.408 3557 59.6406
129.524 3494 59.1101
129.641 3638 60.3158
129.758 3735 61.1146
129.875 4015 63.364
129.992 4260 65.2687
130.108 4366 66.0757
130.225 4550 67.4537
130.342 4423 66.5056
130.459 4518 67.2161
130.576 4779 69.1303
130.693 4404 66.3626
130.81 4463 66.8057
130.928 4363 66.053
131.045 4424 66.5132
131.162 4463 66.8057
131.279 4554 67.4833
131.396 4502 67.0969
131.513 4409 66.4003
131.631 4440 66.6333
131.748 4544 67.4092
131.865 4554 67.4833
131.983 4581 67.6831
132.1 4470 66.8581
132.217 4483 66.9552
132.335 4076 63.8436
132.452 4074 63.8279
132.57 3732 61.0901
132.687 3643 60.3573
132.804 3593 59.9416
132.922 3522 59.3464
133.039 3522 59.3464
133.157 3397 58.2838
133.274 3541 59.5063
133.392 3856 62.0967
133.509 4020 63.4035
133.627 4156 64.467
133.744 4294 65.5286
133.862 4310 65.6506
133.979 4400 66.3325
134.097 4446 66.6783
134.214 4291 65.5057
134.332 4228 65.0231
134.449 4222 64.9769
134.567 4283 65.4446
134.684 4318 65.7115
134.802 4473 66.8805
134.919 4343 65.9014
135.037 4383 66.2042
135.154 4209 64.8768
135.272 4235 65.0769
135.389 4311 65.6582
135.507 4362 66.0454
135.624 4420 66.4831
135.742 4345 65.9166
135.859 4208 64.8691
135.977 4010 63.3246
136.094 3906 62.498
136.211 3686 60.7124
136.329 3512 59.2621
136.446 3438 58.6345
136.564 3478 58.9746
136.681 3421 58.4893
136.798 3426 58.532
136.915 3593 59.9416
137.033 3633 60.2744
137.15 3862 62.145
137.267 3898 62.434
137.384 4053 63.6632
137.502 4104 64.0625
137.619 4111 64.1171
137.736 4177 64.6297
137.853 4052 63.6553
137.97 4179 64.6452
138.087 3961 62.9365
138.204 3972 63.0238
138.321 4066 63.7652
138.438 4202 64.8228
138.555 4198 64.792
138.672 4076 63.8436
138.788 4004 63.2772
138.905 4201 64.8151
139.022 4097 64.0078
139.139 4276 65.3911
139.255 4175 64.6142
139.372 4164 64.5291
139.488 4154 64.4515
139.605 4021 63.4114
139.721 3863 62.153
139.838 3663 60.5227
139.954 3566 59.716
140.071 3454 58.7707
140.187 3307 57.5065
140.303 3211 56.6657
140.419 3408 58.3781
140.535 3437 58.6259
140.652 3536 59.4643
140.768 0 1
140.884 0 1
141 0 1
141.115 0 1
141.231 0 1
141.347 0 1
141.463 0 1
141.578 0 1
141.694 0 1
144.104 0 1
144.219 0 1
144.335 0 1
144.45 0 1
144.566 0 1
144.682 0 1
144.798 0 1
144.914 0 1
145.03 0 1
145.146 2446 49.4571
145.262 2527 50.2693
145.378 2584 50.8331
145.494 2691 51.8748
145.61 2724 52.192
145.726 2829 53.1883
145.842 2933 54.1572
145.959 2927 54.1018
146.075 2979 54.5802
146.192 3125 55.9017
146.308 3039 55.1271
146.425 3115 55.8122
146.541 3112 55.7853
146.658 3100 55.6776
146.774 2895 53.8052
146.891 2918 54.0185
147.008 3082 55.5158
147.125 2997 54.7449
147.241 3199 56.5597
147.358 3107 55.7405
147.475 3152 56.1427
147.592 3210 56.6569
147.709 3179 56.3826
147.826 3208 56.6392
147.943 3281 57.28
148.06 3279 57.2626
148.177 3236 56.8859
148.294 3148 56.107
148.411 2996 54.7357
148.528 2959 54.3967
148.645 2877 53.6377
148.762 2925 54.0833
148.88 2778 52.7067
148.997 2782 52.7447
149.114 2777 52.6972
149.231 2702 51.9808
149.349 2779 52.7162
149.466 2903 53.8795
149.583 2841 53.301
149.701 2920 54.037
149.818 3012 54.8817
149.935 3039 55.1271
150.053 3112 55.7853
150.17 3099 55.6687
150.287 3210 56.6569
150.405 3116 55.8211
150.522 3053 55.254
150.64 3067 55.3805
150.757 3044 55.1725
150.875 3102 55.6956
150.992 3126 55.9106
151.11 3226 56.7979
151.227 3190 56.4801
151.344 3257 57.0701
151.462 3186 56.4447
151.579 3240 56.921
151.697 3210 56.6569
151.814 3167 56.2761
151.932 3142 56.0535
152.049 3146 56.0892
152.167 3114 55.8032
152.284 2950 54.3139
152.402 3002 54.7905
152.519 2955 54.3599
152.636 2830 53.1977
152.754 2871 53.5817
152.871 2850 53.3854
152.989 2855 53.4322
153.106 2953 54.3415
153.223 2947 54.2863
153.341 3093 55.6147
153.458 3147 56.0981
153.575 3103 55.7046
153.693 3258 57.0789
153.81 3019 54.9454
153.927 3100 55.6776
154.044 3053 55.254
154.162 2960 54.4059
154.279 3062 55.3353
154.396 3085 55.5428
154.513 3264 57.1314
154.63 3306 57.4978
154.747 3301 57.4543
154.864 3242 56.9386
154.981 3341 57.8014
155.098 3353 57.9051
155.215 3387 58.1979
155.332 3357 57.9396
155.449 3326 57.6715
155.566 3183 56.4181
155.683 3267 57.1577
155.8 3296 57.4108
155.917 3173 56.3294
156.033 3018 54.9363
156.15 0 1
156.267 0 1
156.383 0 1
156.5 0 1
156.617 0 1
156.733 0 1
156.85 0 1
156.966 0 1
157.082 0 1
157.199 0 1
157.315 0 1
157.431 0 1
157.547 0 1
157.664 0 1
157.78 0 1
157.896 0 1
158.012 0 1
158.128 0 1
158.244 0 1
158.359 0 1
158.475 0 1
158.591 0 1
158.706 0 1
