
6.15755 0 1
6.2731 0 1
6.3887 0 1
6.50437 0 1
6.62009 0 1
6.73587 0 1
6.8517 0 1
6.96759 0 1
7.08353 0 1
7.19952 0 1
7.31557 0 1
7.43166 0 1
7.54781 0 1
7.664 0 1
7.78024 0 1
7.89653 0 1
8.01286 0 1
8.12924 0 1
8.24567 0 1
8.36213 0 1
8.47864 0 1
8.59519 0 1
8.71178 0 1
8.82841 0 1
8.94508 0 1
9.06179 0 1
9.17853 0 1
9.29531 0 1
9.41212 0 1
9.52897 0 1
9.64584 0 1
9.76276 0 1
9.8797 0 1
9.99667 0 1
10.1137 0 1
10.2307 0 1
10.3478 0 1
10.4648 0 1
10.5819 0 1
10.6991 0 1
10.8162 0 1
10.9334 0 1
11.0506 0 1
11.1678 0 1
11.285 0 1
11.4023 0 1
11.5196 0 1
11.6369 0 1
11.7542 0 1
11.8715 0 1
11.9888 0 1
12.1062 0 1
12.2235 0 1
12.3409 0 1
12.4582 0 1
12.5756 0 1
12.693 0 1
12.8104 0 1
12.9278 0 1
13.0452 0 1
13.1626 0 1
13.28 0 1
13.3974 0 1
13.5149 0 1
13.6323 0 1
13.7497 0 1
13.8671 0 1
13.9845 0 1
14.1019 0 1
14.2193 0 1
14.3367 0 1
14.4541 0 1
14.5714 0 1
14.6888 0 1
14.8062 0 1
14.9235 0 1
15.0408 0 0
15.1581 0 0
15.2755 0 0
15.3927 0 0
15.51 0 0
15.6273 0 0
15.7445 0 0
15.8617 0 0
15.9789 0 0
16.0961 0 0
16.2132 0 0
16.3304 0 0
16.4475 0 0
16.5646 0 0
16.6816 0 0
16.7986 0 0
16.9156 0 0
17.0326 0 0
17.1496 0 0
17.2665 0 0
17.3833 0 0
17.5002 0 0
17.617 0 0
17.7338 0 0
17.8505 0 0
17.9672 0 0
18.0839 0 0
18.2005 0 0
18.3171 0 0
18.4337 0 0
18.5502 0 0
18.6666 0 0
18.7831 0 0
18.8994 0 0
19.0158 0 0
19.1321 0 0
19.2483 0 0
19.3645 0 0
19.4806 0 0
19.5967 0 0
19.7128 0 0
19.8288 0 0
19.9447 0 0
20.0606 0 1
20.1764 0 1
20.2922 0 1
20.4079 0 1
20.5236 0 1
20.6392 0 1
20.7548 0 1
20.8702 0 1
23.3078 0 1
23.4233 0 1
23.539 0 1
23.6547 0 1
23.7704 0 1
23.8862 0 1
24.0021 0 1
24.118 0 1
24.234 0 1
24.35 0 1
24.4661 2634 51.3225
24.5822 2663 51.6043
24.6984 2620 51.1859
24.8146 2559 50.5866
24.9309 2601 51
25.0472 2601 51
25.1636 2540 50.3984
25.28 2484 49.8397
25.3965 2645 51.4296
25.513 2703 51.9904
25.6296 2821 53.1131
25.7462 2794 52.8583
25.8628 3069 55.3986
25.9795 2954 54.3507
26.0962 2975 54.5436
26.213 2978 54.5711
26.3298 3079 55.4887
26.4466 2982 54.6077
26.5635 3001 54.7814
26.6804 2880 53.6656
26.7973 2867 53.5444
26.9143 2853 53.4135
27.0313 2763 52.5642
27.1483 2910 53.9444
27.2653 2912 53.963
27.3824 2966 54.461
27.4996 3016 54.9181
27.6167 2954 54.3507
27.7339 2825 53.1507
27.8511 2780 52.7257
27.9683 2723 52.1824
28.0855 2652 51.4976
28.2028 2701 51.9711
28.3201 2643 51.4101
28.4374 2456 49.558
28.5547 2491 49.9099
28.6721 2461 49.6085
28.7894 2478 49.7795
28.9068 2514 50.1398
29.0242 2512 50.1199
29.1416 2570 50.6952
29.259 2555 50.547
29.3764 2763 52.5642
29.4939 2790 52.8205
29.6113 2773 52.6593
29.7288 2817 53.0754
29.8463 2790 52.8205
29.9638 2890 53.7587
30.0812 2919 54.0278
30.1987 2907 53.9166
30.3162 2740 52.345
30.4337 2606 51.049
30.5512 2559 50.5866
30.6687 2754 52.4786
30.7862 2784 52.7636
30.9037 2806 52.9717
31.0212 2814 53.0471
31.1387 2917 54.0093
31.2562 2834 53.2353
31.3737 2817 53.0754
31.4912 2793 52.8488
31.6087 2616 51.1468
31.7262 2627 51.2543
31.8436 2559 50.5866
31.9611 2506 50.06
32.0785 2455 49.548
32.1959 2444 49.4368
32.3134 2379 48.775
32.4308 2431 49.3052
32.5482 2503 50.03
32.6655 2482 49.8197
32.7829 2482 49.8197
32.9002 2630 51.2835
33.0176 2769 52.6213
33.1349 2792 52.8394
33.2522 2840 53.2917
33.3694 2823 53.1319
33.4867 2796 52.8772
33.6039 2892 53.7773
33.7211 2779 52.7162
33.8383 2710 52.0577
33.9554 2794 52.8583
34.0725 2506 50.06
34.1896 2412 49.1121
34.3067 2588 50.8724
34.4237 2687 51.8363
34.5407 2721 52.1632
34.6577 2670 51.672
34.7746 2879 53.6563
34.8915 2788 52.8015
35.0084 2809 53
35.1252 2614 51.1273
35.242 2663 51.6043
35.3587 2626 51.2445
35.4755 2525 50.2494
35.5921 2464 49.6387
35.7088 2499 49.99
35.8254 2356 48.5386
35.9419 2353 48.5077
36.0584 2354 48.518
36.1749 2318 48.1456
36.2913 2398 48.9694
36.4077 2334 48.3115
36.524 2363 48.6107
36.6403 2531 50.309
36.7565 2666 51.6333
36.8727 2672 51.6914
36.9889 2664 51.614
37.1049 2730 52.2494
37.221 0 1
37.3369 0 1
37.4529 0 1
37.5687 0 1
37.6845 0 1
37.8003 0 1
37.916 0 1
38.0316 0 1
38.1472 0 1
40.5851 0 1
40.7008 0 1
40.8164 0 1
40.9322 0 1
41.048 0 1
41.1639 0 1
41.2798 0 1
41.3958 0 1
41.5118 0 1
41.6279 0 1
41.744 1953 44.1928
41.8602 2127 46.1194
41.9765 2157 46.4435
42.0928 2212 47.0319
42.2091 2271 47.655
42.3255 2206 46.9681
42.4419 2265 47.592
42.5584 2269 47.634
42.675 2168 46.5618
42.7915 2084 45.6508
42.9081 1946 44.1135
43.0248 2037 45.1331
43.1415 2084 45.6508
43.2582 2162 46.4973
43.375 2252 47.4552
43.4918 2284 47.7912
43.6087 2166 46.5403
43.7256 2311 48.0729
43.8425 2142 46.2817
43.9595 2098 45.8039
44.0765 2040 45.1664
44.1935 2020 44.9444
44.3106 1945 44.1022
44.4277 1831 42.7902
44.5448 1823 42.6966
44.6619 1779 42.1782
44.7791 1642 40.5216
44.8963 1678 40.9634
45.0136 1723 41.509
45.1308 1644 40.5463
45.2481 1664 40.7922
45.3654 1744 41.7612
45.4827 1820 42.6615
45.6001 1828 42.7551
45.7174 1799 42.4146
45.8348 1801 42.4382
45.9522 1850 43.0116
46.0697 1791 42.3202
46.1871 1675 40.9268
46.3046 1600 40
46.422 1491 38.6135
46.5395 1460 38.2099
46.657 1644 40.5463
46.7745 1628 40.3485
46.892 1736 41.6653
47.0096 1643 40.5339
47.1271 1636 40.4475
47.2446 1658 40.7185
47.3622 1614 40.1746
47.4797 1583 39.7869
47.5973 1514 38.9102
47.7149 1503 38.7685
47.8324 1470 38.3406
47.95 1387 37.2424
48.0675 1369 37
48.1851 1278 35.7491
48.3027 1273 35.6791
48.4202 1204 34.6987
48.5378 1246 35.2987
48.6554 1211 34.7994
48.7729 1280 35.7771
48.8904 1282 35.805
49.008 1326 36.4143
49.1255 1399 37.4032
49.243 1470 38.3406
49.3605 1409 37.5366
49.478 1443 37.9868
49.5955 1402 37.4433
49.713 1367 36.973
49.8304 1287 35.8748
49.9479 1318 36.3043
50.0653 1287 35.8748
50.1827 1375 37.081
50.3001 1395 37.3497
50.4175 1507 38.8201
50.5348 1642 40.5216
50.6521 1646 40.5709
50.7694 1638 40.4722
50.8867 1713 41.3884
51.004 1647 40.5832
51.1212 1743 41.7493
51.2384 1672 40.8901
51.3556 1711 41.3642
51.4727 1725 41.5331
51.5899 1665 40.8044
51.707 1657 40.7063
51.824 1594 39.9249
51.9411 1624 40.2989
52.0581 1633 40.4104
52.175 1714 41.4005
52.2919 1762 41.9762
52.4088 1938 44.0227
52.5257 2001 44.7325
52.6425 2143 46.2925
52.7593 2103 45.8585
52.876 2193 46.8295
52.9927 2230 47.2229
53.1094 2242 47.3498
53.226 2267 47.613
53.3426 2141 46.2709
53.4591 1989 44.5982
53.5756 1908 43.6807
53.692 2052 45.299
53.8084 2145 46.3141
53.9248 2254 47.4763
54.0411 2398 48.9694
54.1573 2555 50.547
54.2735 0 1
54.3896 0 1
54.5057 0 1
54.6217 0 1
54.7377 0 1
54.8537 0 1
54.9695 0 1
55.0853 0 1
55.2011 0 1
55.3168 0 1
55.4324 0 1
57.824 0 1
57.9396 0 1
58.0553 0 1
58.1711 0 1
58.2869 0 1
58.4028 0 1
58.5187 0 1
58.6347 0 1
58.7508 0 1
58.8669 0 1
58.983 2559 50.5866
59.0992 2797 52.8867
59.2155 2845 53.3385
59.3318 3060 55.3173
59.4482 2971 54.5069
59.5646 3060 55.3173
59.681 3107 55.7405
59.7975 3027 55.0182
59.9141 2909 53.9351
60.0306 2693 51.8941
60.1473 2693 51.8941
60.2639 2611 51.0979
60.3807 2529 50.2892
60.4974 2297 47.927
60.6142 2324 48.2079
60.731 2333 48.3011
60.8479 2365 48.6313
60.9648 2370 48.6826
61.0818 2497 49.97
61.1987 2621 51.1957
61.3158 2680 51.7687
61.4328 2690 51.8652
61.5499 2746 52.4023
61.667 2625 51.2348
61.7841 2570 50.6952
61.9013 2547 50.4678
62.0185 2357 48.5489
62.1357 2271 47.655
62.253 2290 47.8539
62.3702 2431 49.3052
62.4875 2490 49.8999
62.6049 2594 50.9313
62.7222 2692 51.8845
62.8396 2771 52.6403
62.9569 2684 51.8073
63.0743 2682 51.788
63.1918 2662 51.5946
63.3092 2633 51.3128
63.4267 2660 51.5752
63.5441 2453 49.5278
63.6616 2500 50
63.7791 2391 48.8979
63.8966 2158 46.4543
64.0142 2060 45.3872
64.1317 2056 45.3431
64.2492 1959 44.2606
64.3668 2047 45.2438
64.4843 2133 46.1844
64.6019 2266 47.6025
64.7195 2365 48.6313
64.837 2379 48.775
64.9546 2532 50.319
65.0722 2462 49.6185
65.1898 2422 49.2138
65.3074 2361 48.5901
65.4249 2305 48.0104
65.5425 2125 46.0977
65.6601 2043 45.1996
65.7777 2073 45.5302
65.8952 2153 46.4004
66.0128 2304 48
66.1304 2352 48.4974
66.2479 2438 49.3761
66.3655 2539 50.3885
66.483 2603 51.0196
66.6005 2599 50.9804
66.718 2604 51.0294
66.8355 2615 51.1371
66.953 2576 50.7543
67.0705 2482 49.8197
67.1879 2461 49.6085
67.3054 2329 48.2597
67.4228 2246 47.392
67.5402 2096 45.7821
67.6576 1916 43.7721
67.7749 1981 44.5084
67.8923 2022 44.9667
68.0096 2086 45.6727
68.1269 2175 46.6369
68.2442 2468 49.679
68.3614 2619 51.1762
68.4787 2642 51.4004
68.5958 2791 52.8299
68.713 2999 54.7631
68.8302 3077 55.4707
68.9473 3018 54.9363
69.0643 3034 55.0818
69.1814 2945 54.2679
69.2984 2865 53.5257
69.4154 2975 54.5436
69.5323 3263 57.1227
69.6492 3610 60.0833
69.7661 3863 62.153
69.8829 4368 66.0908
69.9997 4453 66.7308
70.1165 4559 67.5204
70.2332 4956 70.3989
70.3499 5198 72.0972
70.4665 5265 72.5603
70.5831 5349 73.1369
70.6996 5247 72.4362
70.8161 5397 73.4643
70.9326 5320 72.9383
71.049 5095 71.3793
71.1653 4843 69.5917
71.2817 4710 68.6294
71.3979 4389 66.2495
71.5141 4590 67.7495
71.6303 4803 69.3037
71.7464 4493 67.0298
71.8624 0 1
71.9784 0 1
72.0944 0 1
72.2102 0 1
72.3261 0 1
72.4418 0 1
72.5575 0 1
72.6732 0 1
75.1054 0 1
75.2209 0 1
75.3365 0 1
75.4521 0 1
75.5678 0 1
75.6835 0 1
75.7993 0 1
75.9151 0 1
76.031 0 1
76.147 5637 75.08
76.263 6195 78.7083
76.3791 6097 78.0833
76.4952 5628 75.02
76.6113 5354 73.171
76.7276 4994 70.6682
76.8438 4957 70.406
76.9601 4832 69.5126
77.0765 5275 72.6292
77.1929 5295 72.7668
77.3093 5555 74.5319
77.4258 5486 74.0675
77.5423 5396 73.4575
77.6589 5203 72.1318
77.7755 5237 72.3671
77.8921 4817 69.4046
78.0088 4395 66.2948
78.1256 3788 61.5467
78.2423 3594 59.95
78.3591 3114 55.8032
78.4759 3144 56.0714
78.5928 3310 57.5326
78.7097 3452 58.7537
78.8266 3539 59.4895
78.9436 3710 60.9098
79.0606 3670 60.5805
79.1776 3604 60.0333
79.2946 3540 59.4979
79.4117 3529 59.4054
79.5288 3386 58.1893
79.6459 3271 57.1927
79.7631 3056 55.2811
79.8802 2827 53.1695
79.9974 2743 52.3737
80.1147 2562 50.6162
80.2319 2314 48.1041
80.3491 2205 46.9574
80.4664 2039 45.1553
80.5837 2037 45.1331
80.701 2215 47.0638
80.8183 2234 47.2652
80.9357 2329 48.2597
81.053 2487 49.8698
81.1704 2446 49.4571
81.2877 2506 50.06
81.4051 2457 49.5681
81.5225 2526 50.2593
81.6399 2313 48.0937
81.7573 2150 46.3681
81.8747 1935 43.9886
81.9922 1764 42
82.1096 1948 44.1362
82.227 2030 45.0555
82.3444 2169 46.5725
82.4619 2337 48.3425
82.5793 2425 49.2443
82.6967 2537 50.3686
82.8142 2536 50.3587
82.9316 2675 51.7204
83.049 2640 51.3809
83.1664 2571 50.705
83.2838 2639 51.3712
83.4012 2461 49.6085
83.5186 2417 49.163
83.636 2355 48.5283
83.7534 2317 48.1352
83.8708 2275 47.697
83.9881 2147 46.3357
84.1055 2116 46
84.2228 2208 46.9894
84.3401 2468 49.679
84.4575 2672 51.6914
84.5747 2975 54.5436
84.692 3178 56.3738
84.8093 3279 57.2626
84.9265 3388 58.2065
85.0437 3191 56.4889
85.1609 3152 56.1427
85.2781 3104 55.7136
85.3952 2924 54.074
85.5123 2679 51.7591
85.6294 2786 52.7826
85.7465 2926 54.0925
85.8636 3275 57.2276
85.9806 3574 59.7829
86.0976 3974 63.0397
86.2145 3977 63.0635
86.3315 4105 64.0703
86.4484 4350 65.9545
86.5652 4436 66.6033
86.682 4479 66.9253
86.7988 4499 67.0746
86.9156 4449 66.7008
87.0323 4261 65.2763
87.149 4079 63.867
87.2657 4011 63.3325
87.3823 3811 61.7333
87.4988 3666 60.5475
87.6154 3538 59.4811
87.7318 3771 61.4085
87.8483 3853 62.0725
87.9647 4243 65.1383
88.081 4588 67.7348
88.1973 4619 67.9632
88.3136 4663 68.2862
88.4298 4746 68.8912
88.546 4733 68.7968
88.6621 4483 66.9552
88.7781 4233 65.0615
88.8942 0 1
89.0101 0 1
89.126 0 1
89.2419 0 1
89.3577 0 1
89.4734 0 1
89.5891 0 1
89.7047 0 1
89.8203 0 1
89.9358 0 1
92.3269 0 1
92.4424 0 1
92.558 0 1
92.6736 0 1
92.7893 0 1
92.905 0 1
93.0208 0 1
93.1366 0 1
93.2525 0 1
93.3685 0 1
93.4845 0 1
93.6005 3638 60.3158
93.7167 3687 60.7207
93.8328 3659 60.4897
93.949 3582 59.8498
94.0653 3408 58.3781
94.1816 3201 56.5774
94.2979 3123 55.8838
94.4143 2837 53.2635
94.5307 2572 50.7149
94.6472 2599 50.9804
94.7637 2554 50.5371
94.8803 2792 52.8394
94.9969 2848 53.3667
95.1135 2941 54.231
95.2302 2976 54.5527
95.3469 3146 56.0892
95.4637 3095 55.6327
95.5805 3073 55.4346
95.6973 3099 55.6687
95.8142 3075 55.4527
95.9311 3105 55.7225
96.048 3021 54.9636
96.1649 2893 53.7866
96.2819 2688 51.8459
96.3989 2621 51.1957
96.516 2456 49.558
96.633 2342 48.3942
96.7501 2227 47.1911
96.8673 2149 46.3573
96.9844 2284 47.7912
97.1016 2509 50.0899
97.2188 2609 51.0784
97.336 2715 52.1057
97.4532 2782 52.7447
97.5704 2730 52.2494
97.6877 2784 52.7636
97.805 2634 51.3225
97.9223 2464 49.6387
98.0396 2257 47.5079
98.1569 2175 46.6369
98.2743 2077 45.5741
98.3916 2175 46.6369
98.509 2297 47.927
98.6264 2496 49.96
98.7438 2597 50.9608
98.8612 2819 53.0943
98.9786 2813 53.0377
99.096 2932 54.1479
99.2134 2953 54.3415
99.3308 2987 54.6535
99.4482 3014 54.8999
99.5656 2957 54.3783
99.6831 2908 53.9259
99.8005 2761 52.5452
99.9179 2701 51.9711
100.035 2549 50.4876
100.153 2403 49.0204
100.27 2233 47.2546
100.388 2308 48.0416
100.505 2371 48.6929
100.622 2565 50.6458
100.74 2671 51.6817
100.857 2709 52.0481
100.975 2719 52.144
101.092 2794 52.8583
101.209 2905 53.8981
101.327 2701 51.9711
101.444 2664 51.614
101.561 2488 49.8799
101.679 2357 48.5489
101.796 2291 47.8644
101.913 2197 46.8722
102.03 2318 48.1456
102.148 2562 50.6162
102.265 2954 54.3507
102.382 2703 51.9904
102.499 2927 54.1018
102.616 3186 56.4447
102.733 3177 56.3649
102.851 3118 55.8391
102.968 3293 57.3847
103.085 3195 56.5243
103.202 3009 54.8544
103.319 2999 54.7631
103.436 2920 54.037
103.552 2809 53
103.669 2557 50.5668
103.786 2568 50.6754
103.903 2494 49.94
104.02 2575 50.7445
104.137 2617 51.1566
104.253 2924 54.074
104.37 2894 53.7959
104.487 3133 55.9732
104.603 3005 54.8179
104.72 3061 55.3263
104.836 3090 55.5878
104.953 2771 52.6403
105.069 2590 50.892
105.186 2575 50.7445
105.302 2453 49.5278
105.418 2461 49.6085
105.535 2643 51.4101
105.651 2914 53.9815
105.767 3082 55.5158
105.883 3218 56.7274
105.999 3294 57.3934
106.115 0 1
106.231 0 1
106.347 0 1
106.463 0 1
106.579 0 1
106.694 0 1
106.81 0 1
106.926 0 1
107.041 0 1
107.157 0 1
109.576 0 1
109.692 0 1
109.807 0 1
109.923 0 1
110.039 0 1
110.155 0 1
110.27 0 1
110.386 0 1
110.502 0 1
110.618 2590 50.892
110.735 2739 52.3355
110.851 3035 55.0908
110.967 3120 55.857
111.083 3137 56.0089
111.199 3385 58.1808
111.316 3335 57.7495
111.432 3317 57.5934
111.549 3242 56.9386
111.665 3187 56.4535
111.782 3234 56.8683
111.898 3003 54.7996
112.015 2895 53.8052
112.132 2799 52.9056
112.248 2607 51.0588
112.365 2526 50.2593
112.482 2593 50.9215
112.599 2596 50.951
112.716 2799 52.9056
112.832 2815 53.0566
112.949 3031 55.0545
113.066 2989 54.6717
113.183 2954 54.3507
113.3 2818 53.0848
113.417 2834 53.2353
113.534 2608 51.0686
113.652 2458 49.5782
113.769 2376 48.7442
113.886 2353 48.5077
114.003 2289 47.8435
114.12 2409 49.0816
114.238 2666 51.6333
114.355 2790 52.8205
114.472 3066 55.3715
114.589 2829 53.1883
114.707 3094 55.6237
114.824 3145 56.0803
114.942 3170 56.3028
115.059 3314 57.5674
115.176 3247 56.9825
115.294 3057 55.2901
115.411 2954 54.3507
115.529 2998 54.754
115.646 2821 53.1131
115.764 2734 52.2877
115.881 2646 51.4393
115.999 2545 50.448
116.116 2674 51.7107
116.234 2812 53.0283
116.351 2935 54.1756
116.469 2961 54.4151
116.586 2972 54.5161
116.704 3070 55.4076
116.821 3042 55.1543
116.939 2955 54.3599
117.056 2778 52.7067
117.174 2661 51.5849
117.291 2458 49.5782
117.409 2418 49.1732
117.526 2422 49.2138
117.644 2590 50.892
117.761 2754 52.4786
117.879 2919 54.0278
117.996 3018 54.9363
118.114 3175 56.3471
118.231 3280 57.2713
118.349 3213 56.6833
118.466 3185 56.4358
118.584 3275 57.2276
118.701 3348 57.8619
118.819 3221 56.7539
118.936 3331 57.7148
119.053 3187 56.4535
119.171 2984 54.626
119.288 2944 54.2586
119.405 2832 53.2165
119.523 2688 51.8459
119.64 2756 52.4976
119.757 2882 53.6843
119.875 2985 54.6352
119.992 3000 54.7723
120.109 3025 55
120.226 3120 55.857
120.343 3076 55.4617
120.46 3069 55.3986
120.578 2921 54.0463
120.695 2890 53.7587
120.812 2704 52
120.929 2595 50.9411
121.046 2546 50.4579
121.163 2524 50.2394
121.279 2550 50.4975
121.396 2705 52.0096
121.513 2823 53.1319
121.63 2977 54.5619
121.747 3208 56.6392
121.863 3219 56.7362
121.98 3302 57.463
122.097 3357 57.9396
122.213 3309 57.5239
122.33 3435 58.6089
122.446 3358 57.9483
122.563 3239 56.9122
122.679 3117 55.8301
122.795 3250 57.0088
122.912 3125 55.9017
123.028 2824 53.1413
123.144 2835 53.2447
123.26 2797 52.8867
123.377 0 1
123.493 0 1
123.609 0 1
123.725 0 1
123.84 0 1
123.956 0 1
124.072 0 1
124.188 0 1
124.303 0 1
124.419 0 1
126.852 0 1
126.968 0 1
127.083 0 1
127.199 0 1
127.315 0 1
127.431 0 1
127.547 0 1
127.663 0 1
127.779 0 1
127.895 0 1
128.011 0 1
128.127 0 1
128.243 0 1
128.359 4025 63.4429
128.476 4027 63.4586
128.592 3952 62.8649
128.708 4061 63.726
128.825 4230 65.0385
128.941 4515 67.1937
129.058 4584 67.7052
129.174 4689 68.4763
129.291 4646 68.1616
129.408 4483 66.9552
129.524 4414 66.4379
129.641 4173 64.5988
129.758 3998 63.2297
129.875 3811 61.7333
129.992 3773 61.4248
130.108 3677 60.6383
130.225 3778 61.4654
130.342 3841 61.9758
130.459 4075 63.8357
130.576 4321 65.7343
130.693 4474 66.888
130.81 4372 66.1211
130.928 4582 67.6905
131.045 4565 67.5648
131.162 4537 67.3573
131.279 4704 68.5857
131.396 4717 68.6804
131.513 4621 67.9779
131.631 4410 66.4078
131.748 4501 67.0895
131.865 4170 64.5755
131.983 4115 64.1483
132.1 4167 64.5523
132.217 4206 64.8537
132.335 4481 66.9403
132.452 4437 66.6108
132.57 4458 66.7683
132.687 4230 65.0385
132.804 4641 68.1249
132.922 4384 66.2118
133.039 4221 64.9692
133.157 4145 64.3817
133.274 3837 61.9435
133.392 3675 60.6218
133.509 3610 60.0833
133.627 3557 59.6406
133.744 3591 59.925
133.862 3752 61.2536
133.979 4068 63.7809
134.097 4020 63.4035
134.214 4303 65.5973
134.332 4063 63.7417
134.449 4310 65.6506
134.567 4194 64.7611
134.684 4478 66.9179
134.802 4371 66.1135
134.919 4470 66.8581
135.037 4333 65.8255
135.154 4412 66.4229
135.272 4320 65.7267
135.389 4155 64.4593
135.507 4164 64.5291
135.624 3970 63.0079
135.742 4107 64.0859
135.859 4316 65.6963
135.977 4469 66.8506
136.094 4449 66.7008
136.211 4397 66.3099
136.329 4457 66.7608
136.446 4488 66.9925
136.564 4341 65.8863
136.681 4243 65.1383
136.798 3951 62.857
136.915 3748 61.2209
137.033 3738 61.1392
137.15 3557 59.6406
137.267 3512 59.2621
137.384 3655 60.4566
137.502 3888 62.3538
137.619 3958 62.9126
137.736 3961 62.9365
137.853 3989 63.1585
137.97 4283 65.4446
138.087 4121 64.195
138.204 4237 65.0922
138.321 4469 66.8506
138.438 4398 66.3174
138.555 4656 68.2349
138.672 4333 65.8255
138.788 4294 65.5286
138.905 4264 65.2993
139.022 4284 65.4523
139.139 4149 64.4127
139.255 4203 64.8305
139.372 4350 65.9545
139.488 4484 66.9627
139.605 4455 66.7458
139.721 4576 67.6461
139.838 4523 67.2533
139.954 4486 66.9776
140.071 4401 66.34
140.187 4439 66.6258
140.303 4315 65.6887
140.419 4026 63.4508
140.535 3992 63.1823
140.652 3846 62.0161
140.768 0 1
140.884 0 1
141 0 1
141.115 0 1
141.231 0 1
141.347 0 1
141.463 0 1
141.578 0 1
141.694 0 1
144.104 0 1
144.219 0 1
144.335 0 1
144.45 0 1
144.566 0 1
144.682 0 1
144.798 0 1
144.914 0 1
145.03 0 1
145.146 4535 67.3424
145.262 4622 67.9853
145.378 4614 67.9264
145.494 4352 65.9697
145.61 4145 64.3817
145.726 4143 64.3661
145.842 4033 63.5059
145.959 4085 63.914
146.075 4271 65.3529
146.192 4327 65.7799
146.308 4623 67.9926
146.425 4695 68.5201
146.541 4653 68.2129
146.658 4858 69.6994
146.774 4941 70.2922
146.891 4909 70.0643
147.008 5092 71.3583
147.125 5010 70.7814
147.241 5131 71.631
147.358 5095 71.3793
147.475 4962 70.4415
147.592 4758 68.9783
147.709 4654 68.2202
147.826 4764 69.0217
147.943 4765 69.029
148.06 4816 69.3974
148.177 5001 70.7177
148.294 5042 71.007
148.411 4997 70.6895
148.528 5019 70.8449
148.645 4901 70.0071
148.762 4918 70.1285
148.88 4765 69.029
148.997 4481 66.9403
149.114 4537 67.3573
149.231 4306 65.6201
149.349 4079 63.867
149.466 3887 62.3458
149.583 3843 61.9919
149.701 4032 63.498
149.818 4102 64.0469
149.935 4153 64.4438
150.053 4288 65.4828
150.17 4240 65.1153
150.287 4378 66.1665
150.405 4528 67.2904
150.522 4504 67.1118
150.64 4617 67.9485
150.757 4747 68.8985
150.875 4624 68
150.992 4600 67.8233
151.11 4426 66.5282
151.227 4378 66.1665
151.344 4293 65.521
151.462 4206 64.8537
151.579 4395 66.2948
151.697 4608 67.8823
151.814 4611 67.9043
151.932 4790 69.2098
152.049 4739 68.8404
152.167 4743 68.8694
152.284 4569 67.5944
152.402 4566 67.5722
152.519 4592 67.7643
152.636 4323 65.7495
152.754 4258 65.2534
152.871 4023 63.4271
152.989 3928 62.6738
153.106 3875 62.2495
153.223 3907 62.506
153.341 4005 63.2851
153.458 4046 63.6082
153.575 4064 63.7495
153.693 4254 65.2227
153.81 4139 64.3351
153.927 4388 66.242
154.044 4445 66.6708
154.162 4425 66.5207
154.279 4757 68.971
154.396 4650 68.1909
154.513 4814 69.383
154.63 4842 69.5845
154.747 4758 68.9783
154.864 4498 67.0671
154.981 4598 67.8086
155.098 4502 67.0969
155.215 4655 68.2276
155.332 4855 69.6778
155.449 4842 69.5845
155.566 4876 69.8284
155.683 4962 70.4415
155.8 4785 69.1737
155.917 4819 69.419
156.033 4717 68.6804
156.15 0 1
156.267 0 1
156.383 0 1
156.5 0 1
156.617 0 1
156.733 0 1
156.85 0 1
156.966 0 1
157.082 0 1
157.199 0 1
157.315 0 1
157.431 0 1
157.547 0 1
157.664 0 1
157.78 0 1
157.896 0 1
158.012 0 1
158.128 0 1
158.244 0 1
158.359 0 1
158.475 0 1
158.591 0 1
158.706 0 1
