
6.15755 0 1
6.2731 0 1
6.3887 0 1
6.50437 0 1
6.62009 0 1
6.73587 0 1
6.8517 0 1
6.96759 0 1
7.08353 0 1
7.19952 0 1
7.31557 0 1
7.43166 0 1
7.54781 0 1
7.664 0 1
7.78024 0 1
7.89653 0 1
8.01286 0 1
8.12924 0 1
8.24567 0 1
8.36213 0 1
8.47864 0 1
8.59519 0 1
8.71178 0 1
8.82841 0 1
8.94508 0 1
9.06179 0 1
9.17853 0 1
9.29531 0 1
9.41212 0 1
9.52897 0 1
9.64584 0 1
9.76276 0 1
9.8797 0 1
9.99667 0 1
10.1137 0 1
10.2307 0 1
10.3478 0 1
10.4648 0 1
10.5819 0 1
10.6991 0 1
10.8162 0 1
10.9334 0 1
11.0506 0 1
11.1678 0 1
11.285 0 1
11.4023 0 1
11.5196 0 1
11.6369 0 1
11.7542 0 1
11.8715 0 1
11.9888 0 1
12.1062 0 1
12.2235 0 1
12.3409 0 1
12.4582 0 1
12.5756 0 1
12.693 0 1
12.8104 0 1
12.9278 0 1
13.0452 0 1
13.1626 0 1
13.28 0 1
13.3974 0 1
13.5149 0 1
13.6323 0 1
13.7497 0 1
13.8671 0 1
13.9845 0 1
14.1019 0 1
14.2193 0 1
14.3367 0 1
14.4541 0 1
14.5714 0 1
14.6888 0 1
14.8062 0 1
14.9235 0 1
15.0408 628 25.0599
15.1581 704 26.533
15.2755 686 26.1916
15.3927 669 25.865
15.51 712 26.6833
15.6273 699 26.4386
15.7445 684 26.1534
15.8617 708 26.6083
15.9789 654 25.5734
16.0961 655 25.593
16.2132 682 26.1151
16.3304 667 25.8263
16.4475 659 25.671
16.5646 731 27.037
16.6816 782 27.9643
16.7986 817 28.5832
16.9156 769 27.7308
17.0326 799 28.2666
17.1496 806 28.3901
17.2665 816 28.5657
17.3833 773 27.8029
17.5002 837 28.931
17.617 717 26.7769
17.7338 728 26.9815
17.8505 643 25.3574
17.9672 717 26.7769
18.0839 632 25.1396
18.2005 732 27.0555
18.3171 683 26.1343
18.4337 799 28.2666
18.5502 732 27.0555
18.6666 743 27.258
18.7831 802 28.3196
18.8994 760 27.5681
19.0158 731 27.037
19.1321 756 27.4955
19.2483 684 26.1534
19.3645 646 25.4165
19.4806 617 24.8395
19.5967 638 25.2587
19.7128 516 22.7156
19.8288 460 21.4476
19.9447 465 21.5639
20.0606 0 1
20.1764 0 1
20.2922 0 1
20.4079 0 1
20.5236 0 1
20.6392 0 1
20.7548 0 1
20.8702 0 1
23.3078 0 1
23.4233 0 1
23.539 0 1
23.6547 0 1
23.7704 0 1
23.8862 0 1
24.0021 0 1
24.118 0 1
24.234 0 1
24.35 0 1
24.4661 317 17.8045
24.5822 385 19.6214
24.6984 429 20.7123
24.8146 429 20.7123
24.9309 513 22.6495
25.0472 529 23
25.1636 564 23.7487
25.28 652 25.5343
25.3965 647 25.4362
25.513 704 26.533
25.6296 714 26.7208
25.7462 782 27.9643
25.8628 822 28.6705
25.9795 855 29.2404
26.0962 830 28.8097
26.213 793 28.1603
26.3298 776 27.8568
26.4466 681 26.096
26.5635 707 26.5895
26.6804 695 26.3629
26.7973 649 25.4755
26.9143 701 26.4764
27.0313 760 27.5681
27.1483 758 27.5318
27.2653 797 28.2312
27.3824 836 28.9137
27.4996 783 27.9821
27.6167 748 27.3496
27.7339 793 28.1603
27.8511 743 27.258
27.9683 744 27.2764
28.0855 714 26.7208
28.2028 625 25
28.3201 638 25.2587
28.4374 683 26.1343
28.5547 655 25.593
28.6721 648 25.4558
28.7894 656 25.6125
28.9068 762 27.6043
29.0242 759 27.55
29.1416 807 28.4077
29.259 782 27.9643
29.3764 803 28.3373
29.4939 750 27.3861
29.6113 756 27.4955
29.7288 734 27.0924
29.8463 667 25.8263
29.9638 653 25.5539
30.0812 657 25.632
30.1987 650 25.4951
30.3162 659 25.671
30.4337 697 26.4008
30.5512 709 26.6271
30.6687 690 26.2679
30.7862 726 26.9444
30.9037 782 27.9643
31.0212 751 27.4044
31.1387 738 27.1662
31.2562 709 26.6271
31.3737 727 26.9629
31.4912 720 26.8328
31.6087 745 27.2947
31.7262 685 26.1725
31.8436 670 25.8844
31.9611 651 25.5147
32.0785 619 24.8797
32.1959 611 24.7184
32.3134 659 25.671
32.4308 703 26.5141
32.5482 729 27
32.6655 783 27.9821
32.7829 772 27.7849
32.9002 746 27.313
33.0176 810 28.4605
33.1349 753 27.4408
33.2522 731 27.037
33.3694 711 26.6646
33.4867 689 26.2488
33.6039 617 24.8395
33.7211 647 25.4362
33.8383 664 25.7682
33.9554 621 24.9199
34.0725 665 25.7876
34.1896 665 25.7876
34.3067 722 26.8701
34.4237 734 27.0924
34.5407 763 27.6225
34.6577 776 27.8568
34.7746 767 27.6948
34.8915 713 26.7021
35.0084 701 26.4764
35.1252 654 25.5734
35.242 674 25.9615
35.3587 627 25.04
35.4755 604 24.5764
35.5921 643 25.3574
35.7088 563 23.7276
35.8254 583 24.1454
35.9419 632 25.1396
36.0584 618 24.8596
36.1749 622 24.9399
36.2913 647 25.4362
36.4077 646 25.4165
36.524 602 24.5357
36.6403 617 24.8395
36.7565 574 23.9583
36.8727 611 24.7184
36.9889 565 23.7697
37.1049 491 22.1585
37.221 0 1
37.3369 0 1
37.4529 0 1
37.5687 0 1
37.6845 0 1
37.8003 0 1
37.916 0 1
38.0316 0 1
38.1472 0 1
40.5851 0 1
40.7008 0 1
40.8164 0 1
40.9322 0 1
41.048 0 1
41.1639 0 1
41.2798 0 1
41.3958 0 1
41.5118 0 1
41.6279 0 1
41.744 307 17.5214
41.8602 359 18.9473
41.9765 426 20.6398
42.0928 446 21.1187
42.2091 415 20.3715
42.3255 451 21.2368
42.4419 438 20.9284
42.5584 421 20.5183
42.675 456 21.3542
42.7915 543 23.3024
42.9081 539 23.2164
43.0248 546 23.3666
43.1415 593 24.3516
43.2582 612 24.7386
43.375 621 24.9199
43.4918 611 24.7184
43.6087 587 24.2281
43.7256 633 25.1595
43.8425 618 24.8596
43.9595 530 23.0217
44.0765 575 23.9792
44.1935 570 23.8747
44.3106 541 23.2594
44.4277 474 21.7715
44.5448 472 21.7256
44.6619 511 22.6053
44.7791 524 22.891
44.8963 581 24.1039
45.0136 591 24.3105
45.1308 623 24.96
45.2481 630 25.0998
45.3654 621 24.9199
45.4827 640 25.2982
45.6001 600 24.4949
45.7174 626 25.02
45.8348 568 23.8328
45.9522 543 23.3024
46.0697 505 22.4722
46.1871 496 22.2711
46.3046 471 21.7025
46.422 456 21.3542
46.5395 598 24.454
46.657 610 24.6982
46.7745 562 23.7065
46.892 622 24.9399
47.0096 622 24.9399
47.1271 619 24.8797
47.2446 634 25.1794
47.3622 630 25.0998
47.4797 614 24.779
47.5973 593 24.3516
47.7149 561 23.6854
47.8324 574 23.9583
47.95 542 23.2809
48.0675 510 22.5832
48.1851 484 22
48.3027 515 22.6936
48.4202 560 23.6643
48.5378 571 23.8956
48.6554 597 24.4336
48.7729 595 24.3926
48.8904 666 25.807
49.008 644 25.3772
49.1255 626 25.02
49.243 613 24.7588
49.3605 550 23.4521
49.478 531 23.0434
49.5955 491 22.1585
49.713 452 21.2603
49.8304 509 22.561
49.9479 519 22.7816
50.0653 551 23.4734
50.1827 563 23.7276
50.3001 583 24.1454
50.4175 605 24.5967
50.5348 575 23.9792
50.6521 610 24.6982
50.7694 594 24.3721
50.8867 618 24.8596
51.004 599 24.4745
51.1212 604 24.5764
51.2384 565 23.7697
51.3556 630 25.0998
51.4727 519 22.7816
51.5899 495 22.2486
51.707 505 22.4722
51.824 516 22.7156
51.9411 567 23.8118
52.0581 568 23.8328
52.175 624 24.98
52.2919 631 25.1197
52.4088 640 25.2982
52.5257 672 25.923
52.6425 625 25
52.7593 629 25.0799
52.876 591 24.3105
52.9927 599 24.4745
53.1094 502 22.4054
53.226 477 21.8403
53.3426 510 22.5832
53.4591 461 21.4709
53.5756 471 21.7025
53.692 501 22.383
53.8084 476 21.8174
53.9248 435 20.8567
54.0411 493 22.2036
54.1573 460 21.4476
54.2735 0 1
54.3896 0 1
54.5057 0 1
54.6217 0 1
54.7377 0 1
54.8537 0 1
54.9695 0 1
55.0853 0 1
55.2011 0 1
55.3168 0 1
55.4324 0 1
57.824 0 1
57.9396 0 1
58.0553 0 1
58.1711 0 1
58.2869 0 1
58.4028 0 1
58.5187 0 1
58.6347 0 1
58.7508 0 1
58.8669 0 1
58.983 445 21.095
59.0992 449 21.1896
59.2155 577 24.0208
59.3318 610 24.6982
59.4482 643 25.3574
59.5646 676 26
59.681 674 25.9615
59.7975 659 25.671
59.9141 704 26.533
60.0306 708 26.6083
60.1473 698 26.4197
60.2639 632 25.1396
60.3807 651 25.5147
60.4974 629 25.0799
60.6142 638 25.2587
60.731 751 27.4044
60.8479 794 28.178
60.9648 800 28.2843
61.0818 770 27.7489
61.1987 838 28.9482
61.3158 754 27.4591
61.4328 757 27.5136
61.5499 732 27.0555
61.667 683 26.1343
61.7841 677 26.0192
61.9013 602 24.5357
62.0185 639 25.2784
62.1357 651 25.5147
62.253 664 25.7682
62.3702 719 26.8142
62.4875 717 26.7769
62.6049 785 28.0179
62.7222 746 27.313
62.8396 793 28.1603
62.9569 790 28.1069
63.0743 777 27.8747
63.1918 771 27.7669
63.3092 790 28.1069
63.4267 731 27.037
63.5441 769 27.7308
63.6616 712 26.6833
63.7791 653 25.5539
63.8966 655 25.593
64.0142 592 24.3311
64.1317 706 26.5707
64.2492 724 26.9072
64.3668 750 27.3861
64.4843 735 27.1109
64.6019 773 27.8029
64.7195 815 28.5482
64.837 792 28.1425
64.9546 790 28.1069
65.0722 729 27
65.1898 700 26.4575
65.3074 667 25.8263
65.4249 626 25.02
65.5425 623 24.96
65.6601 649 25.4755
65.7777 586 24.2074
65.8952 665 25.7876
66.0128 747 27.3313
66.1304 765 27.6586
66.2479 787 28.0535
66.3655 786 28.0357
66.483 796 28.2135
66.6005 829 28.7924
66.718 843 29.0345
66.8355 802 28.3196
66.953 785 28.0179
67.0705 717 26.7769
67.1879 739 27.1846
67.3054 741 27.2213
67.4228 670 25.8844
67.5402 646 25.4165
67.6576 667 25.8263
67.7749 673 25.9422
67.8923 700 26.4575
68.0096 727 26.9629
68.1269 818 28.6007
68.2442 822 28.6705
68.3614 874 29.5635
68.4787 793 28.1603
68.5958 878 29.6311
68.713 828 28.775
68.8302 795 28.1957
68.9473 769 27.7308
69.0643 682 26.1151
69.1814 725 26.9258
69.2984 709 26.6271
69.4154 757 27.5136
69.5323 810 28.4605
69.6492 843 29.0345
69.7661 878 29.6311
69.8829 901 30.0167
69.9997 891 29.8496
70.1165 902 30.0333
70.2332 911 30.1828
70.3499 888 29.7993
70.4665 833 28.8617
70.5831 723 26.8887
70.6996 700 26.4575
70.8161 681 26.096
70.9326 587 24.2281
71.049 537 23.1733
71.1653 452 21.2603
71.2817 383 19.5704
71.3979 361 19
71.5141 377 19.4165
71.6303 337 18.3576
71.7464 314 17.72
71.8624 0 1
71.9784 0 1
72.0944 0 1
72.2102 0 1
72.3261 0 1
72.4418 0 1
72.5575 0 1
72.6732 0 1
75.1054 0 1
75.2209 0 1
75.3365 0 1
75.4521 0 1
75.5678 0 1
75.6835 0 1
75.7993 0 1
75.9151 0 1
76.031 0 1
76.147 514 22.6716
76.263 545 23.3452
76.3791 488 22.0907
76.4952 479 21.8861
76.6113 514 22.6716
76.7276 493 22.2036
76.8438 589 24.2693
76.9601 646 25.4165
77.0765 643 25.3574
77.1929 689 26.2488
77.3093 702 26.4953
77.4258 696 26.3818
77.5423 713 26.7021
77.6589 674 25.9615
77.7755 633 25.1595
77.8921 575 23.9792
78.0088 559 23.6432
78.1256 521 22.8254
78.2423 480 21.9089
78.3591 584 24.1661
78.4759 545 23.3452
78.5928 624 24.98
78.7097 597 24.4336
78.8266 611 24.7184
78.9436 690 26.2679
79.0606 710 26.6458
79.1776 718 26.7955
79.2946 678 26.0384
79.4117 690 26.2679
79.5288 695 26.3629
79.6459 630 25.0998
79.7631 660 25.6905
79.8802 636 25.219
79.9974 633 25.1595
80.1147 570 23.8747
80.2319 494 22.2261
80.3491 521 22.8254
80.4664 520 22.8035
80.5837 607 24.6374
80.701 625 25
80.8183 704 26.533
80.9357 736 27.1293
81.053 695 26.3629
81.1704 707 26.5895
81.2877 674 25.9615
81.4051 655 25.593
81.5225 621 24.9199
81.6399 562 23.7065
81.7573 511 22.6053
81.8747 508 22.5389
81.9922 481 21.9317
82.1096 573 23.9374
82.227 629 25.0799
82.3444 699 26.4386
82.4619 656 25.6125
82.5793 686 26.1916
82.6967 690 26.2679
82.8142 716 26.7582
82.9316 723 26.8887
83.049 737 27.1477
83.1664 725 26.9258
83.2838 728 26.9815
83.4012 671 25.9037
83.5186 714 26.7208
83.636 677 26.0192
83.7534 592 24.3311
83.8708 542 23.2809
83.9881 572 23.9165
84.1055 574 23.9583
84.2228 622 24.9399
84.3401 671 25.9037
84.4575 685 26.1725
84.5747 719 26.8142
84.692 741 27.2213
84.8093 728 26.9815
84.9265 735 27.1109
85.0437 706 26.5707
85.1609 646 25.4165
85.2781 594 24.3721
85.3952 562 23.7065
85.5123 526 22.9347
85.6294 560 23.6643
85.7465 608 24.6577
85.8636 680 26.0768
85.9806 638 25.2587
86.0976 714 26.7208
86.2145 711 26.6646
86.3315 773 27.8029
86.4484 723 26.8887
86.5652 743 27.258
86.682 809 28.4429
86.7988 750 27.3861
86.9156 745 27.2947
87.0323 706 26.5707
87.149 684 26.1534
87.2657 665 25.7876
87.3823 532 23.0651
87.4988 473 21.7486
87.6154 447 21.1424
87.7318 487 22.0681
87.8483 520 22.8035
87.9647 548 23.4094
88.081 543 23.3024
88.1973 564 23.7487
88.3136 506 22.4944
88.4298 497 22.2935
88.546 453 21.2838
88.6621 410 20.2485
88.7781 299 17.2916
88.8942 0 1
89.0101 0 1
89.126 0 1
89.2419 0 1
89.3577 0 1
89.4734 0 1
89.5891 0 1
89.7047 0 1
89.8203 0 1
89.9358 0 1
92.3269 0 1
92.4424 0 1
92.558 0 1
92.6736 0 1
92.7893 0 1
92.905 0 1
93.0208 0 1
93.1366 0 1
93.2525 0 1
93.3685 0 1
93.4845 0 1
93.6005 489 22.1133
93.7167 537 23.1733
93.8328 587 24.2281
93.949 587 24.2281
94.0653 624 24.98
94.1816 634 25.1794
94.2979 603 24.5561
94.4143 561 23.6854
94.5307 558 23.622
94.6472 555 23.5584
94.7637 558 23.622
94.8803 594 24.3721
94.9969 605 24.5967
95.1135 647 25.4362
95.2302 682 26.1151
95.3469 693 26.3249
95.4637 677 26.0192
95.5805 740 27.2029
95.6973 684 26.1534
95.8142 743 27.258
95.9311 718 26.7955
96.048 713 26.7021
96.1649 706 26.5707
96.2819 720 26.8328
96.3989 710 26.6458
96.516 633 25.1595
96.633 625 25
96.7501 535 23.1301
96.8673 525 22.9129
96.9844 561 23.6854
97.1016 606 24.6171
97.2188 675 25.9808
97.336 690 26.2679
97.4532 716 26.7582
97.5704 736 27.1293
97.6877 681 26.096
97.805 673 25.9422
97.9223 713 26.7021
98.0396 602 24.5357
98.1569 577 24.0208
98.2743 557 23.6008
98.3916 500 22.3607
98.509 563 23.7276
98.6264 587 24.2281
98.7438 636 25.219
98.8612 662 25.7294
98.9786 717 26.7769
99.096 765 27.6586
99.2134 773 27.8029
99.3308 750 27.3861
99.4482 736 27.1293
99.5656 731 27.037
99.6831 766 27.6767
99.8005 726 26.9444
99.9179 775 27.8388
100.035 693 26.3249
100.153 732 27.0555
100.27 670 25.8844
100.388 632 25.1396
100.505 623 24.96
100.622 644 25.3772
100.74 720 26.8328
100.857 742 27.2397
100.975 762 27.6043
101.092 727 26.9629
101.209 745 27.2947
101.327 740 27.2029
101.444 756 27.4955
101.561 698 26.4197
101.679 616 24.8193
101.796 577 24.0208
101.913 553 23.516
102.03 584 24.1661
102.148 643 25.3574
102.265 653 25.5539
102.382 706 26.5707
102.499 734 27.0924
102.616 774 27.8209
102.733 769 27.7308
102.851 796 28.2135
102.968 799 28.2666
103.085 803 28.3373
103.202 809 28.4429
103.319 823 28.688
103.436 793 28.1603
103.552 755 27.4773
103.669 714 26.7208
103.786 692 26.3059
103.903 629 25.0799
104.02 679 26.0576
104.137 703 26.5141
104.253 745 27.2947
104.37 745 27.2947
104.487 860 29.3258
104.603 799 28.2666
104.72 814 28.5307
104.836 773 27.8029
104.953 700 26.4575
105.069 583 24.1454
105.186 580 24.0832
105.302 497 22.2935
105.418 484 22
105.535 538 23.1948
105.651 486 22.0454
105.767 560 23.6643
105.883 490 22.1359
105.999 498 22.3159
106.115 0 1
106.231 0 1
106.347 0 1
106.463 0 1
106.579 0 1
106.694 0 1
106.81 0 1
106.926 0 1
107.041 0 1
107.157 0 1
109.576 0 1
109.692 0 1
109.807 0 1
109.923 0 1
110.039 0 1
110.155 0 1
110.27 0 1
110.386 0 1
110.502 0 1
110.618 341 18.4662
110.735 382 19.5448
110.851 478 21.8632
110.967 533 23.0868
111.083 589 24.2693
111.199 688 26.2298
111.316 674 25.9615
111.432 648 25.4558
111.549 710 26.6458
111.665 715 26.7395
111.782 705 26.5518
111.898 742 27.2397
112.015 639 25.2784
112.132 632 25.1396
112.248 625 25
112.365 615 24.7992
112.482 574 23.9583
112.599 632 25.1396
112.716 621 24.9199
112.832 672 25.923
112.949 745 27.2947
113.066 717 26.7769
113.183 723 26.8887
113.3 708 26.6083
113.417 718 26.7955
113.534 633 25.1595
113.652 620 24.8998
113.769 590 24.2899
113.886 581 24.1039
114.003 539 23.2164
114.12 540 23.2379
114.238 594 24.3721
114.355 658 25.6515
114.472 629 25.0799
114.589 746 27.313
114.707 713 26.7021
114.824 729 27
114.942 737 27.1477
115.059 716 26.7582
115.176 790 28.1069
115.294 730 27.0185
115.411 784 28
115.529 739 27.1846
115.646 686 26.1916
115.764 663 25.7488
115.881 627 25.04
115.999 603 24.5561
116.116 604 24.5764
116.234 606 24.6171
116.351 630 25.0998
116.469 775 27.8388
116.586 732 27.0555
116.704 709 26.6271
116.821 774 27.8209
116.939 726 26.9444
117.056 727 26.9629
117.174 647 25.4362
117.291 607 24.6374
117.409 599 24.4745
117.526 540 23.2379
117.644 550 23.4521
117.761 597 24.4336
117.879 626 25.02
117.996 630 25.0998
118.114 708 26.6083
118.231 690 26.2679
118.349 721 26.8514
118.466 751 27.4044
118.584 728 26.9815
118.701 752 27.4226
118.819 757 27.5136
118.936 689 26.2488
119.053 653 25.5539
119.171 714 26.7208
119.288 644 25.3772
119.405 615 24.7992
119.523 554 23.5372
119.64 581 24.1039
119.757 599 24.4745
119.875 617 24.8395
119.992 634 25.1794
120.109 657 25.632
120.226 676 26
120.343 688 26.2298
120.46 684 26.1534
120.578 689 26.2488
120.695 709 26.6271
120.812 657 25.632
120.929 663 25.7488
121.046 552 23.4947
121.163 570 23.8747
121.279 496 22.2711
121.396 520 22.8035
121.513 559 23.6432
121.63 588 24.2487
121.747 592 24.3311
121.863 572 23.9165
121.98 523 22.8692
122.097 591 24.3105
122.213 578 24.0416
122.33 596 24.4131
122.446 593 24.3516
122.563 567 23.8118
122.679 507 22.5167
122.795 477 21.8403
122.912 427 20.664
123.028 359 18.9473
123.144 307 17.5214
123.26 286 16.9115
123.377 0 1
123.493 0 1
123.609 0 1
123.725 0 1
123.84 0 1
123.956 0 1
124.072 0 1
124.188 0 1
124.303 0 1
124.419 0 1
126.852 0 1
126.968 0 1
127.083 0 1
127.199 0 1
127.315 0 1
127.431 0 1
127.547 0 1
127.663 0 1
127.779 0 1
127.895 0 1
128.011 0 1
128.127 0 1
128.243 0 1
128.359 809 28.4429
128.476 765 27.6586
128.592 765 27.6586
128.708 686 26.1916
128.825 740 27.2029
128.941 775 27.8388
129.058 818 28.6007
129.174 879 29.6479
129.291 915 30.249
129.408 881 29.6816
129.524 853 29.2062
129.641 914 30.2324
129.758 914 30.2324
129.875 859 29.3087
129.992 779 27.9106
130.108 721 26.8514
130.225 703 26.5141
130.342 620 24.8998
130.459 703 26.5141
130.576 791 28.1247
130.693 830 28.8097
130.81 880 29.6648
130.928 823 28.688
131.045 851 29.1719
131.162 873 29.5466
131.279 849 29.1376
131.396 887 29.7825
131.513 859 29.3087
131.631 877 29.6142
131.748 871 29.5127
131.865 829 28.7924
131.983 823 28.688
132.1 749 27.3679
132.217 717 26.7769
132.335 704 26.533
132.452 750 27.3861
132.57 778 27.8927
132.687 851 29.1719
132.804 865 29.4109
132.922 860 29.3258
133.039 893 29.8831
133.157 869 29.4788
133.274 877 29.6142
133.392 794 28.178
133.509 825 28.7228
133.627 781 27.9464
133.744 667 25.8263
133.862 656 25.6125
133.979 708 26.6083
134.097 688 26.2298
134.214 794 28.178
134.332 788 28.0713
134.449 782 27.9643
134.567 802 28.3196
134.684 827 28.7576
134.802 858 29.2916
134.919 848 29.1204
135.037 881 29.6816
135.154 832 28.8444
135.272 825 28.7228
135.389 734 27.0924
135.507 725 26.9258
135.624 736 27.1293
135.742 688 26.2298
135.859 675 25.9808
135.977 656 25.6125
136.094 744 27.2764
136.211 704 26.533
136.329 793 28.1603
136.446 786 28.0357
136.564 812 28.4956
136.681 785 28.0179
136.798 785 28.0179
136.915 740 27.2029
137.033 756 27.4955
137.15 701 26.4764
137.267 632 25.1396
137.384 628 25.0599
137.502 577 24.0208
137.619 599 24.4745
137.736 627 25.04
137.853 693 26.3249
137.97 654 25.5734
138.087 692 26.3059
138.204 690 26.2679
138.321 737 27.1477
138.438 706 26.5707
138.555 750 27.3861
138.672 768 27.7128
138.788 742 27.2397
138.905 680 26.0768
139.022 617 24.8395
139.139 581 24.1039
139.255 566 23.7908
139.372 497 22.2935
139.488 504 22.4499
139.605 441 21
139.721 518 22.7596
139.838 494 22.2261
139.954 497 22.2935
140.071 459 21.4243
140.187 423 20.567
140.303 395 19.8746
140.419 366 19.1311
140.535 322 17.9444
140.652 379 19.4679
140.768 0 1
140.884 0 1
141 0 1
141.115 0 1
141.231 0 1
141.347 0 1
141.463 0 1
141.578 0 1
141.694 0 1
144.104 0 1
144.219 0 1
144.335 0 1
144.45 0 1
144.566 0 1
144.682 0 1
144.798 0 1
144.914 0 1
145.03 0 1
145.146 490 22.1359
145.262 517 22.7376
145.378 597 24.4336
145.494 582 24.1247
145.61 619 24.8797
145.726 565 23.7697
145.842 557 23.6008
145.959 526 22.9347
146.075 514 22.6716
146.192 464 21.5407
146.308 454 21.3073
146.425 481 21.9317
146.541 516 22.7156
146.658 476 21.8174
146.774 539 23.2164
146.891 554 23.5372
147.008 579 24.0624
147.125 548 23.4094
147.241 566 23.7908
147.358 616 24.8193
147.475 569 23.8537
147.592 592 24.3311
147.709 541 23.2594
147.826 551 23.4734
147.943 556 23.5797
148.06 526 22.9347
148.177 490 22.1359
148.294 492 22.1811
148.411 514 22.6716
148.528 518 22.7596
148.645 524 22.891
148.762 566 23.7908
148.88 540 23.2379
148.997 605 24.5967
149.114 582 24.1247
149.231 616 24.8193
149.349 553 23.516
149.466 553 23.516
149.583 548 23.4094
149.701 520 22.8035
149.818 467 21.6102
149.935 467 21.6102
150.053 501 22.383
150.17 522 22.8473
150.287 491 22.1585
150.405 546 23.3666
150.522 529 23
150.64 545 23.3452
150.757 535 23.1301
150.875 509 22.561
150.992 541 23.2594
151.11 561 23.6854
151.227 501 22.383
151.344 516 22.7156
151.462 564 23.7487
151.579 542 23.2809
151.697 515 22.6936
151.814 506 22.4944
151.932 433 20.8087
152.049 469 21.6564
152.167 481 21.9317
152.284 520 22.8035
152.402 532 23.0651
152.519 522 22.8473
152.636 538 23.1948
152.754 593 24.3516
152.871 597 24.4336
152.989 525 22.9129
153.106 481 21.9317
153.223 521 22.8254
153.341 436 20.8806
153.458 449 21.1896
153.575 435 20.8567
153.693 451 21.2368
153.81 447 21.1424
153.927 509 22.561
154.044 481 21.9317
154.162 514 22.6716
154.279 518 22.7596
154.396 510 22.5832
154.513 580 24.0832
154.63 546 23.3666
154.747 569 23.8537
154.864 483 21.9773
154.981 541 23.2594
155.098 536 23.1517
155.215 506 22.4944
155.332 474 21.7715
155.449 448 21.166
155.566 468 21.6333
155.683 470 21.6795
155.8 465 21.5639
155.917 460 21.4476
156.033 505 22.4722
156.15 0 1
156.267 0 1
156.383 0 1
156.5 0 1
156.617 0 1
156.733 0 1
156.85 0 1
156.966 0 1
157.082 0 1
157.199 0 1
157.315 0 1
157.431 0 1
157.547 0 1
157.664 0 1
157.78 0 1
157.896 0 1
158.012 0 1
158.128 0 1
158.244 0 1
158.359 0 1
158.475 0 1
158.591 0 1
158.706 0 1
