
6.15755 0 1
6.2731 0 1
6.3887 0 1
6.50437 0 1
6.62009 0 1
6.73587 0 1
6.8517 0 1
6.96759 0 1
7.08353 0 1
7.19952 0 1
7.31557 0 1
7.43166 0 1
7.54781 0 1
7.664 0 1
7.78024 0 1
7.89653 0 1
8.01286 0 1
8.12924 0 1
8.24567 0 1
8.36213 0 1
8.47864 0 1
8.59519 0 1
8.71178 0 1
8.82841 0 1
8.94508 0 1
9.06179 0 1
9.17853 0 1
9.29531 0 1
9.41212 0 1
9.52897 0 1
9.64584 0 1
9.76276 0 1
9.8797 0 1
9.99667 0 1
10.1137 0 1
10.2307 0 1
10.3478 0 1
10.4648 0 1
10.5819 0 1
10.6991 0 1
10.8162 0 1
10.9334 0 1
11.0506 0 1
11.1678 0 1
11.285 0 1
11.4023 0 1
11.5196 0 1
11.6369 0 1
11.7542 0 1
11.8715 0 1
11.9888 0 1
12.1062 0 1
12.2235 0 1
12.3409 0 1
12.4582 0 1
12.5756 0 1
12.693 0 1
12.8104 0 1
12.9278 0 1
13.0452 0 1
13.1626 0 1
13.28 0 1
13.3974 0 1
13.5149 0 1
13.6323 0 1
13.7497 0 1
13.8671 0 1
13.9845 0 1
14.1019 0 1
14.2193 0 1
14.3367 0 1
14.4541 0 1
14.5714 0 1
14.6888 0 1
14.8062 0 1
14.9235 0 1
15.0408 1294 35.9722
15.1581 1232 35.0999
15.2755 1245 35.2846
15.3927 1308 36.1663
15.51 1254 35.4119
15.6273 1176 34.2929
15.7445 1129 33.6006
15.8617 1158 34.0294
15.9789 1136 33.7046
16.0961 1132 33.6452
16.2132 1136 33.7046
16.3304 1115 33.3916
16.4475 1204 34.6987
16.5646 1202 34.6699
16.6816 1169 34.1906
16.7986 1167 34.1614
16.9156 1136 33.7046
17.0326 1188 34.4674
17.1496 1206 34.7275
17.2665 1247 35.3129
17.3833 1341 36.6197
17.5002 1278 35.7491
17.617 1287 35.8748
17.7338 1311 36.2077
17.8505 1305 36.1248
17.9672 1398 37.3898
18.0839 1466 38.2884
18.2005 1588 39.8497
18.3171 1498 38.704
18.4337 1510 38.8587
18.5502 1572 39.6485
18.6666 1529 39.1024
18.7831 1548 39.3446
18.8994 1538 39.2173
19.0158 1431 37.8286
19.1321 1369 37
19.2483 1265 35.5668
19.3645 1305 36.1248
19.4806 1242 35.242
19.5967 1157 34.0147
19.7128 1205 34.7131
19.8288 1143 33.8083
19.9447 1094 33.0757
20.0606 0 1
20.1764 0 1
20.2922 0 1
20.4079 0 1
20.5236 0 1
20.6392 0 1
20.7548 0 1
20.8702 0 1
23.3078 0 1
23.4233 0 1
23.539 0 1
23.6547 0 1
23.7704 0 1
23.8862 0 1
24.0021 0 1
24.118 0 1
24.234 0 1
24.35 0 1
24.4661 1224 34.9857
24.5822 1176 34.2929
24.6984 1211 34.7994
24.8146 1160 34.0588
24.9309 1171 34.2199
25.0472 1146 33.8526
25.1636 1188 34.4674
25.28 1174 34.2637
25.3965 1270 35.6371
25.513 1259 35.4824
25.6296 1255 35.426
25.7462 1323 36.3731
25.8628 1355 36.8103
25.9795 1377 37.108
26.0962 1412 37.5766
26.213 1350 36.7423
26.3298 1416 37.6298
26.4466 1388 37.2559
26.5635 1445 38.0132
26.6804 1436 37.8946
26.7973 1457 38.1707
26.9143 1460 38.2099
27.0313 1493 38.6394
27.1483 1445 38.0132
27.2653 1506 38.8072
27.3824 1431 37.8286
27.4996 1468 38.3145
27.6167 1388 37.2559
27.7339 1358 36.8511
27.8511 1271 35.6511
27.9683 1194 34.5543
28.0855 1217 34.8855
28.2028 1129 33.6006
28.3201 1073 32.7567
28.4374 1181 34.3657
28.5547 1169 34.1906
28.6721 1184 34.4093
28.7894 1192 34.5254
28.9068 1181 34.3657
29.0242 1157 34.0147
29.1416 1195 34.5688
29.259 1201 34.6554
29.3764 1189 34.4819
29.4939 1239 35.1994
29.6113 1275 35.7071
29.7288 1324 36.3868
29.8463 1266 35.5809
29.9638 1404 37.47
30.0812 1312 36.2215
30.1987 1319 36.318
30.3162 1342 36.6333
30.4337 1486 38.5487
30.5512 1434 37.8682
30.6687 1424 37.7359
30.7862 1409 37.5366
30.9037 1321 36.3456
31.0212 1395 37.3497
31.1387 1292 35.9444
31.2562 1307 36.1525
31.3737 1226 35.0143
31.4912 1108 33.2866
31.6087 1075 32.7872
31.7262 1131 33.6303
31.8436 1150 33.9116
31.9611 1072 32.7414
32.0785 1123 33.5112
32.1959 1108 33.2866
32.3134 1149 33.8969
32.4308 1175 34.2783
32.5482 1109 33.3017
32.6655 1200 34.641
32.7829 1206 34.7275
32.9002 1182 34.3802
33.0176 1209 34.7707
33.1349 1242 35.242
33.2522 1145 33.8378
33.3694 1221 34.9428
33.4867 1242 35.242
33.6039 1257 35.4542
33.7211 1226 35.0143
33.8383 1296 36
33.9554 1349 36.7287
34.0725 1402 37.4433
34.1896 1277 35.7351
34.3067 1289 35.9026
34.4237 1241 35.2278
34.5407 1389 37.2693
34.6577 1307 36.1525
34.7746 1197 34.5977
34.8915 1168 34.176
35.0084 1096 33.1059
35.1252 1083 32.909
35.242 1107 33.2716
35.3587 1015 31.8591
35.4755 995 31.5436
35.5921 1090 33.0151
35.7088 1031 32.1092
35.8254 1108 33.2866
35.9419 1097 33.121
36.0584 1168 34.176
36.1749 1198 34.6121
36.2913 1208 34.7563
36.4077 1149 33.8969
36.524 1108 33.2866
36.6403 1146 33.8526
36.7565 1150 33.9116
36.8727 1132 33.6452
36.9889 1136 33.7046
37.1049 1189 34.4819
37.221 0 1
37.3369 0 1
37.4529 0 1
37.5687 0 1
37.6845 0 1
37.8003 0 1
37.916 0 1
38.0316 0 1
38.1472 0 1
40.5851 0 1
40.7008 0 1
40.8164 0 1
40.9322 0 1
41.048 0 1
41.1639 0 1
41.2798 0 1
41.3958 0 1
41.5118 0 1
41.6279 0 1
41.744 885 29.7489
41.8602 1013 31.8277
41.9765 1002 31.6544
42.0928 1003 31.6702
42.2091 976 31.241
42.3255 1032 32.1248
42.4419 1002 31.6544
42.5584 1061 32.573
42.675 1048 32.3728
42.7915 1116 33.4066
42.9081 1065 32.6343
43.0248 1113 33.3617
43.1415 1108 33.2866
43.2582 1136 33.7046
43.375 1075 32.7872
43.4918 1134 33.6749
43.6087 1196 34.5832
43.7256 1103 33.2114
43.8425 1042 32.28
43.9595 997 31.5753
44.0765 994 31.5278
44.1935 1044 32.311
44.3106 981 31.3209
44.4277 1013 31.8277
44.5448 966 31.0805
44.6619 1003 31.6702
44.7791 943 30.7083
44.8963 903 30.05
45.0136 911 30.1828
45.1308 878 29.6311
45.2481 870 29.4958
45.3654 819 28.6182
45.4827 838 28.9482
45.6001 818 28.6007
45.7174 840 28.9828
45.8348 792 28.1425
45.9522 758 27.5318
46.0697 801 28.3019
46.1871 776 27.8568
46.3046 753 27.4408
46.422 764 27.6405
46.5395 747 27.3313
46.657 693 26.3249
46.7745 794 28.178
46.892 739 27.1846
47.0096 785 28.0179
47.1271 714 26.7208
47.2446 767 27.6948
47.3622 736 27.1293
47.4797 712 26.6833
47.5973 694 26.3439
47.7149 675 25.9808
47.8324 669 25.865
47.95 678 26.0384
48.0675 600 24.4949
48.1851 623 24.96
48.3027 576 24
48.4202 675 25.9808
48.5378 639 25.2784
48.6554 645 25.3969
48.7729 635 25.1992
48.8904 605 24.5967
49.008 595 24.3926
49.1255 589 24.2693
49.243 597 24.4336
49.3605 614 24.779
49.478 592 24.3311
49.5955 647 25.4362
49.713 578 24.0416
49.8304 623 24.96
49.9479 645 25.3969
50.0653 663 25.7488
50.1827 628 25.0599
50.3001 701 26.4764
50.4175 610 24.6982
50.5348 688 26.2298
50.6521 685 26.1725
50.7694 683 26.1343
50.8867 735 27.1109
51.004 731 27.037
51.1212 725 26.9258
51.2384 704 26.533
51.3556 782 27.9643
51.4727 801 28.3019
51.5899 760 27.5681
51.707 797 28.2312
51.824 771 27.7669
51.9411 792 28.1425
52.0581 814 28.5307
52.175 794 28.178
52.2919 814 28.5307
52.4088 795 28.1957
52.5257 728 26.9815
52.6425 820 28.6356
52.7593 801 28.3019
52.876 778 27.8927
52.9927 824 28.7054
53.1094 804 28.3549
53.226 838 28.9482
53.3426 890 29.8329
53.4591 935 30.5778
53.5756 889 29.8161
53.692 945 30.7409
53.8084 928 30.4631
53.9248 938 30.6268
54.0411 962 31.0161
54.1573 928 30.4631
54.2735 0 1
54.3896 0 1
54.5057 0 1
54.6217 0 1
54.7377 0 1
54.8537 0 1
54.9695 0 1
55.0853 0 1
55.2011 0 1
55.3168 0 1
55.4324 0 1
57.824 0 1
57.9396 0 1
58.0553 0 1
58.1711 0 1
58.2869 0 1
58.4028 0 1
58.5187 0 1
58.6347 0 1
58.7508 0 1
58.8669 0 1
58.983 1129 33.6006
59.0992 1111 33.3317
59.2155 1099 33.1512
59.3318 1187 34.4529
59.4482 1228 35.0428
59.5646 1258 35.4683
59.681 1287 35.8748
59.7975 1233 35.1141
59.9141 1319 36.318
60.0306 1214 34.8425
60.1473 1194 34.5543
60.2639 1229 35.0571
60.3807 1197 34.5977
60.4974 1160 34.0588
60.6142 1096 33.1059
60.731 1161 34.0735
60.8479 992 31.496
60.9648 964 31.0483
61.0818 950 30.8221
61.1987 945 30.7409
61.3158 937 30.6105
61.4328 1023 31.9844
61.5499 1020 31.9374
61.667 1037 32.2025
61.7841 1001 31.6386
61.9013 992 31.496
62.0185 999 31.607
62.1357 1095 33.0908
62.253 1011 31.7962
62.3702 1064 32.619
62.4875 1075 32.7872
62.6049 1152 33.9411
62.7222 1187 34.4529
62.8396 1128 33.5857
62.9569 1195 34.5688
63.0743 1222 34.9571
63.1918 1257 35.4542
63.3092 1283 35.819
63.4267 1163 34.1028
63.5441 1169 34.1906
63.6616 1175 34.2783
63.7791 1152 33.9411
63.8966 1070 32.7109
64.0142 1073 32.7567
64.1317 1037 32.2025
64.2492 925 30.4138
64.3668 845 29.0689
64.4843 884 29.7321
64.6019 881 29.6816
64.7195 926 30.4302
64.837 880 29.6648
64.9546 915 30.249
65.0722 965 31.0644
65.1898 972 31.1769
65.3074 884 29.7321
65.4249 959 30.9677
65.5425 939 30.6431
65.6601 992 31.496
65.7777 1002 31.6544
65.8952 970 31.1448
66.0128 999 31.607
66.1304 1072 32.7414
66.2479 1010 31.7805
66.3655 1128 33.5857
66.483 1210 34.7851
66.6005 1138 33.7343
66.718 1117 33.4215
66.8355 1210 34.7851
66.953 1156 34
67.0705 1172 34.2345
67.1879 1095 33.0908
67.3054 1158 34.0294
67.4228 1081 32.8786
67.5402 1022 31.9687
67.6576 962 31.0161
67.7749 851 29.1719
67.8923 844 29.0517
68.0096 836 28.9137
68.1269 845 29.0689
68.2442 885 29.7489
68.3614 835 28.8964
68.4787 840 28.9828
68.5958 914 30.2324
68.713 978 31.273
68.8302 946 30.7571
68.9473 901 30.0167
69.0643 948 30.7896
69.1814 985 31.3847
69.2984 1032 32.1248
69.4154 1044 32.311
69.5323 1025 32.0156
69.6492 1123 33.5112
69.7661 1090 33.0151
69.8829 1098 33.1361
69.9997 1204 34.6987
70.1165 1266 35.5809
70.2332 1261 35.5106
70.3499 1273 35.6791
70.4665 1291 35.9305
70.5831 1259 35.4824
70.6996 1242 35.242
70.8161 1186 34.4384
70.9326 1149 33.8969
71.049 993 31.5119
71.1653 922 30.3645
71.2817 934 30.5614
71.3979 830 28.8097
71.5141 901 30.0167
71.6303 861 29.3428
71.7464 859 29.3087
71.8624 0 1
71.9784 0 1
72.0944 0 1
72.2102 0 1
72.3261 0 1
72.4418 0 1
72.5575 0 1
72.6732 0 1
75.1054 0 1
75.2209 0 1
75.3365 0 1
75.4521 0 1
75.5678 0 1
75.6835 0 1
75.7993 0 1
75.9151 0 1
76.031 0 1
76.147 1028 32.0624
76.263 1067 32.665
76.3791 956 30.9192
76.4952 941 30.6757
76.6113 929 30.4795
76.7276 882 29.6985
76.8438 892 29.8664
76.9601 936 30.5941
77.0765 931 30.5123
77.1929 901 30.0167
77.3093 890 29.8329
77.4258 1006 31.7175
77.5423 1010 31.7805
77.6589 992 31.496
77.7755 980 31.305
77.8921 964 31.0483
78.0088 961 31
78.1256 971 31.1609
78.2423 1020 31.9374
78.3591 1024 32
78.4759 1063 32.6037
78.5928 1078 32.8329
78.7097 1141 33.7787
78.8266 1208 34.7563
78.9436 1266 35.5809
79.0606 1212 34.8138
79.1776 1254 35.4119
79.2946 1233 35.1141
79.4117 1342 36.6333
79.5288 1292 35.9444
79.6459 1190 34.4964
79.7631 1222 34.9571
79.8802 1133 33.6601
79.9974 989 31.4484
80.1147 1002 31.6544
80.2319 971 31.1609
80.3491 940 30.6594
80.4664 947 30.7734
80.5837 899 29.9833
80.701 915 30.249
80.8183 920 30.3315
80.9357 930 30.4959
81.053 896 29.9333
81.1704 946 30.7571
81.2877 972 31.1769
81.4051 959 30.9677
81.5225 945 30.7409
81.6399 929 30.4795
81.7573 982 31.3369
81.8747 909 30.1496
81.9922 962 31.0161
82.1096 1044 32.311
82.227 1083 32.909
82.3444 1127 33.5708
82.4619 1209 34.7707
82.5793 1277 35.7351
82.6967 1249 35.3412
82.8142 1263 35.5387
82.9316 1224 34.9857
83.049 1207 34.7419
83.1664 1255 35.426
83.2838 1222 34.9571
83.4012 1119 33.4515
83.5186 1013 31.8277
83.636 974 31.209
83.7534 931 30.5123
83.8708 960 30.9839
83.9881 952 30.8545
84.1055 883 29.7153
84.2228 1007 31.7333
84.3401 985 31.3847
84.4575 941 30.6757
84.5747 948 30.7896
84.692 1005 31.7017
84.8093 1053 32.45
84.9265 1010 31.7805
85.0437 1063 32.6037
85.1609 994 31.5278
85.2781 1013 31.8277
85.3952 1032 32.1248
85.5123 1014 31.8434
85.6294 1094 33.0757
85.7465 1060 32.5576
85.8636 1258 35.4683
85.9806 1302 36.0832
86.0976 1264 35.5528
86.2145 1320 36.3318
86.3315 1269 35.623
86.4484 1409 37.5366
86.5652 1395 37.3497
86.682 1356 36.8239
86.7988 1316 36.2767
86.9156 1267 35.5949
87.0323 1249 35.3412
87.149 1105 33.2415
87.2657 1078 32.8329
87.3823 1092 33.0454
87.4988 1075 32.7872
87.6154 1044 32.311
87.7318 1071 32.7261
87.8483 1013 31.8277
87.9647 990 31.4643
88.081 1012 31.8119
88.1973 1073 32.7567
88.3136 1078 32.8329
88.4298 1124 33.5261
88.546 1122 33.4963
88.6621 1022 31.9687
88.7781 995 31.5436
88.8942 0 1
89.0101 0 1
89.126 0 1
89.2419 0 1
89.3577 0 1
89.4734 0 1
89.5891 0 1
89.7047 0 1
89.8203 0 1
89.9358 0 1
92.3269 0 1
92.4424 0 1
92.558 0 1
92.6736 0 1
92.7893 0 1
92.905 0 1
93.0208 0 1
93.1366 0 1
93.2525 0 1
93.3685 0 1
93.4845 0 1
93.6005 995 31.5436
93.7167 1080 32.8634
93.8328 1070 32.7109
93.949 1034 32.1559
94.0653 953 30.8707
94.1816 940 30.6594
94.2979 1046 32.3419
94.4143 1095 33.0908
94.5307 1112 33.3467
94.6472 1100 33.1662
94.7637 1223 34.9714
94.8803 1233 35.1141
94.9969 1279 35.7631
95.1135 1340 36.606
95.2302 1269 35.623
95.3469 1346 36.6879
95.4637 1318 36.3043
95.5805 1276 35.7211
95.6973 1284 35.8329
95.8142 1263 35.5387
95.9311 1210 34.7851
96.048 1131 33.6303
96.1649 1142 33.7935
96.2819 1051 32.4191
96.3989 1088 32.9848
96.516 1032 32.1248
96.633 1024 32
96.7501 1021 31.9531
96.8673 961 31
96.9844 982 31.3369
97.1016 990 31.4643
97.2188 1022 31.9687
97.336 1094 33.0757
97.4532 1070 32.7109
97.5704 1061 32.573
97.6877 1030 32.0936
97.805 1018 31.9061
97.9223 972 31.1769
98.0396 951 30.8383
98.1569 1047 32.3574
98.2743 1043 32.2955
98.3916 1159 34.0441
98.509 1177 34.3074
98.6264 1142 33.7935
98.7438 1268 35.609
98.8612 1283 35.819
98.9786 1276 35.7211
99.096 1249 35.3412
99.2134 1300 36.0555
99.3308 1307 36.1525
99.4482 1282 35.805
99.5656 1198 34.6121
99.6831 1173 34.2491
99.8005 1122 33.4963
99.9179 1090 33.0151
100.035 1041 32.2645
100.153 996 31.5595
100.27 992 31.496
100.388 974 31.209
100.505 942 30.692
100.622 942 30.692
100.74 973 31.1929
100.857 997 31.5753
100.975 996 31.5595
101.092 962 31.0161
101.209 949 30.8058
101.327 952 30.8545
101.444 985 31.3847
101.561 995 31.5436
101.679 1036 32.187
101.796 1033 32.1403
101.913 1083 32.909
102.03 1186 34.4384
102.148 1192 34.5254
102.265 1172 34.2345
102.382 1356 36.8239
102.499 1322 36.3593
102.616 1307 36.1525
102.733 1309 36.1801
102.851 1341 36.6197
102.968 1420 37.6829
103.085 1267 35.5949
103.202 1244 35.2704
103.319 1233 35.1141
103.436 1158 34.0294
103.552 1092 33.0454
103.669 1159 34.0441
103.786 1110 33.3167
103.903 1082 32.8938
104.02 1080 32.8634
104.137 1107 33.2716
104.253 1168 34.176
104.37 1122 33.4963
104.487 1087 32.9697
104.603 1084 32.9242
104.72 1007 31.7333
104.836 989 31.4484
104.953 1084 32.9242
105.069 1073 32.7567
105.186 1124 33.5261
105.302 1148 33.8821
105.418 1296 36
105.535 1318 36.3043
105.651 1360 36.8782
105.767 1343 36.647
105.883 1329 36.4555
105.999 1362 36.9053
106.115 0 1
106.231 0 1
106.347 0 1
106.463 0 1
106.579 0 1
106.694 0 1
106.81 0 1
106.926 0 1
107.041 0 1
107.157 0 1
109.576 0 1
109.692 0 1
109.807 0 1
109.923 0 1
110.039 0 1
110.155 0 1
110.27 0 1
110.386 0 1
110.502 0 1
110.618 1108 33.2866
110.735 1126 33.5559
110.851 1101 33.1813
110.967 1183 34.3948
111.083 1128 33.5857
111.199 1235 35.1426
111.316 1196 34.5832
111.432 1215 34.8569
111.549 1177 34.3074
111.665 1189 34.4819
111.782 1124 33.5261
111.898 1133 33.6601
112.015 1046 32.3419
112.132 1040 32.249
112.248 1002 31.6544
112.365 961 31
112.482 966 31.0805
112.599 897 29.95
112.716 883 29.7153
112.832 847 29.1033
112.949 871 29.5127
113.066 872 29.5296
113.183 838 28.9482
113.3 824 28.7054
113.417 791 28.1247
113.534 813 28.5132
113.652 897 29.95
113.769 813 28.5132
113.886 880 29.6648
114.003 919 30.315
114.12 878 29.6311
114.238 993 31.5119
114.355 973 31.1929
114.472 953 30.8707
114.589 922 30.3645
114.707 881 29.6816
114.824 911 30.1828
114.942 947 30.7734
115.059 958 30.9516
115.176 943 30.7083
115.294 925 30.4138
115.411 864 29.3939
115.529 848 29.1204
115.646 791 28.1247
115.764 815 28.5482
115.881 747 27.3313
115.999 798 28.2489
116.116 706 26.5707
116.234 728 26.9815
116.351 667 25.8263
116.469 633 25.1595
116.586 679 26.0576
116.704 682 26.1151
116.821 664 25.7682
116.939 668 25.8457
117.056 684 26.1534
117.174 692 26.3059
117.291 671 25.9037
117.409 717 26.7769
117.526 746 27.313
117.644 778 27.8927
117.761 761 27.5862
117.879 845 29.0689
117.996 744 27.2764
118.114 765 27.6586
118.231 738 27.1662
118.349 782 27.9643
118.466 784 28
118.584 874 29.5635
118.701 828 28.775
118.819 834 28.8791
118.936 827 28.7576
119.053 798 28.2489
119.171 848 29.1204
119.288 773 27.8029
119.405 767 27.6948
119.523 761 27.5862
119.64 764 27.6405
119.757 721 26.8514
119.875 732 27.0555
119.992 701 26.4764
120.109 707 26.5895
120.226 684 26.1534
120.343 749 27.3679
120.46 720 26.8328
120.578 675 25.9808
120.695 779 27.9106
120.812 788 28.0713
120.929 834 28.8791
121.046 878 29.6311
121.163 786 28.0357
121.279 817 28.5832
121.396 812 28.4956
121.513 912 30.1993
121.63 870 29.4958
121.747 839 28.9655
121.863 821 28.6531
121.98 834 28.8791
122.097 853 29.2062
122.213 929 30.4795
122.33 979 31.289
122.446 1028 32.0624
122.563 1005 31.7017
122.679 1029 32.078
122.795 1009 31.7648
122.912 977 31.257
123.028 983 31.3528
123.144 951 30.8383
123.26 918 30.2985
123.377 0 1
123.493 0 1
123.609 0 1
123.725 0 1
123.84 0 1
123.956 0 1
124.072 0 1
124.188 0 1
124.303 0 1
124.419 0 1
126.852 0 1
126.968 0 1
127.083 0 1
127.199 0 1
127.315 0 1
127.431 0 1
127.547 0 1
127.663 0 1
127.779 0 1
127.895 0 1
128.011 0 1
128.127 0 1
128.243 0 1
128.359 1151 33.9264
128.476 1100 33.1662
128.592 1071 32.7261
128.708 1120 33.4664
128.825 1025 32.0156
128.941 1040 32.249
129.058 965 31.0644
129.174 1002 31.6544
129.291 975 31.225
129.408 966 31.0805
129.524 925 30.4138
129.641 968 31.1127
129.758 974 31.209
129.875 922 30.3645
129.992 926 30.4302
130.108 940 30.6594
130.225 973 31.1929
130.342 978 31.273
130.459 1035 32.1714
130.576 994 31.5278
130.693 885 29.7489
130.81 751 27.4044
130.928 762 27.6043
131.045 846 29.0861
131.162 930 30.4959
131.279 1007 31.7333
131.396 1051 32.4191
131.513 1000 31.6228
131.631 981 31.3209
131.748 964 31.0483
131.865 915 30.249
131.983 1011 31.7962
132.1 944 30.7246
132.217 912 30.1993
132.335 975 31.225
132.452 905 30.0832
132.57 899 29.9833
132.687 839 28.9655
132.804 922 30.3645
132.922 870 29.4958
133.039 818 28.6007
133.157 818 28.6007
133.274 862 29.3598
133.392 841 29
133.509 826 28.7402
133.627 796 28.2135
133.744 832 28.8444
133.862 848 29.1204
133.979 824 28.7054
134.097 750 27.3861
134.214 764 27.6405
134.332 593 24.3516
134.449 568 23.8328
134.567 655 25.593
134.684 777 27.8747
134.802 761 27.5862
134.919 765 27.6586
135.037 790 28.1069
135.154 760 27.5681
135.272 749 27.3679
135.389 763 27.6225
135.507 746 27.313
135.624 726 26.9444
135.742 690 26.2679
135.859 685 26.1725
135.977 707 26.5895
136.094 682 26.1151
136.211 662 25.7294
136.329 680 26.0768
136.446 618 24.8596
136.564 631 25.1197
136.681 616 24.8193
136.798 604 24.5764
136.915 627 25.04
137.033 614 24.779
137.15 633 25.1595
137.267 589 24.2693
137.384 627 25.04
137.502 678 26.0384
137.619 642 25.3377
137.736 614 24.779
137.853 516 22.7156
137.97 420 20.4939
138.087 446 21.1187
138.204 585 24.1868
138.321 627 25.04
138.438 694 26.3439
138.555 665 25.7876
138.672 699 26.4386
138.788 761 27.5862
138.905 707 26.5895
139.022 680 26.0768
139.139 751 27.4044
139.255 723 26.8887
139.372 677 26.0192
139.488 724 26.9072
139.605 769 27.7308
139.721 756 27.4955
139.838 773 27.8029
139.954 775 27.8388
140.071 758 27.5318
140.187 714 26.7208
140.303 792 28.1425
140.419 762 27.6043
140.535 740 27.2029
140.652 744 27.2764
140.768 0 1
140.884 0 1
141 0 1
141.115 0 1
141.231 0 1
141.347 0 1
141.463 0 1
141.578 0 1
141.694 0 1
144.104 0 1
144.219 0 1
144.335 0 1
144.45 0 1
144.566 0 1
144.682 0 1
144.798 0 1
144.914 0 1
145.03 0 1
145.146 632 25.1396
145.262 610 24.6982
145.378 630 25.0998
145.494 572 23.9165
145.61 611 24.7184
145.726 573 23.9374
145.842 564 23.7487
145.959 552 23.4947
146.075 589 24.2693
146.192 613 24.7588
146.308 539 23.2164
146.425 508 22.5389
146.541 473 21.7486
146.658 436 20.8806
146.774 437 20.9045
146.891 457 21.3776
147.008 519 22.7816
147.125 534 23.1084
147.241 565 23.7697
147.358 537 23.1733
147.475 500 22.3607
147.592 535 23.1301
147.709 520 22.8035
147.826 500 22.3607
147.943 475 21.7945
148.06 491 22.1585
148.177 505 22.4722
148.294 457 21.3776
148.411 457 21.3776
148.528 477 21.8403
148.645 474 21.7715
148.762 424 20.5913
148.88 444 21.0713
148.997 465 21.5639
149.114 446 21.1187
149.231 417 20.4206
149.349 463 21.5174
149.466 440 20.9762
149.583 462 21.4942
149.701 428 20.6882
149.818 401 20.025
149.935 433 20.8087
150.053 397 19.9249
150.17 352 18.7617
150.287 323 17.9722
150.405 359 18.9473
150.522 405 20.1246
150.64 419 20.4695
150.757 425 20.6155
150.875 438 20.9284
150.992 401 20.025
151.11 449 21.1896
151.227 390 19.7484
151.344 432 20.7846
151.462 400 20
151.579 439 20.9523
151.697 368 19.1833
151.814 397 19.9249
151.932 421 20.5183
152.049 430 20.7364
152.167 393 19.8242
152.284 389 19.7231
152.402 406 20.1494
152.519 432 20.7846
152.636 401 20.025
152.754 373 19.3132
152.871 412 20.2978
152.989 386 19.6469
153.106 396 19.8997
153.223 398 19.9499
153.341 469 21.6564
153.458 434 20.8327
153.575 443 21.0476
153.693 396 19.8997
153.81 404 20.0998
153.927 389 19.7231
154.044 380 19.4936
154.162 467 21.6102
154.279 495 22.2486
154.396 472 21.7256
154.513 484 22
154.63 514 22.6716
154.747 504 22.4499
154.864 534 23.1084
154.981 528 22.9783
155.098 520 22.8035
155.215 479 21.8861
155.332 503 22.4277
155.449 510 22.5832
155.566 476 21.8174
155.683 470 21.6795
155.8 448 21.166
155.917 454 21.3073
156.033 452 21.2603
156.15 0 1
156.267 0 1
156.383 0 1
156.5 0 1
156.617 0 1
156.733 0 1
156.85 0 1
156.966 0 1
157.082 0 1
157.199 0 1
157.315 0 1
157.431 0 1
157.547 0 1
157.664 0 1
157.78 0 1
157.896 0 1
158.012 0 1
158.128 0 1
158.244 0 1
158.359 0 1
158.475 0 1
158.591 0 1
158.706 0 1
