
6.15755 0 1
6.2731 0 1
6.3887 0 1
6.50437 0 1
6.62009 0 1
6.73587 0 1
6.8517 0 1
6.96759 0 1
7.08353 0 1
7.19952 0 1
7.31557 0 1
7.43166 0 1
7.54781 0 1
7.664 0 1
7.78024 0 1
7.89653 0 1
8.01286 0 1
8.12924 0 1
8.24567 0 1
8.36213 0 1
8.47864 0 1
8.59519 0 1
8.71178 0 1
8.82841 0 1
8.94508 0 1
9.06179 0 1
9.17853 0 1
9.29531 0 1
9.41212 0 1
9.52897 0 1
9.64584 0 1
9.76276 0 1
9.8797 0 1
9.99667 0 1
10.1137 0 1
10.2307 0 1
10.3478 0 1
10.4648 0 1
10.5819 0 1
10.6991 0 1
10.8162 0 1
10.9334 0 1
11.0506 0 1
11.1678 0 1
11.285 0 1
11.4023 0 1
11.5196 0 1
11.6369 0 1
11.7542 0 1
11.8715 0 1
11.9888 0 1
12.1062 0 1
12.2235 0 1
12.3409 0 1
12.4582 0 1
12.5756 0 1
12.693 0 1
12.8104 0 1
12.9278 0 1
13.0452 0 1
13.1626 0 1
13.28 0 1
13.3974 0 1
13.5149 0 1
13.6323 0 1
13.7497 0 1
13.8671 0 1
13.9845 0 1
14.1019 0 1
14.2193 0 1
14.3367 0 1
14.4541 0 1
14.5714 0 1
14.6888 0 1
14.8062 0 1
14.9235 0 1
15.0408 0 0
15.1581 0 0
15.2755 0 0
15.3927 0 0
15.51 0 0
15.6273 0 0
15.7445 0 0
15.8617 0 0
15.9789 0 0
16.0961 0 0
16.2132 0 0
16.3304 0 0
16.4475 0 0
16.5646 0 0
16.6816 0 0
16.7986 0 0
16.9156 0 0
17.0326 0 0
17.1496 0 0
17.2665 0 0
17.3833 0 0
17.5002 0 0
17.617 0 0
17.7338 0 0
17.8505 0 0
17.9672 0 0
18.0839 0 0
18.2005 0 0
18.3171 0 0
18.4337 0 0
18.5502 0 0
18.6666 0 0
18.7831 0 0
18.8994 0 0
19.0158 0 0
19.1321 0 0
19.2483 0 0
19.3645 0 0
19.4806 0 0
19.5967 0 0
19.7128 0 0
19.8288 0 0
19.9447 0 0
20.0606 0 1
20.1764 0 1
20.2922 0 1
20.4079 0 1
20.5236 0 1
20.6392 0 1
20.7548 0 1
20.8702 0 1
23.3078 0 1
23.4233 0 1
23.539 0 1
23.6547 0 1
23.7704 0 1
23.8862 0 1
24.0021 0 1
24.118 0 1
24.234 0 1
24.35 0 1
24.4661 1771 42.0833
24.5822 1786 42.2611
24.6984 1897 43.5546
24.8146 1985 44.5533
24.9309 1889 43.4626
25.0472 1855 43.0697
25.1636 2006 44.7884
25.28 1972 44.4072
25.3965 2052 45.299
25.513 1953 44.1928
25.6296 2035 45.111
25.7462 1983 44.5309
25.8628 1921 43.8292
25.9795 1995 44.6654
26.0962 1889 43.4626
26.213 1845 42.9535
26.3298 1849 43
26.4466 1801 42.4382
26.5635 1720 41.4729
26.6804 1783 42.2256
26.7973 1790 42.3084
26.9143 1826 42.7317
27.0313 1668 40.8412
27.1483 1618 40.2244
27.2653 1526 39.064
27.3824 1527 39.0768
27.4996 1589 39.8623
27.6167 1708 41.328
27.7339 1743 41.7493
27.8511 1875 43.3013
27.9683 1868 43.2204
28.0855 1910 43.7035
28.2028 1960 44.2719
28.3201 1840 42.8952
28.4374 1885 43.4166
28.5547 1887 43.4396
28.6721 1854 43.0581
28.7894 1763 41.9881
28.9068 1828 42.7551
29.0242 1855 43.0697
29.1416 1827 42.7434
29.259 1762 41.9762
29.3764 1754 41.8808
29.4939 1657 40.7063
29.6113 1776 42.1426
29.7288 1803 42.4617
29.8463 1724 41.5211
29.9638 1750 41.833
30.0812 1729 41.5812
30.1987 1728 41.5692
30.3162 1719 41.4608
30.4337 1778 42.1663
30.5512 1677 40.9512
30.6687 1588 39.8497
30.7862 1595 39.9375
30.9037 1520 38.9872
31.0212 1680 40.9878
31.1387 1858 43.1045
31.2562 1854 43.0581
31.3737 1943 44.0795
31.4912 2009 44.8219
31.6087 1980 44.4972
31.7262 1912 43.7264
31.8436 1880 43.359
31.9611 1891 43.4856
32.0785 1756 41.9047
32.1959 1839 42.8836
32.3134 1804 42.4735
32.4308 1798 42.4028
32.5482 1698 41.2068
32.6655 1763 41.9881
32.7829 1581 39.7618
32.9002 1547 39.3319
33.0176 1616 40.1995
33.1349 1620 40.2492
33.2522 1635 40.4351
33.3694 1672 40.8901
33.4867 1669 40.8534
33.6039 1725 41.5331
33.7211 1699 41.2189
33.8383 1696 41.1825
33.9554 1766 42.0238
34.0725 1847 42.9767
34.1896 1762 41.9762
34.3067 1728 41.5692
34.4237 1618 40.2244
34.5407 1540 39.2428
34.6577 1582 39.7744
34.7746 1653 40.6571
34.8915 1770 42.0714
35.0084 1741 41.7253
35.1252 1784 42.2374
35.242 1768 42.0476
35.3587 1733 41.6293
35.4755 1743 41.7493
35.5921 1659 40.7308
35.7088 1648 40.5956
35.8254 1720 41.4729
35.9419 1662 40.7676
36.0584 1617 40.2119
36.1749 1639 40.4846
36.2913 1646 40.5709
36.4077 1621 40.2616
36.524 1620 40.2492
36.6403 1637 40.4599
36.7565 1586 39.8246
36.8727 1623 40.2865
36.9889 1608 40.0999
37.1049 1556 39.4462
37.221 0 1
37.3369 0 1
37.4529 0 1
37.5687 0 1
37.6845 0 1
37.8003 0 1
37.916 0 1
38.0316 0 1
38.1472 0 1
40.5851 0 1
40.7008 0 1
40.8164 0 1
40.9322 0 1
41.048 0 1
41.1639 0 1
41.2798 0 1
41.3958 0 1
41.5118 0 1
41.6279 0 1
41.744 1349 36.7287
41.8602 1475 38.4057
41.9765 1504 38.7814
42.0928 1462 38.2361
42.2091 1452 38.1051
42.3255 1476 38.4187
42.4419 1415 37.6165
42.5584 1397 37.3765
42.675 1482 38.4968
42.7915 1433 37.855
42.9081 1407 37.51
43.0248 1390 37.2827
43.1415 1288 35.8887
43.2582 1181 34.3657
43.375 1177 34.3074
43.4918 1204 34.6987
43.6087 1367 36.973
43.7256 1298 36.0278
43.8425 1380 37.1484
43.9595 1303 36.0971
44.0765 1392 37.3095
44.1935 1348 36.7151
44.3106 1321 36.3456
44.4277 1355 36.8103
44.5448 1334 36.524
44.6619 1301 36.0694
44.7791 1291 35.9305
44.8963 1341 36.6197
45.0136 1290 35.9166
45.1308 1287 35.8748
45.2481 1311 36.2077
45.3654 1311 36.2077
45.4827 1234 35.1283
45.6001 1263 35.5387
45.7174 1282 35.805
45.8348 1227 35.0286
45.9522 1178 34.322
46.0697 1195 34.5688
46.1871 1147 33.8674
46.3046 1094 33.0757
46.422 1102 33.1964
46.5395 1038 32.218
46.657 1054 32.4654
46.7745 961 31
46.892 892 29.8664
47.0096 947 30.7734
47.1271 988 31.4325
47.2446 966 31.0805
47.3622 1022 31.9687
47.4797 947 30.7734
47.5973 1033 32.1403
47.7149 1005 31.7017
47.8324 1007 31.7333
47.95 969 31.1288
48.0675 962 31.0161
48.1851 899 29.9833
48.3027 994 31.5278
48.4202 962 31.0161
48.5378 1015 31.8591
48.6554 938 30.6268
48.7729 994 31.5278
48.8904 1007 31.7333
49.008 995 31.5436
49.1255 993 31.5119
49.243 1017 31.8904
49.3605 1041 32.2645
49.478 1045 32.3265
49.5955 1072 32.7414
49.713 1066 32.6497
49.8304 998 31.5911
49.9479 1062 32.5883
50.0653 990 31.4643
50.1827 1002 31.6544
50.3001 901 30.0167
50.4175 853 29.2062
50.5348 841 29
50.6521 926 30.4302
50.7694 1070 32.7109
50.8867 1091 33.0303
51.004 1228 35.0428
51.1212 1173 34.2491
51.2384 1258 35.4683
51.3556 1261 35.5106
51.4727 1268 35.609
51.5899 1307 36.1525
51.707 1275 35.7071
51.824 1319 36.318
51.9411 1325 36.4005
52.0581 1334 36.524
52.175 1392 37.3095
52.2919 1404 37.47
52.4088 1349 36.7287
52.5257 1460 38.2099
52.6425 1443 37.9868
52.7593 1404 37.47
52.876 1420 37.6829
52.9927 1459 38.1969
53.1094 1354 36.7967
53.226 1444 38
53.3426 1364 36.9324
53.4591 1399 37.4032
53.5756 1546 39.3192
53.692 1391 37.2961
53.8084 1374 37.0675
53.9248 1290 35.9166
54.0411 1133 33.6601
54.1573 1166 34.1467
54.2735 0 1
54.3896 0 1
54.5057 0 1
54.6217 0 1
54.7377 0 1
54.8537 0 1
54.9695 0 1
55.0853 0 1
55.2011 0 1
55.3168 0 1
55.4324 0 1
57.824 0 1
57.9396 0 1
58.0553 0 1
58.1711 0 1
58.2869 0 1
58.4028 0 1
58.5187 0 1
58.6347 0 1
58.7508 0 1
58.8669 0 1
58.983 1561 39.5095
59.0992 1518 38.9615
59.2155 1410 37.55
59.3318 1460 38.2099
59.4482 1465 38.2753
59.5646 1592 39.8999
59.681 1583 39.7869
59.7975 1665 40.8044
59.9141 1692 41.1339
60.0306 1795 42.3674
60.1473 1701 41.2432
60.2639 1758 41.9285
60.3807 1706 41.3038
60.4974 1745 41.7732
60.6142 1765 42.0119
60.731 1712 41.3763
60.8479 1792 42.332
60.9648 1712 41.3763
61.0818 1795 42.3674
61.1987 1704 41.2795
61.3158 1721 41.4849
61.4328 1595 39.9375
61.5499 1724 41.5211
61.667 1718 41.4488
61.7841 1624 40.2989
61.9013 1693 41.1461
62.0185 1680 40.9878
62.1357 1622 40.2741
62.253 1595 39.9375
62.3702 1580 39.7492
62.4875 1521 39
62.6049 1484 38.5227
62.7222 1387 37.2424
62.8396 1461 38.223
62.9569 1450 38.0789
63.0743 1629 40.3609
63.1918 1600 40
63.3092 1631 40.3856
63.4267 1702 41.2553
63.5441 1717 41.4367
63.6616 1695 41.1704
63.7791 1708 41.328
63.8966 1601 40.0125
64.0142 1670 40.8656
64.1317 1545 39.3065
64.2492 1634 40.4228
64.3668 1643 40.5339
64.4843 1631 40.3856
64.6019 1692 41.1339
64.7195 1722 41.497
64.837 1641 40.5093
64.9546 1660 40.7431
65.0722 1673 40.9023
65.1898 1614 40.1746
65.3074 1651 40.6325
65.4249 1689 41.0974
65.5425 1605 40.0625
65.6601 1622 40.2741
65.7777 1621 40.2616
65.8952 1582 39.7744
66.0128 1558 39.4715
66.1304 1364 36.9324
66.2479 1308 36.1663
66.3655 1341 36.6197
66.483 1353 36.7831
66.6005 1475 38.4057
66.718 1483 38.5097
66.8355 1511 38.8716
66.953 1635 40.4351
67.0705 1630 40.3733
67.1879 1600 40
67.3054 1603 40.0375
67.4228 1612 40.1497
67.5402 1624 40.2989
67.6576 1562 39.5221
67.7749 1686 41.0609
67.8923 1666 40.8167
68.0096 1681 41
68.1269 1643 40.5339
68.2442 1629 40.3609
68.3614 1674 40.9145
68.4787 1666 40.8167
68.5958 1632 40.398
68.713 1658 40.7185
68.8302 1654 40.6694
68.9473 1653 40.6571
69.0643 1599 39.9875
69.1814 1630 40.3733
69.2984 1632 40.398
69.4154 1659 40.7308
69.5323 1562 39.5221
69.6492 1574 39.6737
69.7661 1504 38.7814
69.8829 1350 36.7423
69.9997 1354 36.7967
70.1165 1384 37.2022
70.2332 1496 38.6782
70.3499 1484 38.5227
70.4665 1526 39.064
70.5831 1562 39.5221
70.6996 1537 39.2046
70.8161 1617 40.2119
70.9326 1641 40.5093
71.049 1720 41.4729
71.1653 1606 40.0749
71.2817 1616 40.1995
71.3979 1578 39.724
71.5141 1619 40.2368
71.6303 1590 39.8748
71.7464 1456 38.1576
71.8624 0 1
71.9784 0 1
72.0944 0 1
72.2102 0 1
72.3261 0 1
72.4418 0 1
72.5575 0 1
72.6732 0 1
75.1054 0 1
75.2209 0 1
75.3365 0 1
75.4521 0 1
75.5678 0 1
75.6835 0 1
75.7993 0 1
75.9151 0 1
76.031 0 1
76.147 1408 37.5233
76.263 1560 39.4968
76.3791 1534 39.1663
76.4952 1555 39.4335
76.6113 1550 39.37
76.7276 1652 40.6448
76.8438 1559 39.4842
76.9601 1659 40.7308
77.0765 1595 39.9375
77.1929 1598 39.975
77.3093 1622 40.2741
77.4258 1620 40.2492
77.5423 1726 41.5452
77.6589 1573 39.6611
77.7755 1661 40.7554
77.8921 1575 39.6863
78.0088 1592 39.8999
78.1256 1606 40.0749
78.2423 1603 40.0375
78.3591 1546 39.3192
78.4759 1627 40.3361
78.5928 1562 39.5221
78.7097 1578 39.724
78.8266 1542 39.2683
78.9436 1252 35.3836
79.0606 1192 34.5254
79.1776 1168 34.176
79.2946 1414 37.6032
79.4117 1498 38.704
79.5288 1482 38.4968
79.6459 1522 39.0128
79.7631 1588 39.8497
79.8802 1509 38.8458
79.9974 1597 39.9625
80.1147 1678 40.9634
80.2319 1601 40.0125
80.3491 1575 39.6863
80.4664 1584 39.7995
80.5837 1606 40.0749
80.701 1689 41.0974
80.8183 1633 40.4104
80.9357 1566 39.5727
81.053 1643 40.5339
81.1704 1657 40.7063
81.2877 1700 41.2311
81.4051 1579 39.7366
81.5225 1699 41.2189
81.6399 1528 39.0896
81.7573 1614 40.1746
81.8747 1602 40.025
81.9922 1558 39.4715
82.1096 1517 38.9487
82.227 1575 39.6863
82.3444 1473 38.3797
82.4619 1556 39.4462
82.5793 1425 37.7492
82.6967 1270 35.6371
82.8142 1219 34.9142
82.9316 1333 36.5103
83.049 1322 36.3593
83.1664 1457 38.1707
83.2838 1474 38.3927
83.4012 1454 38.1314
83.5186 1529 39.1024
83.636 1556 39.4462
83.7534 1546 39.3192
83.8708 1471 38.3536
83.9881 1548 39.3446
84.1055 1593 39.9124
84.2228 1567 39.5854
84.3401 1551 39.3827
84.4575 1586 39.8246
84.5747 1576 39.6989
84.692 1637 40.4599
84.8093 1558 39.4715
84.9265 1579 39.7366
85.0437 1628 40.3485
85.1609 1585 39.8121
85.2781 1695 41.1704
85.3952 1617 40.2119
85.5123 1530 39.1152
85.6294 1617 40.2119
85.7465 1561 39.5095
85.8636 1527 39.0768
85.9806 1505 38.7943
86.0976 1499 38.7169
86.2145 1285 35.8469
86.3315 1259 35.4824
86.4484 1423 37.7227
86.5652 1444 38
86.682 1458 38.1838
86.7988 1507 38.8201
86.9156 1573 39.6611
87.0323 1589 39.8623
87.149 1649 40.6079
87.2657 1635 40.4351
87.3823 1643 40.5339
87.4988 1655 40.6817
87.6154 1650 40.6202
87.7318 1640 40.4969
87.8483 1634 40.4228
87.9647 1722 41.497
88.081 1687 41.0731
88.1973 1661 40.7554
88.3136 1776 42.1426
88.4298 1663 40.7799
88.546 1723 41.509
88.6621 1697 41.1947
88.7781 1575 39.6863
88.8942 0 1
89.0101 0 1
89.126 0 1
89.2419 0 1
89.3577 0 1
89.4734 0 1
89.5891 0 1
89.7047 0 1
89.8203 0 1
89.9358 0 1
92.3269 0 1
92.4424 0 1
92.558 0 1
92.6736 0 1
92.7893 0 1
92.905 0 1
93.0208 0 1
93.1366 0 1
93.2525 0 1
93.3685 0 1
93.4845 0 1
93.6005 1669 40.8534
93.7167 1584 39.7995
93.8328 1603 40.0375
93.949 1712 41.3763
94.0653 1656 40.694
94.1816 1715 41.4126
94.2979 1607 40.0874
94.4143 1646 40.5709
94.5307 1623 40.2865
94.6472 1673 40.9023
94.7637 1614 40.1746
94.8803 1587 39.8372
94.9969 1613 40.1622
95.1135 1622 40.2741
95.2302 1525 39.0512
95.3469 1531 39.128
95.4637 1382 37.1753
95.5805 1397 37.3765
95.6973 1454 38.1314
95.8142 1468 38.3145
95.9311 1459 38.1969
96.048 1545 39.3065
96.1649 1713 41.3884
96.2819 1734 41.6413
96.3989 1687 41.0731
96.516 1784 42.2374
96.633 1778 42.1663
96.7501 1747 41.7971
96.8673 1790 42.3084
96.9844 1750 41.833
97.1016 1867 43.2088
97.2188 1851 43.0232
97.336 1814 42.5911
97.4532 1721 41.4849
97.5704 1799 42.4146
97.6877 1811 42.5558
97.805 1841 42.9069
97.9223 1822 42.6849
98.0396 1784 42.2374
98.1569 1793 42.3438
98.2743 1740 41.7133
98.3916 1762 41.9762
98.509 1749 41.821
98.6264 1739 41.7013
98.7438 1608 40.0999
98.8612 1626 40.3237
98.9786 1608 40.0999
99.096 1496 38.6782
99.2134 1460 38.2099
99.3308 1509 38.8458
99.4482 1629 40.3609
99.5656 1709 41.3401
99.6831 1671 40.8779
99.8005 1640 40.4969
99.9179 1711 41.3642
100.035 1732 41.6173
100.153 1818 42.638
100.27 1830 42.7785
100.388 1831 42.7902
100.505 1820 42.6615
100.622 1963 44.3058
100.74 1835 42.8369
100.857 1844 42.9418
100.975 1877 43.3244
101.092 1797 42.391
101.209 1838 42.8719
101.327 1902 43.6119
101.444 1835 42.8369
101.561 1837 42.8602
101.679 1830 42.7785
101.796 1828 42.7551
101.913 1845 42.9535
102.03 1832 42.8019
102.148 1831 42.7902
102.265 1936 44
102.382 1702 41.2553
102.499 1764 42
102.616 1594 39.9249
102.733 1513 38.8973
102.851 1544 39.2938
102.968 1628 40.3485
103.085 1678 40.9634
103.202 1741 41.7253
103.319 1714 41.4005
103.436 1857 43.0929
103.552 1877 43.3244
103.669 1858 43.1045
103.786 1811 42.5558
103.903 1859 43.1161
104.02 1913 43.7379
104.137 2021 44.9555
104.253 1894 43.5201
104.37 1914 43.7493
104.487 1915 43.7607
104.603 1901 43.6005
104.72 1898 43.566
104.836 2021 44.9555
104.953 1939 44.0341
105.069 1807 42.5088
105.186 1973 44.4185
105.302 1980 44.4972
105.418 1848 42.9884
105.535 1975 44.441
105.651 1864 43.1741
105.767 1902 43.6119
105.883 1781 42.2019
105.999 1733 41.6293
106.115 0 1
106.231 0 1
106.347 0 1
106.463 0 1
106.579 0 1
106.694 0 1
106.81 0 1
106.926 0 1
107.041 0 1
107.157 0 1
109.576 0 1
109.692 0 1
109.807 0 1
109.923 0 1
110.039 0 1
110.155 0 1
110.27 0 1
110.386 0 1
110.502 0 1
110.618 1754 41.8808
110.735 1761 41.9643
110.851 1848 42.9884
110.967 1737 41.6773
111.083 1733 41.6293
111.199 1654 40.6694
111.316 1514 38.9102
111.432 1687 41.0731
111.549 1634 40.4228
111.665 1642 40.5216
111.782 1696 41.1825
111.898 1637 40.4599
112.015 1703 41.2674
112.132 1726 41.5452
112.248 1765 42.0119
112.365 1810 42.5441
112.482 1885 43.4166
112.599 1853 43.0465
112.716 1821 42.6732
112.832 1789 42.2966
112.949 1758 41.9285
113.066 1824 42.7083
113.183 1781 42.2019
113.3 1758 41.9285
113.417 1714 41.4005
113.534 1751 41.845
113.652 1735 41.6533
113.769 1799 42.4146
113.886 1767 42.0357
114.003 1641 40.5093
114.12 1731 41.6053
114.238 1654 40.6694
114.355 1598 39.975
114.472 1653 40.6571
114.589 1567 39.5854
114.707 1451 38.092
114.824 1455 38.1445
114.942 1407 37.51
115.059 1447 38.0395
115.176 1497 38.6911
115.294 1532 39.1408
115.411 1559 39.4842
115.529 1595 39.9375
115.646 1591 39.8873
115.764 1680 40.9878
115.881 1669 40.8534
115.999 1706 41.3038
116.116 1702 41.2553
116.234 1679 40.9756
116.351 1765 42.0119
116.469 1673 40.9023
116.586 1673 40.9023
116.704 1755 41.8927
116.821 1695 41.1704
116.939 1721 41.4849
117.056 1737 41.6773
117.174 1713 41.3884
117.291 1735 41.6533
117.409 1730 41.5933
117.526 1706 41.3038
117.644 1709 41.3401
117.761 1725 41.5331
117.879 1674 40.9145
117.996 1576 39.6989
118.114 1615 40.1871
118.231 1581 39.7618
118.349 1516 38.9358
118.466 1470 38.3406
118.584 1532 39.1408
118.701 1501 38.7427
118.819 1503 38.7685
118.936 1557 39.4588
119.053 1649 40.6079
119.171 1631 40.3856
119.288 1638 40.4722
119.405 1695 41.1704
119.523 1656 40.694
119.64 1760 41.9524
119.757 1685 41.0488
119.875 1757 41.9166
119.992 1696 41.1825
120.109 1673 40.9023
120.226 1734 41.6413
120.343 1743 41.7493
120.46 1704 41.2795
120.578 1713 41.3884
120.695 1672 40.8901
120.812 1637 40.4599
120.929 1709 41.3401
121.046 1716 41.4246
121.163 1639 40.4846
121.279 1706 41.3038
121.396 1673 40.9023
121.513 1669 40.8534
121.63 1667 40.8289
121.747 1702 41.2553
121.863 1645 40.5586
121.98 1547 39.3319
122.097 1505 38.7943
122.213 1416 37.6298
122.33 1435 37.8814
122.446 1434 37.8682
122.563 1461 38.223
122.679 1553 39.4081
122.795 1552 39.3954
122.912 1544 39.2938
123.028 1585 39.8121
123.144 1591 39.8873
123.26 1682 41.0122
123.377 0 1
123.493 0 1
123.609 0 1
123.725 0 1
123.84 0 1
123.956 0 1
124.072 0 1
124.188 0 1
124.303 0 1
124.419 0 1
126.852 0 1
126.968 0 1
127.083 0 1
127.199 0 1
127.315 0 1
127.431 0 1
127.547 0 1
127.663 0 1
127.779 0 1
127.895 0 1
128.011 0 1
128.127 0 1
128.243 0 1
128.359 1810 42.5441
128.476 1758 41.9285
128.592 1832 42.8019
128.708 1799 42.4146
128.825 1802 42.45
128.941 1835 42.8369
129.058 1892 43.4971
129.174 1867 43.2088
129.291 1865 43.1856
129.408 1906 43.6578
129.524 1960 44.2719
129.641 1901 43.6005
129.758 1996 44.6766
129.875 2006 44.7884
129.992 1922 43.8406
130.108 1868 43.2204
130.225 1920 43.8178
130.342 1867 43.2088
130.459 1788 42.2847
130.576 1991 44.6206
130.693 1837 42.8602
130.81 1838 42.8719
130.928 1761 41.9643
131.045 1634 40.4228
131.162 1510 38.8587
131.279 1597 39.9625
131.396 1655 40.6817
131.513 1705 41.2916
131.631 1665 40.8044
131.748 1734 41.6413
131.865 1751 41.845
131.983 1851 43.0232
132.1 1866 43.1972
132.217 1919 43.8064
132.335 1901 43.6005
132.452 1789 42.2966
132.57 1897 43.5546
132.687 1850 43.0116
132.804 1960 44.2719
132.922 1903 43.6234
133.039 1845 42.9535
133.157 1875 43.3013
133.274 1867 43.2088
133.392 1916 43.7721
133.509 1904 43.6348
133.627 1839 42.8836
133.744 1856 43.0813
133.862 1839 42.8836
133.979 1842 42.9185
134.097 1847 42.9767
134.214 1919 43.8064
134.332 1716 41.4246
134.449 1824 42.7083
134.567 1752 41.8569
134.684 1661 40.7554
134.802 1657 40.7063
134.919 1602 40.025
135.037 1585 39.8121
135.154 1653 40.6571
135.272 1742 41.7373
135.389 1797 42.391
135.507 1876 43.3128
135.624 1862 43.1509
135.742 1961 44.2832
135.859 2013 44.8665
135.977 1941 44.0568
136.094 1970 44.3847
136.211 1951 44.1701
136.329 2022 44.9667
136.446 1930 43.9318
136.564 2040 45.1664
136.681 1977 44.4635
136.798 1882 43.382
136.915 1966 44.3396
137.033 1905 43.6463
137.15 1866 43.1972
137.267 1885 43.4166
137.384 1944 44.0908
137.502 1833 42.8135
137.619 1829 42.7668
137.736 1946 44.1135
137.853 1807 42.5088
137.97 1788 42.2847
138.087 1909 43.6921
138.204 1655 40.6817
138.321 1685 41.0488
138.438 1649 40.6079
138.555 1668 40.8412
138.672 1778 42.1663
138.788 1755 41.8927
138.905 1834 42.8252
139.022 1916 43.7721
139.139 1918 43.795
139.255 1839 42.8836
139.372 2032 45.0777
139.488 1844 42.9418
139.605 1839 42.8836
139.721 1886 43.4281
139.838 1852 43.0349
139.954 1837 42.8602
140.071 1858 43.1045
140.187 1953 44.1928
140.303 1859 43.1161
140.419 1902 43.6119
140.535 1969 44.3734
140.652 1913 43.7379
140.768 0 1
140.884 0 1
141 0 1
141.115 0 1
141.231 0 1
141.347 0 1
141.463 0 1
141.578 0 1
141.694 0 1
144.104 0 1
144.219 0 1
144.335 0 1
144.45 0 1
144.566 0 1
144.682 0 1
144.798 0 1
144.914 0 1
145.03 0 1
145.146 1541 39.2556
145.262 1628 40.3485
145.378 1609 40.1123
145.494 1592 39.8999
145.61 1572 39.6485
145.726 1655 40.6817
145.842 1586 39.8246
145.959 1688 41.0853
146.075 1672 40.8901
146.192 1724 41.5211
146.308 1872 43.2666
146.425 1801 42.4382
146.541 1854 43.0581
146.658 1760 41.9524
146.774 1774 42.1189
146.891 1722 41.497
147.008 1706 41.3038
147.125 1558 39.4715
147.241 1601 40.0125
147.358 1576 39.6989
147.475 1649 40.6079
147.592 1633 40.4104
147.709 1630 40.3733
147.826 1640 40.4969
147.943 1643 40.5339
148.06 1540 39.2428
148.177 1497 38.6911
148.294 1536 39.1918
148.411 1536 39.1918
148.528 1555 39.4335
148.645 1474 38.3927
148.762 1443 37.9868
148.88 1597 39.9625
148.997 1470 38.3406
149.114 1597 39.9625
149.231 1597 39.9625
149.349 1599 39.9875
149.466 1559 39.4842
149.583 1557 39.4588
149.701 1632 40.398
149.818 1694 41.1582
149.935 1671 40.8779
150.053 1635 40.4351
150.17 1672 40.8901
150.287 1631 40.3856
150.405 1565 39.5601
150.522 1527 39.0768
150.64 1465 38.2753
150.757 1416 37.6298
150.875 1373 37.054
150.992 1445 38.0132
151.11 1433 37.855
151.227 1493 38.6394
151.344 1443 37.9868
151.462 1551 39.3827
151.579 1513 38.8973
151.697 1525 39.0512
151.814 1528 39.0896
151.932 1552 39.3954
152.049 1598 39.975
152.167 1601 40.0125
152.284 1555 39.4335
152.402 1563 39.5348
152.519 1571 39.6358
152.636 1580 39.7492
152.754 1624 40.2989
152.871 1579 39.7366
152.989 1675 40.9268
153.106 1618 40.2244
153.223 1609 40.1123
153.341 1590 39.8748
153.458 1608 40.0999
153.575 1622 40.2741
153.693 1605 40.0625
153.81 1667 40.8289
153.927 1611 40.1373
154.044 1580 39.7492
154.162 1492 38.6264
154.279 1450 38.0789
154.396 1510 38.8587
154.513 1492 38.6264
154.63 1457 38.1707
154.747 1521 39
154.864 1570 39.6232
154.981 1550 39.37
155.098 1629 40.3609
155.215 1574 39.6737
155.332 1632 40.398
155.449 1623 40.2865
155.566 1588 39.8497
155.683 1643 40.5339
155.8 1576 39.6989
155.917 1589 39.8623
156.033 1581 39.7618
156.15 0 1
156.267 0 1
156.383 0 1
156.5 0 1
156.617 0 1
156.733 0 1
156.85 0 1
156.966 0 1
157.082 0 1
157.199 0 1
157.315 0 1
157.431 0 1
157.547 0 1
157.664 0 1
157.78 0 1
157.896 0 1
158.012 0 1
158.128 0 1
158.244 0 1
158.359 0 1
158.475 0 1
158.591 0 1
158.706 0 1
