
6.15755 0 1
6.2731 0 1
6.3887 0 1
6.50437 0 1
6.62009 0 1
6.73587 0 1
6.8517 0 1
6.96759 0 1
7.08353 0 1
7.19952 0 1
7.31557 0 1
7.43166 0 1
7.54781 0 1
7.664 0 1
7.78024 0 1
7.89653 0 1
8.01286 0 1
8.12924 0 1
8.24567 0 1
8.36213 0 1
8.47864 0 1
8.59519 0 1
8.71178 0 1
8.82841 0 1
8.94508 0 1
9.06179 0 1
9.17853 0 1
9.29531 0 1
9.41212 0 1
9.52897 0 1
9.64584 0 1
9.76276 0 1
9.8797 0 1
9.99667 0 1
10.1137 0 1
10.2307 0 1
10.3478 0 1
10.4648 0 1
10.5819 0 1
10.6991 0 1
10.8162 0 1
10.9334 0 1
11.0506 0 1
11.1678 0 1
11.285 0 1
11.4023 0 1
11.5196 0 1
11.6369 0 1
11.7542 0 1
11.8715 0 1
11.9888 0 1
12.1062 0 1
12.2235 0 1
12.3409 0 1
12.4582 0 1
12.5756 0 1
12.693 0 1
12.8104 0 1
12.9278 0 1
13.0452 0 1
13.1626 0 1
13.28 0 1
13.3974 0 1
13.5149 0 1
13.6323 0 1
13.7497 0 1
13.8671 0 1
13.9845 0 1
14.1019 0 1
14.2193 0 1
14.3367 0 1
14.4541 0 1
14.5714 0 1
14.6888 0 1
14.8062 0 1
14.9235 0 1
15.0408 888 29.7993
15.1581 914 30.2324
15.2755 949 30.8058
15.3927 921 30.348
15.51 968 31.1127
15.6273 943 30.7083
15.7445 950 30.8221
15.8617 899 29.9833
15.9789 859 29.3087
16.0961 861 29.3428
16.2132 852 29.189
16.3304 867 29.4449
16.4475 867 29.4449
16.5646 852 29.189
16.6816 833 28.8617
16.7986 782 27.9643
16.9156 779 27.9106
17.0326 744 27.2764
17.1496 789 28.0891
17.2665 824 28.7054
17.3833 768 27.7128
17.5002 815 28.5482
17.617 792 28.1425
17.7338 823 28.688
17.8505 778 27.8927
17.9672 794 28.178
18.0839 756 27.4955
18.2005 742 27.2397
18.3171 758 27.5318
18.4337 745 27.2947
18.5502 765 27.6586
18.6666 793 28.1603
18.7831 778 27.8927
18.8994 743 27.258
19.0158 792 28.1425
19.1321 766 27.6767
19.2483 730 27.0185
19.3645 687 26.2107
19.4806 643 25.3574
19.5967 612 24.7386
19.7128 579 24.0624
19.8288 533 23.0868
19.9447 477 21.8403
20.0606 0 1
20.1764 0 1
20.2922 0 1
20.4079 0 1
20.5236 0 1
20.6392 0 1
20.7548 0 1
20.8702 0 1
23.3078 0 1
23.4233 0 1
23.539 0 1
23.6547 0 1
23.7704 0 1
23.8862 0 1
24.0021 0 1
24.118 0 1
24.234 0 1
24.35 0 1
24.4661 306 17.4929
24.5822 347 18.6279
24.6984 453 21.2838
24.8146 495 22.2486
24.9309 576 24
25.0472 722 26.8701
25.1636 737 27.1477
25.28 854 29.2233
25.3965 816 28.5657
25.513 866 29.4279
25.6296 844 29.0517
25.7462 855 29.2404
25.8628 905 30.0832
25.9795 920 30.3315
26.0962 849 29.1376
26.213 878 29.6311
26.3298 776 27.8568
26.4466 776 27.8568
26.5635 737 27.1477
26.6804 663 25.7488
26.7973 662 25.7294
26.9143 668 25.8457
27.0313 647 25.4362
27.1483 699 26.4386
27.2653 729 27
27.3824 699 26.4386
27.4996 744 27.2764
27.6167 759 27.55
27.7339 775 27.8388
27.8511 766 27.6767
27.9683 749 27.3679
28.0855 772 27.7849
28.2028 694 26.3439
28.3201 768 27.7128
28.4374 738 27.1662
28.5547 777 27.8747
28.6721 769 27.7308
28.7894 787 28.0535
28.9068 833 28.8617
29.0242 748 27.3496
29.1416 750 27.3861
29.259 758 27.5318
29.3764 765 27.6586
29.4939 717 26.7769
29.6113 716 26.7582
29.7288 722 26.8701
29.8463 722 26.8701
29.9638 668 25.8457
30.0812 635 25.1992
30.1987 602 24.5357
30.3162 591 24.3105
30.4337 643 25.3574
30.5512 675 25.9808
30.6687 704 26.533
30.7862 699 26.4386
30.9037 731 27.037
31.0212 758 27.5318
31.1387 828 28.775
31.2562 764 27.6405
31.3737 811 28.4781
31.4912 715 26.7395
31.6087 773 27.8029
31.7262 764 27.6405
31.8436 753 27.4408
31.9611 745 27.2947
32.0785 765 27.6586
32.1959 699 26.4386
32.3134 724 26.9072
32.4308 697 26.4008
32.5482 746 27.313
32.6655 695 26.3629
32.7829 710 26.6458
32.9002 688 26.2298
33.0176 660 25.6905
33.1349 673 25.9422
33.2522 656 25.6125
33.3694 660 25.6905
33.4867 672 25.923
33.6039 629 25.0799
33.7211 648 25.4558
33.8383 584 24.1661
33.9554 612 24.7386
34.0725 644 25.3772
34.1896 649 25.4755
34.3067 657 25.632
34.4237 649 25.4755
34.5407 629 25.0799
34.6577 705 26.5518
34.7746 738 27.1662
34.8915 738 27.1662
35.0084 734 27.0924
35.1252 678 26.0384
35.242 684 26.1534
35.3587 665 25.7876
35.4755 631 25.1197
35.5921 649 25.4755
35.7088 627 25.04
35.8254 671 25.9037
35.9419 668 25.8457
36.0584 665 25.7876
36.1749 632 25.1396
36.2913 604 24.5764
36.4077 594 24.3721
36.524 560 23.6643
36.6403 553 23.516
36.7565 493 22.2036
36.8727 477 21.8403
36.9889 433 20.8087
37.1049 416 20.3961
37.221 0 1
37.3369 0 1
37.4529 0 1
37.5687 0 1
37.6845 0 1
37.8003 0 1
37.916 0 1
38.0316 0 1
38.1472 0 1
40.5851 0 1
40.7008 0 1
40.8164 0 1
40.9322 0 1
41.048 0 1
41.1639 0 1
41.2798 0 1
41.3958 0 1
41.5118 0 1
41.6279 0 1
41.744 320 17.8885
41.8602 343 18.5203
41.9765 436 20.8806
42.0928 444 21.0713
42.2091 466 21.587
42.3255 479 21.8861
42.4419 462 21.4942
42.5584 472 21.7256
42.675 513 22.6495
42.7915 480 21.9089
42.9081 486 22.0454
43.0248 486 22.0454
43.1415 497 22.2935
43.2582 476 21.8174
43.375 510 22.5832
43.4918 520 22.8035
43.6087 503 22.4277
43.7256 505 22.4722
43.8425 553 23.516
43.9595 519 22.7816
44.0765 522 22.8473
44.1935 477 21.8403
44.3106 542 23.2809
44.4277 533 23.0868
44.5448 517 22.7376
44.6619 471 21.7025
44.7791 499 22.3383
44.8963 569 23.8537
45.0136 507 22.5167
45.1308 543 23.3024
45.2481 552 23.4947
45.3654 533 23.0868
45.4827 536 23.1517
45.6001 524 22.891
45.7174 513 22.6495
45.8348 507 22.5167
45.9522 448 21.166
46.0697 498 22.3159
46.1871 435 20.8567
46.3046 486 22.0454
46.422 495 22.2486
46.5395 447 21.1424
46.657 481 21.9317
46.7745 464 21.5407
46.892 515 22.6936
47.0096 517 22.7376
47.1271 533 23.0868
47.2446 531 23.0434
47.3622 477 21.8403
47.4797 556 23.5797
47.5973 530 23.0217
47.7149 485 22.0227
47.8324 492 22.1811
47.95 526 22.9347
48.0675 443 21.0476
48.1851 539 23.2164
48.3027 552 23.4947
48.4202 487 22.0681
48.5378 507 22.5167
48.6554 515 22.6936
48.7729 526 22.9347
48.8904 507 22.5167
49.008 470 21.6795
49.1255 483 21.9773
49.243 468 21.6333
49.3605 456 21.3542
49.478 439 20.9523
49.5955 378 19.4422
49.713 450 21.2132
49.8304 432 20.7846
49.9479 439 20.9523
50.0653 477 21.8403
50.1827 440 20.9762
50.3001 427 20.664
50.4175 453 21.2838
50.5348 425 20.6155
50.6521 476 21.8174
50.7694 492 22.1811
50.8867 506 22.4944
51.004 457 21.3776
51.1212 466 21.587
51.2384 476 21.8174
51.3556 438 20.9284
51.4727 433 20.8087
51.5899 484 22
51.707 472 21.7256
51.824 485 22.0227
51.9411 473 21.7486
52.0581 467 21.6102
52.175 430 20.7364
52.2919 465 21.5639
52.4088 470 21.6795
52.5257 485 22.0227
52.6425 489 22.1133
52.7593 455 21.3307
52.876 434 20.8327
52.9927 428 20.6882
53.1094 424 20.5913
53.226 417 20.4206
53.3426 401 20.025
53.4591 401 20.025
53.5756 385 19.6214
53.692 370 19.2354
53.8084 358 18.9209
53.9248 297 17.2337
54.0411 272 16.4924
54.1573 241 15.5242
54.2735 0 1
54.3896 0 1
54.5057 0 1
54.6217 0 1
54.7377 0 1
54.8537 0 1
54.9695 0 1
55.0853 0 1
55.2011 0 1
55.3168 0 1
55.4324 0 1
57.824 0 1
57.9396 0 1
58.0553 0 1
58.1711 0 1
58.2869 0 1
58.4028 0 1
58.5187 0 1
58.6347 0 1
58.7508 0 1
58.8669 0 1
58.983 380 19.4936
59.0992 434 20.8327
59.2155 502 22.4054
59.3318 538 23.1948
59.4482 581 24.1039
59.5646 623 24.96
59.681 669 25.865
59.7975 621 24.9199
59.9141 623 24.96
60.0306 711 26.6646
60.1473 654 25.5734
60.2639 657 25.632
60.3807 712 26.6833
60.4974 723 26.8887
60.6142 761 27.5862
60.731 696 26.3818
60.8479 706 26.5707
60.9648 696 26.3818
61.0818 654 25.5734
61.1987 684 26.1534
61.3158 629 25.0799
61.4328 632 25.1396
61.5499 590 24.2899
61.667 547 23.388
61.7841 559 23.6432
61.9013 587 24.2281
62.0185 551 23.4734
62.1357 551 23.4734
62.253 522 22.8473
62.3702 616 24.8193
62.4875 543 23.3024
62.6049 500 22.3607
62.7222 583 24.1454
62.8396 532 23.0651
62.9569 566 23.7908
63.0743 588 24.2487
63.1918 577 24.0208
63.3092 590 24.2899
63.4267 580 24.0832
63.5441 556 23.5797
63.6616 515 22.6936
63.7791 548 23.4094
63.8966 563 23.7276
64.0142 543 23.3024
64.1317 589 24.2693
64.2492 565 23.7697
64.3668 567 23.8118
64.4843 527 22.9565
64.6019 519 22.7816
64.7195 530 23.0217
64.837 509 22.561
64.9546 494 22.2261
65.0722 486 22.0454
65.1898 503 22.4277
65.3074 489 22.1133
65.4249 480 21.9089
65.5425 496 22.2711
65.6601 538 23.1948
65.7777 501 22.383
65.8952 517 22.7376
66.0128 508 22.5389
66.1304 517 22.7376
66.2479 540 23.2379
66.3655 537 23.1733
66.483 528 22.9783
66.6005 572 23.9165
66.718 538 23.1948
66.8355 538 23.1948
66.953 541 23.2594
67.0705 524 22.891
67.1879 565 23.7697
67.3054 545 23.3452
67.4228 555 23.5584
67.5402 553 23.516
67.6576 545 23.3452
67.7749 541 23.2594
67.8923 539 23.2164
68.0096 489 22.1133
68.1269 528 22.9783
68.2442 501 22.383
68.3614 538 23.1948
68.4787 499 22.3383
68.5958 428 20.6882
68.713 495 22.2486
68.8302 442 21.0238
68.9473 453 21.2838
69.0643 457 21.3776
69.1814 508 22.5389
69.2984 516 22.7156
69.4154 566 23.7908
69.5323 519 22.7816
69.6492 499 22.3383
69.7661 454 21.3073
69.8829 508 22.5389
69.9997 501 22.383
70.1165 498 22.3159
70.2332 471 21.7025
70.3499 424 20.5913
70.4665 413 20.3224
70.5831 386 19.6469
70.6996 411 20.2731
70.8161 410 20.2485
70.9326 350 18.7083
71.049 328 18.1108
71.1653 274 16.5529
71.2817 303 17.4069
71.3979 278 16.6733
71.5141 251 15.843
71.6303 226 15.0333
71.7464 190 13.784
71.8624 0 1
71.9784 0 1
72.0944 0 1
72.2102 0 1
72.3261 0 1
72.4418 0 1
72.5575 0 1
72.6732 0 1
75.1054 0 1
75.2209 0 1
75.3365 0 1
75.4521 0 1
75.5678 0 1
75.6835 0 1
75.7993 0 1
75.9151 0 1
76.031 0 1
76.147 339 18.412
76.263 353 18.7883
76.3791 391 19.7737
76.4952 441 21
76.6113 447 21.1424
76.7276 378 19.4422
76.8438 406 20.1494
76.9601 448 21.166
77.0765 443 21.0476
77.1929 464 21.5407
77.3093 400 20
77.4258 452 21.2603
77.5423 427 20.664
77.6589 385 19.6214
77.7755 409 20.2237
77.8921 387 19.6723
78.0088 397 19.9249
78.1256 389 19.7231
78.2423 417 20.4206
78.3591 459 21.4243
78.4759 450 21.2132
78.5928 438 20.9284
78.7097 408 20.199
78.8266 404 20.0998
78.9436 409 20.2237
79.0606 449 21.1896
79.1776 421 20.5183
79.2946 457 21.3776
79.4117 480 21.9089
79.5288 415 20.3715
79.6459 416 20.3961
79.7631 408 20.199
79.8802 461 21.4709
79.9974 466 21.587
80.1147 488 22.0907
80.2319 482 21.9545
80.3491 479 21.8861
80.4664 469 21.6564
80.5837 483 21.9773
80.701 462 21.4942
80.8183 431 20.7605
80.9357 447 21.1424
81.053 440 20.9762
81.1704 428 20.6882
81.2877 392 19.799
81.4051 400 20
81.5225 346 18.6011
81.6399 409 20.2237
81.7573 406 20.1494
81.8747 428 20.6882
81.9922 454 21.3073
82.1096 470 21.6795
82.227 429 20.7123
82.3444 476 21.8174
82.4619 440 20.9762
82.5793 462 21.4942
82.6967 425 20.6155
82.8142 471 21.7025
82.9316 463 21.5174
83.049 472 21.7256
83.1664 437 20.9045
83.2838 495 22.2486
83.4012 461 21.4709
83.5186 448 21.166
83.636 471 21.7025
83.7534 466 21.587
83.8708 524 22.891
83.9881 475 21.7945
84.1055 516 22.7156
84.2228 500 22.3607
84.3401 476 21.8174
84.4575 476 21.8174
84.5747 452 21.2603
84.692 411 20.2731
84.8093 428 20.6882
84.9265 463 21.5174
85.0437 438 20.9284
85.1609 448 21.166
85.2781 390 19.7484
85.3952 406 20.1494
85.5123 464 21.5407
85.6294 439 20.9523
85.7465 459 21.4243
85.8636 463 21.5174
85.9806 446 21.1187
86.0976 445 21.095
86.2145 459 21.4243
86.3315 481 21.9317
86.4484 486 22.0454
86.5652 459 21.4243
86.682 499 22.3383
86.7988 451 21.2368
86.9156 498 22.3159
87.0323 476 21.8174
87.149 480 21.9089
87.2657 492 22.1811
87.3823 467 21.6102
87.4988 427 20.664
87.6154 457 21.3776
87.7318 394 19.8494
87.8483 407 20.1742
87.9647 370 19.2354
88.081 383 19.5704
88.1973 293 17.1172
88.3136 252 15.8745
88.4298 284 16.8523
88.546 239 15.4596
88.6621 211 14.5258
88.7781 208 14.4222
88.8942 0 1
89.0101 0 1
89.126 0 1
89.2419 0 1
89.3577 0 1
89.4734 0 1
89.5891 0 1
89.7047 0 1
89.8203 0 1
89.9358 0 1
92.3269 0 1
92.4424 0 1
92.558 0 1
92.6736 0 1
92.7893 0 1
92.905 0 1
93.0208 0 1
93.1366 0 1
93.2525 0 1
93.3685 0 1
93.4845 0 1
93.6005 357 18.8944
93.7167 409 20.2237
93.8328 450 21.2132
93.949 440 20.9762
94.0653 436 20.8806
94.1816 424 20.5913
94.2979 444 21.0713
94.4143 402 20.0499
94.5307 431 20.7605
94.6472 417 20.4206
94.7637 488 22.0907
94.8803 492 22.1811
94.9969 458 21.4009
95.1135 476 21.8174
95.2302 526 22.9347
95.3469 491 22.1585
95.4637 486 22.0454
95.5805 485 22.0227
95.6973 503 22.4277
95.8142 521 22.8254
95.9311 478 21.8632
96.048 458 21.4009
96.1649 489 22.1133
96.2819 487 22.0681
96.3989 514 22.6716
96.516 535 23.1301
96.633 523 22.8692
96.7501 486 22.0454
96.8673 499 22.3383
96.9844 498 22.3159
97.1016 506 22.4944
97.2188 499 22.3383
97.336 428 20.6882
97.4532 475 21.7945
97.5704 485 22.0227
97.6877 470 21.6795
97.805 478 21.8632
97.9223 421 20.5183
98.0396 444 21.0713
98.1569 440 20.9762
98.2743 460 21.4476
98.3916 425 20.6155
98.509 489 22.1133
98.6264 503 22.4277
98.7438 538 23.1948
98.8612 469 21.6564
98.9786 496 22.2711
99.096 533 23.0868
99.2134 538 23.1948
99.3308 515 22.6936
99.4482 539 23.2164
99.5656 513 22.6495
99.6831 507 22.5167
99.8005 553 23.516
99.9179 534 23.1084
100.035 539 23.2164
100.153 578 24.0416
100.27 574 23.9583
100.388 531 23.0434
100.505 519 22.7816
100.622 519 22.7816
100.74 544 23.3238
100.857 507 22.5167
100.975 519 22.7816
101.092 498 22.3159
101.209 499 22.3383
101.327 478 21.8632
101.444 497 22.2935
101.561 430 20.7364
101.679 451 21.2368
101.796 477 21.8403
101.913 467 21.6102
102.03 510 22.5832
102.148 559 23.6432
102.265 553 23.516
102.382 500 22.3607
102.499 559 23.6432
102.616 626 25.02
102.733 568 23.8328
102.851 556 23.5797
102.968 576 24
103.085 555 23.5584
103.202 535 23.1301
103.319 551 23.4734
103.436 578 24.0416
103.552 591 24.3105
103.669 603 24.5561
103.786 613 24.7588
103.903 594 24.3721
104.02 588 24.2487
104.137 546 23.3666
104.253 569 23.8537
104.37 555 23.5584
104.487 523 22.8692
104.603 510 22.5832
104.72 490 22.1359
104.836 492 22.1811
104.953 427 20.664
105.069 432 20.7846
105.186 435 20.8567
105.302 435 20.8567
105.418 389 19.7231
105.535 359 18.9473
105.651 365 19.105
105.767 362 19.0263
105.883 298 17.2627
105.999 304 17.4356
106.115 0 1
106.231 0 1
106.347 0 1
106.463 0 1
106.579 0 1
106.694 0 1
106.81 0 1
106.926 0 1
107.041 0 1
107.157 0 1
109.576 0 1
109.692 0 1
109.807 0 1
109.923 0 1
110.039 0 1
110.155 0 1
110.27 0 1
110.386 0 1
110.502 0 1
110.618 306 17.4929
110.735 353 18.7883
110.851 387 19.6723
110.967 428 20.6882
111.083 445 21.095
111.199 465 21.5639
111.316 494 22.2261
111.432 547 23.388
111.549 523 22.8692
111.665 578 24.0416
111.782 510 22.5832
111.898 479 21.8861
112.015 461 21.4709
112.132 495 22.2486
112.248 533 23.0868
112.365 518 22.7596
112.482 540 23.2379
112.599 543 23.3024
112.716 514 22.6716
112.832 494 22.2261
112.949 486 22.0454
113.066 482 21.9545
113.183 491 22.1585
113.3 496 22.2711
113.417 489 22.1133
113.534 488 22.0907
113.652 460 21.4476
113.769 427 20.664
113.886 425 20.6155
114.003 410 20.2485
114.12 400 20
114.238 447 21.1424
114.355 475 21.7945
114.472 526 22.9347
114.589 446 21.1187
114.707 522 22.8473
114.824 470 21.6795
114.942 467 21.6102
115.059 472 21.7256
115.176 525 22.9129
115.294 476 21.8174
115.411 470 21.6795
115.529 433 20.8087
115.646 452 21.2603
115.764 478 21.8632
115.881 483 21.9773
115.999 507 22.5167
116.116 474 21.7715
116.234 537 23.1733
116.351 461 21.4709
116.469 480 21.9089
116.586 465 21.5639
116.704 448 21.166
116.821 446 21.1187
116.939 450 21.2132
117.056 482 21.9545
117.174 429 20.7123
117.291 440 20.9762
117.409 417 20.4206
117.526 387 19.6723
117.644 359 18.9473
117.761 421 20.5183
117.879 423 20.567
117.996 468 21.6333
118.114 459 21.4243
118.231 452 21.2603
118.349 430 20.7364
118.466 426 20.6398
118.584 497 22.2935
118.701 485 22.0227
118.819 462 21.4942
118.936 483 21.9773
119.053 422 20.5426
119.171 404 20.0998
119.288 432 20.7846
119.405 411 20.2731
119.523 395 19.8746
119.64 425 20.6155
119.757 469 21.6564
119.875 459 21.4243
119.992 444 21.0713
120.109 484 22
120.226 434 20.8327
120.343 431 20.7605
120.46 455 21.3307
120.578 450 21.2132
120.695 416 20.3961
120.812 478 21.8632
120.929 397 19.9249
121.046 388 19.6977
121.163 386 19.6469
121.279 366 19.1311
121.396 358 18.9209
121.513 346 18.6011
121.63 387 19.6723
121.747 412 20.2978
121.863 377 19.4165
121.98 385 19.6214
122.097 361 19
122.213 408 20.199
122.33 339 18.412
122.446 341 18.4662
122.563 343 18.5203
122.679 275 16.5831
122.795 265 16.2788
122.912 275 16.5831
123.028 263 16.2173
123.144 268 16.3707
123.26 249 15.7797
123.377 0 1
123.493 0 1
123.609 0 1
123.725 0 1
123.84 0 1
123.956 0 1
124.072 0 1
124.188 0 1
124.303 0 1
124.419 0 1
126.852 0 1
126.968 0 1
127.083 0 1
127.199 0 1
127.315 0 1
127.431 0 1
127.547 0 1
127.663 0 1
127.779 0 1
127.895 0 1
128.011 0 1
128.127 0 1
128.243 0 1
128.359 483 21.9773
128.476 455 21.3307
128.592 486 22.0454
128.708 485 22.0227
128.825 560 23.6643
128.941 519 22.7816
129.058 556 23.5797
129.174 513 22.6495
129.291 517 22.7376
129.408 555 23.5584
129.524 530 23.0217
129.641 554 23.5372
129.758 495 22.2486
129.875 539 23.2164
129.992 524 22.891
130.108 522 22.8473
130.225 544 23.3238
130.342 547 23.388
130.459 516 22.7156
130.576 538 23.1948
130.693 595 24.3926
130.81 706 26.5707
130.928 705 26.5518
131.045 702 26.4953
131.162 849 29.1376
131.279 786 28.0357
131.396 751 27.4044
131.513 815 28.5482
131.631 870 29.4958
131.748 1025 32.0156
131.865 1270 35.6371
131.983 1446 38.0263
132.1 1652 40.6448
132.217 1714 41.4005
132.335 1865 43.1856
132.452 2048 45.2548
132.57 2226 47.1805
132.687 2184 46.7333
132.804 2374 48.7237
132.922 2433 49.3254
133.039 2528 50.2792
133.157 2598 50.9706
133.274 2705 52.0096
133.392 2632 51.303
133.509 2635 51.3323
133.627 2693 51.8941
133.744 2710 52.0577
133.862 2725 52.2015
133.979 2732 52.2685
134.097 2650 51.4782
134.214 2807 52.9811
134.332 2783 52.7541
134.449 2716 52.1153
134.567 2841 53.301
134.684 2725 52.2015
134.802 2680 51.7687
134.919 2603 51.0196
135.037 2395 48.9387
135.154 2302 47.9792
135.272 2132 46.1736
135.389 2171 46.594
135.507 1599 39.9875
135.624 1047 32.3574
135.742 997 31.5753
135.859 1102 33.1964
135.977 1583 39.7869
136.094 1731 41.6053
136.211 1682 41.0122
136.329 1673 40.9023
136.446 1522 39.0128
136.564 1418 37.6563
136.681 1313 36.2353
136.798 1377 37.108
136.915 1240 35.2136
137.033 1120 33.4664
137.15 1099 33.1512
137.267 1063 32.6037
137.384 1018 31.9061
137.502 1003 31.6702
137.619 992 31.496
137.736 955 30.9031
137.853 913 30.2159
137.97 942 30.692
138.087 936 30.5941
138.204 921 30.348
138.321 1012 31.8119
138.438 1074 32.7719
138.555 1099 33.1512
138.672 1079 32.8481
138.788 1082 32.8938
138.905 1039 32.2335
139.022 975 31.225
139.139 944 30.7246
139.255 934 30.5614
139.372 870 29.4958
139.488 939 30.6431
139.605 873 29.5466
139.721 838 28.9482
139.838 907 30.1164
139.954 888 29.7993
140.071 788 28.0713
140.187 722 26.8701
140.303 726 26.9444
140.419 673 25.9422
140.535 730 27.0185
140.652 707 26.5895
140.768 0 1
140.884 0 1
141 0 1
141.115 0 1
141.231 0 1
141.347 0 1
141.463 0 1
141.578 0 1
141.694 0 1
144.104 0 1
144.219 0 1
144.335 0 1
144.45 0 1
144.566 0 1
144.682 0 1
144.798 0 1
144.914 0 1
145.03 0 1
145.146 2133 46.1844
145.262 3087 55.5608
145.378 4959 70.4202
145.494 8151 90.2829
145.61 13690 117.004
145.726 21472 146.533
145.842 31922 178.667
145.959 44807 211.677
146.075 58593 242.06
146.192 73408 270.939
146.308 85530 292.455
146.425 97391 312.075
146.541 106757 326.737
146.658 113063 336.248
146.774 118027 343.551
146.891 118869 344.774
147.008 119198 345.251
147.125 114125 337.824
147.241 109468 330.859
147.358 103103 321.097
147.475 93904 306.438
147.592 83154 288.364
147.709 72834 269.878
147.826 61964 248.926
147.943 52598 229.343
148.06 45272 212.772
148.177 39715 199.286
148.294 35304 187.894
148.411 31853 178.474
148.528 29212 170.915
148.645 26658 163.273
148.762 24589 156.809
148.88 23122 152.059
148.997 22281 149.268
149.114 19915 141.121
149.231 18693 136.722
149.349 17866 133.664
149.466 16347 127.855
149.583 15448 124.29
149.701 14131 118.874
149.818 13215 114.957
149.935 11933 109.238
150.053 10930 104.547
150.17 9741 98.6965
150.287 7926 89.0281
150.405 5791 76.0986
150.522 4350 65.9545
150.64 4706 68.6003
150.757 5900 76.8115
150.875 6028 77.6402
150.992 5981 77.3369
151.11 5673 75.3193
151.227 5329 73
151.344 4939 70.278
151.462 4537 67.3573
151.579 4261 65.2763
151.697 3992 63.1823
151.814 3880 62.2896
151.932 3637 60.3075
152.049 3567 59.7244
152.167 3311 57.5413
152.284 3110 55.7674
152.402 2929 54.1202
152.519 2703 51.9904
152.636 2647 51.449
152.754 2542 50.4183
152.871 2259 47.5289
152.989 2221 47.1275
153.106 2191 46.8081
153.223 2133 46.1844
153.341 2087 45.6837
153.458 1989 44.5982
153.575 1858 43.1045
153.693 1793 42.3438
153.81 1738 41.6893
153.927 1629 40.3609
154.044 1526 39.064
154.162 1478 38.4448
154.279 1388 37.2559
154.396 1526 39.064
154.513 1698 41.2068
154.63 1707 41.3159
154.747 1711 41.3642
154.864 1773 42.107
154.981 1764 42
155.098 1759 41.9404
155.215 1692 41.1339
155.332 1716 41.4246
155.449 1700 41.2311
155.566 1695 41.1704
155.683 1726 41.5452
155.8 1750 41.833
155.917 1694 41.1582
156.033 1691 41.1218
156.15 0 1
156.267 0 1
156.383 0 1
156.5 0 1
156.617 0 1
156.733 0 1
156.85 0 1
156.966 0 1
157.082 0 1
157.199 0 1
157.315 0 1
157.431 0 1
157.547 0 1
157.664 0 1
157.78 0 1
157.896 0 1
158.012 0 1
158.128 0 1
158.244 0 1
158.359 0 1
158.475 0 1
158.591 0 1
158.706 0 1
