
6.15755 0 1
6.2731 0 1
6.3887 0 1
6.50437 0 1
6.62009 0 1
6.73587 0 1
6.8517 0 1
6.96759 0 1
7.08353 0 1
7.19952 0 1
7.31557 0 1
7.43166 0 1
7.54781 0 1
7.664 0 1
7.78024 0 1
7.89653 0 1
8.01286 0 1
8.12924 0 1
8.24567 0 1
8.36213 0 1
8.47864 0 1
8.59519 0 1
8.71178 0 1
8.82841 0 1
8.94508 0 1
9.06179 0 1
9.17853 0 1
9.29531 0 1
9.41212 0 1
9.52897 0 1
9.64584 0 1
9.76276 0 1
9.8797 0 1
9.99667 0 1
10.1137 0 1
10.2307 0 1
10.3478 0 1
10.4648 0 1
10.5819 0 1
10.6991 0 1
10.8162 0 1
10.9334 0 1
11.0506 0 1
11.1678 0 1
11.285 0 1
11.4023 0 1
11.5196 0 1
11.6369 0 1
11.7542 0 1
11.8715 0 1
11.9888 0 1
12.1062 0 1
12.2235 0 1
12.3409 0 1
12.4582 0 1
12.5756 0 1
12.693 0 1
12.8104 0 1
12.9278 0 1
13.0452 0 1
13.1626 0 1
13.28 0 1
13.3974 0 1
13.5149 0 1
13.6323 0 1
13.7497 0 1
13.8671 0 1
13.9845 0 1
14.1019 0 1
14.2193 0 1
14.3367 0 1
14.4541 0 1
14.5714 0 1
14.6888 0 1
14.8062 0 1
14.9235 0 1
15.0408 0 0
15.1581 0 0
15.2755 0 0
15.3927 0 0
15.51 0 0
15.6273 0 0
15.7445 0 0
15.8617 0 0
15.9789 0 0
16.0961 0 0
16.2132 0 0
16.3304 0 0
16.4475 0 0
16.5646 0 0
16.6816 0 0
16.7986 0 0
16.9156 0 0
17.0326 0 0
17.1496 0 0
17.2665 0 0
17.3833 0 0
17.5002 0 0
17.617 0 0
17.7338 0 0
17.8505 0 0
17.9672 0 0
18.0839 0 0
18.2005 0 0
18.3171 0 0
18.4337 0 0
18.5502 0 0
18.6666 0 0
18.7831 0 0
18.8994 0 0
19.0158 0 0
19.1321 0 0
19.2483 0 0
19.3645 0 0
19.4806 0 0
19.5967 0 0
19.7128 0 0
19.8288 0 0
19.9447 0 0
20.0606 0 1
20.1764 0 1
20.2922 0 1
20.4079 0 1
20.5236 0 1
20.6392 0 1
20.7548 0 1
20.8702 0 1
23.3078 0 1
23.4233 0 1
23.539 0 1
23.6547 0 1
23.7704 0 1
23.8862 0 1
24.0021 0 1
24.118 0 1
24.234 0 1
24.35 0 1
24.4661 548 23.4094
24.5822 596 24.4131
24.6984 662 25.7294
24.8146 721 26.8514
24.9309 751 27.4044
25.0472 775 27.8388
25.1636 804 28.3549
25.28 864 29.3939
25.3965 884 29.7321
25.513 973 31.1929
25.6296 1003 31.6702
25.7462 1066 32.6497
25.8628 1108 33.2866
25.9795 1117 33.4215
26.0962 1152 33.9411
26.213 1170 34.2053
26.3298 1133 33.6601
26.4466 1093 33.0606
26.5635 1065 32.6343
26.6804 976 31.241
26.7973 930 30.4959
26.9143 929 30.4795
27.0313 1018 31.9061
27.1483 1083 32.909
27.2653 1049 32.3883
27.3824 1062 32.5883
27.4996 1070 32.7109
27.6167 1088 32.9848
27.7339 981 31.3209
27.8511 975 31.225
27.9683 1007 31.7333
28.0855 999 31.607
28.2028 1010 31.7805
28.3201 1007 31.7333
28.4374 919 30.315
28.5547 882 29.6985
28.6721 925 30.4138
28.7894 889 29.8161
28.9068 950 30.8221
29.0242 954 30.8869
29.1416 923 30.3809
29.259 993 31.5119
29.3764 1038 32.218
29.4939 1005 31.7017
29.6113 1082 32.8938
29.7288 992 31.496
29.8463 1037 32.2025
29.9638 1016 31.8748
30.0812 1012 31.8119
30.1987 987 31.4166
30.3162 888 29.7993
30.4337 823 28.688
30.5512 927 30.4467
30.6687 934 30.5614
30.7862 1006 31.7175
30.9037 1032 32.1248
31.0212 1008 31.749
31.1387 1070 32.7109
31.2562 1004 31.686
31.3737 1018 31.9061
31.4912 936 30.5941
31.6087 959 30.9677
31.7262 956 30.9192
31.8436 925 30.4138
31.9611 941 30.6757
32.0785 881 29.6816
32.1959 897 29.95
32.3134 887 29.7825
32.4308 854 29.2233
32.5482 896 29.9333
32.6655 954 30.8869
32.7829 883 29.7153
32.9002 1032 32.1248
33.0176 1032 32.1248
33.1349 1012 31.8119
33.2522 1012 31.8119
33.3694 954 30.8869
33.4867 1073 32.7567
33.6039 1019 31.9218
33.7211 977 31.257
33.8383 868 29.4618
33.9554 884 29.7321
34.0725 826 28.7402
34.1896 868 29.4618
34.3067 847 29.1033
34.4237 937 30.6105
34.5407 974 31.209
34.6577 927 30.4467
34.7746 921 30.348
34.8915 996 31.5595
35.0084 1014 31.8434
35.1252 987 31.4166
35.242 907 30.1164
35.3587 870 29.4958
35.4755 841 29
35.5921 850 29.1548
35.7088 854 29.2233
35.8254 832 28.8444
35.9419 799 28.2666
36.0584 771 27.7669
36.1749 729 27
36.2913 766 27.6767
36.4077 702 26.4953
36.524 754 27.4591
36.6403 731 27.037
36.7565 714 26.7208
36.8727 738 27.1662
36.9889 613 24.7588
37.1049 589 24.2693
37.221 0 1
37.3369 0 1
37.4529 0 1
37.5687 0 1
37.6845 0 1
37.8003 0 1
37.916 0 1
38.0316 0 1
38.1472 0 1
40.5851 0 1
40.7008 0 1
40.8164 0 1
40.9322 0 1
41.048 0 1
41.1639 0 1
41.2798 0 1
41.3958 0 1
41.5118 0 1
41.6279 0 1
41.744 476 21.8174
41.8602 560 23.6643
41.9765 645 25.3969
42.0928 652 25.5343
42.2091 698 26.4197
42.3255 774 27.8209
42.4419 702 26.4953
42.5584 696 26.3818
42.675 684 26.1534
42.7915 709 26.6271
42.9081 702 26.4953
43.0248 714 26.7208
43.1415 714 26.7208
43.2582 791 28.1247
43.375 836 28.9137
43.4918 826 28.7402
43.6087 801 28.3019
43.7256 843 29.0345
43.8425 819 28.6182
43.9595 841 29
44.0765 775 27.8388
44.1935 832 28.8444
44.3106 741 27.2213
44.4277 734 27.0924
44.5448 698 26.4197
44.6619 696 26.3818
44.7791 685 26.1725
44.8963 690 26.2679
45.0136 667 25.8263
45.1308 773 27.8029
45.2481 765 27.6586
45.3654 845 29.0689
45.4827 847 29.1033
45.6001 830 28.8097
45.7174 819 28.6182
45.8348 836 28.9137
45.9522 838 28.9482
46.0697 808 28.4253
46.1871 773 27.8029
46.3046 689 26.2488
46.422 652 25.5343
46.5395 715 26.7395
46.657 762 27.6043
46.7745 764 27.6405
46.892 805 28.3725
47.0096 764 27.6405
47.1271 862 29.3598
47.2446 887 29.7825
47.3622 828 28.775
47.4797 787 28.0535
47.5973 826 28.7402
47.7149 850 29.1548
47.8324 762 27.6043
47.95 804 28.3549
48.0675 719 26.8142
48.1851 738 27.1662
48.3027 642 25.3377
48.4202 719 26.8142
48.5378 685 26.1725
48.6554 700 26.4575
48.7729 752 27.4226
48.8904 801 28.3019
49.008 862 29.3598
49.1255 854 29.2233
49.243 815 28.5482
49.3605 812 28.4956
49.478 828 28.775
49.5955 804 28.3549
49.713 823 28.688
49.8304 710 26.6458
49.9479 702 26.4953
50.0653 664 25.7682
50.1827 751 27.4044
50.3001 729 27
50.4175 814 28.5307
50.5348 771 27.7669
50.6521 873 29.5466
50.7694 821 28.6531
50.8867 836 28.9137
51.004 839 28.9655
51.1212 864 29.3939
51.2384 795 28.1957
51.3556 797 28.2312
51.4727 749 27.3679
51.5899 748 27.3496
51.707 668 25.8457
51.824 682 26.1151
51.9411 740 27.2029
52.0581 717 26.7769
52.175 749 27.3679
52.2919 793 28.1603
52.4088 846 29.0861
52.5257 808 28.4253
52.6425 771 27.7669
52.7593 800 28.2843
52.876 785 28.0179
52.9927 818 28.6007
53.1094 765 27.6586
53.226 698 26.4197
53.3426 664 25.7682
53.4591 636 25.219
53.5756 556 23.5797
53.692 626 25.02
53.8084 619 24.8797
53.9248 540 23.2379
54.0411 551 23.4734
54.1573 531 23.0434
54.2735 0 1
54.3896 0 1
54.5057 0 1
54.6217 0 1
54.7377 0 1
54.8537 0 1
54.9695 0 1
55.0853 0 1
55.2011 0 1
55.3168 0 1
55.4324 0 1
57.824 0 1
57.9396 0 1
58.0553 0 1
58.1711 0 1
58.2869 0 1
58.4028 0 1
58.5187 0 1
58.6347 0 1
58.7508 0 1
58.8669 0 1
58.983 570 23.8747
59.0992 658 25.6515
59.2155 740 27.2029
59.3318 762 27.6043
59.4482 869 29.4788
59.5646 881 29.6816
59.681 914 30.2324
59.7975 962 31.0161
59.9141 907 30.1164
60.0306 896 29.9333
60.1473 931 30.5123
60.2639 874 29.5635
60.3807 833 28.8617
60.4974 856 29.2575
60.6142 791 28.1247
60.731 862 29.3598
60.8479 901 30.0167
60.9648 863 29.3769
61.0818 942 30.692
61.1987 1005 31.7017
61.3158 994 31.5278
61.4328 984 31.3688
61.5499 1006 31.7175
61.667 986 31.4006
61.7841 918 30.2985
61.9013 895 29.9166
62.0185 839 28.9655
62.1357 841 29
62.253 854 29.2233
62.3702 866 29.4279
62.4875 910 30.1662
62.6049 1005 31.7017
62.7222 997 31.5753
62.8396 1065 32.6343
62.9569 1007 31.7333
63.0743 1001 31.6386
63.1918 1041 32.2645
63.3092 969 31.1288
63.4267 934 30.5614
63.5441 938 30.6268
63.6616 925 30.4138
63.7791 813 28.5132
63.8966 821 28.6531
64.0142 758 27.5318
64.1317 771 27.7669
64.2492 796 28.2135
64.3668 867 29.4449
64.4843 928 30.4631
64.6019 952 30.8545
64.7195 953 30.8707
64.837 991 31.4802
64.9546 948 30.7896
65.0722 986 31.4006
65.1898 934 30.5614
65.3074 950 30.8221
65.4249 861 29.3428
65.5425 825 28.7228
65.6601 824 28.7054
65.7777 794 28.178
65.8952 839 28.9655
66.0128 831 28.8271
66.1304 885 29.7489
66.2479 945 30.7409
66.3655 1010 31.7805
66.483 953 30.8707
66.6005 965 31.0644
66.718 1028 32.0624
66.8355 952 30.8545
66.953 985 31.3847
67.0705 917 30.282
67.1879 859 29.3087
67.3054 850 29.1548
67.4228 831 28.8271
67.5402 787 28.0535
67.6576 747 27.3313
67.7749 758 27.5318
67.8923 750 27.3861
68.0096 854 29.2233
68.1269 864 29.3939
68.2442 934 30.5614
68.3614 891 29.8496
68.4787 929 30.4795
68.5958 936 30.5941
68.713 897 29.95
68.8302 943 30.7083
68.9473 928 30.4631
69.0643 777 27.8747
69.1814 805 28.3725
69.2984 738 27.1662
69.4154 695 26.3629
69.5323 825 28.7228
69.6492 813 28.5132
69.7661 854 29.2233
69.8829 824 28.7054
69.9997 809 28.4429
70.1165 869 29.4788
70.2332 790 28.1069
70.3499 745 27.2947
70.4665 725 26.9258
70.5831 721 26.8514
70.6996 664 25.7682
70.8161 632 25.1396
70.9326 546 23.3666
71.049 503 22.4277
71.1653 445 21.095
71.2817 341 18.4662
71.3979 324 18
71.5141 315 17.7482
71.6303 287 16.9411
71.7464 285 16.8819
71.8624 0 1
71.9784 0 1
72.0944 0 1
72.2102 0 1
72.3261 0 1
72.4418 0 1
72.5575 0 1
72.6732 0 1
75.1054 0 1
75.2209 0 1
75.3365 0 1
75.4521 0 1
75.5678 0 1
75.6835 0 1
75.7993 0 1
75.9151 0 1
76.031 0 1
76.147 594 24.3721
76.263 674 25.9615
76.3791 654 25.5734
76.4952 655 25.593
76.6113 653 25.5539
76.7276 682 26.1151
76.8438 715 26.7395
76.9601 701 26.4764
77.0765 807 28.4077
77.1929 862 29.3598
77.3093 854 29.2233
77.4258 861 29.3428
77.5423 846 29.0861
77.6589 863 29.3769
77.7755 900 30
77.8921 894 29.8998
78.0088 855 29.2404
78.1256 777 27.8747
78.2423 674 25.9615
78.3591 778 27.8927
78.4759 698 26.4197
78.5928 758 27.5318
78.7097 799 28.2666
78.8266 859 29.3087
78.9436 924 30.3974
79.0606 915 30.249
79.1776 964 31.0483
79.2946 907 30.1164
79.4117 927 30.4467
79.5288 985 31.3847
79.6459 908 30.133
79.7631 849 29.1376
79.8802 908 30.133
79.9974 815 28.5482
80.1147 742 27.2397
80.2319 752 27.4226
80.3491 700 26.4575
80.4664 736 27.1293
80.5837 794 28.178
80.701 805 28.3725
80.8183 828 28.775
80.9357 890 29.8329
81.053 989 31.4484
81.1704 911 30.1828
81.2877 903 30.05
81.4051 936 30.5941
81.5225 982 31.3369
81.6399 885 29.7489
81.7573 816 28.5657
81.8747 757 27.5136
81.9922 755 27.4773
82.1096 774 27.8209
82.227 748 27.3496
82.3444 871 29.5127
82.4619 966 31.0805
82.5793 947 30.7734
82.6967 928 30.4631
82.8142 980 31.305
82.9316 960 30.9839
83.049 955 30.9031
83.1664 987 31.4166
83.2838 931 30.5123
83.4012 936 30.5941
83.5186 915 30.249
83.636 877 29.6142
83.7534 840 28.9828
83.8708 738 27.1662
83.9881 732 27.0555
84.1055 713 26.7021
84.2228 820 28.6356
84.3401 863 29.3769
84.4575 856 29.2575
84.5747 979 31.289
84.692 975 31.225
84.8093 1007 31.7333
84.9265 982 31.3369
85.0437 969 31.1288
85.1609 963 31.0322
85.2781 872 29.5296
85.3952 792 28.1425
85.5123 744 27.2764
85.6294 778 27.8927
85.7465 789 28.0891
85.8636 809 28.4429
85.9806 872 29.5296
86.0976 935 30.5778
86.2145 919 30.315
86.3315 950 30.8221
86.4484 998 31.5911
86.5652 988 31.4325
86.682 986 31.4006
86.7988 973 31.1929
86.9156 966 31.0805
87.0323 916 30.2655
87.149 868 29.4618
87.2657 812 28.4956
87.3823 665 25.7876
87.4988 594 24.3721
87.6154 610 24.6982
87.7318 634 25.1794
87.8483 701 26.4764
87.9647 658 25.6515
88.081 713 26.7021
88.1973 703 26.5141
88.3136 670 25.8844
88.4298 591 24.3105
88.546 545 23.3452
88.6621 455 21.3307
88.7781 419 20.4695
88.8942 0 1
89.0101 0 1
89.126 0 1
89.2419 0 1
89.3577 0 1
89.4734 0 1
89.5891 0 1
89.7047 0 1
89.8203 0 1
89.9358 0 1
92.3269 0 1
92.4424 0 1
92.558 0 1
92.6736 0 1
92.7893 0 1
92.905 0 1
93.0208 0 1
93.1366 0 1
93.2525 0 1
93.3685 0 1
93.4845 0 1
93.6005 876 29.5973
93.7167 897 29.95
93.8328 988 31.4325
93.949 964 31.0483
94.0653 1001 31.6386
94.1816 923 30.3809
94.2979 805 28.3725
94.4143 823 28.688
94.5307 888 29.7993
94.6472 945 30.7409
94.7637 954 30.8869
94.8803 987 31.4166
94.9969 1104 33.2265
95.1135 1063 32.6037
95.2302 1070 32.7109
95.3469 1024 32
95.4637 1094 33.0757
95.5805 1030 32.0936
95.6973 941 30.6757
95.8142 941 30.6757
95.9311 947 30.7734
96.048 860 29.3258
96.1649 790 28.1069
96.2819 826 28.7402
96.3989 848 29.1204
96.516 915 30.249
96.633 947 30.7734
96.7501 990 31.4643
96.8673 1048 32.3728
96.9844 1041 32.2645
97.1016 1020 31.9374
97.2188 1041 32.2645
97.336 935 30.5778
97.4532 904 30.0666
97.5704 862 29.3598
97.6877 785 28.0179
97.805 834 28.8791
97.9223 834 28.8791
98.0396 865 29.4109
98.1569 945 30.7409
98.2743 977 31.257
98.3916 1026 32.0312
98.509 985 31.3847
98.6264 1137 33.7194
98.7438 1050 32.4037
98.8612 1004 31.686
98.9786 1022 31.9687
99.096 983 31.3528
99.2134 1029 32.078
99.3308 901 30.0167
99.4482 924 30.3974
99.5656 811 28.4781
99.6831 811 28.4781
99.8005 823 28.688
99.9179 838 28.9482
100.035 911 30.1828
100.153 983 31.3528
100.27 987 31.4166
100.388 1116 33.4066
100.505 959 30.9677
100.622 987 31.4166
100.74 1042 32.28
100.857 926 30.4302
100.975 974 31.209
101.092 880 29.6648
101.209 840 28.9828
101.327 772 27.7849
101.444 799 28.2666
101.561 851 29.1719
101.679 900 30
101.796 918 30.2985
101.913 1043 32.2955
102.03 1038 32.218
102.148 1045 32.3265
102.265 1067 32.665
102.382 1102 33.1964
102.499 1037 32.2025
102.616 1108 33.2866
102.733 1014 31.8434
102.851 999 31.607
102.968 1057 32.5115
103.085 1007 31.7333
103.202 913 30.2159
103.319 893 29.8831
103.436 829 28.7924
103.552 887 29.7825
103.669 946 30.7571
103.786 1070 32.7109
103.903 1111 33.3317
104.02 1185 34.4238
104.137 1207 34.7419
104.253 1286 35.8608
104.37 1230 35.0714
104.487 1239 35.1994
104.603 1189 34.4819
104.72 1172 34.2345
104.836 1123 33.5112
104.953 1001 31.6386
105.069 1014 31.8434
105.186 1001 31.6386
105.302 999 31.607
105.418 1055 32.4808
105.535 1096 33.1059
105.651 999 31.607
105.767 913 30.2159
105.883 799 28.2666
105.999 710 26.6458
106.115 0 1
106.231 0 1
106.347 0 1
106.463 0 1
106.579 0 1
106.694 0 1
106.81 0 1
106.926 0 1
107.041 0 1
107.157 0 1
109.576 0 1
109.692 0 1
109.807 0 1
109.923 0 1
110.039 0 1
110.155 0 1
110.27 0 1
110.386 0 1
110.502 0 1
110.618 1332 36.4966
110.735 1603 40.0375
110.851 1917 43.7836
110.967 1995 44.6654
111.083 2247 47.4025
111.199 2322 48.1871
111.316 2322 48.1871
111.432 2515 50.1498
111.549 2594 50.9313
111.665 2562 50.6162
111.782 2561 50.6063
111.898 2412 49.1121
112.015 2402 49.0102
112.132 2229 47.2123
112.248 2095 45.7712
112.365 2032 45.0777
112.482 2060 45.3872
112.599 2389 48.8774
112.716 2387 48.8569
112.832 2514 50.1398
112.949 2526 50.2593
113.066 2565 50.6458
113.183 2430 49.295
113.3 2512 50.1199
113.417 2450 49.4975
113.534 2429 49.2849
113.652 2183 46.7226
113.769 2017 44.911
113.886 1984 44.5421
114.003 1876 43.3128
114.12 1880 43.359
114.238 2115 45.9891
114.355 2181 46.7012
114.472 2231 47.2335
114.589 2301 47.9687
114.707 2249 47.4236
114.824 2289 47.8435
114.942 2361 48.5901
115.059 2153 46.4004
115.176 2164 46.5188
115.294 2180 46.6905
115.411 2018 44.9222
115.529 1921 43.8292
115.646 1815 42.6028
115.764 1655 40.6817
115.881 1604 40.05
115.999 1533 39.1535
116.116 1646 40.5709
116.234 1659 40.7308
116.351 1718 41.4488
116.469 1694 41.1582
116.586 1723 41.509
116.704 1630 40.3733
116.821 1568 39.598
116.939 1565 39.5601
117.056 1543 39.281
117.174 1402 37.4433
117.291 1249 35.3412
117.409 1181 34.3657
117.526 1077 32.8177
117.644 1066 32.6497
117.761 1113 33.3617
117.879 1163 34.1028
117.996 1134 33.6749
118.114 1233 35.1141
118.231 1197 34.5977
118.349 1202 34.6699
118.466 1263 35.5387
118.584 1171 34.2199
118.701 1116 33.4066
118.819 1197 34.5977
118.936 1065 32.6343
119.053 1066 32.6497
119.171 940 30.6594
119.288 981 31.3209
119.405 887 29.7825
119.523 847 29.1033
119.64 823 28.688
119.757 893 29.8831
119.875 956 30.9192
119.992 980 31.305
120.109 952 30.8545
120.226 989 31.4484
120.343 917 30.282
120.46 929 30.4795
120.578 899 29.9833
120.695 920 30.3315
120.812 856 29.2575
120.929 801 28.3019
121.046 746 27.313
121.163 744 27.2764
121.279 778 27.8927
121.396 804 28.3549
121.513 806 28.3901
121.63 765 27.6586
121.747 775 27.8388
121.863 744 27.2764
121.98 786 28.0357
122.097 762 27.6043
122.213 737 27.1477
122.33 696 26.3818
122.446 685 26.1725
122.563 688 26.2298
122.679 645 25.3969
122.795 588 24.2487
122.912 501 22.383
123.028 451 21.2368
123.144 369 19.2094
123.26 358 18.9209
123.377 0 1
123.493 0 1
123.609 0 1
123.725 0 1
123.84 0 1
123.956 0 1
124.072 0 1
124.188 0 1
124.303 0 1
124.419 0 1
126.852 0 1
126.968 0 1
127.083 0 1
127.199 0 1
127.315 0 1
127.431 0 1
127.547 0 1
127.663 0 1
127.779 0 1
127.895 0 1
128.011 0 1
128.127 0 1
128.243 0 1
128.359 789 28.0891
128.476 780 27.9285
128.592 791 28.1247
128.708 792 28.1425
128.825 904 30.0666
128.941 938 30.6268
129.058 934 30.5614
129.174 977 31.257
129.291 878 29.6311
129.408 923 30.3809
129.524 948 30.7896
129.641 876 29.5973
129.758 884 29.7321
129.875 846 29.0861
129.992 819 28.6182
130.108 803 28.3373
130.225 757 27.5136
130.342 840 28.9828
130.459 819 28.6182
130.576 897 29.95
130.693 973 31.1929
130.81 908 30.133
130.928 923 30.3809
131.045 960 30.9839
131.162 953 30.8707
131.279 932 30.5287
131.396 970 31.1448
131.513 923 30.3809
131.631 923 30.3809
131.748 932 30.5287
131.865 852 29.189
131.983 829 28.7924
132.1 877 29.6142
132.217 819 28.6182
132.335 906 30.0998
132.452 972 31.1769
132.57 908 30.133
132.687 916 30.2655
132.804 961 31
132.922 901 30.0167
133.039 928 30.4631
133.157 931 30.5123
133.274 891 29.8496
133.392 837 28.931
133.509 817 28.5832
133.627 782 27.9643
133.744 786 28.0357
133.862 795 28.1957
133.979 807 28.4077
134.097 850 29.1548
134.214 855 29.2404
134.332 887 29.7825
134.449 908 30.133
134.567 946 30.7571
134.684 926 30.4302
134.802 969 31.1288
134.919 906 30.0998
135.037 930 30.4959
135.154 915 30.249
135.272 931 30.5123
135.389 858 29.2916
135.507 804 28.3549
135.624 788 28.0713
135.742 821 28.6531
135.859 831 28.8271
135.977 948 30.7896
136.094 939 30.6431
136.211 964 31.0483
136.329 967 31.0966
136.446 974 31.209
136.564 948 30.7896
136.681 897 29.95
136.798 894 29.8998
136.915 861 29.3428
137.033 837 28.931
137.15 789 28.0891
137.267 741 27.2213
137.384 809 28.4429
137.502 777 27.8747
137.619 848 29.1204
137.736 863 29.3769
137.853 870 29.4958
137.97 911 30.1828
138.087 858 29.2916
138.204 860 29.3258
138.321 888 29.7993
138.438 960 30.9839
138.555 855 29.2404
138.672 894 29.8998
138.788 846 29.0861
138.905 799 28.2666
139.022 752 27.4226
139.139 678 26.0384
139.255 599 24.4745
139.372 631 25.1197
139.488 622 24.9399
139.605 658 25.6515
139.721 631 25.1197
139.838 671 25.9037
139.954 597 24.4336
140.071 552 23.4947
140.187 468 21.6333
140.303 446 21.1187
140.419 432 20.7846
140.535 417 20.4206
140.652 358 18.9209
140.768 0 1
140.884 0 1
141 0 1
141.115 0 1
141.231 0 1
141.347 0 1
141.463 0 1
141.578 0 1
141.694 0 1
144.104 0 1
144.219 0 1
144.335 0 1
144.45 0 1
144.566 0 1
144.682 0 1
144.798 0 1
144.914 0 1
145.03 0 1
145.146 669 25.865
145.262 728 26.9815
145.378 783 27.9821
145.494 732 27.0555
145.61 714 26.7208
145.726 650 25.4951
145.842 670 25.8844
145.959 720 26.8328
146.075 663 25.7488
146.192 692 26.3059
146.308 708 26.6083
146.425 711 26.6646
146.541 734 27.0924
146.658 762 27.6043
146.774 753 27.4408
146.891 785 28.0179
147.008 831 28.8271
147.125 797 28.2312
147.241 791 28.1247
147.358 795 28.1957
147.475 807 28.4077
147.592 777 27.8747
147.709 732 27.0555
147.826 708 26.6083
147.943 697 26.4008
148.06 637 25.2389
148.177 728 26.9815
148.294 748 27.3496
148.411 758 27.5318
148.528 792 28.1425
148.645 765 27.6586
148.762 785 28.0179
148.88 782 27.9643
148.997 737 27.1477
149.114 824 28.7054
149.231 776 27.8568
149.349 723 26.8887
149.466 707 26.5895
149.583 696 26.3818
149.701 650 25.4951
149.818 670 25.8844
149.935 661 25.7099
150.053 675 25.9808
150.17 661 25.7099
150.287 713 26.7021
150.405 703 26.5141
150.522 784 28
150.64 725 26.9258
150.757 739 27.1846
150.875 755 27.4773
150.992 769 27.7308
151.11 764 27.6405
151.227 772 27.7849
151.344 726 26.9444
151.462 716 26.7582
151.579 728 26.9815
151.697 679 26.0576
151.814 706 26.5707
151.932 786 28.0357
152.049 725 26.9258
152.167 718 26.7955
152.284 792 28.1425
152.402 782 27.9643
152.519 724 26.9072
152.636 704 26.533
152.754 746 27.313
152.871 697 26.4008
152.989 740 27.2029
153.106 686 26.1916
153.223 733 27.074
153.341 660 25.6905
153.458 672 25.923
153.575 644 25.3772
153.693 710 26.6458
153.81 673 25.9422
153.927 664 25.7682
154.044 714 26.7208
154.162 756 27.4955
154.279 753 27.4408
154.396 783 27.9821
154.513 791 28.1247
154.63 809 28.4429
154.747 784 28
154.864 763 27.6225
154.981 732 27.0555
155.098 700 26.4575
155.215 668 25.8457
155.332 648 25.4558
155.449 673 25.9422
155.566 735 27.1109
155.683 707 26.5895
155.8 744 27.2764
155.917 695 26.3629
156.033 738 27.1662
156.15 0 1
156.267 0 1
156.383 0 1
156.5 0 1
156.617 0 1
156.733 0 1
156.85 0 1
156.966 0 1
157.082 0 1
157.199 0 1
157.315 0 1
157.431 0 1
157.547 0 1
157.664 0 1
157.78 0 1
157.896 0 1
158.012 0 1
158.128 0 1
158.244 0 1
158.359 0 1
158.475 0 1
158.591 0 1
158.706 0 1
