
6.15755 0 1
6.2731 0 1
6.3887 0 1
6.50437 0 1
6.62009 0 1
6.73587 0 1
6.8517 0 1
6.96759 0 1
7.08353 0 1
7.19952 0 1
7.31557 0 1
7.43166 0 1
7.54781 0 1
7.664 0 1
7.78024 0 1
7.89653 0 1
8.01286 0 1
8.12924 0 1
8.24567 0 1
8.36213 0 1
8.47864 0 1
8.59519 0 1
8.71178 0 1
8.82841 0 1
8.94508 0 1
9.06179 0 1
9.17853 0 1
9.29531 0 1
9.41212 0 1
9.52897 0 1
9.64584 0 1
9.76276 0 1
9.8797 0 1
9.99667 0 1
10.1137 0 1
10.2307 0 1
10.3478 0 1
10.4648 0 1
10.5819 0 1
10.6991 0 1
10.8162 0 1
10.9334 0 1
11.0506 0 1
11.1678 0 1
11.285 0 1
11.4023 0 1
11.5196 0 1
11.6369 0 1
11.7542 0 1
11.8715 0 1
11.9888 0 1
12.1062 0 1
12.2235 0 1
12.3409 0 1
12.4582 0 1
12.5756 0 1
12.693 0 1
12.8104 0 1
12.9278 0 1
13.0452 0 1
13.1626 0 1
13.28 0 1
13.3974 0 1
13.5149 0 1
13.6323 0 1
13.7497 0 1
13.8671 0 1
13.9845 0 1
14.1019 0 1
14.2193 0 1
14.3367 0 1
14.4541 0 1
14.5714 0 1
14.6888 0 1
14.8062 0 1
14.9235 0 1
15.0408 1294 35.9722
15.1581 1286 35.8608
15.2755 1398 37.3898
15.3927 1386 37.229
15.51 1387 37.2424
15.6273 1457 38.1707
15.7445 1367 36.973
15.8617 1398 37.3898
15.9789 1439 37.9342
16.0961 1374 37.0675
16.2132 1381 37.1618
16.3304 1393 37.3229
16.4475 1368 36.9865
16.5646 1439 37.9342
16.6816 1570 39.6232
16.7986 1627 40.3361
16.9156 1606 40.0749
17.0326 1586 39.8246
17.1496 1667 40.8289
17.2665 1650 40.6202
17.3833 1687 41.0731
17.5002 1594 39.9249
17.617 1535 39.1791
17.7338 1536 39.1918
17.8505 1448 38.0526
17.9672 1384 37.2022
18.0839 1413 37.5899
18.2005 1469 38.3275
18.3171 1453 38.1182
18.4337 1503 38.7685
18.5502 1538 39.2173
18.6666 1582 39.7744
18.7831 1585 39.8121
18.8994 1716 41.4246
19.0158 1522 39.0128
19.1321 1611 40.1373
19.2483 1538 39.2173
19.3645 1419 37.6696
19.4806 1321 36.3456
19.5967 1278 35.7491
19.7128 1180 34.3511
19.8288 1041 32.2645
19.9447 967 31.0966
20.0606 0 1
20.1764 0 1
20.2922 0 1
20.4079 0 1
20.5236 0 1
20.6392 0 1
20.7548 0 1
20.8702 0 1
23.3078 0 1
23.4233 0 1
23.539 0 1
23.6547 0 1
23.7704 0 1
23.8862 0 1
24.0021 0 1
24.118 0 1
24.234 0 1
24.35 0 1
24.4661 647 25.4362
24.5822 790 28.1069
24.6984 908 30.133
24.8146 966 31.0805
24.9309 1091 33.0303
25.0472 1170 34.2053
25.1636 1241 35.2278
25.28 1386 37.229
25.3965 1491 38.6135
25.513 1615 40.1871
25.6296 1783 42.2256
25.7462 1776 42.1426
25.8628 1701 41.2432
25.9795 1744 41.7612
26.0962 1792 42.332
26.213 1687 41.0731
26.3298 1665 40.8044
26.4466 1521 39
26.5635 1536 39.1918
26.6804 1501 38.7427
26.7973 1510 38.8587
26.9143 1553 39.4081
27.0313 1565 39.5601
27.1483 1646 40.5709
27.2653 1658 40.7185
27.3824 1724 41.5211
27.4996 1663 40.7799
27.6167 1675 40.9268
27.7339 1674 40.9145
27.8511 1593 39.9124
27.9683 1558 39.4715
28.0855 1541 39.2556
28.2028 1536 39.1918
28.3201 1435 37.8814
28.4374 1384 37.2022
28.5547 1381 37.1618
28.6721 1437 37.9078
28.7894 1517 38.9487
28.9068 1535 39.1791
29.0242 1603 40.0375
29.1416 1710 41.3521
29.259 1716 41.4246
29.3764 1730 41.5933
29.4939 1705 41.2916
29.6113 1666 40.8167
29.7288 1530 39.1152
29.8463 1475 38.4057
29.9638 1499 38.7169
30.0812 1372 37.0405
30.1987 1482 38.4968
30.3162 1424 37.7359
30.4337 1527 39.0768
30.5512 1546 39.3192
30.6687 1602 40.025
30.7862 1613 40.1622
30.9037 1623 40.2865
31.0212 1586 39.8246
31.1387 1634 40.4228
31.2562 1571 39.6358
31.3737 1561 39.5095
31.4912 1496 38.6782
31.6087 1477 38.4318
31.7262 1408 37.5233
31.8436 1397 37.3765
31.9611 1339 36.5923
32.0785 1355 36.8103
32.1959 1429 37.8021
32.3134 1348 36.7151
32.4308 1544 39.2938
32.5482 1549 39.3573
32.6655 1596 39.95
32.7829 1616 40.1995
32.9002 1620 40.2492
33.0176 1677 40.9512
33.1349 1670 40.8656
33.2522 1591 39.8873
33.3694 1550 39.37
33.4867 1385 37.2156
33.6039 1380 37.1484
33.7211 1401 37.4299
33.8383 1317 36.2905
33.9554 1339 36.5923
34.0725 1425 37.7492
34.1896 1485 38.5357
34.3067 1444 38
34.4237 1585 39.8121
34.5407 1465 38.2753
34.6577 1532 39.1408
34.7746 1545 39.3065
34.8915 1466 38.2884
35.0084 1567 39.5854
35.1252 1502 38.7556
35.242 1379 37.1349
35.3587 1383 37.1887
35.4755 1355 36.8103
35.5921 1356 36.8239
35.7088 1279 35.7631
35.8254 1350 36.7423
35.9419 1360 36.8782
36.0584 1401 37.4299
36.1749 1479 38.4578
36.2913 1435 37.8814
36.4077 1422 37.7094
36.524 1412 37.5766
36.6403 1300 36.0555
36.7565 1332 36.4966
36.8727 1248 35.327
36.9889 1131 33.6303
37.1049 1044 32.311
37.221 0 1
37.3369 0 1
37.4529 0 1
37.5687 0 1
37.6845 0 1
37.8003 0 1
37.916 0 1
38.0316 0 1
38.1472 0 1
40.5851 0 1
40.7008 0 1
40.8164 0 1
40.9322 0 1
41.048 0 1
41.1639 0 1
41.2798 0 1
41.3958 0 1
41.5118 0 1
41.6279 0 1
41.744 716 26.7582
41.8602 792 28.1425
41.9765 886 29.7658
42.0928 883 29.7153
42.2091 881 29.6816
42.3255 909 30.1496
42.4419 865 29.4109
42.5584 912 30.1993
42.675 975 31.225
42.7915 1059 32.5423
42.9081 1065 32.6343
43.0248 1147 33.8674
43.1415 1248 35.327
43.2582 1258 35.4683
43.375 1293 35.9583
43.4918 1316 36.2767
43.6087 1314 36.2491
43.7256 1241 35.2278
43.8425 1233 35.1141
43.9595 1245 35.2846
44.0765 1110 33.3167
44.1935 1118 33.4365
44.3106 1106 33.2566
44.4277 1025 32.0156
44.5448 1041 32.2645
44.6619 1071 32.7261
44.7791 1150 33.9116
44.8963 1211 34.7994
45.0136 1188 34.4674
45.1308 1307 36.1525
45.2481 1253 35.3977
45.3654 1294 35.9722
45.4827 1307 36.1525
45.6001 1263 35.5387
45.7174 1252 35.3836
45.8348 1188 34.4674
45.9522 1085 32.9393
46.0697 1059 32.5423
46.1871 1006 31.7175
46.3046 1039 32.2335
46.422 1107 33.2716
46.5395 1202 34.6699
46.657 1193 34.5398
46.7745 1281 35.7911
46.892 1223 34.9714
47.0096 1337 36.565
47.1271 1325 36.4005
47.2446 1255 35.426
47.3622 1308 36.1663
47.4797 1293 35.9583
47.5973 1241 35.2278
47.7149 1243 35.2562
47.8324 1115 33.3916
47.95 1098 33.1361
48.0675 1118 33.4365
48.1851 1020 31.9374
48.3027 1155 33.9853
48.4202 1171 34.2199
48.5378 1268 35.609
48.6554 1313 36.2353
48.7729 1354 36.7967
48.8904 1244 35.2704
49.008 1252 35.3836
49.1255 1334 36.524
49.243 1305 36.1248
49.3605 1104 33.2265
49.478 1101 33.1813
49.5955 1005 31.7017
49.713 1037 32.2025
49.8304 1047 32.3574
49.9479 1120 33.4664
50.0653 1172 34.2345
50.1827 1226 35.0143
50.3001 1231 35.0856
50.4175 1301 36.0694
50.5348 1303 36.0971
50.6521 1312 36.2215
50.7694 1240 35.2136
50.8867 1363 36.9188
51.004 1322 36.3593
51.1212 1376 37.0945
51.2384 1318 36.3043
51.3556 1242 35.242
51.4727 1169 34.1906
51.5899 1172 34.2345
51.707 1166 34.1467
51.824 1229 35.0571
51.9411 1403 37.4566
52.0581 1507 38.8201
52.175 1602 40.025
52.2919 1594 39.9249
52.4088 1697 41.1947
52.5257 1862 43.1509
52.6425 1761 41.9643
52.7593 1831 42.7902
52.876 1835 42.8369
52.9927 1687 41.0731
53.1094 1566 39.5727
53.226 1563 39.5348
53.3426 1450 38.0789
53.4591 1529 39.1024
53.5756 1473 38.3797
53.692 1452 38.1051
53.8084 1526 39.064
53.9248 1553 39.4081
54.0411 1476 38.4187
54.1573 1418 37.6563
54.2735 0 1
54.3896 0 1
54.5057 0 1
54.6217 0 1
54.7377 0 1
54.8537 0 1
54.9695 0 1
55.0853 0 1
55.2011 0 1
55.3168 0 1
55.4324 0 1
57.824 0 1
57.9396 0 1
58.0553 0 1
58.1711 0 1
58.2869 0 1
58.4028 0 1
58.5187 0 1
58.6347 0 1
58.7508 0 1
58.8669 0 1
58.983 1097 33.121
59.0992 1206 34.7275
59.2155 1366 36.9594
59.3318 1401 37.4299
59.4482 1443 37.9868
59.5646 1531 39.128
59.681 1556 39.4462
59.7975 1499 38.7169
59.9141 1600 40
60.0306 1466 38.2884
60.1473 1463 38.2492
60.2639 1508 38.833
60.3807 1360 36.8782
60.4974 1465 38.2753
60.6142 1463 38.2492
60.731 1544 39.2938
60.8479 1571 39.6358
60.9648 1598 39.975
61.0818 1723 41.509
61.1987 1742 41.7373
61.3158 1684 41.0366
61.4328 1610 40.1248
61.5499 1566 39.5727
61.667 1429 37.8021
61.7841 1290 35.9166
61.9013 1286 35.8608
62.0185 1259 35.4824
62.1357 1299 36.0416
62.253 1416 37.6298
62.3702 1499 38.7169
62.4875 1433 37.855
62.6049 1579 39.7366
62.7222 1591 39.8873
62.8396 1623 40.2865
62.9569 1643 40.5339
63.0743 1592 39.8999
63.1918 1657 40.7063
63.3092 1591 39.8873
63.4267 1546 39.3192
63.5441 1462 38.2361
63.6616 1480 38.4708
63.7791 1330 36.4692
63.8966 1252 35.3836
64.0142 1256 35.4401
64.1317 1410 37.55
64.2492 1482 38.4968
64.3668 1505 38.7943
64.4843 1566 39.5727
64.6019 1639 40.4846
64.7195 1640 40.4969
64.837 1594 39.9249
64.9546 1579 39.7366
65.0722 1602 40.025
65.1898 1474 38.3927
65.3074 1331 36.4829
65.4249 1241 35.2278
65.5425 1194 34.5543
65.6601 1231 35.0856
65.7777 1231 35.0856
65.8952 1420 37.6829
66.0128 1503 38.7685
66.1304 1515 38.923
66.2479 1536 39.1918
66.3655 1548 39.3446
66.483 1587 39.8372
66.6005 1585 39.8121
66.718 1566 39.5727
66.8355 1523 39.0256
66.953 1485 38.5357
67.0705 1509 38.8458
67.1879 1406 37.4967
67.3054 1430 37.8153
67.4228 1283 35.819
67.5402 1252 35.3836
67.6576 1269 35.623
67.7749 1351 36.756
67.8923 1346 36.6879
68.0096 1453 38.1182
68.1269 1509 38.8458
68.2442 1507 38.8201
68.3614 1526 39.064
68.4787 1483 38.5097
68.5958 1618 40.2244
68.713 1454 38.1314
68.8302 1425 37.7492
68.9473 1270 35.6371
69.0643 1157 34.0147
69.1814 1132 33.6452
69.2984 1155 33.9853
69.4154 1199 34.6266
69.5323 1306 36.1386
69.6492 1384 37.2022
69.7661 1499 38.7169
69.8829 1477 38.4318
69.9997 1396 37.3631
70.1165 1444 38
70.2332 1385 37.2156
70.3499 1252 35.3836
70.4665 1244 35.2704
70.5831 1185 34.4238
70.6996 1121 33.4813
70.8161 1029 32.078
70.9326 1008 31.749
71.049 901 30.0167
71.1653 747 27.3313
71.2817 670 25.8844
71.3979 621 24.9199
71.5141 544 23.3238
71.6303 535 23.1301
71.7464 521 22.8254
71.8624 0 1
71.9784 0 1
72.0944 0 1
72.2102 0 1
72.3261 0 1
72.4418 0 1
72.5575 0 1
72.6732 0 1
75.1054 0 1
75.2209 0 1
75.3365 0 1
75.4521 0 1
75.5678 0 1
75.6835 0 1
75.7993 0 1
75.9151 0 1
76.031 0 1
76.147 906 30.0998
76.263 934 30.5614
76.3791 912 30.1993
76.4952 972 31.1769
76.6113 973 31.1929
76.7276 1065 32.6343
76.8438 1100 33.1662
76.9601 1292 35.9444
77.0765 1285 35.8469
77.1929 1300 36.0555
77.3093 1372 37.0405
77.4258 1385 37.2156
77.5423 1293 35.9583
77.6589 1208 34.7563
77.7755 1263 35.5387
77.8921 1050 32.4037
78.0088 1041 32.2645
78.1256 963 31.0322
78.2423 990 31.4643
78.3591 1012 31.8119
78.4759 1221 34.9428
78.5928 1123 33.5112
78.7097 1267 35.5949
78.8266 1322 36.3593
78.9436 1312 36.2215
79.0606 1320 36.3318
79.1776 1313 36.2353
79.2946 1318 36.3043
79.4117 1388 37.2559
79.5288 1349 36.7287
79.6459 1284 35.8329
79.7631 1319 36.318
79.8802 1251 35.3695
79.9974 1241 35.2278
80.1147 1098 33.1361
80.2319 1051 32.4191
80.3491 1079 32.8481
80.4664 1183 34.3948
80.5837 1238 35.1852
80.701 1315 36.2629
80.8183 1324 36.3868
80.9357 1390 37.2827
81.053 1364 36.9324
81.1704 1409 37.5366
81.2877 1353 36.7831
81.4051 1315 36.2629
81.5225 1228 35.0428
81.6399 1129 33.6006
81.7573 1005 31.7017
81.8747 980 31.305
81.9922 990 31.4643
82.1096 1067 32.665
82.227 1167 34.1614
82.3444 1255 35.426
82.4619 1327 36.428
82.5793 1398 37.3898
82.6967 1401 37.4299
82.8142 1365 36.9459
82.9316 1408 37.5233
83.049 1389 37.2693
83.1664 1361 36.8917
83.2838 1459 38.1969
83.4012 1345 36.6742
83.5186 1286 35.8608
83.636 1297 36.0139
83.7534 1169 34.1906
83.8708 1141 33.7787
83.9881 1068 32.6803
84.1055 1108 33.2866
84.2228 1167 34.1614
84.3401 1313 36.2353
84.4575 1375 37.081
84.5747 1455 38.1445
84.692 1372 37.0405
84.8093 1396 37.3631
84.9265 1395 37.3497
85.0437 1372 37.0405
85.1609 1236 35.1568
85.2781 1095 33.0908
85.3952 1059 32.5423
85.5123 989 31.4484
85.6294 1082 32.8938
85.7465 1148 33.8821
85.8636 1222 34.9571
85.9806 1318 36.3043
86.0976 1337 36.565
86.2145 1406 37.4967
86.3315 1325 36.4005
86.4484 1345 36.6742
86.5652 1363 36.9188
86.682 1456 38.1576
86.7988 1427 37.7757
86.9156 1389 37.2693
87.0323 1380 37.1484
87.149 1369 37
87.2657 1219 34.9142
87.3823 1190 34.4964
87.4988 969 31.1288
87.6154 1020 31.9374
87.7318 963 31.0322
87.8483 1017 31.8904
87.9647 1034 32.1559
88.081 1164 34.1174
88.1973 1112 33.3467
88.3136 1079 32.8481
88.4298 1015 31.8591
88.546 1009 31.7648
88.6621 807 28.4077
88.7781 623 24.96
88.8942 0 1
89.0101 0 1
89.126 0 1
89.2419 0 1
89.3577 0 1
89.4734 0 1
89.5891 0 1
89.7047 0 1
89.8203 0 1
89.9358 0 1
92.3269 0 1
92.4424 0 1
92.558 0 1
92.6736 0 1
92.7893 0 1
92.905 0 1
93.0208 0 1
93.1366 0 1
93.2525 0 1
93.3685 0 1
93.4845 0 1
93.6005 1058 32.5269
93.7167 1091 33.0303
93.8328 1228 35.0428
93.949 1255 35.426
94.0653 1262 35.5246
94.1816 1251 35.3695
94.2979 1208 34.7563
94.4143 1163 34.1028
94.5307 1070 32.7109
94.6472 1041 32.2645
94.7637 1017 31.8904
94.8803 1104 33.2265
94.9969 1234 35.1283
95.1135 1312 36.2215
95.2302 1333 36.5103
95.3469 1375 37.081
95.4637 1429 37.8021
95.5805 1454 38.1314
95.6973 1453 38.1182
95.8142 1470 38.3406
95.9311 1399 37.4032
96.048 1438 37.921
96.1649 1418 37.6563
96.2819 1384 37.2022
96.3989 1415 37.6165
96.516 1222 34.9571
96.633 1235 35.1426
96.7501 1161 34.0735
96.8673 1102 33.1964
96.9844 1228 35.0428
97.1016 1277 35.7351
97.2188 1375 37.081
97.336 1447 38.0395
97.4532 1508 38.833
97.5704 1474 38.3927
97.6877 1450 38.0789
97.805 1464 38.2623
97.9223 1307 36.1525
98.0396 1282 35.805
98.1569 1136 33.7046
98.2743 1078 32.8329
98.3916 1031 32.1092
98.509 1148 33.8821
98.6264 1230 35.0714
98.7438 1264 35.5528
98.8612 1358 36.8511
98.9786 1477 38.4318
99.096 1397 37.3765
99.2134 1541 39.2556
99.3308 1556 39.4462
99.4482 1499 38.7169
99.5656 1540 39.2428
99.6831 1566 39.5727
99.8005 1449 38.0657
99.9179 1435 37.8814
100.035 1360 36.8782
100.153 1451 38.092
100.27 1272 35.6651
100.388 1246 35.2987
100.505 1213 34.8281
100.622 1303 36.0971
100.74 1400 37.4166
100.857 1520 38.9872
100.975 1513 38.8973
101.092 1514 38.9102
101.209 1573 39.6611
101.327 1578 39.724
101.444 1474 38.3927
101.561 1438 37.921
101.679 1274 35.6931
101.796 1177 34.3074
101.913 1146 33.8526
102.03 1144 33.8231
102.148 1274 35.6931
102.265 1379 37.1349
102.382 1504 38.7814
102.499 1521 39
102.616 1571 39.6358
102.733 1564 39.5474
102.851 1585 39.8121
102.968 1614 40.1746
103.085 1631 40.3856
103.202 1572 39.6485
103.319 1548 39.3446
103.436 1587 39.8372
103.552 1490 38.6005
103.669 1473 38.3797
103.786 1276 35.7211
103.903 1255 35.426
104.02 1381 37.1618
104.137 1424 37.7359
104.253 1479 38.4578
104.37 1628 40.3485
104.487 1627 40.3361
104.603 1661 40.7554
104.72 1624 40.2989
104.836 1548 39.3446
104.953 1493 38.6394
105.069 1320 36.3318
105.186 1184 34.4093
105.302 1080 32.8634
105.418 1021 31.9531
105.535 1035 32.1714
105.651 1145 33.8378
105.767 1038 32.218
105.883 1121 33.4813
105.999 1025 32.0156
106.115 0 1
106.231 0 1
106.347 0 1
106.463 0 1
106.579 0 1
106.694 0 1
106.81 0 1
106.926 0 1
107.041 0 1
107.157 0 1
109.576 0 1
109.692 0 1
109.807 0 1
109.923 0 1
110.039 0 1
110.155 0 1
110.27 0 1
110.386 0 1
110.502 0 1
110.618 675 25.9808
110.735 860 29.3258
110.851 1029 32.078
110.967 1098 33.1361
111.083 1223 34.9714
111.199 1333 36.5103
111.316 1414 37.6032
111.432 1411 37.5633
111.549 1456 38.1576
111.665 1521 39
111.782 1459 38.1969
111.898 1528 39.0896
112.015 1423 37.7227
112.132 1367 36.973
112.248 1257 35.4542
112.365 1172 34.2345
112.482 1142 33.7935
112.599 1300 36.0555
112.716 1321 36.3456
112.832 1433 37.855
112.949 1594 39.9249
113.066 1518 38.9615
113.183 1558 39.4715
113.3 1458 38.1838
113.417 1445 38.0132
113.534 1492 38.6264
113.652 1292 35.9444
113.769 1187 34.4529
113.886 1162 34.0881
114.003 1112 33.3467
114.12 1153 33.9559
114.238 1214 34.8425
114.355 1287 35.8748
114.472 1364 36.9324
114.589 1514 38.9102
114.707 1511 38.8716
114.824 1580 39.7492
114.942 1486 38.5487
115.059 1622 40.2741
115.176 1570 39.6232
115.294 1530 39.1152
115.411 1526 39.064
115.529 1510 38.8587
115.646 1479 38.4578
115.764 1387 37.2424
115.881 1277 35.7351
115.999 1250 35.3553
116.116 1252 35.3836
116.234 1415 37.6165
116.351 1443 37.9868
116.469 1516 38.9358
116.586 1517 38.9487
116.704 1581 39.7618
116.821 1521 39
116.939 1538 39.2173
117.056 1577 39.7115
117.174 1418 37.6563
117.291 1271 35.6511
117.409 1127 33.5708
117.526 1130 33.6155
117.644 1117 33.4215
117.761 1140 33.7639
117.879 1311 36.2077
117.996 1351 36.756
118.114 1432 37.8418
118.231 1451 38.092
118.349 1506 38.8072
118.466 1554 39.4208
118.584 1540 39.2428
118.701 1543 39.281
118.819 1475 38.4057
118.936 1479 38.4578
119.053 1391 37.2961
119.171 1388 37.2559
119.288 1324 36.3868
119.405 1248 35.327
119.523 1246 35.2987
119.64 1149 33.8969
119.757 1224 34.9857
119.875 1296 36
119.992 1432 37.8418
120.109 1439 37.9342
120.226 1526 39.064
120.343 1457 38.1707
120.46 1473 38.3797
120.578 1519 38.9744
120.695 1426 37.7624
120.812 1321 36.3456
120.929 1237 35.171
121.046 1214 34.8425
121.163 1032 32.1248
121.279 1013 31.8277
121.396 1055 32.4808
121.513 1083 32.909
121.63 1101 33.1813
121.747 1179 34.3366
121.863 1128 33.5857
121.98 1211 34.7994
122.097 1234 35.1283
122.213 1186 34.4384
122.33 1090 33.0151
122.446 1078 32.8329
122.563 1086 32.9545
122.679 1009 31.7648
122.795 894 29.8998
122.912 846 29.0861
123.028 741 27.2213
123.144 713 26.7021
123.26 549 23.4307
123.377 0 1
123.493 0 1
123.609 0 1
123.725 0 1
123.84 0 1
123.956 0 1
124.072 0 1
124.188 0 1
124.303 0 1
124.419 0 1
126.852 0 1
126.968 0 1
127.083 0 1
127.199 0 1
127.315 0 1
127.431 0 1
127.547 0 1
127.663 0 1
127.779 0 1
127.895 0 1
128.011 0 1
128.127 0 1
128.243 0 1
128.359 1386 37.229
128.476 1360 36.8782
128.592 1425 37.7492
128.708 1277 35.7351
128.825 1347 36.7015
128.941 1398 37.3898
129.058 1447 38.0395
129.174 1511 38.8716
129.291 1443 37.9868
129.408 1514 38.9102
129.524 1522 39.0128
129.641 1552 39.3954
129.758 1475 38.4057
129.875 1461 38.223
129.992 1341 36.6197
130.108 1264 35.5528
130.225 1121 33.4813
130.342 1194 34.5543
130.459 1158 34.0294
130.576 1304 36.1109
130.693 1330 36.4692
130.81 1294 35.9722
130.928 1470 38.3406
131.045 1481 38.4838
131.162 1494 38.6523
131.279 1523 39.0256
131.396 1468 38.3145
131.513 1479 38.4578
131.631 1559 39.4842
131.748 1514 38.9102
131.865 1441 37.9605
131.983 1412 37.5766
132.1 1388 37.2559
132.217 1360 36.8782
132.335 1337 36.565
132.452 1307 36.1525
132.57 1458 38.1838
132.687 1581 39.7618
132.804 1537 39.2046
132.922 1623 40.2865
133.039 1630 40.3733
133.157 1604 40.05
133.274 1613 40.1622
133.392 1523 39.0256
133.509 1369 37
133.627 1314 36.2491
133.744 1236 35.1568
133.862 1193 34.5398
133.979 1153 33.9559
134.097 1291 35.9305
134.214 1349 36.7287
134.332 1437 37.9078
134.449 1415 37.6165
134.567 1530 39.1152
134.684 1565 39.5601
134.802 1511 38.8716
134.919 1639 40.4846
135.037 1551 39.3827
135.154 1536 39.1918
135.272 1480 38.4708
135.389 1533 39.1535
135.507 1459 38.1969
135.624 1412 37.5766
135.742 1375 37.081
135.859 1288 35.8887
135.977 1360 36.8782
136.094 1370 37.0135
136.211 1496 38.6782
136.329 1484 38.5227
136.446 1557 39.4588
136.564 1525 39.0512
136.681 1634 40.4228
136.798 1580 39.7492
136.915 1525 39.0512
137.033 1486 38.5487
137.15 1356 36.8239
137.267 1289 35.9026
137.384 1230 35.0714
137.502 1138 33.7343
137.619 1251 35.3695
137.736 1298 36.0278
137.853 1334 36.524
137.97 1414 37.6032
138.087 1463 38.2492
138.204 1504 38.7814
138.321 1483 38.5097
138.438 1549 39.3573
138.555 1536 39.1918
138.672 1533 39.1535
138.788 1511 38.8716
138.905 1454 38.1314
139.022 1345 36.6742
139.139 1321 36.3456
139.255 1181 34.3657
139.372 1046 32.3419
139.488 1056 32.4962
139.605 1004 31.686
139.721 1058 32.5269
139.838 1053 32.45
139.954 1076 32.8024
140.071 1026 32.0312
140.187 947 30.7734
140.303 928 30.4631
140.419 816 28.5657
140.535 784 28
140.652 743 27.258
140.768 0 1
140.884 0 1
141 0 1
141.115 0 1
141.231 0 1
141.347 0 1
141.463 0 1
141.578 0 1
141.694 0 1
144.104 0 1
144.219 0 1
144.335 0 1
144.45 0 1
144.566 0 1
144.682 0 1
144.798 0 1
144.914 0 1
145.03 0 1
145.146 1035 32.1714
145.262 1175 34.2783
145.378 1151 33.9264
145.494 1237 35.171
145.61 1269 35.623
145.726 1179 34.3366
145.842 1167 34.1614
145.959 1104 33.2265
146.075 1033 32.1403
146.192 998 31.5911
146.308 1026 32.0312
146.425 940 30.6594
146.541 1016 31.8748
146.658 1030 32.0936
146.774 1081 32.8786
146.891 1111 33.3317
147.008 1126 33.5559
147.125 1123 33.5112
147.241 1193 34.5398
147.358 1224 34.9857
147.475 1278 35.7491
147.592 1218 34.8999
147.709 1133 33.6601
147.826 1061 32.573
147.943 1047 32.3574
148.06 1089 33
148.177 1049 32.3883
148.294 1065 32.6343
148.411 1065 32.6343
148.528 1088 32.9848
148.645 1099 33.1512
148.762 1170 34.2053
148.88 1237 35.171
148.997 1264 35.5528
149.114 1186 34.4384
149.231 1183 34.3948
149.349 1218 34.8999
149.466 1215 34.8569
149.583 1095 33.0908
149.701 1047 32.3574
149.818 1023 31.9844
149.935 979 31.289
150.053 943 30.7083
150.17 978 31.273
150.287 979 31.289
150.405 1023 31.9844
150.522 1044 32.311
150.64 1131 33.6303
150.757 1127 33.5708
150.875 1160 34.0588
150.992 1176 34.2929
151.11 1183 34.3948
151.227 1166 34.1467
151.344 1140 33.7639
151.462 1067 32.665
151.579 1039 32.2335
151.697 980 31.305
151.814 1018 31.9061
151.932 944 30.7246
152.049 969 31.1288
152.167 1079 32.8481
152.284 1071 32.7261
152.402 1134 33.6749
152.519 1106 33.2566
152.636 1105 33.2415
152.754 1167 34.1614
152.871 1168 34.176
152.989 1119 33.4515
153.106 1092 33.0454
153.223 1004 31.686
153.341 1003 31.6702
153.458 939 30.6431
153.575 850 29.1548
153.693 872 29.5296
153.81 941 30.6757
153.927 1011 31.7962
154.044 929 30.4795
154.162 1013 31.8277
154.279 955 30.9031
154.396 1058 32.5269
154.513 1068 32.6803
154.63 1123 33.5112
154.747 1056 32.4962
154.864 1053 32.45
154.981 1069 32.6956
155.098 932 30.5287
155.215 976 31.241
155.332 938 30.6268
155.449 880 29.6648
155.566 919 30.315
155.683 902 30.0333
155.8 1002 31.6544
155.917 992 31.496
156.033 972 31.1769
156.15 0 1
156.267 0 1
156.383 0 1
156.5 0 1
156.617 0 1
156.733 0 1
156.85 0 1
156.966 0 1
157.082 0 1
157.199 0 1
157.315 0 1
157.431 0 1
157.547 0 1
157.664 0 1
157.78 0 1
157.896 0 1
158.012 0 1
158.128 0 1
158.244 0 1
158.359 0 1
158.475 0 1
158.591 0 1
158.706 0 1
