
6.15755 0 1
6.2731 0 1
6.3887 0 1
6.50437 0 1
6.62009 0 1
6.73587 0 1
6.8517 0 1
6.96759 0 1
7.08353 0 1
7.19952 0 1
7.31557 0 1
7.43166 0 1
7.54781 0 1
7.664 0 1
7.78024 0 1
7.89653 0 1
8.01286 0 1
8.12924 0 1
8.24567 0 1
8.36213 0 1
8.47864 0 1
8.59519 0 1
8.71178 0 1
8.82841 0 1
8.94508 0 1
9.06179 0 1
9.17853 0 1
9.29531 0 1
9.41212 0 1
9.52897 0 1
9.64584 0 1
9.76276 0 1
9.8797 0 1
9.99667 0 1
10.1137 0 1
10.2307 0 1
10.3478 0 1
10.4648 0 1
10.5819 0 1
10.6991 0 1
10.8162 0 1
10.9334 0 1
11.0506 0 1
11.1678 0 1
11.285 0 1
11.4023 0 1
11.5196 0 1
11.6369 0 1
11.7542 0 1
11.8715 0 1
11.9888 0 1
12.1062 0 1
12.2235 0 1
12.3409 0 1
12.4582 0 1
12.5756 0 1
12.693 0 1
12.8104 0 1
12.9278 0 1
13.0452 0 1
13.1626 0 1
13.28 0 1
13.3974 0 1
13.5149 0 1
13.6323 0 1
13.7497 0 1
13.8671 0 1
13.9845 0 1
14.1019 0 1
14.2193 0 1
14.3367 0 1
14.4541 0 1
14.5714 0 1
14.6888 0 1
14.8062 0 1
14.9235 0 1
15.0408 0 0
15.1581 0 0
15.2755 0 0
15.3927 0 0
15.51 0 0
15.6273 0 0
15.7445 0 0
15.8617 0 0
15.9789 0 0
16.0961 0 0
16.2132 0 0
16.3304 0 0
16.4475 0 0
16.5646 0 0
16.6816 0 0
16.7986 0 0
16.9156 0 0
17.0326 0 0
17.1496 0 0
17.2665 0 0
17.3833 0 0
17.5002 0 0
17.617 0 0
17.7338 0 0
17.8505 0 0
17.9672 0 0
18.0839 0 0
18.2005 0 0
18.3171 0 0
18.4337 0 0
18.5502 0 0
18.6666 0 0
18.7831 0 0
18.8994 0 0
19.0158 0 0
19.1321 0 0
19.2483 0 0
19.3645 0 0
19.4806 0 0
19.5967 0 0
19.7128 0 0
19.8288 0 0
19.9447 0 0
20.0606 0 1
20.1764 0 1
20.2922 0 1
20.4079 0 1
20.5236 0 1
20.6392 0 1
20.7548 0 1
20.8702 0 1
23.3078 0 1
23.4233 0 1
23.539 0 1
23.6547 0 1
23.7704 0 1
23.8862 0 1
24.0021 0 1
24.118 0 1
24.234 0 1
24.35 0 1
24.4661 1134 33.6749
24.5822 1045 32.3265
24.6984 1067 32.665
24.8146 1063 32.6037
24.9309 1031 32.1092
25.0472 1001 31.6386
25.1636 892 29.8664
25.28 886 29.7658
25.3965 994 31.5278
25.513 957 30.9354
25.6296 1083 32.909
25.7462 1115 33.3916
25.8628 1152 33.9411
25.9795 1234 35.1283
26.0962 1205 34.7131
26.213 1174 34.2637
26.3298 1177 34.3074
26.4466 1187 34.4529
26.5635 1156 34
26.6804 1161 34.0735
26.7973 1134 33.6749
26.9143 1134 33.6749
27.0313 1187 34.4529
27.1483 1251 35.3695
27.2653 1192 34.5254
27.3824 1222 34.9571
27.4996 1223 34.9714
27.6167 1277 35.7351
27.7339 1182 34.3802
27.8511 1118 33.4365
27.9683 1179 34.3366
28.0855 1116 33.4066
28.2028 1089 33
28.3201 1095 33.0908
28.4374 1023 31.9844
28.5547 1034 32.1559
28.6721 895 29.9166
28.7894 907 30.1164
28.9068 892 29.8664
29.0242 870 29.4958
29.1416 891 29.8496
29.259 959 30.9677
29.3764 968 31.1127
29.4939 1038 32.218
29.6113 1093 33.0606
29.7288 1124 33.5261
29.8463 1153 33.9559
29.9638 1127 33.5708
30.0812 1061 32.573
30.1987 1113 33.3617
30.3162 1091 33.0303
30.4337 1062 32.5883
30.5512 1104 33.2265
30.6687 1116 33.4066
30.7862 1128 33.5857
30.9037 1169 34.1906
31.0212 1240 35.2136
31.1387 1165 34.1321
31.2562 1204 34.6987
31.3737 1139 33.7491
31.4912 1157 34.0147
31.6087 1097 33.121
31.7262 1055 32.4808
31.8436 1046 32.3419
31.9611 1011 31.7962
32.0785 907 30.1164
32.1959 807 28.4077
32.3134 787 28.0535
32.4308 819 28.6182
32.5482 857 29.2746
32.6655 928 30.4631
32.7829 932 30.5287
32.9002 975 31.225
33.0176 1027 32.0468
33.1349 1051 32.4191
33.2522 1061 32.573
33.3694 1102 33.1964
33.4867 1135 33.6898
33.6039 1070 32.7109
33.7211 1047 32.3574
33.8383 1010 31.7805
33.9554 1103 33.2114
34.0725 1030 32.0936
34.1896 1054 32.4654
34.3067 1106 33.2566
34.4237 1084 32.9242
34.5407 1120 33.4664
34.6577 1113 33.3617
34.7746 1108 33.2866
34.8915 1102 33.1964
35.0084 1133 33.6601
35.1252 1114 33.3766
35.242 1098 33.1361
35.3587 1073 32.7567
35.4755 1029 32.078
35.5921 1070 32.7109
35.7088 1002 31.6544
35.8254 913 30.2159
35.9419 852 29.189
36.0584 838 28.9482
36.1749 796 28.2135
36.2913 807 28.4077
36.4077 825 28.7228
36.524 903 30.05
36.6403 940 30.6594
36.7565 1027 32.0468
36.8727 953 30.8707
36.9889 1012 31.8119
37.1049 1039 32.2335
37.221 0 1
37.3369 0 1
37.4529 0 1
37.5687 0 1
37.6845 0 1
37.8003 0 1
37.916 0 1
38.0316 0 1
38.1472 0 1
40.5851 0 1
40.7008 0 1
40.8164 0 1
40.9322 0 1
41.048 0 1
41.1639 0 1
41.2798 0 1
41.3958 0 1
41.5118 0 1
41.6279 0 1
41.744 745 27.2947
41.8602 781 27.9464
41.9765 782 27.9643
42.0928 832 28.8444
42.2091 790 28.1069
42.3255 848 29.1204
42.4419 854 29.2233
42.5584 817 28.5832
42.675 857 29.2746
42.7915 876 29.5973
42.9081 833 28.8617
43.0248 825 28.7228
43.1415 855 29.2404
43.2582 860 29.3258
43.375 834 28.8791
43.4918 863 29.3769
43.6087 894 29.8998
43.7256 887 29.7825
43.8425 887 29.7825
43.9595 802 28.3196
44.0765 823 28.688
44.1935 752 27.4226
44.3106 818 28.6007
44.4277 729 27
44.5448 689 26.2488
44.6619 631 25.1197
44.7791 587 24.2281
44.8963 546 23.3666
45.0136 548 23.4094
45.1308 569 23.8537
45.2481 552 23.4947
45.3654 591 24.3105
45.4827 618 24.8596
45.6001 720 26.8328
45.7174 628 25.0599
45.8348 649 25.4755
45.9522 683 26.1343
46.0697 636 25.219
46.1871 598 24.454
46.3046 620 24.8998
46.422 663 25.7488
46.5395 614 24.779
46.657 639 25.2784
46.7745 659 25.671
46.892 605 24.5967
47.0096 655 25.593
47.1271 607 24.6374
47.2446 669 25.865
47.3622 617 24.8395
47.4797 627 25.04
47.5973 622 24.9399
47.7149 580 24.0832
47.8324 553 23.516
47.95 512 22.6274
48.0675 517 22.7376
48.1851 439 20.9523
48.3027 432 20.7846
48.4202 402 20.0499
48.5378 416 20.3961
48.6554 387 19.6723
48.7729 439 20.9523
48.8904 480 21.9089
49.008 495 22.2486
49.1255 501 22.383
49.243 512 22.6274
49.3605 460 21.4476
49.478 470 21.6795
49.5955 512 22.6274
49.713 478 21.8632
49.8304 485 22.0227
49.9479 538 23.1948
50.0653 535 23.1301
50.1827 534 23.1084
50.3001 592 24.3311
50.4175 618 24.8596
50.5348 633 25.1595
50.6521 634 25.1794
50.7694 636 25.219
50.8867 595 24.3926
51.004 659 25.671
51.1212 629 25.0799
51.2384 718 26.7955
51.3556 661 25.7099
51.4727 598 24.454
51.5899 588 24.2487
51.707 548 23.4094
51.824 532 23.0651
51.9411 533 23.0868
52.0581 531 23.0434
52.175 545 23.3452
52.2919 595 24.3926
52.4088 674 25.9615
52.5257 700 26.4575
52.6425 740 27.2029
52.7593 720 26.8328
52.876 797 28.2312
52.9927 770 27.7489
53.1094 735 27.1109
53.226 847 29.1033
53.3426 809 28.4429
53.4591 847 29.1033
53.5756 865 29.4109
53.692 865 29.4109
53.8084 960 30.9839
53.9248 917 30.282
54.0411 981 31.3209
54.1573 944 30.7246
54.2735 0 1
54.3896 0 1
54.5057 0 1
54.6217 0 1
54.7377 0 1
54.8537 0 1
54.9695 0 1
55.0853 0 1
55.2011 0 1
55.3168 0 1
55.4324 0 1
57.824 0 1
57.9396 0 1
58.0553 0 1
58.1711 0 1
58.2869 0 1
58.4028 0 1
58.5187 0 1
58.6347 0 1
58.7508 0 1
58.8669 0 1
58.983 1013 31.8277
59.0992 1048 32.3728
59.2155 1130 33.6155
59.3318 1105 33.2415
59.4482 1154 33.9706
59.5646 1161 34.0735
59.681 1109 33.3017
59.7975 1088 32.9848
59.9141 1090 33.0151
60.0306 1060 32.5576
60.1473 942 30.692
60.2639 865 29.4109
60.3807 793 28.1603
60.4974 804 28.3549
60.6142 728 26.9815
60.731 749 27.3679
60.8479 812 28.4956
60.9648 788 28.0713
61.0818 859 29.3087
61.1987 918 30.2985
61.3158 924 30.3974
61.4328 950 30.8221
61.5499 991 31.4802
61.667 938 30.6268
61.7841 996 31.5595
61.9013 984 31.3688
62.0185 1016 31.8748
62.1357 940 30.6594
62.253 997 31.5753
62.3702 1066 32.6497
62.4875 1025 32.0156
62.6049 1047 32.3574
62.7222 1082 32.8938
62.8396 1076 32.8024
62.9569 1168 34.176
63.0743 1118 33.4365
63.1918 1105 33.2415
63.3092 1076 32.8024
63.4267 1092 33.0454
63.5441 1058 32.5269
63.6616 999 31.607
63.7791 866 29.4279
63.8966 795 28.1957
64.0142 731 27.037
64.1317 741 27.2213
64.2492 777 27.8747
64.3668 802 28.3196
64.4843 846 29.0861
64.6019 895 29.9166
64.7195 940 30.6594
64.837 1017 31.8904
64.9546 993 31.5119
65.0722 966 31.0805
65.1898 982 31.3369
65.3074 1014 31.8434
65.4249 906 30.0998
65.5425 974 31.209
65.6601 951 30.8383
65.7777 965 31.0644
65.8952 964 31.0483
66.0128 993 31.5119
66.1304 1066 32.6497
66.2479 1044 32.311
66.3655 1100 33.1662
66.483 1103 33.2114
66.6005 1138 33.7343
66.718 1115 33.3916
66.8355 1088 32.9848
66.953 1001 31.6386
67.0705 1016 31.8748
67.1879 891 29.8496
67.3054 848 29.1204
67.4228 746 27.313
67.5402 792 28.1425
67.6576 633 25.1595
67.7749 660 25.6905
67.8923 725 26.9258
68.0096 704 26.533
68.1269 774 27.8209
68.2442 804 28.3549
68.3614 858 29.2916
68.4787 862 29.3598
68.5958 869 29.4788
68.713 939 30.6431
68.8302 839 28.9655
68.9473 878 29.6311
69.0643 814 28.5307
69.1814 884 29.7321
69.2984 831 28.8271
69.4154 875 29.5804
69.5323 893 29.8831
69.6492 978 31.273
69.7661 972 31.1769
69.8829 1046 32.3419
69.9997 1050 32.4037
70.1165 1105 33.2415
70.2332 1066 32.6497
70.3499 1073 32.7567
70.4665 1027 32.0468
70.5831 1033 32.1403
70.6996 952 30.8545
70.8161 951 30.8383
70.9326 843 29.0345
71.049 809 28.4429
71.1653 726 26.9444
71.2817 671 25.9037
71.3979 623 24.96
71.5141 690 26.2679
71.6303 650 25.4951
71.7464 650 25.4951
71.8624 0 1
71.9784 0 1
72.0944 0 1
72.2102 0 1
72.3261 0 1
72.4418 0 1
72.5575 0 1
72.6732 0 1
75.1054 0 1
75.2209 0 1
75.3365 0 1
75.4521 0 1
75.5678 0 1
75.6835 0 1
75.7993 0 1
75.9151 0 1
76.031 0 1
76.147 840 28.9828
76.263 870 29.4958
76.3791 843 29.0345
76.4952 748 27.3496
76.6113 735 27.1109
76.7276 662 25.7294
76.8438 704 26.533
76.9601 754 27.4591
77.0765 826 28.7402
77.1929 862 29.3598
77.3093 868 29.4618
77.4258 919 30.315
77.5423 903 30.05
77.6589 919 30.315
77.7755 867 29.4449
77.8921 886 29.7658
78.0088 884 29.7321
78.1256 839 28.9655
78.2423 897 29.95
78.3591 870 29.4958
78.4759 900 30
78.5928 941 30.6757
78.7097 934 30.5614
78.8266 1056 32.4962
78.9436 1099 33.1512
79.0606 1090 33.0151
79.1776 1019 31.9218
79.2946 1043 32.2955
79.4117 1093 33.0606
79.5288 998 31.5911
79.6459 1001 31.6386
79.7631 928 30.4631
79.8802 865 29.4109
79.9974 797 28.2312
80.1147 727 26.9629
80.2319 669 25.865
80.3491 664 25.7682
80.4664 710 26.6458
80.5837 693 26.3249
80.701 734 27.0924
80.8183 748 27.3496
80.9357 829 28.7924
81.053 791 28.1247
81.1704 846 29.0861
81.2877 815 28.5482
81.4051 805 28.3725
81.5225 800 28.2843
81.6399 753 27.4408
81.7573 756 27.4955
81.8747 760 27.5681
81.9922 805 28.3725
82.1096 746 27.313
82.227 781 27.9464
82.3444 893 29.8831
82.4619 910 30.1662
82.5793 940 30.6594
82.6967 894 29.8998
82.8142 961 31
82.9316 916 30.2655
83.049 895 29.9166
83.1664 912 30.1993
83.2838 827 28.7576
83.4012 763 27.6225
83.5186 758 27.5318
83.636 649 25.4755
83.7534 599 24.4745
83.8708 593 24.3516
83.9881 582 24.1247
84.1055 606 24.6171
84.2228 637 25.2389
84.3401 693 26.3249
84.4575 678 26.0384
84.5747 744 27.2764
84.692 808 28.4253
84.8093 727 26.9629
84.9265 749 27.3679
85.0437 791 28.1247
85.1609 757 27.5136
85.2781 728 26.9815
85.3952 786 28.0357
85.5123 744 27.2764
85.6294 799 28.2666
85.7465 791 28.1247
85.8636 802 28.3196
85.9806 952 30.8545
86.0976 976 31.241
86.2145 989 31.4484
86.3315 1020 31.9374
86.4484 956 30.9192
86.5652 1024 32
86.682 1014 31.8434
86.7988 952 30.8545
86.9156 925 30.4138
87.0323 880 29.6648
87.149 829 28.7924
87.2657 762 27.6043
87.3823 705 26.5518
87.4988 704 26.533
87.6154 704 26.533
87.7318 771 27.7669
87.8483 774 27.8209
87.9647 888 29.7993
88.081 917 30.282
88.1973 952 30.8545
88.3136 920 30.3315
88.4298 977 31.257
88.546 978 31.273
88.6621 913 30.2159
88.7781 860 29.3258
88.8942 0 1
89.0101 0 1
89.126 0 1
89.2419 0 1
89.3577 0 1
89.4734 0 1
89.5891 0 1
89.7047 0 1
89.8203 0 1
89.9358 0 1
92.3269 0 1
92.4424 0 1
92.558 0 1
92.6736 0 1
92.7893 0 1
92.905 0 1
93.0208 0 1
93.1366 0 1
93.2525 0 1
93.3685 0 1
93.4845 0 1
93.6005 945 30.7409
93.7167 951 30.8383
93.8328 906 30.0998
93.949 945 30.7409
94.0653 855 29.2404
94.1816 875 29.5804
94.2979 805 28.3725
94.4143 806 28.3901
94.5307 816 28.5657
94.6472 915 30.249
94.7637 942 30.692
94.8803 969 31.1288
94.9969 980 31.305
95.1135 1001 31.6386
95.2302 1080 32.8634
95.3469 1134 33.6749
95.4637 1155 33.9853
95.5805 1109 33.3017
95.6973 1162 34.0881
95.8142 1116 33.4066
95.9311 1104 33.2265
96.048 1009 31.7648
96.1649 950 30.8221
96.2819 901 30.0167
96.3989 884 29.7321
96.516 850 29.1548
96.633 770 27.7489
96.7501 824 28.7054
96.8673 809 28.4429
96.9844 833 28.8617
97.1016 876 29.5973
97.2188 966 31.0805
97.336 1021 31.9531
97.4532 1042 32.28
97.5704 1025 32.0156
97.6877 973 31.1929
97.805 957 30.9354
97.9223 887 29.7825
98.0396 860 29.3258
98.1569 868 29.4618
98.2743 859 29.3087
98.3916 898 29.9666
98.509 909 30.1496
98.6264 993 31.5119
98.7438 1066 32.6497
98.8612 1072 32.7414
98.9786 1145 33.8378
99.096 1166 34.1467
99.2134 1183 34.3948
99.3308 1154 33.9706
99.4482 1177 34.3074
99.5656 1118 33.4365
99.6831 1067 32.665
99.8005 995 31.5436
99.9179 877 29.6142
100.035 853 29.2062
100.153 802 28.3196
100.27 868 29.4618
100.388 846 29.0861
100.505 922 30.3645
100.622 947 30.7734
100.74 960 30.9839
100.857 924 30.3974
100.975 1025 32.0156
101.092 979 31.289
101.209 1009 31.7648
101.327 961 31
101.444 905 30.0832
101.561 882 29.6985
101.679 903 30.05
101.796 902 30.0333
101.913 889 29.8161
102.03 1018 31.9061
102.148 1035 32.1714
102.265 1105 33.2415
102.382 1233 35.1141
102.499 1165 34.1321
102.616 1248 35.327
102.733 1188 34.4674
102.851 1227 35.0286
102.968 1185 34.4238
103.085 1207 34.7419
103.202 1131 33.6303
103.319 1130 33.6155
103.436 1017 31.8904
103.552 965 31.0644
103.669 914 30.2324
103.786 911 30.1828
103.903 895 29.9166
104.02 896 29.9333
104.137 947 30.7734
104.253 1012 31.8119
104.37 1109 33.3017
104.487 1102 33.1964
104.603 1054 32.4654
104.72 1030 32.0936
104.836 1025 32.0156
104.953 968 31.1127
105.069 986 31.4006
105.186 955 30.9031
105.302 981 31.3209
105.418 1007 31.7333
105.535 1081 32.8786
105.651 1150 33.9116
105.767 1209 34.7707
105.883 1226 35.0143
105.999 1292 35.9444
106.115 0 1
106.231 0 1
106.347 0 1
106.463 0 1
106.579 0 1
106.694 0 1
106.81 0 1
106.926 0 1
107.041 0 1
107.157 0 1
109.576 0 1
109.692 0 1
109.807 0 1
109.923 0 1
110.039 0 1
110.155 0 1
110.27 0 1
110.386 0 1
110.502 0 1
110.618 1023 31.9844
110.735 1157 34.0147
110.851 1198 34.6121
110.967 1201 34.6554
111.083 1263 35.5387
111.199 1245 35.2846
111.316 1322 36.3593
111.432 1260 35.4965
111.549 1212 34.8138
111.665 1208 34.7563
111.782 1128 33.5857
111.898 1108 33.2866
112.015 1013 31.8277
112.132 1021 31.9531
112.248 940 30.6594
112.365 920 30.3315
112.482 842 29.0172
112.599 956 30.9192
112.716 951 30.8383
112.832 1051 32.4191
112.949 1056 32.4962
113.066 1022 31.9687
113.183 1032 32.1248
113.3 971 31.1609
113.417 908 30.133
113.534 936 30.5941
113.652 918 30.2985
113.769 876 29.5973
113.886 878 29.6311
114.003 994 31.5278
114.12 1023 31.9844
114.238 1155 33.9853
114.355 1184 34.4093
114.472 1178 34.322
114.589 1255 35.426
114.707 1218 34.8999
114.824 1271 35.6511
114.942 1202 34.6699
115.059 1240 35.2136
115.176 1199 34.6266
115.294 1113 33.3617
115.411 1103 33.2114
115.529 1101 33.1813
115.646 1050 32.4037
115.764 964 31.0483
115.881 901 30.0167
115.999 948 30.7896
116.116 979 31.289
116.234 962 31.0161
116.351 1010 31.7805
116.469 1068 32.6803
116.586 997 31.5753
116.704 1070 32.7109
116.821 937 30.6105
116.939 972 31.1769
117.056 914 30.2324
117.174 895 29.9166
117.291 930 30.4959
117.409 956 30.9192
117.526 949 30.8058
117.644 1104 33.2265
117.761 1179 34.3366
117.879 1245 35.2846
117.996 1236 35.1568
118.114 1298 36.0278
118.231 1280 35.7771
118.349 1218 34.8999
118.466 1273 35.6791
118.584 1342 36.6333
118.701 1234 35.1283
118.819 1179 34.3366
118.936 1121 33.4813
119.053 1148 33.8821
119.171 1093 33.0606
119.288 1038 32.218
119.405 989 31.4484
119.523 948 30.7896
119.64 980 31.305
119.757 1003 31.6702
119.875 998 31.5911
119.992 1004 31.686
120.109 1030 32.0936
120.226 1010 31.7805
120.343 1004 31.686
120.46 981 31.3209
120.578 958 30.9516
120.695 938 30.6268
120.812 916 30.2655
120.929 868 29.4618
121.046 952 30.8545
121.163 980 31.305
121.279 1082 32.8938
121.396 1126 33.5559
121.513 1192 34.5254
121.63 1210 34.7851
121.747 1309 36.1801
121.863 1217 34.8855
121.98 1186 34.4384
122.097 1277 35.7351
122.213 1298 36.0278
122.33 1185 34.4238
122.446 1169 34.1906
122.563 1192 34.5254
122.679 1132 33.6452
122.795 1123 33.5112
122.912 1051 32.4191
123.028 1016 31.8748
123.144 914 30.2324
123.26 913 30.2159
123.377 0 1
123.493 0 1
123.609 0 1
123.725 0 1
123.84 0 1
123.956 0 1
124.072 0 1
124.188 0 1
124.303 0 1
124.419 0 1
126.852 0 1
126.968 0 1
127.083 0 1
127.199 0 1
127.315 0 1
127.431 0 1
127.547 0 1
127.663 0 1
127.779 0 1
127.895 0 1
128.011 0 1
128.127 0 1
128.243 0 1
128.359 1081 32.8786
128.476 1089 33
128.592 1036 32.187
128.708 1014 31.8434
128.825 1033 32.1403
128.941 1206 34.7275
129.058 1130 33.6155
129.174 1141 33.7787
129.291 1082 32.8938
129.408 1058 32.5269
129.524 1038 32.218
129.641 991 31.4802
129.758 1048 32.3728
129.875 1004 31.686
129.992 1077 32.8177
130.108 1079 32.8481
130.225 1109 33.3017
130.342 1211 34.7994
130.459 1195 34.5688
130.576 1289 35.9026
130.693 1275 35.7071
130.81 1285 35.8469
130.928 1314 36.2491
131.045 1299 36.0416
131.162 1258 35.4683
131.279 1247 35.3129
131.396 1301 36.0694
131.513 1239 35.1994
131.631 1223 34.9714
131.748 1206 34.7275
131.865 1158 34.0294
131.983 1157 34.0147
132.1 1080 32.8634
132.217 1090 33.0151
132.335 1076 32.8024
132.452 1147 33.8674
132.57 1111 33.3317
132.687 1113 33.3617
132.804 1262 35.5246
132.922 1065 32.6343
133.039 1067 32.665
133.157 1031 32.1092
133.274 1097 33.121
133.392 1018 31.9061
133.509 1029 32.078
133.627 1097 33.121
133.744 1122 33.4963
133.862 1168 34.176
133.979 1189 34.4819
134.097 1315 36.2629
134.214 1311 36.2077
134.332 1257 35.4542
134.449 1224 34.9857
134.567 1270 35.6371
134.684 1257 35.4542
134.802 1322 36.3593
134.919 1344 36.6606
135.037 1302 36.0832
135.154 1193 34.5398
135.272 1293 35.9583
135.389 1164 34.1174
135.507 1083 32.909
135.624 1124 33.5261
135.742 1075 32.7872
135.859 1112 33.3467
135.977 1189 34.4819
136.094 1182 34.3802
136.211 1152 33.9411
136.329 1173 34.2491
136.446 1166 34.1467
136.564 1109 33.3017
136.681 1046 32.3419
136.798 997 31.5753
136.915 1012 31.8119
137.033 1041 32.2645
137.15 1018 31.9061
137.267 1037 32.2025
137.384 1091 33.0303
137.502 1202 34.6699
137.619 1197 34.5977
137.736 1270 35.6371
137.853 1196 34.5832
137.97 1240 35.2136
138.087 1291 35.9305
138.204 1221 34.9428
138.321 1268 35.609
138.438 1267 35.5949
138.555 1279 35.7631
138.672 1309 36.1801
138.788 1331 36.4829
138.905 1262 35.5246
139.022 1186 34.4384
139.139 1159 34.0441
139.255 1095 33.0908
139.372 1086 32.9545
139.488 1160 34.0588
139.605 1204 34.6987
139.721 1198 34.6121
139.838 1183 34.3948
139.954 1189 34.4819
140.071 1179 34.3366
140.187 1175 34.2783
140.303 1048 32.3728
140.419 1038 32.218
140.535 1011 31.7962
140.652 971 31.1609
140.768 0 1
140.884 0 1
141 0 1
141.115 0 1
141.231 0 1
141.347 0 1
141.463 0 1
141.578 0 1
141.694 0 1
144.104 0 1
144.219 0 1
144.335 0 1
144.45 0 1
144.566 0 1
144.682 0 1
144.798 0 1
144.914 0 1
145.03 0 1
145.146 877 29.6142
145.262 873 29.5466
145.378 935 30.5778
145.494 857 29.2746
145.61 846 29.0861
145.726 834 28.8791
145.842 840 28.9828
145.959 821 28.6531
146.075 809 28.4429
146.192 828 28.775
146.308 949 30.8058
146.425 958 30.9516
146.541 934 30.5614
146.658 913 30.2159
146.774 989 31.4484
146.891 943 30.7083
147.008 988 31.4325
147.125 1027 32.0468
147.241 1039 32.2335
147.358 1024 32
147.475 1036 32.187
147.592 1071 32.7261
147.709 978 31.273
147.826 1013 31.8277
147.943 938 30.6268
148.06 963 31.0322
148.177 939 30.6431
148.294 906 30.0998
148.411 951 30.8383
148.528 976 31.241
148.645 987 31.4166
148.762 974 31.209
148.88 979 31.289
148.997 977 31.257
149.114 1044 32.311
149.231 974 31.209
149.349 919 30.315
149.466 905 30.0832
149.583 817 28.5832
149.701 896 29.9333
149.818 854 29.2233
149.935 845 29.0689
150.053 912 30.1993
150.17 974 31.209
150.287 993 31.5119
150.405 962 31.0161
150.522 1045 32.3265
150.64 1024 32
150.757 1033 32.1403
150.875 1086 32.9545
150.992 1141 33.7787
151.11 1186 34.4384
151.227 1054 32.4654
151.344 1087 32.9697
151.462 1079 32.8481
151.579 1112 33.3467
151.697 1059 32.5423
151.814 955 30.9031
151.932 923 30.3809
152.049 999 31.607
152.167 1056 32.4962
152.284 987 31.4166
152.402 1036 32.187
152.519 1039 32.2335
152.636 1043 32.2955
152.754 1019 31.9218
152.871 974 31.209
152.989 928 30.4631
153.106 948 30.7896
153.223 940 30.6594
153.341 882 29.6985
153.458 911 30.1828
153.575 929 30.4795
153.693 1065 32.6343
153.81 1055 32.4808
153.927 1016 31.8748
154.044 1022 31.9687
154.162 1079 32.8481
154.279 1114 33.3766
154.396 1213 34.8281
154.513 1129 33.6006
154.63 1240 35.2136
154.747 1275 35.7071
154.864 1182 34.3802
154.981 1185 34.4238
155.098 1144 33.8231
155.215 1128 33.5857
155.332 1149 33.8969
155.449 1089 33
155.566 1046 32.3419
155.683 1075 32.7872
155.8 1107 33.2716
155.917 1124 33.5261
156.033 1090 33.0151
156.15 0 1
156.267 0 1
156.383 0 1
156.5 0 1
156.617 0 1
156.733 0 1
156.85 0 1
156.966 0 1
157.082 0 1
157.199 0 1
157.315 0 1
157.431 0 1
157.547 0 1
157.664 0 1
157.78 0 1
157.896 0 1
158.012 0 1
158.128 0 1
158.244 0 1
158.359 0 1
158.475 0 1
158.591 0 1
158.706 0 1
