
6.15755 0 1
6.2731 0 1
6.3887 0 1
6.50437 0 1
6.62009 0 1
6.73587 0 1
6.8517 0 1
6.96759 0 1
7.08353 0 1
7.19952 0 1
7.31557 0 1
7.43166 0 1
7.54781 0 1
7.664 0 1
7.78024 0 1
7.89653 0 1
8.01286 0 1
8.12924 0 1
8.24567 0 1
8.36213 0 1
8.47864 0 1
8.59519 0 1
8.71178 0 1
8.82841 0 1
8.94508 0 1
9.06179 0 1
9.17853 0 1
9.29531 0 1
9.41212 0 1
9.52897 0 1
9.64584 0 1
9.76276 0 1
9.8797 0 1
9.99667 0 1
10.1137 0 1
10.2307 0 1
10.3478 0 1
10.4648 0 1
10.5819 0 1
10.6991 0 1
10.8162 0 1
10.9334 0 1
11.0506 0 1
11.1678 0 1
11.285 0 1
11.4023 0 1
11.5196 0 1
11.6369 0 1
11.7542 0 1
11.8715 0 1
11.9888 0 1
12.1062 0 1
12.2235 0 1
12.3409 0 1
12.4582 0 1
12.5756 0 1
12.693 0 1
12.8104 0 1
12.9278 0 1
13.0452 0 1
13.1626 0 1
13.28 0 1
13.3974 0 1
13.5149 0 1
13.6323 0 1
13.7497 0 1
13.8671 0 1
13.9845 0 1
14.1019 0 1
14.2193 0 1
14.3367 0 1
14.4541 0 1
14.5714 0 1
14.6888 0 1
14.8062 0 1
14.9235 0 1
15.0408 5743 75.7826
15.1581 5944 77.0973
15.2755 6177 78.5939
15.3927 6206 78.7782
15.51 6140 78.3582
15.6273 6050 77.7817
15.7445 5679 75.3591
15.8617 5597 74.8131
15.9789 5524 74.3236
16.0961 5409 73.5459
16.2132 5437 73.736
16.3304 5401 73.4915
16.4475 5307 72.8492
16.5646 5282 72.6774
16.6816 5180 71.9722
16.7986 5038 70.9789
16.9156 4870 69.7854
17.0326 4645 68.1542
17.1496 4532 67.3201
17.2665 4520 67.2309
17.3833 4523 67.2533
17.5002 4415 66.4455
17.617 4550 67.4537
17.7338 4619 67.9632
17.8505 4838 69.5557
17.9672 5112 71.4983
18.0839 5301 72.808
18.2005 5461 73.8986
18.3171 5534 74.3909
18.4337 5699 75.4917
18.5502 5698 75.4851
18.6666 5850 76.4853
18.7831 5590 74.7663
18.8994 5600 74.8331
19.0158 5365 73.2462
19.1321 5187 72.0208
19.2483 5055 71.0985
19.3645 4712 68.644
19.4806 4563 67.55
19.5967 4397 66.3099
19.7128 4335 65.8407
19.8288 4513 67.1789
19.9447 3902 62.466
20.0606 0 1
20.1764 0 1
20.2922 0 1
20.4079 0 1
20.5236 0 1
20.6392 0 1
20.7548 0 1
20.8702 0 1
23.3078 0 1
23.4233 0 1
23.539 0 1
23.6547 0 1
23.7704 0 1
23.8862 0 1
24.0021 0 1
24.118 0 1
24.234 0 1
24.35 0 1
24.4661 4194 64.7611
24.5822 4216 64.9307
24.6984 4290 65.4981
24.8146 4291 65.5057
24.9309 4367 66.0833
25.0472 4575 67.6387
25.1636 4774 69.0941
25.28 4683 68.4324
25.3965 4691 68.4909
25.513 4775 69.1014
25.6296 4701 68.5638
25.7462 4779 69.1303
25.8628 4530 67.3053
25.9795 4394 66.2873
26.0962 4327 65.7799
26.213 4197 64.7843
26.3298 4268 65.3299
26.4466 4187 64.707
26.5635 4325 65.7647
26.6804 4501 67.0895
26.7973 4476 66.9029
26.9143 4530 67.3053
27.0313 4553 67.4759
27.1483 4657 68.2422
27.2653 4806 69.3253
27.3824 4783 69.1592
27.4996 4828 69.4838
27.6167 4737 68.8259
27.7339 4671 68.3447
27.8511 4420 66.4831
27.9683 4358 66.0151
28.0855 4274 65.3758
28.2028 4210 64.8845
28.3201 4032 63.498
28.4374 4080 63.8749
28.5547 4164 64.5291
28.6721 4283 65.4446
28.7894 4316 65.6963
28.9068 4466 66.8281
29.0242 4218 64.9461
29.1416 4128 64.2495
29.259 4088 63.9375
29.3764 3993 63.1902
29.4939 3789 61.5549
29.6113 3843 61.9919
29.7288 3742 61.1719
29.8463 3820 61.8061
29.9638 3873 62.2334
30.0812 3868 62.1932
30.1987 4054 63.671
30.3162 4183 64.6761
30.4337 4198 64.792
30.5512 4370 66.106
30.6687 4401 66.34
30.7862 4494 67.0373
30.9037 4435 66.5958
31.0212 4390 66.2571
31.1387 4459 66.7757
31.2562 4493 67.0298
31.3737 4377 66.1589
31.4912 4212 64.8999
31.6087 4199 64.7997
31.7262 3854 62.0806
31.8436 3939 62.7615
31.9611 3883 62.3137
32.0785 3945 62.8092
32.1959 4142 64.3584
32.3134 4123 64.2106
32.4308 4200 64.8074
32.5482 4031 63.4902
32.6655 4094 63.9844
32.7829 4003 63.2693
32.9002 3760 61.3188
33.0176 3867 62.1852
33.1349 3807 61.7009
33.2522 3649 60.407
33.3694 3675 60.6218
33.4867 3717 60.9672
33.6039 3739 61.1474
33.7211 3776 61.4492
33.8383 3867 62.1852
33.9554 3996 63.2139
34.0725 4172 64.591
34.1896 4093 63.9766
34.3067 4181 64.6607
34.4237 4280 65.4217
34.5407 4399 66.325
34.6577 4364 66.0606
34.7746 4437 66.6108
34.8915 4375 66.1438
35.0084 4292 65.5134
35.1252 4098 64.0156
35.242 4146 64.3894
35.3587 3904 62.482
35.4755 3825 61.8466
35.5921 3834 61.9193
35.7088 3798 61.6279
35.8254 3951 62.857
35.9419 3939 62.7615
36.0584 3902 62.466
36.1749 3933 62.7136
36.2913 3926 62.6578
36.4077 3892 62.3859
36.524 3936 62.7375
36.6403 3654 60.4483
36.7565 3582 59.8498
36.8727 3540 59.4979
36.9889 3462 58.8388
37.1049 3417 58.4551
37.221 0 1
37.3369 0 1
37.4529 0 1
37.5687 0 1
37.6845 0 1
37.8003 0 1
37.916 0 1
38.0316 0 1
38.1472 0 1
40.5851 0 1
40.7008 0 1
40.8164 0 1
40.9322 0 1
41.048 0 1
41.1639 0 1
41.2798 0 1
41.3958 0 1
41.5118 0 1
41.6279 0 1
41.744 2720 52.1536
41.8602 3029 55.0364
41.9765 3049 55.2178
42.0928 2879 53.6563
42.2091 2848 53.3667
42.3255 2776 52.6878
42.4419 2890 53.7587
42.5584 2838 53.2729
42.675 2929 54.1202
42.7915 3107 55.7405
42.9081 3053 55.254
43.0248 3001 54.7814
43.1415 3127 55.9196
43.2582 3145 56.0803
43.375 3197 56.542
43.4918 3077 55.4707
43.6087 3093 55.6147
43.7256 3094 55.6237
43.8425 3024 54.9909
43.9595 2931 54.1387
44.0765 2953 54.3415
44.1935 2807 52.9811
44.3106 2655 51.5267
44.4277 2476 49.7594
44.5448 2451 49.5076
44.6619 2479 49.7896
44.7791 2532 50.319
44.8963 2577 50.7642
45.0136 2464 49.6387
45.1308 2502 50.02
45.2481 2390 48.8876
45.3654 2401 49
45.4827 2292 47.8748
45.6001 2215 47.0638
45.7174 2168 46.5618
45.8348 2162 46.4973
45.9522 2112 45.9565
46.0697 2067 45.4643
46.1871 2124 46.0869
46.3046 2148 46.3465
46.422 2196 46.8615
46.5395 2108 45.913
46.657 2223 47.1487
46.7745 2218 47.0956
46.892 2241 47.3392
47.0096 2217 47.085
47.1271 2226 47.1805
47.2446 2213 47.0425
47.3622 2225 47.1699
47.4797 2181 46.7012
47.5973 2098 45.8039
47.7149 1993 44.643
47.8324 1981 44.5084
47.95 1831 42.7902
48.0675 1822 42.6849
48.1851 1810 42.5441
48.3027 1845 42.9535
48.4202 1858 43.1045
48.5378 1947 44.1248
48.6554 1956 44.2267
48.7729 1973 44.4185
48.8904 1905 43.6463
49.008 1988 44.587
49.1255 1870 43.2435
49.243 1920 43.8178
49.3605 1892 43.4971
49.478 1775 42.1307
49.5955 1891 43.4856
49.713 1881 43.3705
49.8304 1847 42.9767
49.9479 2067 45.4643
50.0653 2094 45.7602
50.1827 2081 45.618
50.3001 2162 46.4973
50.4175 2195 46.8508
50.5348 2228 47.2017
50.6521 2383 48.816
50.7694 2360 48.5798
50.8867 2364 48.621
51.004 2367 48.6518
51.1212 2377 48.7545
51.2384 2453 49.5278
51.3556 2423 49.224
51.4727 2257 47.5079
51.5899 2345 48.4252
51.707 2268 47.6235
51.824 2533 50.3289
51.9411 2594 50.9313
52.0581 2680 51.7687
52.175 2719 52.144
52.2919 2837 53.2635
52.4088 2809 53
52.5257 2883 53.6936
52.6425 2940 54.2218
52.7593 2912 53.963
52.876 2781 52.7352
52.9927 2798 52.8961
53.1094 2847 53.3573
53.226 2739 52.3355
53.3426 2812 53.0283
53.4591 2969 54.4885
53.5756 3112 55.7853
53.692 3148 56.107
53.8084 3254 57.0438
53.9248 3378 58.1206
54.0411 3385 58.1808
54.1573 3360 57.9655
54.2735 0 1
54.3896 0 1
54.5057 0 1
54.6217 0 1
54.7377 0 1
54.8537 0 1
54.9695 0 1
55.0853 0 1
55.2011 0 1
55.3168 0 1
55.4324 0 1
57.824 0 1
57.9396 0 1
58.0553 0 1
58.1711 0 1
58.2869 0 1
58.4028 0 1
58.5187 0 1
58.6347 0 1
58.7508 0 1
58.8669 0 1
58.983 3893 62.3939
59.0992 4134 64.2962
59.2155 4248 65.1767
59.3318 4247 65.169
59.4482 4343 65.9014
59.5646 4319 65.7191
59.681 4433 66.5808
59.7975 4372 66.1211
59.9141 4371 66.1135
60.0306 4155 64.4593
60.1473 4171 64.5833
60.2639 3995 63.206
60.3807 3901 62.458
60.4974 3941 62.7774
60.6142 3913 62.554
60.731 3946 62.8172
60.8479 4108 64.0937
60.9648 4279 65.4141
61.0818 4214 64.9153
61.1987 4124 64.2184
61.3158 4240 65.1153
61.4328 4094 63.9844
61.5499 3930 62.6897
61.667 3809 61.7171
61.7841 3755 61.2781
61.9013 3644 60.3656
62.0185 3578 59.8164
62.1357 3667 60.5558
62.253 3815 61.7657
62.3702 3867 62.1852
62.4875 3872 62.2254
62.6049 3996 63.2139
62.7222 3867 62.1852
62.8396 3870 62.2093
62.9569 3803 61.6685
63.0743 3959 62.9206
63.1918 3856 62.0967
63.3092 3784 61.5142
63.4267 3742 61.1719
63.5441 3756 61.2862
63.6616 3628 60.2329
63.7791 3557 59.6406
63.8966 3490 59.0762
64.0142 3410 58.3952
64.1317 3334 57.7408
64.2492 3553 59.607
64.3668 3783 61.5061
64.4843 3759 61.3107
64.6019 3755 61.2781
64.7195 3769 61.3922
64.837 3620 60.1664
64.9546 3713 60.9344
65.0722 3612 60.0999
65.1898 3419 58.4722
65.3074 3452 58.7537
65.4249 3247 56.9825
65.5425 3345 57.836
65.6601 3253 57.0351
65.7777 3305 57.4891
65.8952 3448 58.7197
66.0128 3453 58.7622
66.1304 3522 59.3464
66.2479 3623 60.1914
66.3655 3595 59.9583
66.483 3712 60.9262
66.6005 3628 60.2329
66.718 3623 60.1914
66.8355 3734 61.1065
66.953 3744 61.1882
67.0705 3700 60.8276
67.1879 3763 61.3433
67.3054 3697 60.803
67.4228 3543 59.5231
67.5402 3423 58.5064
67.6576 3456 58.7878
67.7749 3382 58.155
67.8923 3669 60.5723
68.0096 3844 62
68.1269 3876 62.2575
68.2442 3887 62.3458
68.3614 3954 62.8808
68.4787 4050 63.6396
68.5958 4049 63.6318
68.713 3866 62.1772
68.8302 3904 62.482
68.9473 3847 62.0242
69.0643 3753 61.2617
69.1814 3623 60.1914
69.2984 3628 60.2329
69.4154 3637 60.3075
69.5323 3786 61.5305
69.6492 3764 61.3514
69.7661 3988 63.1506
69.8829 4022 63.4192
69.9997 3941 62.7774
70.1165 4029 63.4744
70.2332 4083 63.8984
70.3499 4033 63.5059
70.4665 4242 65.1306
70.5831 4203 64.8305
70.6996 4073 63.8201
70.8161 4246 65.1613
70.9326 4163 64.5213
71.049 3982 63.1031
71.1653 4034 63.5138
71.2817 3702 60.8441
71.3979 3824 61.8385
71.5141 3615 60.1249
71.6303 3763 61.3433
71.7464 3842 61.9839
71.8624 0 1
71.9784 0 1
72.0944 0 1
72.2102 0 1
72.3261 0 1
72.4418 0 1
72.5575 0 1
72.6732 0 1
75.1054 0 1
75.2209 0 1
75.3365 0 1
75.4521 0 1
75.5678 0 1
75.6835 0 1
75.7993 0 1
75.9151 0 1
76.031 0 1
76.147 3954 62.8808
76.263 4304 65.6049
76.3791 4550 67.4537
76.4952 4257 65.2457
76.6113 4126 64.2339
76.7276 4355 65.9924
76.8438 4455 66.7458
76.9601 4498 67.0671
77.0765 4732 68.7895
77.1929 4854 69.6707
77.3093 4672 68.352
77.4258 4812 69.3686
77.5423 4695 68.5201
77.6589 4618 67.9559
77.7755 4634 68.0735
77.8921 4511 67.164
78.0088 4247 65.169
78.1256 4280 65.4217
78.2423 4180 64.6529
78.3591 3800 61.6441
78.4759 4095 63.9922
78.5928 4163 64.5213
78.7097 4171 64.5833
78.8266 4134 64.2962
78.9436 4462 66.7982
79.0606 4245 65.1537
79.1776 4433 66.5808
79.2946 4368 66.0908
79.4117 4541 67.3869
79.5288 4437 66.6108
79.6459 4321 65.7343
79.7631 4426 66.5282
79.8802 4290 65.4981
79.9974 4292 65.5134
80.1147 4265 65.307
80.2319 3974 63.0397
80.3491 3981 63.0952
80.4664 4049 63.6318
80.5837 4284 65.4523
80.701 4425 66.5207
80.8183 4447 66.6858
80.9357 4457 66.7608
81.053 4237 65.0922
81.1704 4266 65.3146
81.2877 4287 65.4752
81.4051 4251 65.1997
81.5225 4213 64.9076
81.6399 3883 62.3137
81.7573 3908 62.514
81.8747 3550 59.5819
81.9922 3495 59.1185
82.1096 3556 59.6322
82.227 3645 60.3738
82.3444 3739 61.1474
82.4619 3859 62.1208
82.5793 3926 62.6578
82.6967 3795 61.6036
82.8142 3989 63.1585
82.9316 4188 64.7148
83.049 3968 62.9921
83.1664 4004 63.2772
83.2838 3992 63.1823
83.4012 4122 64.2028
83.5186 3903 62.474
83.636 4081 63.8827
83.7534 4071 63.8044
83.8708 3799 61.636
83.9881 3756 61.2862
84.1055 3891 62.3779
84.2228 4090 63.9531
84.3401 4159 64.4903
84.4575 4117 64.1639
84.5747 4355 65.9924
84.692 4354 65.9848
84.8093 4456 66.7533
84.9265 4358 66.0151
85.0437 4223 64.9846
85.1609 4197 64.7843
85.2781 3986 63.1348
85.3952 3905 62.49
85.5123 3844 62
85.6294 3719 60.9836
85.7465 3725 61.0328
85.8636 3890 62.3699
85.9806 4098 64.0156
86.0976 4217 64.9384
86.2145 4240 65.1153
86.3315 4171 64.5833
86.4484 4314 65.681
86.5652 4434 66.5883
86.682 4310 65.6506
86.7988 4409 66.4003
86.9156 4361 66.0379
87.0323 4366 66.0757
87.149 4320 65.7267
87.2657 4404 66.3626
87.3823 4334 65.8331
87.4988 4222 64.9769
87.6154 4276 65.3911
87.7318 4267 65.3223
87.8483 4356 66
87.9647 4602 67.838
88.081 4657 68.2422
88.1973 4532 67.3201
88.3136 4527 67.283
88.4298 4596 67.7938
88.546 4617 67.9485
88.6621 4485 66.9701
88.7781 4271 65.3529
88.8942 0 1
89.0101 0 1
89.126 0 1
89.2419 0 1
89.3577 0 1
89.4734 0 1
89.5891 0 1
89.7047 0 1
89.8203 0 1
89.9358 0 1
92.3269 0 1
92.4424 0 1
92.558 0 1
92.6736 0 1
92.7893 0 1
92.905 0 1
93.0208 0 1
93.1366 0 1
93.2525 0 1
93.3685 0 1
93.4845 0 1
93.6005 4292 65.5134
93.7167 4280 65.4217
93.8328 4358 66.0151
93.949 4435 66.5958
94.0653 4198 64.792
94.1816 4156 64.467
94.2979 3825 61.8466
94.4143 3721 61
94.5307 3590 59.9166
94.6472 3597 59.975
94.7637 3675 60.6218
94.8803 3814 61.7576
94.9969 3987 63.1427
95.1135 4104 64.0625
95.2302 4014 63.3561
95.3469 4131 64.2729
95.4637 4151 64.4283
95.5805 4214 64.9153
95.6973 4251 65.1997
95.8142 4266 65.3146
95.9311 4222 64.9769
96.048 4221 64.9692
96.1649 4327 65.7799
96.2819 4309 65.643
96.3989 4160 64.4981
96.516 4168 64.56
96.633 3876 62.2575
96.7501 4087 63.9296
96.8673 4134 64.2962
96.9844 4094 63.9844
97.1016 4192 64.7457
97.2188 4276 65.3911
97.336 4275 65.3835
97.4532 4213 64.9076
97.5704 4398 66.3174
97.6877 4342 65.8939
97.805 4115 64.1483
97.9223 3888 62.3538
98.0396 3888 62.3538
98.1569 3837 61.9435
98.2743 3567 59.7244
98.3916 3621 60.1747
98.509 3773 61.4248
98.6264 3750 61.2372
98.7438 3878 62.2736
98.8612 3992 63.1823
98.9786 3940 62.7694
99.096 4022 63.4192
99.2134 4024 63.435
99.3308 3880 62.2896
99.4482 4057 63.6946
99.5656 3974 63.0397
99.6831 3993 63.1902
99.8005 4018 63.3877
99.9179 4014 63.3561
100.035 3947 62.8252
100.153 3779 61.4736
100.27 3849 62.0403
100.388 3782 61.498
100.505 3852 62.0645
100.622 3899 62.442
100.74 4039 63.5531
100.857 4045 63.6003
100.975 4196 64.7765
101.092 4125 64.2262
101.209 4255 65.2304
101.327 4333 65.8255
101.444 4083 63.8984
101.561 3926 62.6578
101.679 3774 61.4329
101.796 3741 61.1637
101.913 3561 59.6741
102.03 3621 60.1747
102.148 3796 61.6117
102.265 3525 59.3717
102.382 4275 65.3835
102.499 3979 63.0793
102.616 4120 64.1872
102.733 4135 64.304
102.851 4181 64.6607
102.968 4302 65.5896
103.085 4262 65.284
103.202 4256 65.238
103.319 4263 65.2917
103.436 4428 66.5432
103.552 4258 65.2534
103.669 4184 64.6838
103.786 4118 64.1716
103.903 4140 64.3428
104.02 4165 64.5368
104.137 4301 65.582
104.253 4368 66.0908
104.37 4347 65.9318
104.487 4485 66.9701
104.603 4593 67.7717
104.72 4590 67.7495
104.836 4662 68.2788
104.953 4505 67.1193
105.069 4207 64.8614
105.186 4062 63.7338
105.302 3841 61.9758
105.418 3835 61.9274
105.535 3824 61.8385
105.651 3922 62.6259
105.767 4105 64.0703
105.883 4208 64.8691
105.999 4312 65.6658
106.115 0 1
106.231 0 1
106.347 0 1
106.463 0 1
106.579 0 1
106.694 0 1
106.81 0 1
106.926 0 1
107.041 0 1
107.157 0 1
109.576 0 1
109.692 0 1
109.807 0 1
109.923 0 1
110.039 0 1
110.155 0 1
110.27 0 1
110.386 0 1
110.502 0 1
110.618 3334 57.7408
110.735 3554 59.6154
110.851 3632 60.2661
110.967 3714 60.9426
111.083 3859 62.1208
111.199 3885 62.3298
111.316 3869 62.2013
111.432 3863 62.153
111.549 3869 62.2013
111.665 3760 61.3188
111.782 3839 61.9597
111.898 3837 61.9435
112.015 3728 61.0574
112.132 3732 61.0901
112.248 3477 58.9661
112.365 3431 58.5747
112.482 3450 58.7367
112.599 3343 57.8187
112.716 3514 59.279
112.832 3598 59.9833
112.949 3726 61.041
113.066 3595 59.9583
113.183 3753 61.2617
113.3 3687 60.7207
113.417 3810 61.7252
113.534 3616 60.1332
113.652 3570 59.7495
113.769 3293 57.3847
113.886 3118 55.8391
114.003 2800 52.915
114.12 2930 54.1295
114.238 3105 55.7225
114.355 3143 56.0625
114.472 3253 57.0351
114.589 3239 56.9122
114.707 3157 56.1872
114.824 3269 57.1752
114.942 3261 57.1052
115.059 3294 57.3934
115.176 3133 55.9732
115.294 3250 57.0088
115.411 3125 55.9017
115.529 3062 55.3353
115.646 2938 54.2033
115.764 2889 53.7494
115.881 2791 52.8299
115.999 2617 51.1566
116.116 2784 52.7636
116.234 2750 52.4404
116.351 2772 52.6498
116.469 2815 53.0566
116.586 2840 53.2917
116.704 2897 53.8238
116.821 2867 53.5444
116.939 2965 54.4518
117.056 2879 53.6563
117.174 2773 52.6593
117.291 2759 52.5262
117.409 2581 50.8035
117.526 2459 49.5883
117.644 2429 49.2849
117.761 2455 49.548
117.879 2597 50.9608
117.996 2601 51
118.114 2736 52.3068
118.231 2742 52.3641
118.349 2784 52.7636
118.466 2824 53.1413
118.584 2773 52.6593
118.701 2757 52.5071
118.819 2847 53.3573
118.936 2791 52.8299
119.053 2778 52.7067
119.171 2806 52.9717
119.288 2732 52.2685
119.405 2623 51.2152
119.523 2670 51.672
119.64 2603 51.0196
119.757 2600 50.9902
119.875 2731 52.259
119.992 2716 52.1153
120.109 3041 55.1453
120.226 2947 54.2863
120.343 2977 54.5619
120.46 3143 56.0625
120.578 3164 56.2494
120.695 3176 56.356
120.812 3136 56
120.929 3019 54.9454
121.046 2933 54.1572
121.163 2870 53.5724
121.279 2768 52.6118
121.396 2756 52.4976
121.513 2930 54.1295
121.63 3029 55.0364
121.747 3140 56.0357
121.863 3169 56.2939
121.98 3238 56.9034
122.097 3260 57.0964
122.213 3335 57.7495
122.33 3322 57.6368
122.446 3416 58.4466
122.563 3384 58.1722
122.679 3390 58.2237
122.795 3305 57.4891
122.912 3254 57.0438
123.028 3281 57.28
123.144 3102 55.6956
123.26 3125 55.9017
123.377 0 1
123.493 0 1
123.609 0 1
123.725 0 1
123.84 0 1
123.956 0 1
124.072 0 1
124.188 0 1
124.303 0 1
124.419 0 1
126.852 0 1
126.968 0 1
127.083 0 1
127.199 0 1
127.315 0 1
127.431 0 1
127.547 0 1
127.663 0 1
127.779 0 1
127.895 0 1
128.011 0 1
128.127 0 1
128.243 0 1
128.359 3811 61.7333
128.476 3908 62.514
128.592 3692 60.7618
128.708 3586 59.8832
128.825 3449 58.7282
128.941 3627 60.2246
129.058 3718 60.9754
129.174 3784 61.5142
129.291 3967 62.9841
129.408 4013 63.3482
129.524 3985 63.1269
129.641 3937 62.7455
129.758 4117 64.1639
129.875 4099 64.0234
129.992 3887 62.3458
130.108 3544 59.5315
130.225 3583 59.8582
130.342 3487 59.0508
130.459 3446 58.7026
130.576 3493 59.1016
130.693 3722 61.0082
130.81 3684 60.696
130.928 3761 61.327
131.045 3739 61.1474
131.162 3829 61.8789
131.279 3865 62.1691
131.396 3748 61.2209
131.513 3803 61.6685
131.631 3714 60.9426
131.748 3697 60.803
131.865 3640 60.3324
131.983 3562 59.6825
132.1 3559 59.6574
132.217 3424 58.515
132.335 3284 57.3062
132.452 3400 58.3095
132.57 3422 58.4979
132.687 3463 58.8473
132.804 3643 60.3573
132.922 3630 60.2495
133.039 3768 61.384
133.157 3942 62.7853
133.274 3764 61.3514
133.392 3952 62.8649
133.509 3751 61.2454
133.627 3596 59.9667
133.744 3490 59.0762
133.862 3456 58.7878
133.979 3245 56.9649
134.097 3480 58.9915
134.214 3684 60.696
134.332 3642 60.349
134.449 3766 61.3677
134.567 3861 62.1369
134.684 3964 62.9603
134.802 3882 62.3057
134.919 3919 62.6019
135.037 3796 61.6117
135.154 3802 61.6604
135.272 3702 60.8441
135.389 3601 60.0083
135.507 3553 59.607
135.624 3335 57.7495
135.742 3240 56.921
135.859 3189 56.4712
135.977 3061 55.3263
136.094 3058 55.2992
136.211 3116 55.8211
136.329 3261 57.1052
136.446 3345 57.836
136.564 3349 57.8705
136.681 3402 58.3267
136.798 3506 59.2115
136.915 3493 59.1016
137.033 3450 58.7367
137.15 3322 57.6368
137.267 3106 55.7315
137.384 3047 55.1996
137.502 2968 54.4794
137.619 2930 54.1295
137.736 3123 55.8838
137.853 3278 57.2538
137.97 3449 58.7282
138.087 3510 59.2453
138.204 3624 60.1997
138.321 3665 60.5392
138.438 3625 60.208
138.555 3748 61.2209
138.672 3663 60.5227
138.788 3715 60.9508
138.905 3620 60.1664
139.022 3698 60.8112
139.139 3703 60.8523
139.255 3518 59.3127
139.372 3503 59.1861
139.488 3473 58.9322
139.605 3484 59.0254
139.721 3551 59.5903
139.838 3706 60.8769
139.954 3737 61.131
140.071 3764 61.3514
140.187 3986 63.1348
140.303 4001 63.2535
140.419 4073 63.8201
140.535 4054 63.671
140.652 4046 63.6082
140.768 0 1
140.884 0 1
141 0 1
141.115 0 1
141.231 0 1
141.347 0 1
141.463 0 1
141.578 0 1
141.694 0 1
144.104 0 1
144.219 0 1
144.335 0 1
144.45 0 1
144.566 0 1
144.682 0 1
144.798 0 1
144.914 0 1
145.03 0 1
145.146 4560 67.5278
145.262 5021 70.859
145.378 5390 73.4166
145.494 5732 75.71
145.61 5938 77.0584
145.726 6277 79.2275
145.842 6706 81.8902
145.959 6854 82.7889
146.075 6895 83.0361
146.192 6731 82.0427
146.308 6818 82.5712
146.425 7246 85.1234
146.541 7650 87.4643
146.658 8428 91.8041
146.774 9070 95.2365
146.891 10216 101.074
147.008 10842 104.125
147.125 11493 107.205
147.241 12529 111.933
147.358 12823 113.239
147.475 13469 116.056
147.592 13725 117.154
147.709 14167 119.025
147.826 14355 119.812
147.943 14766 121.515
148.06 14679 121.157
148.177 14723 121.338
148.294 14599 120.826
148.411 15043 122.65
148.528 15696 125.284
148.645 16099 126.882
148.762 17010 130.422
148.88 17819 133.488
148.997 19040 137.986
149.114 17554 132.492
149.231 18352 135.47
149.349 18580 136.308
149.466 18777 137.029
149.583 18139 134.681
149.701 17051 130.579
149.818 16037 126.637
149.935 15376 124
150.053 15179 123.203
150.17 15521 124.583
150.287 16333 127.801
150.405 16844 129.784
150.522 17650 132.853
150.64 18080 134.462
150.757 18440 135.794
150.875 18550 136.198
150.992 18476 135.926
151.11 18820 137.186
151.227 18423 135.731
151.344 18332 135.396
151.462 17793 133.39
151.579 17624 132.755
151.697 17300 131.529
151.814 17138 130.912
151.932 16568 128.717
152.049 16774 129.514
152.167 17237 131.29
152.284 17688 132.996
152.402 18736 136.88
152.519 19292 138.896
152.636 19938 141.202
152.754 20431 142.937
152.871 20327 142.573
152.989 20239 142.264
153.106 20198 142.12
153.223 19193 138.539
153.341 18529 136.121
153.458 17312 131.575
153.575 16530 128.569
153.693 16682 129.159
153.81 17552 132.484
153.927 18624 136.47
154.044 19460 139.499
154.162 19835 140.837
154.279 20553 143.363
154.396 21380 146.219
154.513 21753 147.489
154.63 22340 149.466
154.747 22112 148.701
154.864 22072 148.566
154.981 21820 147.716
155.098 21455 146.475
155.215 21404 146.301
155.332 20815 144.274
155.449 20518 143.241
155.566 20434 142.948
155.683 20571 143.426
155.8 21212 145.643
155.917 21844 147.797
156.033 22880 151.261
156.15 0 1
156.267 0 1
156.383 0 1
156.5 0 1
156.617 0 1
156.733 0 1
156.85 0 1
156.966 0 1
157.082 0 1
157.199 0 1
157.315 0 1
157.431 0 1
157.547 0 1
157.664 0 1
157.78 0 1
157.896 0 1
158.012 0 1
158.128 0 1
158.244 0 1
158.359 0 1
158.475 0 1
158.591 0 1
158.706 0 1
