
6.15755 0 1
6.2731 0 1
6.3887 0 1
6.50437 0 1
6.62009 0 1
6.73587 0 1
6.8517 0 1
6.96759 0 1
7.08353 0 1
7.19952 0 1
7.31557 0 1
7.43166 0 1
7.54781 0 1
7.664 0 1
7.78024 0 1
7.89653 0 1
8.01286 0 1
8.12924 0 1
8.24567 0 1
8.36213 0 1
8.47864 0 1
8.59519 0 1
8.71178 0 1
8.82841 0 1
8.94508 0 1
9.06179 0 1
9.17853 0 1
9.29531 0 1
9.41212 0 1
9.52897 0 1
9.64584 0 1
9.76276 0 1
9.8797 0 1
9.99667 0 1
10.1137 0 1
10.2307 0 1
10.3478 0 1
10.4648 0 1
10.5819 0 1
10.6991 0 1
10.8162 0 1
10.9334 0 1
11.0506 0 1
11.1678 0 1
11.285 0 1
11.4023 0 1
11.5196 0 1
11.6369 0 1
11.7542 0 1
11.8715 0 1
11.9888 0 1
12.1062 0 1
12.2235 0 1
12.3409 0 1
12.4582 0 1
12.5756 0 1
12.693 0 1
12.8104 0 1
12.9278 0 1
13.0452 0 1
13.1626 0 1
13.28 0 1
13.3974 0 1
13.5149 0 1
13.6323 0 1
13.7497 0 1
13.8671 0 1
13.9845 0 1
14.1019 0 1
14.2193 0 1
14.3367 0 1
14.4541 0 1
14.5714 0 1
14.6888 0 1
14.8062 0 1
14.9235 0 1
15.0408 897 29.95
15.1581 928 30.4631
15.2755 950 30.8221
15.3927 917 30.282
15.51 997 31.5753
15.6273 966 31.0805
15.7445 960 30.9839
15.8617 925 30.4138
15.9789 961 31
16.0961 915 30.249
16.2132 983 31.3528
16.3304 981 31.3209
16.4475 1013 31.8277
16.5646 1093 33.0606
16.6816 1027 32.0468
16.7986 1057 32.5115
16.9156 1130 33.6155
17.0326 1154 33.9706
17.1496 1119 33.4515
17.2665 1126 33.5559
17.3833 1137 33.7194
17.5002 1134 33.6749
17.617 1112 33.3467
17.7338 968 31.1127
17.8505 934 30.5614
17.9672 978 31.273
18.0839 940 30.6594
18.2005 941 30.6757
18.3171 1048 32.3728
18.4337 1023 31.9844
18.5502 1008 31.749
18.6666 1082 32.8938
18.7831 1122 33.4963
18.8994 1118 33.4365
19.0158 1006 31.7175
19.1321 1043 32.2955
19.2483 982 31.3369
19.3645 960 30.9839
19.4806 874 29.5635
19.5967 818 28.6007
19.7128 740 27.2029
19.8288 723 26.8887
19.9447 654 25.5734
20.0606 0 1
20.1764 0 1
20.2922 0 1
20.4079 0 1
20.5236 0 1
20.6392 0 1
20.7548 0 1
20.8702 0 1
23.3078 0 1
23.4233 0 1
23.539 0 1
23.6547 0 1
23.7704 0 1
23.8862 0 1
24.0021 0 1
24.118 0 1
24.234 0 1
24.35 0 1
24.4661 395 19.8746
24.5822 518 22.7596
24.6984 577 24.0208
24.8146 624 24.98
24.9309 683 26.1343
25.0472 745 27.2947
25.1636 774 27.8209
25.28 922 30.3645
25.3965 912 30.1993
25.513 994 31.5278
25.6296 1044 32.311
25.7462 1075 32.7872
25.8628 1135 33.6898
25.9795 1152 33.9411
26.0962 1150 33.9116
26.213 1162 34.0881
26.3298 1084 32.9242
26.4466 947 30.7734
26.5635 992 31.496
26.6804 960 30.9839
26.7973 1003 31.6702
26.9143 1072 32.7414
27.0313 1006 31.7175
27.1483 1058 32.5269
27.2653 1072 32.7414
27.3824 1102 33.1964
27.4996 1076 32.8024
27.6167 1101 33.1813
27.7339 1129 33.6006
27.8511 1042 32.28
27.9683 1039 32.2335
28.0855 981 31.3209
28.2028 934 30.5614
28.3201 891 29.8496
28.4374 857 29.2746
28.5547 858 29.2916
28.6721 916 30.2655
28.7894 1001 31.6386
28.9068 995 31.5436
29.0242 1035 32.1714
29.1416 1069 32.6956
29.259 1136 33.7046
29.3764 1161 34.0735
29.4939 1105 33.2415
29.6113 1082 32.8938
29.7288 977 31.257
29.8463 984 31.3688
29.9638 912 30.1993
30.0812 946 30.7571
30.1987 935 30.5778
30.3162 897 29.95
30.4337 920 30.3315
30.5512 990 31.4643
30.6687 1003 31.6702
30.7862 1042 32.28
30.9037 1053 32.45
31.0212 1009 31.7648
31.1387 1062 32.5883
31.2562 1017 31.8904
31.3737 1043 32.2955
31.4912 937 30.6105
31.6087 997 31.5753
31.7262 921 30.348
31.8436 843 29.0345
31.9611 872 29.5296
32.0785 807 28.4077
32.1959 878 29.6311
32.3134 865 29.4109
32.4308 944 30.7246
32.5482 987 31.4166
32.6655 1057 32.5115
32.7829 1016 31.8748
32.9002 1011 31.7962
33.0176 1066 32.6497
33.1349 1047 32.3574
33.2522 982 31.3369
33.3694 959 30.9677
33.4867 912 30.1993
33.6039 840 28.9828
33.7211 873 29.5466
33.8383 881 29.6816
33.9554 904 30.0666
34.0725 895 29.9166
34.1896 949 30.8058
34.3067 1004 31.686
34.4237 1025 32.0156
34.5407 986 31.4006
34.6577 950 30.8221
34.7746 1037 32.2025
34.8915 989 31.4484
35.0084 948 30.7896
35.1252 998 31.5911
35.242 940 30.6594
35.3587 909 30.1496
35.4755 924 30.3974
35.5921 819 28.6182
35.7088 812 28.4956
35.8254 815 28.5482
35.9419 822 28.6705
36.0584 832 28.8444
36.1749 891 29.8496
36.2913 876 29.5973
36.4077 940 30.6594
36.524 952 30.8545
36.6403 912 30.1993
36.7565 840 28.9828
36.8727 751 27.4044
36.9889 755 27.4773
37.1049 660 25.6905
37.221 0 1
37.3369 0 1
37.4529 0 1
37.5687 0 1
37.6845 0 1
37.8003 0 1
37.916 0 1
38.0316 0 1
38.1472 0 1
40.5851 0 1
40.7008 0 1
40.8164 0 1
40.9322 0 1
41.048 0 1
41.1639 0 1
41.2798 0 1
41.3958 0 1
41.5118 0 1
41.6279 0 1
41.744 458 21.4009
41.8602 538 23.1948
41.9765 552 23.4947
42.0928 621 24.9199
42.2091 577 24.0208
42.3255 613 24.7588
42.4419 571 23.8956
42.5584 571 23.8956
42.675 673 25.9422
42.7915 691 26.2869
42.9081 745 27.2947
43.0248 760 27.5681
43.1415 810 28.4605
43.2582 826 28.7402
43.375 827 28.7576
43.4918 790 28.1069
43.6087 868 29.4618
43.7256 777 27.8747
43.8425 798 28.2489
43.9595 770 27.7489
44.0765 761 27.5862
44.1935 756 27.4955
44.3106 705 26.5518
44.4277 629 25.0799
44.5448 666 25.807
44.6619 644 25.3772
44.7791 688 26.2298
44.8963 713 26.7021
45.0136 815 28.5482
45.1308 858 29.2916
45.2481 796 28.2135
45.3654 858 29.2916
45.4827 810 28.4605
45.6001 853 29.2062
45.7174 867 29.4449
45.8348 786 28.0357
45.9522 691 26.2869
46.0697 694 26.3439
46.1871 669 25.865
46.3046 715 26.7395
46.422 707 26.5895
46.5395 717 26.7769
46.657 781 27.9464
46.7745 847 29.1033
46.892 813 28.5132
47.0096 907 30.1164
47.1271 866 29.4279
47.2446 799 28.2666
47.3622 806 28.3901
47.4797 822 28.6705
47.5973 788 28.0713
47.7149 833 28.8617
47.8324 767 27.6948
47.95 752 27.4226
48.0675 699 26.4386
48.1851 619 24.8797
48.3027 659 25.671
48.4202 741 27.2213
48.5378 780 27.9285
48.6554 828 28.775
48.7729 868 29.4618
48.8904 875 29.5804
49.008 826 28.7402
49.1255 833 28.8617
49.243 823 28.688
49.3605 775 27.8388
49.478 741 27.2213
49.5955 670 25.8844
49.713 670 25.8844
49.8304 695 26.3629
49.9479 705 26.5518
50.0653 751 27.4044
50.1827 840 28.9828
50.3001 771 27.7669
50.4175 807 28.4077
50.5348 808 28.4253
50.6521 851 29.1719
50.7694 826 28.7402
50.8867 845 29.0689
51.004 818 28.6007
51.1212 775 27.8388
51.2384 769 27.7308
51.3556 770 27.7489
51.4727 721 26.8514
51.5899 694 26.3439
51.707 642 25.3377
51.824 703 26.5141
51.9411 693 26.3249
52.0581 832 28.8444
52.175 869 29.4788
52.2919 826 28.7402
52.4088 858 29.2916
52.5257 789 28.0891
52.6425 828 28.775
52.7593 842 29.0172
52.876 820 28.6356
52.9927 772 27.7849
53.1094 710 26.6458
53.226 658 25.6515
53.3426 647 25.4362
53.4591 606 24.6171
53.5756 661 25.7099
53.692 661 25.7099
53.8084 657 25.632
53.9248 631 25.1197
54.0411 599 24.4745
54.1573 632 25.1396
54.2735 0 1
54.3896 0 1
54.5057 0 1
54.6217 0 1
54.7377 0 1
54.8537 0 1
54.9695 0 1
55.0853 0 1
55.2011 0 1
55.3168 0 1
55.4324 0 1
57.824 0 1
57.9396 0 1
58.0553 0 1
58.1711 0 1
58.2869 0 1
58.4028 0 1
58.5187 0 1
58.6347 0 1
58.7508 0 1
58.8669 0 1
58.983 532 23.0651
59.0992 648 25.4558
59.2155 715 26.7395
59.3318 842 29.0172
59.4482 877 29.6142
59.5646 948 30.7896
59.681 926 30.4302
59.7975 930 30.4959
59.9141 954 30.8869
60.0306 962 31.0161
60.1473 882 29.6985
60.2639 890 29.8329
60.3807 862 29.3598
60.4974 869 29.4788
60.6142 896 29.9333
60.731 951 30.8383
60.8479 999 31.607
60.9648 1053 32.45
61.0818 1058 32.5269
61.1987 1089 33
61.3158 1042 32.28
61.4328 1045 32.3265
61.5499 1015 31.8591
61.667 904 30.0666
61.7841 865 29.4109
61.9013 809 28.4429
62.0185 834 28.8791
62.1357 852 29.189
62.253 925 30.4138
62.3702 937 30.6105
62.4875 983 31.3528
62.6049 1070 32.7109
62.7222 1033 32.1403
62.8396 1050 32.4037
62.9569 1102 33.1964
63.0743 1054 32.4654
63.1918 1048 32.3728
63.3092 1090 33.0151
63.4267 981 31.3209
63.5441 947 30.7734
63.6616 941 30.6757
63.7791 950 30.8221
63.8966 881 29.6816
64.0142 860 29.3258
64.1317 853 29.2062
64.2492 914 30.2324
64.3668 994 31.5278
64.4843 1023 31.9844
64.6019 1101 33.1813
64.7195 1085 32.9393
64.837 1051 32.4191
64.9546 1035 32.1714
65.0722 1025 32.0156
65.1898 909 30.1496
65.3074 822 28.6705
65.4249 837 28.931
65.5425 800 28.2843
65.6601 775 27.8388
65.7777 887 29.7825
65.8952 862 29.3598
66.0128 976 31.241
66.1304 965 31.0644
66.2479 1075 32.7872
66.3655 1022 31.9687
66.483 1048 32.3728
66.6005 1098 33.1361
66.718 1072 32.7414
66.8355 1015 31.8591
66.953 1060 32.5576
67.0705 990 31.4643
67.1879 971 31.1609
67.3054 933 30.545
67.4228 880 29.6648
67.5402 828 28.775
67.6576 815 28.5482
67.7749 829 28.7924
67.8923 891 29.8496
68.0096 1021 31.9531
68.1269 1048 32.3728
68.2442 1135 33.6898
68.3614 1035 32.1714
68.4787 1108 33.2866
68.5958 1037 32.2025
68.713 1024 32
68.8302 1062 32.5883
68.9473 936 30.5941
69.0643 905 30.0832
69.1814 880 29.6648
69.2984 859 29.3087
69.4154 996 31.5595
69.5323 1037 32.2025
69.6492 1085 32.9393
69.7661 1126 33.5559
69.8829 1127 33.5708
69.9997 1203 34.6843
70.1165 1122 33.4963
70.2332 1127 33.5708
70.3499 1142 33.7935
70.4665 1002 31.6544
70.5831 933 30.545
70.6996 982 31.3369
70.8161 871 29.5127
70.9326 826 28.7402
71.049 749 27.3679
71.1653 594 24.3721
71.2817 466 21.587
71.3979 515 22.6936
71.5141 458 21.4009
71.6303 471 21.7025
71.7464 377 19.4165
71.8624 0 1
71.9784 0 1
72.0944 0 1
72.2102 0 1
72.3261 0 1
72.4418 0 1
72.5575 0 1
72.6732 0 1
75.1054 0 1
75.2209 0 1
75.3365 0 1
75.4521 0 1
75.5678 0 1
75.6835 0 1
75.7993 0 1
75.9151 0 1
76.031 0 1
76.147 816 28.5657
76.263 821 28.6531
76.3791 816 28.5657
76.4952 786 28.0357
76.6113 796 28.2135
76.7276 882 29.6985
76.8438 939 30.6431
76.9601 972 31.1769
77.0765 979 31.289
77.1929 1103 33.2114
77.3093 1074 32.7719
77.4258 1070 32.7109
77.5423 1032 32.1248
77.6589 989 31.4484
77.7755 925 30.4138
77.8921 873 29.5466
78.0088 850 29.1548
78.1256 769 27.7308
78.2423 706 26.5707
78.3591 736 27.1293
78.4759 786 28.0357
78.5928 847 29.1033
78.7097 944 30.7246
78.8266 936 30.5941
78.9436 931 30.5123
79.0606 920 30.3315
79.1776 958 30.9516
79.2946 944 30.7246
79.4117 997 31.5753
79.5288 976 31.241
79.6459 995 31.5436
79.7631 921 30.348
79.8802 863 29.3769
79.9974 861 29.3428
80.1147 773 27.8029
80.2319 692 26.3059
80.3491 746 27.313
80.4664 769 27.7308
80.5837 827 28.7576
80.701 868 29.4618
80.8183 907 30.1164
80.9357 965 31.0644
81.053 952 30.8545
81.1704 906 30.0998
81.2877 941 30.6757
81.4051 925 30.4138
81.5225 868 29.4618
81.6399 821 28.6531
81.7573 741 27.2213
81.8747 717 26.7769
81.9922 640 25.2982
82.1096 781 27.9464
82.227 830 28.8097
82.3444 847 29.1033
82.4619 884 29.7321
82.5793 963 31.0322
82.6967 908 30.133
82.8142 957 30.9354
82.9316 1019 31.9218
83.049 983 31.3528
83.1664 929 30.4795
83.2838 923 30.3809
83.4012 907 30.1164
83.5186 891 29.8496
83.636 833 28.8617
83.7534 817 28.5832
83.8708 703 26.5141
83.9881 668 25.8457
84.1055 733 27.074
84.2228 801 28.3019
84.3401 838 28.9482
84.4575 932 30.5287
84.5747 996 31.5595
84.692 948 30.7896
84.8093 962 31.0161
84.9265 982 31.3369
85.0437 903 30.05
85.1609 862 29.3598
85.2781 823 28.688
85.3952 722 26.8701
85.5123 703 26.5141
85.6294 690 26.2679
85.7465 823 28.688
85.8636 878 29.6311
85.9806 928 30.4631
86.0976 916 30.2655
86.2145 980 31.305
86.3315 930 30.4959
86.4484 1016 31.8748
86.5652 1015 31.8591
86.682 1028 32.0624
86.7988 951 30.8383
86.9156 943 30.7083
87.0323 957 30.9354
87.149 895 29.9166
87.2657 883 29.7153
87.3823 760 27.5681
87.4988 678 26.0384
87.6154 594 24.3721
87.7318 683 26.1343
87.8483 673 25.9422
87.9647 689 26.2488
88.081 801 28.3019
88.1973 800 28.2843
88.3136 718 26.7955
88.4298 756 27.4955
88.546 644 25.3772
88.6621 510 22.5832
88.7781 445 21.095
88.8942 0 1
89.0101 0 1
89.126 0 1
89.2419 0 1
89.3577 0 1
89.4734 0 1
89.5891 0 1
89.7047 0 1
89.8203 0 1
89.9358 0 1
92.3269 0 1
92.4424 0 1
92.558 0 1
92.6736 0 1
92.7893 0 1
92.905 0 1
93.0208 0 1
93.1366 0 1
93.2525 0 1
93.3685 0 1
93.4845 0 1
93.6005 645 25.3969
93.7167 775 27.8388
93.8328 772 27.7849
93.949 795 28.1957
94.0653 859 29.3087
94.1816 840 28.9828
94.2979 816 28.5657
94.4143 804 28.3549
94.5307 703 26.5141
94.6472 708 26.6083
94.7637 679 26.0576
94.8803 793 28.1603
94.9969 808 28.4253
95.1135 806 28.3901
95.2302 899 29.9833
95.3469 907 30.1164
95.4637 940 30.6594
95.5805 942 30.692
95.6973 963 31.0322
95.8142 971 31.1609
95.9311 893 29.8831
96.048 962 31.0161
96.1649 949 30.8058
96.2819 862 29.3598
96.3989 855 29.2404
96.516 902 30.0333
96.633 844 29.0517
96.7501 762 27.6043
96.8673 711 26.6646
96.9844 765 27.6586
97.1016 851 29.1719
97.2188 885 29.7489
97.336 905 30.0832
97.4532 898 29.9666
97.5704 992 31.496
97.6877 923 30.3809
97.805 951 30.8383
97.9223 865 29.4109
98.0396 803 28.3373
98.1569 784 28
98.2743 716 26.7582
98.3916 748 27.3496
98.509 735 27.1109
98.6264 845 29.0689
98.7438 894 29.8998
98.8612 888 29.7993
98.9786 968 31.1127
99.096 943 30.7083
99.2134 978 31.273
99.3308 971 31.1609
99.4482 1005 31.7017
99.5656 1032 32.1248
99.6831 1015 31.8591
99.8005 981 31.3209
99.9179 907 30.1164
100.035 919 30.315
100.153 899 29.9833
100.27 808 28.4253
100.388 771 27.7669
100.505 816 28.5657
100.622 865 29.4109
100.74 950 30.8221
100.857 1009 31.7648
100.975 1005 31.7017
101.092 952 30.8545
101.209 1028 32.0624
101.327 1061 32.573
101.444 962 31.0161
101.561 957 30.9354
101.679 794 28.178
101.796 762 27.6043
101.913 748 27.3496
102.03 744 27.2764
102.148 858 29.2916
102.265 894 29.8998
102.382 997 31.5753
102.499 981 31.3209
102.616 1031 32.1092
102.733 1052 32.4345
102.851 1015 31.8591
102.968 1009 31.7648
103.085 1067 32.665
103.202 1034 32.1559
103.319 1034 32.1559
103.436 1024 32
103.552 967 31.0966
103.669 898 29.9666
103.786 893 29.8831
103.903 842 29.0172
104.02 841 29
104.137 908 30.133
104.253 974 31.209
104.37 1082 32.8938
104.487 1079 32.8481
104.603 1075 32.7872
104.72 1038 32.218
104.836 971 31.1609
104.953 916 30.2655
105.069 830 28.8097
105.186 740 27.2029
105.302 716 26.7582
105.418 713 26.7021
105.535 652 25.5343
105.651 739 27.1846
105.767 747 27.3313
105.883 673 25.9422
105.999 592 24.3311
106.115 0 1
106.231 0 1
106.347 0 1
106.463 0 1
106.579 0 1
106.694 0 1
106.81 0 1
106.926 0 1
107.041 0 1
107.157 0 1
109.576 0 1
109.692 0 1
109.807 0 1
109.923 0 1
110.039 0 1
110.155 0 1
110.27 0 1
110.386 0 1
110.502 0 1
110.618 394 19.8494
110.735 564 23.7487
110.851 645 25.3969
110.967 667 25.8263
111.083 786 28.0357
111.199 871 29.5127
111.316 924 30.3974
111.432 871 29.5127
111.549 878 29.6311
111.665 896 29.9333
111.782 949 30.8058
111.898 991 31.4802
112.015 917 30.282
112.132 901 30.0167
112.248 862 29.3598
112.365 780 27.9285
112.482 765 27.6586
112.599 810 28.4605
112.716 844 29.0517
112.832 945 30.7409
112.949 984 31.3688
113.066 953 30.8707
113.183 988 31.4325
113.3 980 31.305
113.417 963 31.0322
113.534 879 29.6479
113.652 828 28.775
113.769 724 26.9072
113.886 709 26.6271
114.003 706 26.5707
114.12 713 26.7021
114.238 776 27.8568
114.355 791 28.1247
114.472 816 28.5657
114.589 883 29.7153
114.707 939 30.6431
114.824 973 31.1929
114.942 944 30.7246
115.059 916 30.2655
115.176 943 30.7083
115.294 979 31.289
115.411 911 30.1828
115.529 886 29.7658
115.646 916 30.2655
115.764 900 30
115.881 763 27.6225
115.999 710 26.6458
116.116 788 28.0713
116.234 837 28.931
116.351 895 29.9166
116.469 915 30.249
116.586 954 30.8869
116.704 952 30.8545
116.821 926 30.4302
116.939 931 30.5123
117.056 983 31.3528
117.174 813 28.5132
117.291 772 27.7849
117.409 741 27.2213
117.526 716 26.7582
117.644 697 26.4008
117.761 714 26.7208
117.879 820 28.6356
117.996 917 30.282
118.114 942 30.692
118.231 967 31.0966
118.349 897 29.95
118.466 954 30.8869
118.584 986 31.4006
118.701 933 30.545
118.819 951 30.8383
118.936 985 31.3847
119.053 895 29.9166
119.171 881 29.6816
119.288 859 29.3087
119.405 790 28.1069
119.523 745 27.2947
119.64 687 26.2107
119.757 746 27.313
119.875 776 27.8568
119.992 836 28.9137
120.109 878 29.6311
120.226 834 28.8791
120.343 907 30.1164
120.46 895 29.9166
120.578 933 30.545
120.695 981 31.3209
120.812 851 29.1719
120.929 753 27.4408
121.046 712 26.6833
121.163 655 25.593
121.279 686 26.1916
121.396 707 26.5895
121.513 727 26.9629
121.63 752 27.4226
121.747 772 27.7849
121.863 782 27.9643
121.98 828 28.775
122.097 774 27.8209
122.213 722 26.8701
122.33 745 27.2947
122.446 727 26.9629
122.563 675 25.9808
122.679 706 26.5707
122.795 670 25.8844
122.912 566 23.7908
123.028 478 21.8632
123.144 431 20.7605
123.26 412 20.2978
123.377 0 1
123.493 0 1
123.609 0 1
123.725 0 1
123.84 0 1
123.956 0 1
124.072 0 1
124.188 0 1
124.303 0 1
124.419 0 1
126.852 0 1
126.968 0 1
127.083 0 1
127.199 0 1
127.315 0 1
127.431 0 1
127.547 0 1
127.663 0 1
127.779 0 1
127.895 0 1
128.011 0 1
128.127 0 1
128.243 0 1
128.359 968 31.1127
128.476 991 31.4802
128.592 988 31.4325
128.708 920 30.3315
128.825 1003 31.6702
128.941 1041 32.2645
129.058 997 31.5753
129.174 1120 33.4664
129.291 1170 34.2053
129.408 1156 34
129.524 1141 33.7787
129.641 1157 34.0147
129.758 1147 33.8674
129.875 1064 32.619
129.992 1042 32.28
130.108 901 30.0167
130.225 880 29.6648
130.342 875 29.5804
130.459 891 29.8496
130.576 1013 31.8277
130.693 1058 32.5269
130.81 1113 33.3617
130.928 1095 33.0908
131.045 1099 33.1512
131.162 1117 33.4215
131.279 1199 34.6266
131.396 1155 33.9853
131.513 1169 34.1906
131.631 1173 34.2491
131.748 1153 33.9559
131.865 1040 32.249
131.983 1061 32.573
132.1 1000 31.6228
132.217 994 31.5278
132.335 995 31.5436
132.452 999 31.607
132.57 1039 32.2335
132.687 1157 34.0147
132.804 1112 33.3467
132.922 1174 34.2637
133.039 1159 34.0441
133.157 1151 33.9264
133.274 1176 34.2929
133.392 1105 33.2415
133.509 1064 32.619
133.627 1004 31.686
133.744 910 30.1662
133.862 828 28.775
133.979 922 30.3645
134.097 983 31.3528
134.214 1067 32.665
134.332 1081 32.8786
134.449 1085 32.9393
134.567 1083 32.909
134.684 1099 33.1512
134.802 1139 33.7491
134.919 1192 34.5254
135.037 1181 34.3657
135.154 1124 33.5261
135.272 1149 33.8969
135.389 1114 33.3766
135.507 1126 33.5559
135.624 1081 32.8786
135.742 991 31.4802
135.859 946 30.7571
135.977 1040 32.249
136.094 1035 32.1714
136.211 1062 32.5883
136.329 1106 33.2566
136.446 1186 34.4384
136.564 1199 34.6266
136.681 1223 34.9714
136.798 1129 33.6006
136.915 1195 34.5688
137.033 1094 33.0757
137.15 1019 31.9218
137.267 956 30.9192
137.384 873 29.5466
137.502 860 29.3258
137.619 898 29.9666
137.736 963 31.0322
137.853 966 31.0805
137.97 1059 32.5423
138.087 1098 33.1361
138.204 1001 31.6386
138.321 1098 33.1361
138.438 1169 34.1906
138.555 1121 33.4813
138.672 1106 33.2566
138.788 1075 32.7872
138.905 978 31.273
139.022 957 30.9354
139.139 938 30.6268
139.255 870 29.4958
139.372 786 28.0357
139.488 770 27.7489
139.605 695 26.3629
139.721 729 27
139.838 710 26.6458
139.954 776 27.8568
140.071 714 26.7208
140.187 693 26.3249
140.303 565 23.7697
140.419 584 24.1661
140.535 560 23.6643
140.652 502 22.4054
140.768 0 1
140.884 0 1
141 0 1
141.115 0 1
141.231 0 1
141.347 0 1
141.463 0 1
141.578 0 1
141.694 0 1
144.104 0 1
144.219 0 1
144.335 0 1
144.45 0 1
144.566 0 1
144.682 0 1
144.798 0 1
144.914 0 1
145.03 0 1
145.146 694 26.3439
145.262 803 28.3373
145.378 827 28.7576
145.494 845 29.0689
145.61 794 28.178
145.726 775 27.8388
145.842 789 28.0891
145.959 750 27.3861
146.075 695 26.3629
146.192 662 25.7294
146.308 631 25.1197
146.425 610 24.6982
146.541 661 25.7099
146.658 688 26.2298
146.774 677 26.0192
146.891 698 26.4197
147.008 784 28
147.125 737 27.1477
147.241 748 27.3496
147.358 745 27.2947
147.475 748 27.3496
147.592 723 26.8887
147.709 714 26.7208
147.826 736 27.1293
147.943 731 27.037
148.06 680 26.0768
148.177 675 25.9808
148.294 574 23.9583
148.411 657 25.632
148.528 707 26.5895
148.645 724 26.9072
148.762 764 27.6405
148.88 751 27.4044
148.997 812 28.4956
149.114 743 27.258
149.231 815 28.5482
149.349 776 27.8568
149.466 714 26.7208
149.583 702 26.4953
149.701 684 26.1534
149.818 654 25.5734
149.935 583 24.1454
150.053 607 24.6374
150.17 593 24.3516
150.287 647 25.4362
150.405 673 25.9422
150.522 666 25.807
150.64 698 26.4197
150.757 720 26.8328
150.875 718 26.7955
150.992 710 26.6458
151.11 675 25.9808
151.227 712 26.6833
151.344 708 26.6083
151.462 706 26.5707
151.579 652 25.5343
151.697 658 25.6515
151.814 643 25.3574
151.932 617 24.8395
152.049 613 24.7588
152.167 672 25.923
152.284 669 25.865
152.402 682 26.1151
152.519 700 26.4575
152.636 717 26.7769
152.754 718 26.7955
152.871 730 27.0185
152.989 678 26.0384
153.106 719 26.8142
153.223 639 25.2784
153.341 592 24.3311
153.458 590 24.2899
153.575 566 23.7908
153.693 582 24.1247
153.81 586 24.2074
153.927 645 25.3969
154.044 665 25.7876
154.162 649 25.4755
154.279 667 25.8263
154.396 667 25.8263
154.513 683 26.1343
154.63 667 25.8263
154.747 655 25.593
154.864 654 25.5734
154.981 617 24.8395
155.098 643 25.3574
155.215 616 24.8193
155.332 600 24.4949
155.449 589 24.2693
155.566 601 24.5153
155.683 572 23.9165
155.8 605 24.5967
155.917 589 24.2693
156.033 683 26.1343
156.15 0 1
156.267 0 1
156.383 0 1
156.5 0 1
156.617 0 1
156.733 0 1
156.85 0 1
156.966 0 1
157.082 0 1
157.199 0 1
157.315 0 1
157.431 0 1
157.547 0 1
157.664 0 1
157.78 0 1
157.896 0 1
158.012 0 1
158.128 0 1
158.244 0 1
158.359 0 1
158.475 0 1
158.591 0 1
158.706 0 1
