
6.15755 0 1
6.2731 0 1
6.3887 0 1
6.50437 0 1
6.62009 0 1
6.73587 0 1
6.8517 0 1
6.96759 0 1
7.08353 0 1
7.19952 0 1
7.31557 0 1
7.43166 0 1
7.54781 0 1
7.664 0 1
7.78024 0 1
7.89653 0 1
8.01286 0 1
8.12924 0 1
8.24567 0 1
8.36213 0 1
8.47864 0 1
8.59519 0 1
8.71178 0 1
8.82841 0 1
8.94508 0 1
9.06179 0 1
9.17853 0 1
9.29531 0 1
9.41212 0 1
9.52897 0 1
9.64584 0 1
9.76276 0 1
9.8797 0 1
9.99667 0 1
10.1137 0 1
10.2307 0 1
10.3478 0 1
10.4648 0 1
10.5819 0 1
10.6991 0 1
10.8162 0 1
10.9334 0 1
11.0506 0 1
11.1678 0 1
11.285 0 1
11.4023 0 1
11.5196 0 1
11.6369 0 1
11.7542 0 1
11.8715 0 1
11.9888 0 1
12.1062 0 1
12.2235 0 1
12.3409 0 1
12.4582 0 1
12.5756 0 1
12.693 0 1
12.8104 0 1
12.9278 0 1
13.0452 0 1
13.1626 0 1
13.28 0 1
13.3974 0 1
13.5149 0 1
13.6323 0 1
13.7497 0 1
13.8671 0 1
13.9845 0 1
14.1019 0 1
14.2193 0 1
14.3367 0 1
14.4541 0 1
14.5714 0 1
14.6888 0 1
14.8062 0 1
14.9235 0 1
15.0408 0 0
15.1581 0 0
15.2755 0 0
15.3927 0 0
15.51 0 0
15.6273 0 0
15.7445 0 0
15.8617 0 0
15.9789 0 0
16.0961 0 0
16.2132 0 0
16.3304 0 0
16.4475 0 0
16.5646 0 0
16.6816 0 0
16.7986 0 0
16.9156 0 0
17.0326 0 0
17.1496 0 0
17.2665 0 0
17.3833 0 0
17.5002 0 0
17.617 0 0
17.7338 0 0
17.8505 0 0
17.9672 0 0
18.0839 0 0
18.2005 0 0
18.3171 0 0
18.4337 0 0
18.5502 0 0
18.6666 0 0
18.7831 0 0
18.8994 0 0
19.0158 0 0
19.1321 0 0
19.2483 0 0
19.3645 0 0
19.4806 0 0
19.5967 0 0
19.7128 0 0
19.8288 0 0
19.9447 0 0
20.0606 0 1
20.1764 0 1
20.2922 0 1
20.4079 0 1
20.5236 0 1
20.6392 0 1
20.7548 0 1
20.8702 0 1
23.3078 0 1
23.4233 0 1
23.539 0 1
23.6547 0 1
23.7704 0 1
23.8862 0 1
24.0021 0 1
24.118 0 1
24.234 0 1
24.35 0 1
24.4661 1102 33.1964
24.5822 1105 33.2415
24.6984 1086 32.9545
24.8146 1108 33.2866
24.9309 1096 33.1059
25.0472 1103 33.2114
25.1636 1067 32.665
25.28 1119 33.4515
25.3965 1165 34.1321
25.513 1150 33.9116
25.6296 1186 34.4384
25.7462 1196 34.5832
25.8628 1190 34.4964
25.9795 1221 34.9428
26.0962 1295 35.9861
26.213 1329 36.4555
26.3298 1235 35.1426
26.4466 1226 35.0143
26.5635 1236 35.1568
26.6804 1256 35.4401
26.7973 1145 33.8378
26.9143 1199 34.6266
27.0313 1211 34.7994
27.1483 1277 35.7351
27.2653 1298 36.0278
27.3824 1247 35.3129
27.4996 1315 36.2629
27.6167 1240 35.2136
27.7339 1239 35.1994
27.8511 1244 35.2704
27.9683 1239 35.1994
28.0855 1251 35.3695
28.2028 1327 36.428
28.3201 1220 34.9285
28.4374 1310 36.1939
28.5547 1286 35.8608
28.6721 1156 34
28.7894 1232 35.0999
28.9068 1296 36
29.0242 1318 36.3043
29.1416 1240 35.2136
29.259 1407 37.51
29.3764 1394 37.3363
29.4939 1414 37.6032
29.6113 1319 36.318
29.7288 1357 36.8375
29.8463 1293 35.9583
29.9638 1377 37.108
30.0812 1382 37.1753
30.1987 1320 36.3318
30.3162 1248 35.327
30.4337 1162 34.0881
30.5512 1214 34.8425
30.6687 1248 35.327
30.7862 1246 35.2987
30.9037 1272 35.6651
31.0212 1304 36.1109
31.1387 1187 34.4529
31.2562 1241 35.2278
31.3737 1294 35.9722
31.4912 1240 35.2136
31.6087 1258 35.4683
31.7262 1204 34.6987
31.8436 1162 34.0881
31.9611 1236 35.1568
32.0785 1171 34.2199
32.1959 1160 34.0588
32.3134 1100 33.1662
32.4308 1124 33.5261
32.5482 1145 33.8378
32.6655 1143 33.8083
32.7829 1151 33.9264
32.9002 1218 34.8999
33.0176 1130 33.6155
33.1349 1224 34.9857
33.2522 1240 35.2136
33.3694 1160 34.0588
33.4867 1192 34.5254
33.6039 1181 34.3657
33.7211 1199 34.6266
33.8383 1133 33.6601
33.9554 1086 32.9545
34.0725 1027 32.0468
34.1896 1043 32.2955
34.3067 1149 33.8969
34.4237 1119 33.4515
34.5407 1100 33.1662
34.6577 1108 33.2866
34.7746 1135 33.6898
34.8915 1079 32.8481
35.0084 1071 32.7261
35.1252 1049 32.3883
35.242 1110 33.3167
35.3587 1061 32.573
35.4755 1143 33.8083
35.5921 1084 32.9242
35.7088 1058 32.5269
35.8254 1046 32.3419
35.9419 1016 31.8748
36.0584 1040 32.249
36.1749 1035 32.1714
36.2913 1012 31.8119
36.4077 1071 32.7261
36.524 1045 32.3265
36.6403 1094 33.0757
36.7565 1108 33.2866
36.8727 1149 33.8969
36.9889 1101 33.1813
37.1049 1118 33.4365
37.221 0 1
37.3369 0 1
37.4529 0 1
37.5687 0 1
37.6845 0 1
37.8003 0 1
37.916 0 1
38.0316 0 1
38.1472 0 1
40.5851 0 1
40.7008 0 1
40.8164 0 1
40.9322 0 1
41.048 0 1
41.1639 0 1
41.2798 0 1
41.3958 0 1
41.5118 0 1
41.6279 0 1
41.744 818 28.6007
41.8602 873 29.5466
41.9765 986 31.4006
42.0928 946 30.7571
42.2091 960 30.9839
42.3255 977 31.257
42.4419 952 30.8545
42.5584 937 30.6105
42.675 889 29.8161
42.7915 908 30.133
42.9081 790 28.1069
43.0248 761 27.5862
43.1415 830 28.8097
43.2582 892 29.8664
43.375 911 30.1828
43.4918 890 29.8329
43.6087 883 29.7153
43.7256 838 28.9482
43.8425 826 28.7402
43.9595 793 28.1603
44.0765 833 28.8617
44.1935 835 28.8964
44.3106 818 28.6007
44.4277 817 28.5832
44.5448 749 27.3679
44.6619 744 27.2764
44.7791 649 25.4755
44.8963 699 26.4386
45.0136 707 26.5895
45.1308 715 26.7395
45.2481 715 26.7395
45.3654 680 26.0768
45.4827 717 26.7769
45.6001 751 27.4044
45.7174 747 27.3313
45.8348 718 26.7955
45.9522 715 26.7395
46.0697 709 26.6271
46.1871 733 27.074
46.3046 679 26.0576
46.422 650 25.4951
46.5395 618 24.8596
46.657 655 25.593
46.7745 679 26.0576
46.892 659 25.671
47.0096 621 24.9199
47.1271 680 26.0768
47.2446 673 25.9422
47.3622 653 25.5539
47.4797 627 25.04
47.5973 668 25.8457
47.7149 616 24.8193
47.8324 588 24.2487
47.95 645 25.3969
48.0675 548 23.4094
48.1851 522 22.8473
48.3027 577 24.0208
48.4202 542 23.2809
48.5378 550 23.4521
48.6554 571 23.8956
48.7729 572 23.9165
48.8904 555 23.5584
49.008 598 24.454
49.1255 556 23.5797
49.243 562 23.7065
49.3605 619 24.8797
49.478 630 25.0998
49.5955 592 24.3311
49.713 592 24.3311
49.8304 548 23.4094
49.9479 502 22.4054
50.0653 475 21.7945
50.1827 529 23
50.3001 610 24.6982
50.4175 608 24.6577
50.5348 635 25.1992
50.6521 605 24.5967
50.7694 648 25.4558
50.8867 654 25.5734
51.004 631 25.1197
51.1212 613 24.7588
51.2384 643 25.3574
51.3556 714 26.7208
51.4727 702 26.4953
51.5899 679 26.0576
51.707 648 25.4558
51.824 657 25.632
51.9411 701 26.4764
52.0581 692 26.3059
52.175 786 28.0357
52.2919 776 27.8568
52.4088 784 28
52.5257 840 28.9828
52.6425 816 28.5657
52.7593 841 29
52.876 866 29.4279
52.9927 824 28.7054
53.1094 912 30.1993
53.226 878 29.6311
53.3426 874 29.5635
53.4591 828 28.775
53.5756 816 28.5657
53.692 734 27.0924
53.8084 773 27.8029
53.9248 850 29.1548
54.0411 867 29.4449
54.1573 933 30.545
54.2735 0 1
54.3896 0 1
54.5057 0 1
54.6217 0 1
54.7377 0 1
54.8537 0 1
54.9695 0 1
55.0853 0 1
55.2011 0 1
55.3168 0 1
55.4324 0 1
57.824 0 1
57.9396 0 1
58.0553 0 1
58.1711 0 1
58.2869 0 1
58.4028 0 1
58.5187 0 1
58.6347 0 1
58.7508 0 1
58.8669 0 1
58.983 879 29.6479
59.0992 980 31.305
59.2155 986 31.4006
59.3318 1025 32.0156
59.4482 1034 32.1559
59.5646 1016 31.8748
59.681 1064 32.619
59.7975 957 30.9354
59.9141 970 31.1448
60.0306 1006 31.7175
60.1473 994 31.5278
60.2639 1016 31.8748
60.3807 970 31.1448
60.4974 954 30.8869
60.6142 945 30.7409
60.731 962 31.0161
60.8479 966 31.0805
60.9648 942 30.692
61.0818 1000 31.6228
61.1987 917 30.282
61.3158 994 31.5278
61.4328 1049 32.3883
61.5499 958 30.9516
61.667 977 31.257
61.7841 1011 31.7962
61.9013 940 30.6594
62.0185 876 29.5973
62.1357 846 29.0861
62.253 844 29.0517
62.3702 806 28.3901
62.4875 899 29.9833
62.6049 923 30.3809
62.7222 953 30.8707
62.8396 934 30.5614
62.9569 987 31.4166
63.0743 943 30.7083
63.1918 876 29.5973
63.3092 850 29.1548
63.4267 903 30.05
63.5441 865 29.4109
63.6616 846 29.0861
63.7791 879 29.6479
63.8966 882 29.6985
64.0142 897 29.95
64.1317 867 29.4449
64.2492 866 29.4279
64.3668 842 29.0172
64.4843 853 29.2062
64.6019 891 29.8496
64.7195 893 29.8831
64.837 895 29.9166
64.9546 941 30.6757
65.0722 856 29.2575
65.1898 849 29.1376
65.3074 901 30.0167
65.4249 868 29.4618
65.5425 877 29.6142
65.6601 817 28.5832
65.7777 802 28.3196
65.8952 764 27.6405
66.0128 771 27.7669
66.1304 884 29.7321
66.2479 908 30.133
66.3655 905 30.0832
66.483 914 30.2324
66.6005 919 30.315
66.718 889 29.8161
66.8355 901 30.0167
66.953 846 29.0861
67.0705 771 27.7669
67.1879 778 27.8927
67.3054 792 28.1425
67.4228 770 27.7489
67.5402 773 27.8029
67.6576 790 28.1069
67.7749 817 28.5832
67.8923 859 29.3087
68.0096 839 28.9655
68.1269 854 29.2233
68.2442 885 29.7489
68.3614 942 30.692
68.4787 913 30.2159
68.5958 907 30.1164
68.713 943 30.7083
68.8302 901 30.0167
68.9473 964 31.0483
69.0643 928 30.4631
69.1814 867 29.4449
69.2984 862 29.3598
69.4154 863 29.3769
69.5323 872 29.5296
69.6492 854 29.2233
69.7661 884 29.7321
69.8829 910 30.1662
69.9997 999 31.607
70.1165 1041 32.2645
70.2332 1013 31.8277
70.3499 1028 32.0624
70.4665 993 31.5119
70.5831 909 30.1496
70.6996 857 29.2746
70.8161 902 30.0333
70.9326 862 29.3598
71.049 867 29.4449
71.1653 883 29.7153
71.2817 853 29.2062
71.3979 844 29.0517
71.5141 859 29.3087
71.6303 861 29.3428
71.7464 774 27.8209
71.8624 0 1
71.9784 0 1
72.0944 0 1
72.2102 0 1
72.3261 0 1
72.4418 0 1
72.5575 0 1
72.6732 0 1
75.1054 0 1
75.2209 0 1
75.3365 0 1
75.4521 0 1
75.5678 0 1
75.6835 0 1
75.7993 0 1
75.9151 0 1
76.031 0 1
76.147 732 27.0555
76.263 811 28.4781
76.3791 827 28.7576
76.4952 875 29.5804
76.6113 888 29.7993
76.7276 909 30.1496
76.8438 899 29.9833
76.9601 965 31.0644
77.0765 976 31.241
77.1929 900 30
77.3093 983 31.3528
77.4258 923 30.3809
77.5423 999 31.607
77.6589 1033 32.1403
77.7755 999 31.607
77.8921 958 30.9516
78.0088 930 30.4959
78.1256 900 30
78.2423 887 29.7825
78.3591 867 29.4449
78.4759 809 28.4429
78.5928 809 28.4429
78.7097 869 29.4788
78.8266 890 29.8329
78.9436 1001 31.6386
79.0606 998 31.5911
79.1776 961 31
79.2946 934 30.5614
79.4117 990 31.4643
79.5288 980 31.305
79.6459 912 30.1993
79.7631 846 29.0861
79.8802 750 27.3861
79.9974 733 27.074
80.1147 803 28.3373
80.2319 795 28.1957
80.3491 816 28.5657
80.4664 870 29.4958
80.5837 901 30.0167
80.701 911 30.1828
80.8183 877 29.6142
80.9357 869 29.4788
81.053 916 30.2655
81.1704 884 29.7321
81.2877 913 30.2159
81.4051 892 29.8664
81.5225 910 30.1662
81.6399 850 29.1548
81.7573 803 28.3373
81.8747 847 29.1033
81.9922 739 27.1846
82.1096 724 26.9072
82.227 778 27.8927
82.3444 762 27.6043
82.4619 809 28.4429
82.5793 923 30.3809
82.6967 856 29.2575
82.8142 887 29.7825
82.9316 883 29.7153
83.049 874 29.5635
83.1664 838 28.9482
83.2838 817 28.5832
83.4012 740 27.2029
83.5186 622 24.9399
83.636 665 25.7876
83.7534 682 26.1151
83.8708 763 27.6225
83.9881 790 28.1069
84.1055 824 28.7054
84.2228 806 28.3901
84.3401 812 28.4956
84.4575 872 29.5296
84.5747 847 29.1033
84.692 862 29.3598
84.8093 890 29.8329
84.9265 868 29.4618
85.0437 897 29.95
85.1609 883 29.7153
85.2781 776 27.8568
85.3952 803 28.3373
85.5123 768 27.7128
85.6294 771 27.7669
85.7465 774 27.8209
85.8636 812 28.4956
85.9806 891 29.8496
86.0976 895 29.9166
86.2145 920 30.3315
86.3315 988 31.4325
86.4484 1005 31.7017
86.5652 1019 31.9218
86.682 957 30.9354
86.7988 987 31.4166
86.9156 915 30.249
87.0323 850 29.1548
87.149 800 28.2843
87.2657 784 28
87.3823 820 28.6356
87.4988 864 29.3939
87.6154 935 30.5778
87.7318 966 31.0805
87.8483 950 30.8221
87.9647 1013 31.8277
88.081 1072 32.7414
88.1973 1028 32.0624
88.3136 1050 32.4037
88.4298 1005 31.7017
88.546 1061 32.573
88.6621 1027 32.0468
88.7781 986 31.4006
88.8942 0 1
89.0101 0 1
89.126 0 1
89.2419 0 1
89.3577 0 1
89.4734 0 1
89.5891 0 1
89.7047 0 1
89.8203 0 1
89.9358 0 1
92.3269 0 1
92.4424 0 1
92.558 0 1
92.6736 0 1
92.7893 0 1
92.905 0 1
93.0208 0 1
93.1366 0 1
93.2525 0 1
93.3685 0 1
93.4845 0 1
93.6005 1044 32.311
93.7167 1037 32.2025
93.8328 1076 32.8024
93.949 987 31.4166
94.0653 1017 31.8904
94.1816 965 31.0644
94.2979 927 30.4467
94.4143 934 30.5614
94.5307 891 29.8496
94.6472 862 29.3598
94.7637 909 30.1496
94.8803 982 31.3369
94.9969 962 31.0161
95.1135 973 31.1929
95.2302 988 31.4325
95.3469 1026 32.0312
95.4637 1042 32.28
95.5805 1079 32.8481
95.6973 1077 32.8177
95.8142 1108 33.2866
95.9311 1074 32.7719
96.048 1054 32.4654
96.1649 988 31.4325
96.2819 908 30.133
96.3989 805 28.3725
96.516 766 27.6767
96.633 880 29.6648
96.7501 909 30.1496
96.8673 984 31.3688
96.9844 997 31.5753
97.1016 1082 32.8938
97.2188 1092 33.0454
97.336 1055 32.4808
97.4532 1068 32.6803
97.5704 1076 32.8024
97.6877 1053 32.45
97.805 1082 32.8938
97.9223 986 31.4006
98.0396 930 30.4959
98.1569 900 30
98.2743 882 29.6985
98.3916 913 30.2159
98.509 907 30.1164
98.6264 958 30.9516
98.7438 994 31.5278
98.8612 1046 32.3419
98.9786 1066 32.6497
99.096 1119 33.4515
99.2134 1091 33.0303
99.3308 1082 32.8938
99.4482 1047 32.3574
99.5656 1037 32.2025
99.6831 1027 32.0468
99.8005 1026 32.0312
99.9179 878 29.6311
100.035 845 29.0689
100.153 841 29
100.27 898 29.9666
100.388 1024 32
100.505 1009 31.7648
100.622 1014 31.8434
100.74 1105 33.2415
100.857 1098 33.1361
100.975 1035 32.1714
101.092 1114 33.3766
101.209 1071 32.7261
101.327 1058 32.5269
101.444 1053 32.45
101.561 998 31.5911
101.679 921 30.348
101.796 897 29.95
101.913 889 29.8161
102.03 912 30.1993
102.148 997 31.5753
102.265 938 30.6268
102.382 1096 33.1059
102.499 1001 31.6386
102.616 1069 32.6956
102.733 1126 33.5559
102.851 1199 34.6266
102.968 1162 34.0881
103.085 1154 33.9706
103.202 1129 33.6006
103.319 1165 34.1321
103.436 980 31.305
103.552 882 29.6985
103.669 858 29.2916
103.786 924 30.3974
103.903 1039 32.2335
104.02 1073 32.7567
104.137 1090 33.0151
104.253 1144 33.8231
104.37 1164 34.1174
104.487 1148 33.8821
104.603 1154 33.9706
104.72 1101 33.1813
104.836 1184 34.4093
104.953 1146 33.8526
105.069 1043 32.2955
105.186 921 30.348
105.302 956 30.9192
105.418 995 31.5436
105.535 941 30.6757
105.651 1060 32.5576
105.767 1185 34.4238
105.883 1192 34.5254
105.999 1173 34.2491
106.115 0 1
106.231 0 1
106.347 0 1
106.463 0 1
106.579 0 1
106.694 0 1
106.81 0 1
106.926 0 1
107.041 0 1
107.157 0 1
109.576 0 1
109.692 0 1
109.807 0 1
109.923 0 1
110.039 0 1
110.155 0 1
110.27 0 1
110.386 0 1
110.502 0 1
110.618 936 30.5941
110.735 1039 32.2335
110.851 1092 33.0454
110.967 1122 33.4963
111.083 1164 34.1174
111.199 1139 33.7491
111.316 1215 34.8569
111.432 1166 34.1467
111.549 1234 35.1283
111.665 1119 33.4515
111.782 1091 33.0303
111.898 1006 31.7175
112.015 967 31.0966
112.132 880 29.6648
112.248 856 29.2575
112.365 945 30.7409
112.482 1043 32.2955
112.599 1160 34.0588
112.716 1118 33.4365
112.832 1118 33.4365
112.949 1108 33.2866
113.066 1130 33.6155
113.183 1119 33.4515
113.3 1069 32.6956
113.417 1070 32.7109
113.534 1033 32.1403
113.652 954 30.8869
113.769 865 29.4109
113.886 906 30.0998
114.003 862 29.3598
114.12 952 30.8545
114.238 1047 32.3574
114.355 1154 33.9706
114.472 1129 33.6006
114.589 1092 33.0454
114.707 1097 33.121
114.824 1094 33.0757
114.942 1142 33.7935
115.059 1114 33.3766
115.176 1087 32.9697
115.294 1049 32.3883
115.411 1057 32.5115
115.529 972 31.1769
115.646 929 30.4795
115.764 863 29.3769
115.881 869 29.4788
115.999 993 31.5119
116.116 1010 31.7805
116.234 1091 33.0303
116.351 1122 33.4963
116.469 1049 32.3883
116.586 1062 32.5883
116.704 1036 32.187
116.821 1037 32.2025
116.939 1086 32.9545
117.056 1048 32.3728
117.174 986 31.4006
117.291 915 30.249
117.409 915 30.249
117.526 873 29.5466
117.644 886 29.7658
117.761 975 31.225
117.879 1084 32.9242
117.996 1150 33.9116
118.114 1116 33.4066
118.231 1177 34.3074
118.349 1123 33.5112
118.466 1120 33.4664
118.584 1172 34.2345
118.701 1187 34.4529
118.819 1150 33.9116
118.936 1060 32.5576
119.053 1031 32.1092
119.171 1020 31.9374
119.288 884 29.7321
119.405 864 29.3939
119.523 875 29.5804
119.64 1007 31.7333
119.757 1025 32.0156
119.875 1033 32.1403
119.992 1060 32.5576
120.109 1007 31.7333
120.226 1104 33.2265
120.343 1133 33.6601
120.46 1006 31.7175
120.578 1087 32.9697
120.695 1018 31.9061
120.812 969 31.1288
120.929 963 31.0322
121.046 944 30.7246
121.163 868 29.4618
121.279 948 30.7896
121.396 971 31.1609
121.513 990 31.4643
121.63 1075 32.7872
121.747 1114 33.3766
121.863 1052 32.4345
121.98 1120 33.4664
122.097 1160 34.0588
122.213 1121 33.4813
122.33 1121 33.4813
122.446 1144 33.8231
122.563 1102 33.1964
122.679 1057 32.5115
122.795 1018 31.9061
122.912 920 30.3315
123.028 836 28.9137
123.144 822 28.6705
123.26 810 28.4605
123.377 0 1
123.493 0 1
123.609 0 1
123.725 0 1
123.84 0 1
123.956 0 1
124.072 0 1
124.188 0 1
124.303 0 1
124.419 0 1
126.852 0 1
126.968 0 1
127.083 0 1
127.199 0 1
127.315 0 1
127.431 0 1
127.547 0 1
127.663 0 1
127.779 0 1
127.895 0 1
128.011 0 1
128.127 0 1
128.243 0 1
128.359 834 28.8791
128.476 872 29.5296
128.592 957 30.9354
128.708 1135 33.6898
128.825 1069 32.6956
128.941 1162 34.0881
129.058 1147 33.8674
129.174 1161 34.0735
129.291 1149 33.8969
129.408 1111 33.3317
129.524 1082 32.8938
129.641 1017 31.8904
129.758 1077 32.8177
129.875 990 31.4643
129.992 923 30.3809
130.108 939 30.6431
130.225 990 31.4643
130.342 960 30.9839
130.459 1077 32.8177
130.576 1164 34.1174
130.693 1197 34.5977
130.81 1137 33.7194
130.928 1140 33.7639
131.045 1149 33.8969
131.162 1108 33.2866
131.279 1089 33
131.396 1194 34.5543
131.513 1134 33.6749
131.631 1167 34.1614
131.748 1023 31.9844
131.865 927 30.4467
131.983 795 28.1957
132.1 971 31.1609
132.217 1075 32.7872
132.335 1086 32.9545
132.452 1114 33.3766
132.57 1118 33.4365
132.687 1181 34.3657
132.804 1118 33.4365
132.922 1214 34.8425
133.039 1225 35
133.157 1146 33.8526
133.274 1050 32.4037
133.392 979 31.289
133.509 982 31.3369
133.627 971 31.1609
133.744 1007 31.7333
133.862 1030 32.0936
133.979 1086 32.9545
134.097 1062 32.5883
134.214 1122 33.4963
134.332 1169 34.1906
134.449 1150 33.9116
134.567 1180 34.3511
134.684 1136 33.7046
134.802 1183 34.3948
134.919 1182 34.3802
135.037 1206 34.7275
135.154 1119 33.4515
135.272 1099 33.1512
135.389 954 30.8869
135.507 868 29.4618
135.624 879 29.6479
135.742 1004 31.686
135.859 1141 33.7787
135.977 1107 33.2716
136.094 1104 33.2265
136.211 1058 32.5269
136.329 1154 33.9706
136.446 1112 33.3467
136.564 1136 33.7046
136.681 1142 33.7935
136.798 1046 32.3419
136.915 1041 32.2645
137.033 1023 31.9844
137.15 965 31.0644
137.267 945 30.7409
137.384 960 30.9839
137.502 964 31.0483
137.619 1031 32.1092
137.736 1091 33.0303
137.853 1111 33.3317
137.97 1186 34.4384
138.087 1134 33.6749
138.204 1137 33.7194
138.321 1159 34.0441
138.438 1120 33.4664
138.555 1106 33.2566
138.672 1134 33.6749
138.788 1174 34.2637
138.905 1124 33.5261
139.022 1009 31.7648
139.139 1032 32.1248
139.255 866 29.4279
139.372 1027 32.0468
139.488 1128 33.5857
139.605 1174 34.2637
139.721 1090 33.0151
139.838 1073 32.7567
139.954 1249 35.3412
140.071 1198 34.6121
140.187 1216 34.8712
140.303 1181 34.3657
140.419 1109 33.3017
140.535 1029 32.078
140.652 1031 32.1092
140.768 0 1
140.884 0 1
141 0 1
141.115 0 1
141.231 0 1
141.347 0 1
141.463 0 1
141.578 0 1
141.694 0 1
144.104 0 1
144.219 0 1
144.335 0 1
144.45 0 1
144.566 0 1
144.682 0 1
144.798 0 1
144.914 0 1
145.03 0 1
145.146 851 29.1719
145.262 824 28.7054
145.378 885 29.7489
145.494 835 28.8964
145.61 813 28.5132
145.726 845 29.0689
145.842 758 27.5318
145.959 746 27.313
146.075 754 27.4591
146.192 754 27.4591
146.308 839 28.9655
146.425 837 28.931
146.541 857 29.2746
146.658 863 29.3769
146.774 910 30.1662
146.891 954 30.8869
147.008 907 30.1164
147.125 893 29.8831
147.241 914 30.2324
147.358 944 30.7246
147.475 900 30
147.592 934 30.5614
147.709 882 29.6985
147.826 873 29.5466
147.943 779 27.9106
148.06 773 27.8029
148.177 749 27.3679
148.294 784 28
148.411 945 30.7409
148.528 872 29.5296
148.645 881 29.6816
148.762 953 30.8707
148.88 871 29.5127
148.997 867 29.4449
149.114 956 30.9192
149.231 919 30.315
149.349 874 29.5635
149.466 868 29.4618
149.583 832 28.8444
149.701 839 28.9655
149.818 785 28.0179
149.935 729 27
150.053 787 28.0535
150.17 794 28.178
150.287 804 28.3549
150.405 929 30.4795
150.522 968 31.1127
150.64 919 30.315
150.757 969 31.1288
150.875 930 30.4959
150.992 951 30.8383
151.11 927 30.4467
151.227 939 30.6431
151.344 938 30.6268
151.462 900 30
151.579 829 28.7924
151.697 746 27.313
151.814 702 26.4953
151.932 754 27.4591
152.049 852 29.189
152.167 917 30.282
152.284 884 29.7321
152.402 976 31.241
152.519 985 31.3847
152.636 931 30.5123
152.754 953 30.8707
152.871 964 31.0483
152.989 954 30.8869
153.106 843 29.0345
153.223 886 29.7658
153.341 801 28.3019
153.458 845 29.0689
153.575 817 28.5832
153.693 796 28.2135
153.81 896 29.9333
153.927 911 30.1828
154.044 889 29.8161
154.162 1013 31.8277
154.279 1008 31.749
154.396 962 31.0161
154.513 1013 31.8277
154.63 1016 31.8748
154.747 1054 32.4654
154.864 996 31.5595
154.981 951 30.8383
155.098 972 31.1769
155.215 884 29.7321
155.332 904 30.0666
155.449 810 28.4605
155.566 944 30.7246
155.683 939 30.6431
155.8 1039 32.2335
155.917 1036 32.187
156.033 1058 32.5269
156.15 0 1
156.267 0 1
156.383 0 1
156.5 0 1
156.617 0 1
156.733 0 1
156.85 0 1
156.966 0 1
157.082 0 1
157.199 0 1
157.315 0 1
157.431 0 1
157.547 0 1
157.664 0 1
157.78 0 1
157.896 0 1
158.012 0 1
158.128 0 1
158.244 0 1
158.359 0 1
158.475 0 1
158.591 0 1
158.706 0 1
