
6.15755 0 1
6.2731 0 1
6.3887 0 1
6.50437 0 1
6.62009 0 1
6.73587 0 1
6.8517 0 1
6.96759 0 1
7.08353 0 1
7.19952 0 1
7.31557 0 1
7.43166 0 1
7.54781 0 1
7.664 0 1
7.78024 0 1
7.89653 0 1
8.01286 0 1
8.12924 0 1
8.24567 0 1
8.36213 0 1
8.47864 0 1
8.59519 0 1
8.71178 0 1
8.82841 0 1
8.94508 0 1
9.06179 0 1
9.17853 0 1
9.29531 0 1
9.41212 0 1
9.52897 0 1
9.64584 0 1
9.76276 0 1
9.8797 0 1
9.99667 0 1
10.1137 0 1
10.2307 0 1
10.3478 0 1
10.4648 0 1
10.5819 0 1
10.6991 0 1
10.8162 0 1
10.9334 0 1
11.0506 0 1
11.1678 0 1
11.285 0 1
11.4023 0 1
11.5196 0 1
11.6369 0 1
11.7542 0 1
11.8715 0 1
11.9888 0 1
12.1062 0 1
12.2235 0 1
12.3409 0 1
12.4582 0 1
12.5756 0 1
12.693 0 1
12.8104 0 1
12.9278 0 1
13.0452 0 1
13.1626 0 1
13.28 0 1
13.3974 0 1
13.5149 0 1
13.6323 0 1
13.7497 0 1
13.8671 0 1
13.9845 0 1
14.1019 0 1
14.2193 0 1
14.3367 0 1
14.4541 0 1
14.5714 0 1
14.6888 0 1
14.8062 0 1
14.9235 0 1
15.0408 2132 46.1736
15.1581 2229 47.2123
15.2755 2237 47.2969
15.3927 2341 48.3839
15.51 2290 47.8539
15.6273 2313 48.0937
15.7445 2305 48.0104
15.8617 2172 46.6047
15.9789 2187 46.7654
16.0961 2246 47.392
16.2132 2153 46.4004
16.3304 2045 45.2217
16.4475 2077 45.5741
16.5646 1921 43.8292
16.6816 2017 44.911
16.7986 1908 43.6807
16.9156 1901 43.6005
17.0326 1832 42.8019
17.1496 1905 43.6463
17.2665 1841 42.9069
17.3833 1744 41.7612
17.5002 1753 41.8688
17.617 1741 41.7253
17.7338 1861 43.1393
17.8505 1862 43.1509
17.9672 1985 44.5533
18.0839 1927 43.8976
18.2005 2014 44.8776
18.3171 2091 45.7275
18.4337 2207 46.9787
18.5502 2105 45.8803
18.6666 2118 46.0217
18.7831 2117 46.0109
18.8994 2167 46.551
19.0158 2170 46.5833
19.1321 2026 45.0111
19.2483 1963 44.3058
19.3645 1861 43.1393
19.4806 1776 42.1426
19.5967 1649 40.6079
19.7128 1565 39.5601
19.8288 1456 38.1576
19.9447 1341 36.6197
20.0606 0 1
20.1764 0 1
20.2922 0 1
20.4079 0 1
20.5236 0 1
20.6392 0 1
20.7548 0 1
20.8702 0 1
23.3078 0 1
23.4233 0 1
23.539 0 1
23.6547 0 1
23.7704 0 1
23.8862 0 1
24.0021 0 1
24.118 0 1
24.234 0 1
24.35 0 1
24.4661 907 30.1164
24.5822 1067 32.665
24.6984 1169 34.1906
24.8146 1294 35.9722
24.9309 1480 38.4708
25.0472 1682 41.0122
25.1636 1726 41.5452
25.28 1839 42.8836
25.3965 1937 44.0114
25.513 2105 45.8803
25.6296 2094 45.7602
25.7462 2195 46.8508
25.8628 2157 46.4435
25.9795 2162 46.4973
26.0962 2142 46.2817
26.213 2220 47.1169
26.3298 2095 45.7712
26.4466 2105 45.8803
26.5635 2271 47.655
26.6804 2174 46.6262
26.7973 2228 47.2017
26.9143 2194 46.8402
27.0313 2173 46.6154
27.1483 2127 46.1194
27.2653 2269 47.634
27.3824 2225 47.1699
27.4996 2174 46.6262
27.6167 2220 47.1169
27.7339 2289 47.8435
27.8511 2157 46.4435
27.9683 2214 47.0532
28.0855 2117 46.0109
28.2028 2201 46.9148
28.3201 2197 46.8722
28.4374 2094 45.7602
28.5547 2135 46.2061
28.6721 2107 45.9021
28.7894 2199 46.8935
28.9068 2217 47.085
29.0242 2218 47.0956
29.1416 2143 46.2925
29.259 2134 46.1952
29.3764 2111 45.9456
29.4939 2041 45.1774
29.6113 1997 44.6878
29.7288 2090 45.7165
29.8463 2126 46.1086
29.9638 2141 46.2709
30.0812 2068 45.4753
30.1987 2239 47.3181
30.3162 2241 47.3392
30.4337 2261 47.55
30.5512 2170 46.5833
30.6687 2225 47.1699
30.7862 2214 47.0532
30.9037 2330 48.2701
31.0212 2342 48.3942
31.1387 2271 47.655
31.2562 2388 48.8672
31.3737 2263 47.571
31.4912 2245 47.3814
31.6087 2153 46.4004
31.7262 2230 47.2229
31.8436 2206 46.9681
31.9611 2204 46.9468
32.0785 2259 47.5289
32.1959 2275 47.697
32.3134 2261 47.55
32.4308 2280 47.7493
32.5482 2173 46.6154
32.6655 2236 47.2864
32.7829 2201 46.9148
32.9002 2160 46.4758
33.0176 2176 46.6476
33.1349 2104 45.8694
33.2522 2108 45.913
33.3694 2215 47.0638
33.4867 2101 45.8367
33.6039 2162 46.4973
33.7211 2180 46.6905
33.8383 2291 47.8644
33.9554 2253 47.4658
34.0725 2221 47.1275
34.1896 2277 47.7179
34.3067 2299 47.9479
34.4237 2394 48.9285
34.5407 2333 48.3011
34.6577 2383 48.816
34.7746 2468 49.679
34.8915 2491 49.9099
35.0084 2460 49.5984
35.1252 2301 47.9687
35.242 2160 46.4758
35.3587 2251 47.4447
35.4755 2282 47.7703
35.5921 2197 46.8722
35.7088 2231 47.2335
35.8254 2130 46.1519
35.9419 2181 46.7012
36.0584 2169 46.5725
36.1749 2214 47.0532
36.2913 2143 46.2925
36.4077 2081 45.618
36.524 1874 43.2897
36.6403 1804 42.4735
36.7565 1702 41.2553
36.8727 1573 39.6611
36.9889 1381 37.1618
37.1049 1373 37.054
37.221 0 1
37.3369 0 1
37.4529 0 1
37.5687 0 1
37.6845 0 1
37.8003 0 1
37.916 0 1
38.0316 0 1
38.1472 0 1
40.5851 0 1
40.7008 0 1
40.8164 0 1
40.9322 0 1
41.048 0 1
41.1639 0 1
41.2798 0 1
41.3958 0 1
41.5118 0 1
41.6279 0 1
41.744 1219 34.9142
41.8602 1409 37.5366
41.9765 1620 40.2492
42.0928 1850 43.0116
42.2091 1950 44.1588
42.3255 2040 45.1664
42.4419 2194 46.8402
42.5584 2401 49
42.675 2388 48.8672
42.7915 2490 49.8999
42.9081 2477 49.7695
43.0248 2410 49.0918
43.1415 2530 50.2991
43.2582 2686 51.8266
43.375 2861 53.4883
43.4918 2897 53.8238
43.6087 3047 55.1996
43.7256 3013 54.8908
43.8425 3041 55.1453
43.9595 3126 55.9106
44.0765 3029 55.0364
44.1935 3165 56.2583
44.3106 3205 56.6127
44.4277 3199 56.5597
44.5448 3197 56.542
44.6619 3226 56.7979
44.7791 3318 57.6021
44.8963 3211 56.6657
45.0136 3299 57.4369
45.1308 3213 56.6833
45.2481 3225 56.7891
45.3654 3318 57.6021
45.4827 3223 56.7715
45.6001 3204 56.6039
45.7174 3121 55.8659
45.8348 3074 55.4437
45.9522 3047 55.1996
46.0697 3059 55.3082
46.1871 2985 54.6352
46.3046 2913 53.9722
46.422 2695 51.9134
46.5395 2791 52.8299
46.657 2669 51.6624
46.7745 2759 52.5262
46.892 2760 52.5357
47.0096 2888 53.7401
47.1271 2807 52.9811
47.2446 2917 54.0093
47.3622 2874 53.6097
47.4797 2699 51.9519
47.5973 2840 53.2917
47.7149 2649 51.4684
47.8324 2703 51.9904
47.95 2527 50.2693
48.0675 2562 50.6162
48.1851 2639 51.3712
48.3027 2466 49.6588
48.4202 2502 50.02
48.5378 2389 48.8774
48.6554 2335 48.3218
48.7729 2449 49.4874
48.8904 2396 48.949
49.008 2433 49.3254
49.1255 2312 48.0833
49.243 2367 48.6518
49.3605 2368 48.6621
49.478 2394 48.9285
49.5955 2329 48.2597
49.713 2322 48.1871
49.8304 2284 47.7912
49.9479 2270 47.6445
50.0653 2253 47.4658
50.1827 2325 48.2183
50.3001 2438 49.3761
50.4175 2549 50.4876
50.5348 2592 50.9117
50.6521 2610 51.0882
50.7694 2657 51.5461
50.8867 2812 53.0283
51.004 2911 53.9537
51.1212 2647 51.449
51.2384 2826 53.1601
51.3556 2636 51.342
51.4727 2661 51.5849
51.5899 2567 50.6656
51.707 2636 51.342
51.824 2545 50.448
51.9411 2550 50.4975
52.0581 2462 49.6185
52.175 2456 49.558
52.2919 2430 49.295
52.4088 2472 49.7192
52.5257 2515 50.1498
52.6425 2431 49.3052
52.7593 2351 48.4871
52.876 2332 48.2908
52.9927 2408 49.0714
53.1094 2288 47.833
53.226 2284 47.7912
53.3426 2219 47.1063
53.4591 2092 45.7384
53.5756 2035 45.111
53.692 1907 43.6692
53.8084 1948 44.1362
53.9248 1804 42.4735
54.0411 1590 39.8748
54.1573 1517 38.9487
54.2735 0 1
54.3896 0 1
54.5057 0 1
54.6217 0 1
54.7377 0 1
54.8537 0 1
54.9695 0 1
55.0853 0 1
55.2011 0 1
55.3168 0 1
55.4324 0 1
57.824 0 1
57.9396 0 1
58.0553 0 1
58.1711 0 1
58.2869 0 1
58.4028 0 1
58.5187 0 1
58.6347 0 1
58.7508 0 1
58.8669 0 1
58.983 2136 46.2169
59.0992 2389 48.8774
59.2155 2641 51.3907
59.3318 2856 53.4416
59.4482 3162 56.2317
59.5646 3402 58.3267
59.681 3468 58.8897
59.7975 3473 58.9322
59.9141 3565 59.7076
60.0306 3512 59.2621
60.1473 3529 59.4054
60.2639 3457 58.7963
60.3807 3477 58.9661
60.4974 3543 59.5231
60.6142 3378 58.1206
60.731 3422 58.4979
60.8479 3344 57.8273
60.9648 3306 57.4978
61.0818 3315 57.576
61.1987 3348 57.8619
61.3158 3454 58.7707
61.4328 3359 57.9569
61.5499 3373 58.0775
61.667 3333 57.7321
61.7841 3365 58.0086
61.9013 3438 58.6345
62.0185 3378 58.1206
62.1357 3310 57.5326
62.253 3376 58.1034
62.3702 3411 58.4038
62.4875 3737 61.131
62.6049 3665 60.5392
62.7222 3722 61.0082
62.8396 3953 62.8729
62.9569 4158 64.4826
63.0743 4053 63.6632
63.1918 4095 63.9922
63.3092 4051 63.6475
63.4267 3991 63.1744
63.5441 3811 61.7333
63.6616 3858 62.1128
63.7791 3722 61.0082
63.8966 3690 60.7454
64.0142 3626 60.2163
64.1317 3685 60.7042
64.2492 3401 58.3181
64.3668 3417 58.4551
64.4843 3458 58.8048
64.6019 3352 57.8965
64.7195 3477 58.9661
64.837 3458 58.8048
64.9546 3404 58.3438
65.0722 3401 58.3181
65.1898 3486 59.0424
65.3074 3436 58.6174
65.4249 3393 58.2495
65.5425 3275 57.2276
65.6601 3322 57.6368
65.7777 3363 57.9914
65.8952 3486 59.0424
66.0128 3626 60.2163
66.1304 3823 61.8304
66.2479 3909 62.522
66.3655 3952 62.8649
66.483 4158 64.4826
66.6005 4168 64.56
66.718 4275 65.3835
66.8355 4225 65
66.953 4182 64.6684
67.0705 3967 62.9841
67.1879 3891 62.3779
67.3054 3857 62.1048
67.4228 3743 61.1801
67.5402 3656 60.4649
67.6576 3606 60.05
67.7749 3613 60.1082
67.8923 3565 59.7076
68.0096 3388 58.2065
68.1269 3492 59.0931
68.2442 3568 59.7327
68.3614 3585 59.8749
68.4787 3687 60.7207
68.5958 3610 60.0833
68.713 3467 58.8812
68.8302 3570 59.7495
68.9473 3467 58.8812
69.0643 3237 56.8946
69.1814 3117 55.8301
69.2984 3246 56.9737
69.4154 3169 56.2939
69.5323 3401 58.3181
69.6492 3581 59.8415
69.7661 3594 59.95
69.8829 3669 60.5723
69.9997 3805 61.6847
70.1165 3818 61.79
70.2332 3692 60.7618
70.3499 3627 60.2246
70.4665 3307 57.5065
70.5831 3126 55.9106
70.6996 2900 53.8516
70.8161 2573 50.7247
70.9326 2353 48.5077
71.049 2236 47.2864
71.1653 1966 44.3396
71.2817 1881 43.3705
71.3979 1734 41.6413
71.5141 1690 41.1096
71.6303 1552 39.3954
71.7464 1300 36.0555
71.8624 0 1
71.9784 0 1
72.0944 0 1
72.2102 0 1
72.3261 0 1
72.4418 0 1
72.5575 0 1
72.6732 0 1
75.1054 0 1
75.2209 0 1
75.3365 0 1
75.4521 0 1
75.5678 0 1
75.6835 0 1
75.7993 0 1
75.9151 0 1
76.031 0 1
76.147 2850 53.3854
76.263 3114 55.8032
76.3791 3149 56.116
76.4952 3171 56.3116
76.6113 3245 56.9649
76.7276 3228 56.8155
76.8438 3204 56.6039
76.9601 3250 57.0088
77.0765 3245 56.9649
77.1929 3409 58.3866
77.3093 3494 59.1101
77.4258 3470 58.9067
77.5423 3568 59.7327
77.6589 3621 60.1747
77.7755 3526 59.3801
77.8921 3447 58.7112
78.0088 3393 58.2495
78.1256 3220 56.745
78.2423 3211 56.6657
78.3591 3197 56.542
78.4759 3255 57.0526
78.5928 3464 58.8558
78.7097 3690 60.7454
78.8266 3941 62.7774
78.9436 4011 63.3325
79.0606 4141 64.3506
79.1776 4193 64.7534
79.2946 4340 65.8787
79.4117 4419 66.4756
79.5288 4352 65.9697
79.6459 4427 66.5357
79.7631 4332 65.8179
79.8802 4108 64.0937
79.9974 4011 63.3325
80.1147 3956 62.8967
80.2319 3906 62.498
80.3491 3873 62.2334
80.4664 3730 61.0737
80.5837 3786 61.5305
80.701 3839 61.9597
80.8183 3679 60.6548
80.9357 3973 63.0317
81.053 3843 61.9919
81.1704 4112 64.1249
81.2877 3984 63.1189
81.4051 3981 63.0952
81.5225 3962 62.9444
81.6399 3830 61.887
81.7573 3662 60.5145
81.8747 3474 58.9406
81.9922 3398 58.2924
82.1096 3519 59.3212
82.227 3849 62.0403
82.3444 4117 64.1639
82.4619 4350 65.9545
82.5793 4429 66.5507
82.6967 4523 67.2533
82.8142 4552 67.4685
82.9316 4788 69.1954
83.049 4823 69.4478
83.1664 4883 69.8785
83.2838 4744 68.8767
83.4012 4634 68.0735
83.5186 4377 66.1589
83.636 4230 65.0385
83.7534 4312 65.6658
83.8708 4276 65.3911
83.9881 4155 64.4593
84.1055 4269 65.3376
84.2228 4336 65.8483
84.3401 4153 64.4438
84.4575 4294 65.5286
84.5747 4351 65.9621
84.692 4552 67.4685
84.8093 4565 67.5648
84.9265 4557 67.5056
85.0437 4419 66.4756
85.1609 4237 65.0922
85.2781 3998 63.2297
85.3952 3939 62.7615
85.5123 3759 61.3107
85.6294 3653 60.4401
85.7465 4084 63.9062
85.8636 4216 64.9307
85.9806 4479 66.9253
86.0976 4689 68.4763
86.2145 4886 69.8999
86.3315 4932 70.2282
86.4484 4933 70.2353
86.5652 5057 71.1126
86.682 5119 71.5472
86.7988 5143 71.7147
86.9156 5006 70.7531
87.0323 4849 69.6348
87.149 4914 70.0999
87.2657 4533 67.3276
87.3823 4420 66.4831
87.4988 4352 65.9697
87.6154 4150 64.4205
87.7318 4027 63.4586
87.8483 3627 60.2246
87.9647 3499 59.1523
88.081 3297 57.4195
88.1973 3062 55.3353
88.3136 2950 54.3139
88.4298 2748 52.4214
88.546 2472 49.7192
88.6621 2285 47.8017
88.7781 2042 45.1885
88.8942 0 1
89.0101 0 1
89.126 0 1
89.2419 0 1
89.3577 0 1
89.4734 0 1
89.5891 0 1
89.7047 0 1
89.8203 0 1
89.9358 0 1
92.3269 0 1
92.4424 0 1
92.558 0 1
92.6736 0 1
92.7893 0 1
92.905 0 1
93.0208 0 1
93.1366 0 1
93.2525 0 1
93.3685 0 1
93.4845 0 1
93.6005 4108 64.0937
93.7167 4492 67.0224
93.8328 4973 70.5195
93.949 5081 71.2811
94.0653 5316 72.9109
94.1816 5202 72.1249
94.2979 5201 72.118
94.4143 4969 70.4911
94.5307 4750 68.9202
94.6472 4525 67.2681
94.7637 4552 67.4685
94.8803 4564 67.5574
94.9969 4822 69.4406
95.1135 5158 71.8192
95.2302 5344 73.1027
95.3469 5671 75.306
95.4637 6039 77.711
95.5805 5987 77.3757
95.6973 6047 77.7625
95.8142 6039 77.711
95.9311 5901 76.818
96.048 6099 78.0961
96.1649 6042 77.7303
96.2819 5819 76.2824
96.3989 5791 76.0986
96.516 5503 74.1822
96.633 5613 74.92
96.7501 5504 74.1889
96.8673 5530 74.364
96.9844 5618 74.9533
97.1016 5626 75.0067
97.2188 5617 74.9466
97.336 5622 74.98
97.4532 5837 76.4003
97.5704 5913 76.896
97.6877 5813 76.243
97.805 5936 77.0454
97.9223 5731 75.7034
98.0396 5449 73.8173
98.1569 5191 72.0486
98.2743 4898 69.9857
98.3916 4717 68.6804
98.509 4738 68.8331
98.6264 4960 70.4273
98.7438 5324 72.9657
98.8612 5684 75.3923
98.9786 6088 78.0256
99.096 6364 79.7747
99.2134 6299 79.3662
99.3308 6569 81.0494
99.4482 6594 81.2034
99.5656 6759 82.2131
99.6831 6578 81.1049
99.8005 6649 81.5414
99.9179 6491 80.5667
100.035 6200 78.7401
100.153 6137 78.339
100.27 6092 78.0513
100.388 5990 77.3951
100.505 6030 77.6531
100.622 6041 77.7239
100.74 5793 76.1118
100.857 5800 76.1577
100.975 5781 76.0329
101.092 6046 77.756
101.209 6158 78.4729
101.327 6381 79.8812
101.444 6077 77.9551
101.561 5955 77.1686
101.679 5506 74.2024
101.796 5382 73.3621
101.913 4861 69.7209
102.03 5103 71.4353
102.148 5238 72.374
102.265 5313 72.8903
102.382 5921 76.948
102.499 6292 79.3221
102.616 6539 80.8641
102.733 6504 80.6474
102.851 6814 82.547
102.968 6816 82.5591
103.085 6691 81.7985
103.202 6726 82.0122
103.319 6704 81.878
103.436 6518 80.7341
103.552 6272 79.196
103.669 6040 77.7174
103.786 6113 78.1857
103.903 5960 77.201
104.02 5959 77.1946
104.137 5803 76.1774
104.253 5891 76.7529
104.37 5953 77.1557
104.487 5846 76.4591
104.603 6031 77.6595
104.72 5897 76.7919
104.836 5830 76.3544
104.953 5379 73.3417
105.069 5046 71.0352
105.186 4544 67.4092
105.302 4052 63.6553
105.418 3753 61.2617
105.535 3209 56.648
105.651 3030 55.0454
105.767 3021 54.9636
105.883 2934 54.1664
105.999 2803 52.9434
106.115 0 1
106.231 0 1
106.347 0 1
106.463 0 1
106.579 0 1
106.694 0 1
106.81 0 1
106.926 0 1
107.041 0 1
107.157 0 1
109.576 0 1
109.692 0 1
109.807 0 1
109.923 0 1
110.039 0 1
110.155 0 1
110.27 0 1
110.386 0 1
110.502 0 1
110.618 2863 53.507
110.735 3431 58.5747
110.851 3955 62.8888
110.967 4564 67.5574
111.083 5061 71.1407
111.199 5388 73.403
111.316 5859 76.5441
111.432 5876 76.6551
111.549 6003 77.479
111.665 6098 78.0897
111.782 6008 77.5113
111.898 5875 76.6485
112.015 5993 77.4145
112.132 5808 76.2102
112.248 5543 74.4513
112.365 5379 73.3417
112.482 5490 74.0945
112.599 5590 74.7663
112.716 5488 74.081
112.832 5420 73.6206
112.949 5356 73.1847
113.066 5466 73.9324
113.183 5426 73.6614
113.3 5640 75.0999
113.417 5778 76.0132
113.534 5563 74.5855
113.652 5374 73.3076
113.769 5238 72.374
113.886 4852 69.6563
114.003 4655 68.2276
114.12 4426 66.5282
114.238 4518 67.2161
114.355 4874 69.814
114.472 5002 70.7248
114.589 5834 76.3806
114.707 5990 77.3951
114.824 6031 77.6595
114.942 6159 78.4793
115.059 6068 77.8974
115.176 6216 78.8416
115.294 6082 77.9872
115.411 6194 78.702
115.529 6036 77.6917
115.646 5741 75.7694
115.764 5601 74.8398
115.881 5403 73.5051
115.999 5392 73.4302
116.116 5288 72.7186
116.234 5296 72.7736
116.351 5282 72.6774
116.469 5012 70.7955
116.586 5140 71.6938
116.704 5188 72.0278
116.821 5334 73.0342
116.939 5434 73.7157
117.056 5379 73.3417
117.174 5294 72.7599
117.291 5055 71.0985
117.409 4868 69.7711
117.526 4642 68.1322
117.644 4396 66.3023
117.761 4342 65.8939
117.879 4536 67.3498
117.996 4726 68.7459
118.114 5176 71.9444
118.231 5666 75.2728
118.349 5551 74.505
118.466 5726 75.6703
118.584 5736 75.7364
118.701 5788 76.0789
118.819 5709 75.5579
118.936 5723 75.6505
119.053 5555 74.5319
119.171 5598 74.8198
119.288 5473 73.9797
119.405 5236 72.3602
119.523 5091 71.3512
119.64 5187 72.0208
119.757 4801 69.2892
119.875 4793 69.2315
119.992 4823 69.4478
120.109 4737 68.8259
120.226 4836 69.5414
120.343 4859 69.7065
120.46 4795 69.2459
120.578 4975 70.5337
120.695 4994 70.6682
120.812 4837 69.5485
120.929 4629 68.0368
121.046 4412 66.4229
121.163 4199 64.7997
121.279 3861 62.1369
121.396 3658 60.4814
121.513 3678 60.6465
121.63 3774 61.4329
121.747 4116 64.1561
121.863 4120 64.1872
121.98 4235 65.0769
122.097 4086 63.9218
122.213 3947 62.8252
122.33 3708 60.8933
122.446 3677 60.6383
122.563 3373 58.0775
122.679 3135 55.9911
122.795 2911 53.9537
122.912 2871 53.5817
123.028 2607 51.0588
123.144 2402 49.0102
123.26 2270 47.6445
123.377 0 1
123.493 0 1
123.609 0 1
123.725 0 1
123.84 0 1
123.956 0 1
124.072 0 1
124.188 0 1
124.303 0 1
124.419 0 1
126.852 0 1
126.968 0 1
127.083 0 1
127.199 0 1
127.315 0 1
127.431 0 1
127.547 0 1
127.663 0 1
127.779 0 1
127.895 0 1
128.011 0 1
128.127 0 1
128.243 0 1
128.359 5012 70.7955
128.476 5093 71.3653
128.592 4988 70.6258
128.708 5012 70.7955
128.825 4881 69.8642
128.941 4867 69.7639
129.058 4709 68.6222
129.174 4670 68.3374
129.291 4927 70.1926
129.408 4865 69.7496
129.524 4876 69.8284
129.641 4909 70.0643
129.758 5004 70.739
129.875 4776 69.1086
129.992 4771 69.0724
130.108 4483 66.9552
130.225 4387 66.2344
130.342 4217 64.9384
130.459 3924 62.6418
130.576 4011 63.3325
130.693 4411 66.4154
130.81 4485 66.9701
130.928 4856 69.685
131.045 5025 70.8872
131.162 5125 71.5891
131.279 5249 72.45
131.396 5325 72.9726
131.513 5260 72.5259
131.631 5230 72.3187
131.748 5175 71.9375
131.865 5152 71.7774
131.983 5148 71.7496
132.1 5045 71.0282
132.217 4932 70.2282
132.335 4793 69.2315
132.452 4771 69.0724
132.57 4803 69.3037
132.687 4854 69.6707
132.804 4651 68.1982
132.922 4804 69.3109
133.039 4813 69.3758
133.157 4893 69.95
133.274 4928 70.1997
133.392 4934 70.2424
133.509 4994 70.6682
133.627 4829 69.491
133.744 4625 68.0074
133.862 4450 66.7083
133.979 4299 65.5668
134.097 4248 65.1767
134.214 4274 65.3758
134.332 4562 67.5426
134.449 4959 70.4202
134.567 5329 73
134.684 5398 73.4711
134.802 5546 74.4715
134.919 5580 74.6994
135.037 5513 74.2496
135.154 5435 73.7225
135.272 5401 73.4915
135.389 5660 75.233
135.507 5638 75.0866
135.624 5625 75
135.742 5623 74.9867
135.859 5532 74.3774
135.977 5503 74.1822
136.094 5496 74.135
136.211 5273 72.6154
136.329 5517 74.2765
136.446 5321 72.9452
136.564 5412 73.5663
136.681 5478 74.0135
136.798 5338 73.0616
136.915 5338 73.0616
137.033 5565 74.5989
137.15 5427 73.6682
137.267 5257 72.5052
137.384 5132 71.638
137.502 4792 69.2243
137.619 4533 67.3276
137.736 4428 66.5432
137.853 4241 65.123
137.97 4704 68.5857
138.087 5035 70.9577
138.204 5164 71.861
138.321 5477 74.0068
138.438 5377 73.328
138.555 5564 74.5922
138.672 5395 73.4507
138.788 5273 72.6154
138.905 5171 71.9097
139.022 4822 69.4406
139.139 4655 68.2276
139.255 4453 66.7308
139.372 4261 65.2763
139.488 4139 64.3351
139.605 3691 60.7536
139.721 3537 59.4727
139.838 3288 57.3411
139.954 3104 55.7136
140.071 3038 55.1181
140.187 2873 53.6004
140.303 2784 52.7636
140.419 2637 51.3517
140.535 2484 49.8397
140.652 2259 47.5289
140.768 0 1
140.884 0 1
141 0 1
141.115 0 1
141.231 0 1
141.347 0 1
141.463 0 1
141.578 0 1
141.694 0 1
144.104 0 1
144.219 0 1
144.335 0 1
144.45 0 1
144.566 0 1
144.682 0 1
144.798 0 1
144.914 0 1
145.03 0 1
145.146 3937 62.7455
145.262 3985 63.1269
145.378 4158 64.4826
145.494 3999 63.2376
145.61 4039 63.5531
145.726 4178 64.6375
145.842 4087 63.9296
145.959 4064 63.7495
146.075 4043 63.5846
146.192 3918 62.5939
146.308 3798 61.6279
146.425 3604 60.0333
146.541 3648 60.3987
146.658 3474 58.9406
146.774 3719 60.9836
146.891 3846 62.0161
147.008 4041 63.5689
147.125 4253 65.215
147.241 4244 65.146
147.358 4304 65.6049
147.475 4408 66.3928
147.592 4370 66.106
147.709 4395 66.2948
147.826 4193 64.7534
147.943 4190 64.7302
148.06 4247 65.169
148.177 4264 65.2993
148.294 4245 65.1537
148.411 4410 66.4078
148.528 4432 66.5733
148.645 4374 66.1362
148.762 4167 64.5523
148.88 4157 64.4748
148.997 4220 64.9615
149.114 4116 64.1561
149.231 4221 64.9692
149.349 4174 64.6065
149.466 4030 63.4823
149.583 4120 64.1872
149.701 4055 63.6789
149.818 4133 64.2884
149.935 3880 62.2896
150.053 3939 62.7615
150.17 3567 59.7244
150.287 3551 59.5903
150.405 3668 60.564
150.522 3764 61.3514
150.64 3919 62.6019
150.757 4129 64.2573
150.875 4211 64.8922
150.992 4258 65.2534
151.11 4321 65.7343
151.227 4285 65.4599
151.344 4266 65.3146
151.462 4116 64.1561
151.579 4224 64.9923
151.697 4307 65.6277
151.814 4344 65.909
151.932 4263 65.2917
152.049 4351 65.9621
152.167 4194 64.7611
152.284 4180 64.6529
152.402 4058 63.7024
152.519 3978 63.0714
152.636 4086 63.9218
152.754 3912 62.546
152.871 4056 63.6867
152.989 3936 62.7375
153.106 3957 62.9047
153.223 4056 63.6867
153.341 4008 63.3088
153.458 3980 63.0872
153.575 3681 60.6712
153.693 3561 59.6741
153.81 3407 58.3695
153.927 3405 58.3524
154.044 3492 59.0931
154.162 3736 61.1228
154.279 3841 61.9758
154.396 4055 63.6789
154.513 4072 63.8122
154.63 4290 65.4981
154.747 4092 63.9687
154.864 4003 63.2693
154.981 3976 63.0555
155.098 4059 63.7103
155.215 4069 63.7887
155.332 4043 63.5846
155.449 3988 63.1506
155.566 3985 63.1269
155.683 3792 61.5792
155.8 3872 62.2254
155.917 3734 61.1065
156.033 3592 59.9333
156.15 0 1
156.267 0 1
156.383 0 1
156.5 0 1
156.617 0 1
156.733 0 1
156.85 0 1
156.966 0 1
157.082 0 1
157.199 0 1
157.315 0 1
157.431 0 1
157.547 0 1
157.664 0 1
157.78 0 1
157.896 0 1
158.012 0 1
158.128 0 1
158.244 0 1
158.359 0 1
158.475 0 1
158.591 0 1
158.706 0 1
