
6.15755 0 1
6.2731 0 1
6.3887 0 1
6.50437 0 1
6.62009 0 1
6.73587 0 1
6.8517 0 1
6.96759 0 1
7.08353 0 1
7.19952 0 1
7.31557 0 1
7.43166 0 1
7.54781 0 1
7.664 0 1
7.78024 0 1
7.89653 0 1
8.01286 0 1
8.12924 0 1
8.24567 0 1
8.36213 0 1
8.47864 0 1
8.59519 0 1
8.71178 0 1
8.82841 0 1
8.94508 0 1
9.06179 0 1
9.17853 0 1
9.29531 0 1
9.41212 0 1
9.52897 0 1
9.64584 0 1
9.76276 0 1
9.8797 0 1
9.99667 0 1
10.1137 0 1
10.2307 0 1
10.3478 0 1
10.4648 0 1
10.5819 0 1
10.6991 0 1
10.8162 0 1
10.9334 0 1
11.0506 0 1
11.1678 0 1
11.285 0 1
11.4023 0 1
11.5196 0 1
11.6369 0 1
11.7542 0 1
11.8715 0 1
11.9888 0 1
12.1062 0 1
12.2235 0 1
12.3409 0 1
12.4582 0 1
12.5756 0 1
12.693 0 1
12.8104 0 1
12.9278 0 1
13.0452 0 1
13.1626 0 1
13.28 0 1
13.3974 0 1
13.5149 0 1
13.6323 0 1
13.7497 0 1
13.8671 0 1
13.9845 0 1
14.1019 0 1
14.2193 0 1
14.3367 0 1
14.4541 0 1
14.5714 0 1
14.6888 0 1
14.8062 0 1
14.9235 0 1
15.0408 0 0
15.1581 0 0
15.2755 0 0
15.3927 0 0
15.51 0 0
15.6273 0 0
15.7445 0 0
15.8617 0 0
15.9789 0 0
16.0961 0 0
16.2132 0 0
16.3304 0 0
16.4475 0 0
16.5646 0 0
16.6816 0 0
16.7986 0 0
16.9156 0 0
17.0326 0 0
17.1496 0 0
17.2665 0 0
17.3833 0 0
17.5002 0 0
17.617 0 0
17.7338 0 0
17.8505 0 0
17.9672 0 0
18.0839 0 0
18.2005 0 0
18.3171 0 0
18.4337 0 0
18.5502 0 0
18.6666 0 0
18.7831 0 0
18.8994 0 0
19.0158 0 0
19.1321 0 0
19.2483 0 0
19.3645 0 0
19.4806 0 0
19.5967 0 0
19.7128 0 0
19.8288 0 0
19.9447 0 0
20.0606 0 1
20.1764 0 1
20.2922 0 1
20.4079 0 1
20.5236 0 1
20.6392 0 1
20.7548 0 1
20.8702 0 1
23.3078 0 1
23.4233 0 1
23.539 0 1
23.6547 0 1
23.7704 0 1
23.8862 0 1
24.0021 0 1
24.118 0 1
24.234 0 1
24.35 0 1
24.4661 1154 33.9706
24.5822 1109 33.3017
24.6984 1122 33.4963
24.8146 1157 34.0147
24.9309 1180 34.3511
25.0472 1192 34.5254
25.1636 1240 35.2136
25.28 1291 35.9305
25.3965 1280 35.7771
25.513 1191 34.5109
25.6296 1264 35.5528
25.7462 1263 35.5387
25.8628 1263 35.5387
25.9795 1194 34.5543
26.0962 1227 35.0286
26.213 1324 36.3868
26.3298 1216 34.8712
26.4466 1248 35.327
26.5635 1228 35.0428
26.6804 1219 34.9142
26.7973 1170 34.2053
26.9143 1123 33.5112
27.0313 1117 33.4215
27.1483 1143 33.8083
27.2653 1116 33.4066
27.3824 1120 33.4664
27.4996 1144 33.8231
27.6167 1112 33.3467
27.7339 1125 33.541
27.8511 1045 32.3265
27.9683 1039 32.2335
28.0855 998 31.5911
28.2028 1085 32.9393
28.3201 1110 33.3167
28.4374 1173 34.2491
28.5547 1120 33.4664
28.6721 1117 33.4215
28.7894 1132 33.6452
28.9068 1137 33.7194
29.0242 1187 34.4529
29.1416 1164 34.1174
29.259 1232 35.0999
29.3764 1155 33.9853
29.4939 1228 35.0428
29.6113 1167 34.1614
29.7288 1182 34.3802
29.8463 1227 35.0286
29.9638 1148 33.8821
30.0812 1123 33.5112
30.1987 1205 34.7131
30.3162 1144 33.8231
30.4337 1013 31.8277
30.5512 1035 32.1714
30.6687 1025 32.0156
30.7862 1083 32.909
30.9037 1038 32.218
31.0212 1059 32.5423
31.1387 1147 33.8674
31.2562 1088 32.9848
31.3737 1069 32.6956
31.4912 1014 31.8434
31.6087 1069 32.6956
31.7262 1061 32.573
31.8436 1059 32.5423
31.9611 1156 34
32.0785 1155 33.9853
32.1959 1141 33.7787
32.3134 1139 33.7491
32.4308 1146 33.8526
32.5482 1176 34.2929
32.6655 1198 34.6121
32.7829 1081 32.8786
32.9002 1112 33.3467
33.0176 1120 33.4664
33.1349 1140 33.7639
33.2522 1211 34.7994
33.3694 1184 34.4093
33.4867 1122 33.4963
33.6039 1204 34.6987
33.7211 1184 34.4093
33.8383 1115 33.3916
33.9554 1101 33.1813
34.0725 1089 33
34.1896 1011 31.7962
34.3067 978 31.273
34.4237 1002 31.6544
34.5407 1022 31.9687
34.6577 1081 32.8786
34.7746 1105 33.2415
34.8915 1029 32.078
35.0084 1071 32.7261
35.1252 981 31.3209
35.242 1018 31.9061
35.3587 1036 32.187
35.4755 1033 32.1403
35.5921 1045 32.3265
35.7088 1073 32.7567
35.8254 1082 32.8938
35.9419 1111 33.3317
36.0584 1141 33.7787
36.1749 1157 34.0147
36.2913 1088 32.9848
36.4077 1143 33.8083
36.524 1090 33.0151
36.6403 1102 33.1964
36.7565 1083 32.909
36.8727 1166 34.1467
36.9889 1128 33.5857
37.1049 1069 32.6956
37.221 0 1
37.3369 0 1
37.4529 0 1
37.5687 0 1
37.6845 0 1
37.8003 0 1
37.916 0 1
38.0316 0 1
38.1472 0 1
40.5851 0 1
40.7008 0 1
40.8164 0 1
40.9322 0 1
41.048 0 1
41.1639 0 1
41.2798 0 1
41.3958 0 1
41.5118 0 1
41.6279 0 1
41.744 907 30.1164
41.8602 920 30.3315
41.9765 1000 31.6228
42.0928 919 30.315
42.2091 934 30.5614
42.3255 882 29.6985
42.4419 894 29.8998
42.5584 931 30.5123
42.675 933 30.545
42.7915 918 30.2985
42.9081 882 29.6985
43.0248 766 27.6767
43.1415 806 28.3901
43.2582 741 27.2213
43.375 847 29.1033
43.4918 863 29.3769
43.6087 862 29.3598
43.7256 824 28.7054
43.8425 824 28.7054
43.9595 831 28.8271
44.0765 836 28.9137
44.1935 860 29.3258
44.3106 827 28.7576
44.4277 807 28.4077
44.5448 818 28.6007
44.6619 780 27.9285
44.7791 867 29.4449
44.8963 814 28.5307
45.0136 804 28.3549
45.1308 816 28.5657
45.2481 770 27.7489
45.3654 826 28.7402
45.4827 815 28.5482
45.6001 779 27.9106
45.7174 822 28.6705
45.8348 794 28.178
45.9522 769 27.7308
46.0697 763 27.6225
46.1871 766 27.6767
46.3046 774 27.8209
46.422 712 26.6833
46.5395 708 26.6083
46.657 632 25.1396
46.7745 629 25.0799
46.892 597 24.4336
47.0096 666 25.807
47.1271 703 26.5141
47.2446 712 26.6833
47.3622 693 26.3249
47.4797 596 24.4131
47.5973 604 24.5764
47.7149 646 25.4165
47.8324 629 25.0799
47.95 650 25.4951
48.0675 659 25.671
48.1851 655 25.593
48.3027 634 25.1794
48.4202 630 25.0998
48.5378 678 26.0384
48.6554 644 25.3772
48.7729 671 25.9037
48.8904 627 25.04
49.008 624 24.98
49.1255 654 25.5734
49.243 645 25.3969
49.3605 665 25.7876
49.478 623 24.96
49.5955 651 25.5147
49.713 653 25.5539
49.8304 681 26.096
49.9479 691 26.2869
50.0653 629 25.0799
50.1827 607 24.6374
50.3001 557 23.6008
50.4175 621 24.9199
50.5348 585 24.1868
50.6521 691 26.2869
50.7694 670 25.8844
50.8867 699 26.4386
51.004 694 26.3439
51.1212 699 26.4386
51.2384 700 26.4575
51.3556 756 27.4955
51.4727 790 28.1069
51.5899 778 27.8927
51.707 816 28.5657
51.824 862 29.3598
51.9411 814 28.5307
52.0581 829 28.7924
52.175 771 27.7669
52.2919 797 28.2312
52.4088 831 28.8271
52.5257 872 29.5296
52.6425 832 28.8444
52.7593 807 28.4077
52.876 876 29.5973
52.9927 884 29.7321
53.1094 884 29.7321
53.226 925 30.4138
53.3426 882 29.6985
53.4591 861 29.3428
53.5756 845 29.0689
53.692 887 29.7825
53.8084 830 28.8097
53.9248 810 28.4605
54.0411 714 26.7208
54.1573 770 27.7489
54.2735 0 1
54.3896 0 1
54.5057 0 1
54.6217 0 1
54.7377 0 1
54.8537 0 1
54.9695 0 1
55.0853 0 1
55.2011 0 1
55.3168 0 1
55.4324 0 1
57.824 0 1
57.9396 0 1
58.0553 0 1
58.1711 0 1
58.2869 0 1
58.4028 0 1
58.5187 0 1
58.6347 0 1
58.7508 0 1
58.8669 0 1
58.983 930 30.4959
59.0992 871 29.5127
59.2155 915 30.249
59.3318 866 29.4279
59.4482 895 29.9166
59.5646 945 30.7409
59.681 927 30.4467
59.7975 890 29.8329
59.9141 909 30.1496
60.0306 964 31.0483
60.1473 1016 31.8748
60.2639 952 30.8545
60.3807 985 31.3847
60.4974 963 31.0322
60.6142 985 31.3847
60.731 905 30.0832
60.8479 907 30.1164
60.9648 902 30.0333
61.0818 959 30.9677
61.1987 911 30.1828
61.3158 952 30.8545
61.4328 882 29.6985
61.5499 888 29.7993
61.667 876 29.5973
61.7841 894 29.8998
61.9013 910 30.1662
62.0185 909 30.1496
62.1357 863 29.3769
62.253 862 29.3598
62.3702 881 29.6816
62.4875 785 28.0179
62.6049 762 27.6043
62.7222 749 27.3679
62.8396 794 28.178
62.9569 804 28.3549
63.0743 849 29.1376
63.1918 819 28.6182
63.3092 807 28.4077
63.4267 800 28.2843
63.5441 842 29.0172
63.6616 836 28.9137
63.7791 835 28.8964
63.8966 782 27.9643
64.0142 809 28.4429
64.1317 855 29.2404
64.2492 831 28.8271
64.3668 793 28.1603
64.4843 820 28.6356
64.6019 809 28.4429
64.7195 782 27.9643
64.837 785 28.0179
64.9546 754 27.4591
65.0722 787 28.0535
65.1898 808 28.4253
65.3074 776 27.8568
65.4249 749 27.3679
65.5425 755 27.4773
65.6601 813 28.5132
65.7777 772 27.7849
65.8952 811 28.4781
66.0128 784 28
66.1304 704 26.533
66.2479 634 25.1794
66.3655 652 25.5343
66.483 675 25.9808
66.6005 672 25.923
66.718 721 26.8514
66.8355 704 26.533
66.953 731 27.037
67.0705 735 27.1109
67.1879 734 27.0924
67.3054 719 26.8142
67.4228 745 27.2947
67.5402 699 26.4386
67.6576 663 25.7488
67.7749 704 26.533
67.8923 685 26.1725
68.0096 701 26.4764
68.1269 693 26.3249
68.2442 721 26.8514
68.3614 718 26.7955
68.4787 700 26.4575
68.5958 761 27.5862
68.713 709 26.6271
68.8302 702 26.4953
68.9473 650 25.4951
69.0643 704 26.533
69.1814 650 25.4951
69.2984 673 25.9422
69.4154 635 25.1992
69.5323 737 27.1477
69.6492 748 27.3496
69.7661 679 26.0576
69.8829 685 26.1725
69.9997 615 24.7992
70.1165 626 25.02
70.2332 611 24.7184
70.3499 636 25.219
70.4665 623 24.96
70.5831 646 25.4165
70.6996 673 25.9422
70.8161 643 25.3574
70.9326 651 25.5147
71.049 645 25.3969
71.1653 671 25.9037
71.2817 615 24.7992
71.3979 655 25.593
71.5141 619 24.8797
71.6303 615 24.7992
71.7464 529 23
71.8624 0 1
71.9784 0 1
72.0944 0 1
72.2102 0 1
72.3261 0 1
72.4418 0 1
72.5575 0 1
72.6732 0 1
75.1054 0 1
75.2209 0 1
75.3365 0 1
75.4521 0 1
75.5678 0 1
75.6835 0 1
75.7993 0 1
75.9151 0 1
76.031 0 1
76.147 465 21.5639
76.263 531 23.0434
76.3791 516 22.7156
76.4952 505 22.4722
76.6113 507 22.5167
76.7276 579 24.0624
76.8438 520 22.8035
76.9601 473 21.7486
77.0765 476 21.8174
77.1929 506 22.4944
77.3093 492 22.1811
77.4258 463 21.5174
77.5423 478 21.8632
77.6589 476 21.8174
77.7755 463 21.5174
77.8921 477 21.8403
78.0088 442 21.0238
78.1256 464 21.5407
78.2423 424 20.5913
78.3591 457 21.3776
78.4759 453 21.2838
78.5928 431 20.7605
78.7097 404 20.0998
78.8266 402 20.0499
78.9436 380 19.4936
79.0606 408 20.199
79.1776 309 17.5784
79.2946 348 18.6548
79.4117 344 18.5472
79.5288 372 19.2873
79.6459 418 20.445
79.7631 380 19.4936
79.8802 351 18.735
79.9974 354 18.8149
80.1147 348 18.6548
80.2319 329 18.1384
80.3491 336 18.3303
80.4664 322 17.9444
80.5837 297 17.2337
80.701 289 17
80.8183 308 17.5499
80.9357 281 16.7631
81.053 295 17.1756
81.1704 294 17.1464
81.2877 305 17.4642
81.4051 260 16.1245
81.5225 291 17.0587
81.6399 263 16.2173
81.7573 243 15.5885
81.8747 243 15.5885
81.9922 228 15.0997
82.1096 228 15.0997
82.227 218 14.7648
82.3444 226 15.0333
82.4619 209 14.4568
82.5793 191 13.8203
82.6967 219 14.7986
82.8142 176 13.2665
82.9316 138 11.7473
83.049 178 13.3417
83.1664 174 13.1909
83.2838 159 12.6095
83.4012 143 11.9583
83.5186 151 12.2882
83.636 149 12.2066
83.7534 128 11.3137
83.8708 127 11.2694
83.9881 128 11.3137
84.1055 132 11.4891
84.2228 106 10.2956
84.3401 125 11.1803
84.4575 115 10.7238
84.5747 118 10.8628
84.692 120 10.9545
84.8093 98 9.89949
84.9265 125 11.1803
85.0437 100 10
85.1609 92 9.59166
85.2781 90 9.48683
85.3952 93 9.64365
85.5123 105 10.247
85.6294 78 8.83176
85.7465 102 10.0995
85.8636 83 9.11043
85.9806 85 9.21954
86.0976 74 8.60233
86.2145 85 9.21954
86.3315 84 9.16515
86.4484 129 11.3578
86.5652 126 11.225
86.682 114 10.6771
86.7988 133 11.5326
86.9156 134 11.5758
87.0323 120 10.9545
87.149 151 12.2882
87.2657 143 11.9583
87.3823 138 11.7473
87.4988 148 12.1655
87.6154 152 12.3288
87.7318 144 12
87.8483 171 13.0767
87.9647 167 12.9228
88.081 174 13.1909
88.1973 201 14.1774
88.3136 210 14.4914
88.4298 201 14.1774
88.546 191 13.8203
88.6621 224 14.9666
88.7781 225 15
88.8942 0 1
89.0101 0 1
89.126 0 1
89.2419 0 1
89.3577 0 1
89.4734 0 1
89.5891 0 1
89.7047 0 1
89.8203 0 1
89.9358 0 1
92.3269 0 1
92.4424 0 1
92.558 0 1
92.6736 0 1
92.7893 0 1
92.905 0 1
93.0208 0 1
93.1366 0 1
93.2525 0 1
93.3685 0 1
93.4845 0 1
93.6005 362 19.0263
93.7167 337 18.3576
93.8328 344 18.5472
93.949 347 18.6279
94.0653 371 19.2614
94.1816 359 18.9473
94.2979 320 17.8885
94.4143 303 17.4069
94.5307 278 16.6733
94.6472 325 18.0278
94.7637 300 17.3205
94.8803 275 16.5831
94.9969 289 17
95.1135 282 16.7929
95.2302 271 16.4621
95.3469 247 15.7162
95.4637 193 13.8924
95.5805 209 14.4568
95.6973 292 17.088
95.8142 313 17.6918
95.9311 337 18.3576
96.048 372 19.2873
96.1649 373 19.3132
96.2819 325 18.0278
96.3989 355 18.8414
96.516 342 18.4932
96.633 357 18.8944
96.7501 373 19.3132
96.8673 367 19.1572
96.9844 412 20.2978
97.1016 396 19.8997
97.2188 404 20.0998
97.336 421 20.5183
97.4532 424 20.5913
97.5704 444 21.0713
97.6877 464 21.5407
97.805 448 21.166
97.9223 485 22.0227
98.0396 451 21.2368
98.1569 468 21.6333
98.2743 481 21.9317
98.3916 516 22.7156
98.509 533 23.0868
98.6264 535 23.1301
98.7438 500 22.3607
98.8612 525 22.9129
98.9786 466 21.587
99.096 380 19.4936
99.2134 360 18.9737
99.3308 514 22.6716
99.4482 584 24.1661
99.5656 572 23.9165
99.6831 581 24.1039
99.8005 589 24.2693
99.9179 619 24.8797
100.035 639 25.2784
100.153 648 25.4558
100.27 626 25.02
100.388 643 25.3574
100.505 621 24.9199
100.622 598 24.454
100.74 662 25.7294
100.857 662 25.7294
100.975 645 25.3969
101.092 682 26.1151
101.209 659 25.671
101.327 685 26.1725
101.444 683 26.1343
101.561 674 25.9615
101.679 680 26.0768
101.796 677 26.0192
101.913 723 26.8887
102.03 710 26.6458
102.148 717 26.7769
102.265 772 27.7849
102.382 696 26.3818
102.499 657 25.632
102.616 525 22.9129
102.733 483 21.9773
102.851 578 24.0416
102.968 691 26.2869
103.085 762 27.6043
103.202 780 27.9285
103.319 761 27.5862
103.436 778 27.8927
103.552 781 27.9464
103.669 783 27.9821
103.786 779 27.9106
103.903 788 28.0713
104.02 780 27.9285
104.137 750 27.3861
104.253 750 27.3861
104.37 730 27.0185
104.487 778 27.8927
104.603 805 28.3725
104.72 795 28.1957
104.836 745 27.2947
104.953 734 27.0924
105.069 786 28.0357
105.186 801 28.3019
105.302 785 28.0179
105.418 773 27.8029
105.535 867 29.4449
105.651 832 28.8444
105.767 803 28.3373
105.883 714 26.7208
105.999 651 25.5147
106.115 0 1
106.231 0 1
106.347 0 1
106.463 0 1
106.579 0 1
106.694 0 1
106.81 0 1
106.926 0 1
107.041 0 1
107.157 0 1
109.576 0 1
109.692 0 1
109.807 0 1
109.923 0 1
110.039 0 1
110.155 0 1
110.27 0 1
110.386 0 1
110.502 0 1
110.618 670 25.8844
110.735 619 24.8797
110.851 595 24.3926
110.967 602 24.5357
111.083 541 23.2594
111.199 515 22.6936
111.316 456 21.3542
111.432 510 22.5832
111.549 595 24.3926
111.665 558 23.622
111.782 555 23.5584
111.898 575 23.9792
112.015 569 23.8537
112.132 517 22.7376
112.248 552 23.4947
112.365 493 22.2036
112.482 551 23.4734
112.599 540 23.2379
112.716 532 23.0651
112.832 514 22.6716
112.949 475 21.7945
113.066 499 22.3383
113.183 493 22.2036
113.3 478 21.8632
113.417 434 20.8327
113.534 522 22.8473
113.652 516 22.7156
113.769 488 22.0907
113.886 488 22.0907
114.003 424 20.5913
114.12 425 20.6155
114.238 468 21.6333
114.355 435 20.8567
114.472 439 20.9523
114.589 389 19.7231
114.707 464 21.5407
114.824 384 19.5959
114.942 397 19.9249
115.059 425 20.6155
115.176 457 21.3776
115.294 464 21.5407
115.411 426 20.6398
115.529 448 21.166
115.646 465 21.5639
115.764 435 20.8567
115.881 425 20.6155
115.999 428 20.6882
116.116 419 20.4695
116.234 484 22
116.351 383 19.5704
116.469 445 21.095
116.586 407 20.1742
116.704 444 21.0713
116.821 434 20.8327
116.939 416 20.3961
117.056 436 20.8806
117.174 431 20.7605
117.291 404 20.0998
117.409 462 21.4942
117.526 459 21.4243
117.644 447 21.1424
117.761 439 20.9523
117.879 385 19.6214
117.996 363 19.0526
118.114 348 18.6548
118.231 374 19.3391
118.349 390 19.7484
118.466 435 20.8567
118.584 428 20.6882
118.701 400 20
118.819 422 20.5426
118.936 458 21.4009
119.053 445 21.095
119.171 445 21.095
119.288 455 21.3307
119.405 499 22.3383
119.523 442 21.0238
119.64 478 21.8632
119.757 473 21.7486
119.875 422 20.5426
119.992 461 21.4709
120.109 447 21.1424
120.226 459 21.4243
120.343 463 21.5174
120.46 450 21.2132
120.578 452 21.2603
120.695 515 22.6936
120.812 422 20.5426
120.929 455 21.3307
121.046 456 21.3542
121.163 493 22.2036
121.279 453 21.2838
121.396 429 20.7123
121.513 467 21.6102
121.63 379 19.4679
121.747 344 18.5472
121.863 322 17.9444
121.98 370 19.2354
122.097 412 20.2978
122.213 466 21.587
122.33 479 21.8861
122.446 406 20.1494
122.563 446 21.1187
122.679 499 22.3383
122.795 502 22.4054
122.912 485 22.0227
123.028 495 22.2486
123.144 500 22.3607
123.26 453 21.2838
123.377 0 1
123.493 0 1
123.609 0 1
123.725 0 1
123.84 0 1
123.956 0 1
124.072 0 1
124.188 0 1
124.303 0 1
124.419 0 1
126.852 0 1
126.968 0 1
127.083 0 1
127.199 0 1
127.315 0 1
127.431 0 1
127.547 0 1
127.663 0 1
127.779 0 1
127.895 0 1
128.011 0 1
128.127 0 1
128.243 0 1
128.359 642 25.3377
128.476 598 24.454
128.592 613 24.7588
128.708 621 24.9199
128.825 653 25.5539
128.941 576 24
129.058 596 24.4131
129.174 659 25.671
129.291 583 24.1454
129.408 631 25.1197
129.524 650 25.4951
129.641 616 24.8193
129.758 669 25.865
129.875 622 24.9399
129.992 645 25.3969
130.108 639 25.2784
130.225 589 24.2693
130.342 572 23.9165
130.459 516 22.7156
130.576 461 21.4709
130.693 476 21.8174
130.81 442 21.0238
130.928 433 20.8087
131.045 526 22.9347
131.162 599 24.4745
131.279 640 25.2982
131.396 636 25.219
131.513 690 26.2679
131.631 670 25.8844
131.748 679 26.0576
131.865 671 25.9037
131.983 654 25.5734
132.1 701 26.4764
132.217 649 25.4755
132.335 695 26.3629
132.452 705 26.5518
132.57 629 25.0799
132.687 696 26.3818
132.804 726 26.9444
132.922 673 25.9422
133.039 682 26.1151
133.157 644 25.3772
133.274 678 26.0384
133.392 655 25.593
133.509 675 25.9808
133.627 707 26.5895
133.744 654 25.5734
133.862 660 25.6905
133.979 599 24.4745
134.097 540 23.2379
134.214 535 23.1301
134.332 550 23.4521
134.449 465 21.5639
134.567 526 22.9347
134.684 579 24.0624
134.802 687 26.2107
134.919 700 26.4575
135.037 743 27.258
135.154 696 26.3818
135.272 711 26.6646
135.389 758 27.5318
135.507 755 27.4773
135.624 730 27.0185
135.742 753 27.4408
135.859 736 27.1293
135.977 775 27.8388
136.094 775 27.8388
136.211 719 26.8142
136.329 822 28.6705
136.446 780 27.9285
136.564 727 26.9629
136.681 803 28.3373
136.798 746 27.313
136.915 756 27.4955
137.033 727 26.9629
137.15 750 27.3861
137.267 713 26.7021
137.384 737 27.1477
137.502 686 26.1916
137.619 683 26.1343
137.736 604 24.5764
137.853 597 24.4336
137.97 568 23.8328
138.087 588 24.2487
138.204 645 25.3969
138.321 660 25.6905
138.438 714 26.7208
138.555 802 28.3196
138.672 802 28.3196
138.788 809 28.4429
138.905 821 28.6531
139.022 856 29.2575
139.139 797 28.2312
139.255 787 28.0535
139.372 839 28.9655
139.488 793 28.1603
139.605 854 29.2233
139.721 844 29.0517
139.838 854 29.2233
139.954 849 29.1376
140.071 769 27.7308
140.187 835 28.8964
140.303 820 28.6356
140.419 787 28.0535
140.535 809 28.4429
140.652 860 29.3258
140.768 0 1
140.884 0 1
141 0 1
141.115 0 1
141.231 0 1
141.347 0 1
141.463 0 1
141.578 0 1
141.694 0 1
144.104 0 1
144.219 0 1
144.335 0 1
144.45 0 1
144.566 0 1
144.682 0 1
144.798 0 1
144.914 0 1
145.03 0 1
145.146 793 28.1603
145.262 773 27.8029
145.378 768 27.7128
145.494 789 28.0891
145.61 740 27.2029
145.726 754 27.4591
145.842 735 27.1109
145.959 771 27.7669
146.075 729 27
146.192 703 26.5141
146.308 679 26.0576
146.425 654 25.5734
146.541 650 25.4951
146.658 615 24.7992
146.774 664 25.7682
146.891 687 26.2107
147.008 724 26.9072
147.125 736 27.1293
147.241 820 28.6356
147.358 789 28.0891
147.475 808 28.4253
147.592 771 27.7669
147.709 814 28.5307
147.826 800 28.2843
147.943 804 28.3549
148.06 792 28.1425
148.177 812 28.4956
148.294 807 28.4077
148.411 737 27.1477
148.528 818 28.6007
148.645 850 29.1548
148.762 790 28.1069
148.88 781 27.9464
148.997 747 27.3313
149.114 824 28.7054
149.231 726 26.9444
149.349 744 27.2764
149.466 739 27.1846
149.583 713 26.7021
149.701 751 27.4044
149.818 716 26.7582
149.935 718 26.7955
150.053 713 26.7021
150.17 642 25.3377
150.287 668 25.8457
150.405 676 26
150.522 657 25.632
150.64 698 26.4197
150.757 708 26.6083
150.875 776 27.8568
150.992 736 27.1293
151.11 721 26.8514
151.227 829 28.7924
151.344 798 28.2489
151.462 793 28.1603
151.579 813 28.5132
151.697 772 27.7849
151.814 815 28.5482
151.932 840 28.9828
152.049 770 27.7489
152.167 818 28.6007
152.284 819 28.6182
152.402 816 28.5657
152.519 850 29.1548
152.636 800 28.2843
152.754 773 27.8029
152.871 763 27.6225
152.989 826 28.7402
153.106 780 27.9285
153.223 696 26.3818
153.341 719 26.8142
153.458 648 25.4558
153.575 665 25.7876
153.693 659 25.671
153.81 674 25.9615
153.927 719 26.8142
154.044 687 26.2107
154.162 736 27.1293
154.279 836 28.9137
154.396 760 27.5681
154.513 830 28.8097
154.63 825 28.7228
154.747 818 28.6007
154.864 823 28.688
154.981 885 29.7489
155.098 815 28.5482
155.215 879 29.6479
155.332 779 27.9106
155.449 837 28.931
155.566 860 29.3258
155.683 842 29.0172
155.8 841 29
155.917 820 28.6356
156.033 849 29.1376
156.15 0 1
156.267 0 1
156.383 0 1
156.5 0 1
156.617 0 1
156.733 0 1
156.85 0 1
156.966 0 1
157.082 0 1
157.199 0 1
157.315 0 1
157.431 0 1
157.547 0 1
157.664 0 1
157.78 0 1
157.896 0 1
158.012 0 1
158.128 0 1
158.244 0 1
158.359 0 1
158.475 0 1
158.591 0 1
158.706 0 1
