
6.15755 0 1
6.2731 0 1
6.3887 0 1
6.50437 0 1
6.62009 0 1
6.73587 0 1
6.8517 0 1
6.96759 0 1
7.08353 0 1
7.19952 0 1
7.31557 0 1
7.43166 0 1
7.54781 0 1
7.664 0 1
7.78024 0 1
7.89653 0 1
8.01286 0 1
8.12924 0 1
8.24567 0 1
8.36213 0 1
8.47864 0 1
8.59519 0 1
8.71178 0 1
8.82841 0 1
8.94508 0 1
9.06179 0 1
9.17853 0 1
9.29531 0 1
9.41212 0 1
9.52897 0 1
9.64584 0 1
9.76276 0 1
9.8797 0 1
9.99667 0 1
10.1137 0 1
10.2307 0 1
10.3478 0 1
10.4648 0 1
10.5819 0 1
10.6991 0 1
10.8162 0 1
10.9334 0 1
11.0506 0 1
11.1678 0 1
11.285 0 1
11.4023 0 1
11.5196 0 1
11.6369 0 1
11.7542 0 1
11.8715 0 1
11.9888 0 1
12.1062 0 1
12.2235 0 1
12.3409 0 1
12.4582 0 1
12.5756 0 1
12.693 0 1
12.8104 0 1
12.9278 0 1
13.0452 0 1
13.1626 0 1
13.28 0 1
13.3974 0 1
13.5149 0 1
13.6323 0 1
13.7497 0 1
13.8671 0 1
13.9845 0 1
14.1019 0 1
14.2193 0 1
14.3367 0 1
14.4541 0 1
14.5714 0 1
14.6888 0 1
14.8062 0 1
14.9235 0 1
15.0408 3904 62.482
15.1581 4090 63.9531
15.2755 4321 65.7343
15.3927 4253 65.215
15.51 4040 63.561
15.6273 4019 63.3956
15.7445 4136 64.3117
15.8617 4275 65.3835
15.9789 4245 65.1537
16.0961 4079 63.867
16.2132 3972 63.0238
16.3304 3778 61.4654
16.4475 3805 61.6847
16.5646 3916 62.578
16.6816 3871 62.2174
16.7986 3702 60.8441
16.9156 3671 60.5888
17.0326 3767 61.3759
17.1496 3737 61.131
17.2665 3657 60.4731
17.3833 3746 61.2046
17.5002 3846 62.0161
17.617 3706 60.8769
17.7338 3835 61.9274
17.8505 3799 61.636
17.9672 3927 62.6658
18.0839 3867 62.1852
18.2005 3789 61.5549
18.3171 3730 61.0737
18.4337 3567 59.7244
18.5502 3563 59.6909
18.6666 3627 60.2246
18.7831 3933 62.7136
18.8994 3622 60.1831
19.0158 3506 59.2115
19.1321 3436 58.6174
19.2483 3475 58.9491
19.3645 3304 57.4804
19.4806 3349 57.8705
19.5967 3130 55.9464
19.7128 2799 52.9056
19.8288 2515 50.1498
19.9447 2295 47.9062
20.0606 0 1
20.1764 0 1
20.2922 0 1
20.4079 0 1
20.5236 0 1
20.6392 0 1
20.7548 0 1
20.8702 0 1
23.3078 0 1
23.4233 0 1
23.539 0 1
23.6547 0 1
23.7704 0 1
23.8862 0 1
24.0021 0 1
24.118 0 1
24.234 0 1
24.35 0 1
24.4661 1566 39.5727
24.5822 1901 43.6005
24.6984 2108 45.913
24.8146 2346 48.4355
24.9309 2613 51.1175
25.0472 2931 54.1387
25.1636 3279 57.2626
25.28 3582 59.8498
25.3965 3980 63.0872
25.513 4140 64.3428
25.6296 4119 64.1794
25.7462 4145 64.3817
25.8628 4202 64.8228
25.9795 4216 64.9307
26.0962 4182 64.6684
26.213 4022 63.4192
26.3298 3900 62.45
26.4466 3833 61.9112
26.5635 3780 61.4817
26.6804 3638 60.3158
26.7973 3556 59.6322
26.9143 3414 58.4294
27.0313 3265 57.1402
27.1483 3307 57.5065
27.2653 3286 57.3236
27.3824 3610 60.0833
27.4996 3623 60.1914
27.6167 3566 59.716
27.7339 3426 58.532
27.8511 3414 58.4294
27.9683 3578 59.8164
28.0855 3648 60.3987
28.2028 3607 60.0583
28.3201 3689 60.7371
28.4374 3476 58.9576
28.5547 3371 58.0603
28.6721 3292 57.376
28.7894 3469 58.8982
28.9068 3445 58.6941
29.0242 3610 60.0833
29.1416 3583 59.8582
29.259 3577 59.808
29.3764 3586 59.8832
29.4939 3608 60.0666
29.6113 3494 59.1101
29.7288 3582 59.8498
29.8463 3478 58.9746
29.9638 3418 58.4637
30.0812 3459 58.8133
30.1987 3374 58.0861
30.3162 3262 57.1139
30.4337 3329 57.6975
30.5512 3143 56.0625
30.6687 3067 55.3805
30.7862 3218 56.7274
30.9037 3478 58.9746
31.0212 3655 60.4566
31.1387 3622 60.1831
31.2562 3632 60.2661
31.3737 3642 60.349
31.4912 3573 59.7746
31.6087 3621 60.1747
31.7262 3622 60.1831
31.8436 3282 57.2887
31.9611 3297 57.4195
32.0785 3154 56.1605
32.1959 3070 55.4076
32.3134 3104 55.7136
32.4308 3198 56.5509
32.5482 3305 57.4891
32.6655 3187 56.4535
32.7829 3344 57.8273
32.9002 3264 57.1314
33.0176 3297 57.4195
33.1349 3174 56.3383
33.2522 3287 57.3324
33.3694 3266 57.1489
33.4867 3335 57.7495
33.6039 3206 56.6216
33.7211 3286 57.3236
33.8383 3322 57.6368
33.9554 3139 56.0268
34.0725 3033 55.0727
34.1896 2977 54.5619
34.3067 2945 54.2679
34.4237 3133 55.9732
34.5407 3373 58.0775
34.6577 3146 56.0892
34.7746 3325 57.6628
34.8915 3252 57.0263
35.0084 3344 57.8273
35.1252 3320 57.6194
35.242 3229 56.8243
35.3587 3264 57.1314
35.4755 3125 55.9017
35.5921 3048 55.2087
35.7088 2927 54.1018
35.8254 2843 53.3198
35.9419 2776 52.6878
36.0584 2898 53.8331
36.1749 2898 53.8331
36.2913 2915 53.9907
36.4077 2977 54.5619
36.524 2776 52.6878
36.6403 2664 51.614
36.7565 2571 50.705
36.8727 2347 48.4458
36.9889 2339 48.3632
37.1049 2103 45.8585
37.221 0 1
37.3369 0 1
37.4529 0 1
37.5687 0 1
37.6845 0 1
37.8003 0 1
37.916 0 1
38.0316 0 1
38.1472 0 1
40.5851 0 1
40.7008 0 1
40.8164 0 1
40.9322 0 1
41.048 0 1
41.1639 0 1
41.2798 0 1
41.3958 0 1
41.5118 0 1
41.6279 0 1
41.744 1345 36.6742
41.8602 1609 40.1123
41.9765 1836 42.8486
42.0928 2080 45.607
42.2091 2132 46.1736
42.3255 2320 48.1664
42.4419 2276 47.7074
42.5584 2464 49.6387
42.675 2458 49.5782
42.7915 2278 47.7284
42.9081 2259 47.5289
43.0248 2183 46.7226
43.1415 2131 46.1628
43.2582 2309 48.0521
43.375 2358 48.5592
43.4918 2410 49.0918
43.6087 2415 49.1426
43.7256 2432 49.3153
43.8425 2492 49.9199
43.9595 2413 49.1223
44.0765 2413 49.1223
44.1935 2350 48.4768
44.3106 2343 48.4045
44.4277 2214 47.0532
44.5448 2102 45.8476
44.6619 2158 46.4543
44.7791 2181 46.7012
44.8963 2334 48.3115
45.0136 2420 49.1935
45.1308 2552 50.5173
45.2481 2446 49.4571
45.3654 2557 50.5668
45.4827 2610 51.0882
45.6001 2615 51.1371
45.7174 2667 51.643
45.8348 2700 51.9615
45.9522 2684 51.8073
46.0697 2680 51.7687
46.1871 2583 50.8232
46.3046 2445 49.4469
46.422 2399 48.9796
46.5395 2112 45.9565
46.657 2136 46.2169
46.7745 2282 47.7703
46.892 2379 48.775
47.0096 2442 49.4166
47.1271 2553 50.5272
47.2446 2508 50.0799
47.3622 2670 51.672
47.4797 2497 49.97
47.5973 2468 49.679
47.7149 2427 49.2646
47.8324 2496 49.96
47.95 2276 47.7074
48.0675 2206 46.9681
48.1851 2122 46.0652
48.3027 2132 46.1736
48.4202 2146 46.3249
48.5378 2433 49.3254
48.6554 2455 49.548
48.7729 2585 50.8429
48.8904 2537 50.3686
49.008 2566 50.6557
49.1255 2693 51.8941
49.243 2684 51.8073
49.3605 2866 53.535
49.478 2754 52.4786
49.5955 2755 52.4881
49.713 2685 51.817
49.8304 2559 50.5866
49.9479 2378 48.7647
50.0653 2309 48.0521
50.1827 2383 48.816
50.3001 2656 51.5364
50.4175 2758 52.5167
50.5348 2953 54.3415
50.6521 3025 55
50.7694 3033 55.0727
50.8867 3294 57.3934
51.004 3295 57.4021
51.1212 3378 58.1206
51.2384 3254 57.0438
51.3556 3020 54.9545
51.4727 2628 51.264
51.5899 2248 47.4131
51.707 2112 45.9565
51.824 2288 47.833
51.9411 2580 50.7937
52.0581 3145 56.0803
52.175 3456 58.7878
52.2919 3473 58.9322
52.4088 3565 59.7076
52.5257 3787 61.5386
52.6425 4074 63.8279
52.7593 4156 64.467
52.876 4362 66.0454
52.9927 4622 67.9853
53.1094 4729 68.7677
53.226 5259 72.519
53.3426 6194 78.702
53.4591 8781 93.707
53.5756 12874 113.464
53.692 18470 135.904
53.8084 25923 161.006
53.9248 37002 192.359
54.0411 51101 226.055
54.1573 65111 255.169
54.2735 0 1
54.3896 0 1
54.5057 0 1
54.6217 0 1
54.7377 0 1
54.8537 0 1
54.9695 0 1
55.0853 0 1
55.2011 0 1
55.3168 0 1
55.4324 0 1
57.824 0 1
57.9396 0 1
58.0553 0 1
58.1711 0 1
58.2869 0 1
58.4028 0 1
58.5187 0 1
58.6347 0 1
58.7508 0 1
58.8669 0 1
58.983 164490 405.574
59.0992 214204 462.822
59.2155 254657 504.636
59.3318 285009 533.862
59.4482 307304 554.35
59.5646 321320 566.851
59.681 325363 570.406
59.7975 315670 561.845
59.9141 296421 544.446
60.0306 270631 520.222
60.1473 236498 486.311
60.2639 200074 447.296
60.3807 172196 414.965
60.4974 154871 393.537
60.6142 148820 385.772
60.731 144813 380.543
60.8479 138336 371.935
60.9648 124784 353.248
61.0818 109843 331.426
61.1987 92212 303.664
61.3158 73155 270.472
61.4328 54579 233.621
61.5499 39372 198.424
61.667 28150 167.78
61.7841 20642 143.673
61.9013 15635 125.04
62.0185 12034 109.7
62.1357 9638 98.1733
62.253 7813 88.3912
62.3702 6310 79.4355
62.4875 5692 75.4453
62.6049 5226 72.2911
62.7222 5002 70.7248
62.8396 4705 68.593
62.9569 4602 67.838
63.0743 4556 67.4981
63.1918 4260 65.2687
63.3092 3920 62.6099
63.4267 3682 60.6795
63.5441 3359 57.9569
63.6616 3147 56.0981
63.7791 2902 53.8702
63.8966 2667 51.643
64.0142 2766 52.5928
64.1317 2680 51.7687
64.2492 2849 53.376
64.3668 2807 52.9811
64.4843 2928 54.111
64.6019 2825 53.1507
64.7195 2805 52.9623
64.837 2773 52.6593
64.9546 2761 52.5452
65.0722 2756 52.4976
65.1898 2881 53.6749
65.3074 2850 53.3854
65.4249 2721 52.1632
65.5425 2726 52.2111
65.6601 2575 50.7445
65.7777 2480 49.7996
65.8952 2378 48.7647
66.0128 2446 49.4571
66.1304 2528 50.2792
66.2479 2577 50.7642
66.3655 2589 50.8822
66.483 2714 52.0961
66.6005 2735 52.2972
66.718 2749 52.4309
66.8355 2818 53.0848
66.953 2710 52.0577
67.0705 2656 51.5364
67.1879 2602 51.0098
67.3054 2457 49.5681
67.4228 2374 48.7237
67.5402 2358 48.5592
67.6576 2366 48.6415
67.7749 2456 49.558
67.8923 2571 50.705
68.0096 2589 50.8822
68.1269 2521 50.2096
68.2442 2577 50.7642
68.3614 2560 50.5964
68.4787 2608 51.0686
68.5958 2692 51.8845
68.713 2618 51.1664
68.8302 2690 51.8652
68.9473 2746 52.4023
69.0643 2685 51.817
69.1814 2572 50.7149
69.2984 2523 50.2295
69.4154 2383 48.816
69.5323 2198 46.8828
69.6492 2232 47.244
69.7661 2395 48.9387
69.8829 2479 49.7896
69.9997 2463 49.6286
70.1165 2589 50.8822
70.2332 2494 49.94
70.3499 2484 49.8397
70.4665 2327 48.239
70.5831 2315 48.1144
70.6996 2193 46.8295
70.8161 1933 43.9659
70.9326 1729 41.5812
71.049 1646 40.5709
71.1653 1419 37.6696
71.2817 1383 37.1887
71.3979 1301 36.0694
71.5141 1264 35.5528
71.6303 1151 33.9264
71.7464 1068 32.6803
71.8624 0 1
71.9784 0 1
72.0944 0 1
72.2102 0 1
72.3261 0 1
72.4418 0 1
72.5575 0 1
72.6732 0 1
75.1054 0 1
75.2209 0 1
75.3365 0 1
75.4521 0 1
75.5678 0 1
75.6835 0 1
75.7993 0 1
75.9151 0 1
76.031 0 1
76.147 1607 40.0874
76.263 1719 41.4608
76.3791 1759 41.9404
76.4952 1833 42.8135
76.6113 1908 43.6807
76.7276 1935 43.9886
76.8438 2101 45.8367
76.9601 2228 47.2017
77.0765 2166 46.5403
77.1929 2254 47.4763
77.3093 2216 47.0744
77.4258 2177 46.6583
77.5423 2199 46.8935
77.6589 2236 47.2864
77.7755 2225 47.1699
77.8921 2267 47.613
78.0088 2163 46.5081
78.1256 2131 46.1628
78.2423 2047 45.2438
78.3591 1931 43.9431
78.4759 1878 43.3359
78.5928 1861 43.1393
78.7097 1932 43.9545
78.8266 2081 45.618
78.9436 2207 46.9787
79.0606 2213 47.0425
79.1776 2220 47.1169
79.2946 2292 47.8748
79.4117 2225 47.1699
79.5288 2169 46.5725
79.6459 2236 47.2864
79.7631 2192 46.8188
79.8802 2105 45.8803
79.9974 2030 45.0555
80.1147 1968 44.3621
80.2319 2071 45.5082
80.3491 2165 46.5296
80.4664 2232 47.244
80.5837 2242 47.3498
80.701 2224 47.1593
80.8183 2169 46.5725
80.9357 2275 47.697
81.053 2229 47.2123
81.1704 2273 47.676
81.2877 2295 47.9062
81.4051 2345 48.4252
81.5225 2372 48.7032
81.6399 2293 47.8853
81.7573 2177 46.6583
81.8747 2165 46.5296
81.9922 2066 45.4533
82.1096 2051 45.288
82.227 2039 45.1553
82.3444 1981 44.5084
82.4619 2165 46.5296
82.5793 2189 46.7868
82.6967 2303 47.9896
82.8142 2245 47.3814
82.9316 2297 47.927
83.049 2342 48.3942
83.1664 2299 47.9479
83.2838 2206 46.9681
83.4012 2224 47.1593
83.5186 2130 46.1519
83.636 2095 45.7712
83.7534 2041 45.1774
83.8708 2028 45.0333
83.9881 2277 47.7179
84.1055 2181 46.7012
84.2228 2375 48.734
84.3401 2265 47.592
84.4575 2283 47.7807
84.5747 2233 47.2546
84.692 2272 47.6655
84.8093 2264 47.5815
84.9265 2280 47.7493
85.0437 2332 48.2908
85.1609 2332 48.2908
85.2781 2282 47.7703
85.3952 2240 47.3286
85.5123 2171 46.594
85.6294 2078 45.5851
85.7465 2007 44.7996
85.8636 2005 44.7772
85.9806 2089 45.7056
86.0976 2275 47.697
86.2145 2275 47.697
86.3315 2397 48.9592
86.4484 2369 48.6724
86.5652 2485 49.8498
86.682 2285 47.8017
86.7988 2387 48.8569
86.9156 2301 47.9687
87.0323 2190 46.7974
87.149 2172 46.6047
87.2657 2050 45.2769
87.3823 2038 45.1442
87.4988 2133 46.1844
87.6154 2176 46.6476
87.7318 2055 45.3321
87.8483 2135 46.2061
87.9647 1897 43.5546
88.081 1849 43
88.1973 1730 41.5933
88.3136 1608 40.0999
88.4298 1527 39.0768
88.546 1395 37.3497
88.6621 1300 36.0555
88.7781 1222 34.9571
88.8942 0 1
89.0101 0 1
89.126 0 1
89.2419 0 1
89.3577 0 1
89.4734 0 1
89.5891 0 1
89.7047 0 1
89.8203 0 1
89.9358 0 1
92.3269 0 1
92.4424 0 1
92.558 0 1
92.6736 0 1
92.7893 0 1
92.905 0 1
93.0208 0 1
93.1366 0 1
93.2525 0 1
93.3685 0 1
93.4845 0 1
93.6005 1747 41.7971
93.7167 1860 43.1277
93.8328 1997 44.6878
93.949 2069 45.4863
94.0653 2239 47.3181
94.1816 2194 46.8402
94.2979 2262 47.5605
94.4143 2253 47.4658
94.5307 2160 46.4758
94.6472 2180 46.6905
94.7637 2062 45.4093
94.8803 2103 45.8585
94.9969 2104 45.8694
95.1135 2144 46.3033
95.2302 2280 47.7493
95.3469 2182 46.7119
95.4637 2381 48.7955
95.5805 2366 48.6415
95.6973 2403 49.0204
95.8142 2267 47.613
95.9311 2175 46.6369
96.048 2263 47.571
96.1649 2188 46.7761
96.2819 2146 46.3249
96.3989 2184 46.7333
96.516 2192 46.8188
96.633 2234 47.2652
96.7501 2350 48.4768
96.8673 2328 48.2494
96.9844 2268 47.6235
97.1016 2283 47.7807
97.2188 2368 48.6621
97.336 2345 48.4252
97.4532 2288 47.833
97.5704 2335 48.3218
97.6877 2247 47.4025
97.805 2413 49.1223
97.9223 2377 48.7545
98.0396 2302 47.9792
98.1569 2256 47.4974
98.2743 2199 46.8935
98.3916 2198 46.8828
98.509 2170 46.5833
98.6264 2154 46.4112
98.7438 2267 47.613
98.8612 2354 48.518
98.9786 2406 49.051
99.096 2517 50.1697
99.2134 2445 49.4469
99.3308 2471 49.7092
99.4482 2476 49.7594
99.5656 2417 49.163
99.6831 2361 48.5901
99.8005 2415 49.1426
99.9179 2326 48.2286
100.035 2388 48.8672
100.153 2374 48.7237
100.27 2547 50.4678
100.388 2605 51.0392
100.505 2471 49.7092
100.622 2349 48.4665
100.74 2361 48.5901
100.857 2273 47.676
100.975 2301 47.9687
101.092 2414 49.1325
101.209 2392 48.9081
101.327 2448 49.4773
101.444 2410 49.0918
101.561 2443 49.4267
101.679 2404 49.0306
101.796 2339 48.3632
101.913 2325 48.2183
102.03 2381 48.7955
102.148 2315 48.1144
102.265 2512 50.1199
102.382 2513 50.1298
102.499 2554 50.5371
102.616 2559 50.5866
102.733 2593 50.9215
102.851 2591 50.9019
102.968 2551 50.5074
103.085 2353 48.5077
103.202 2486 49.8598
103.319 2517 50.1697
103.436 2535 50.3488
103.552 2504 50.04
103.669 2574 50.7346
103.786 2591 50.9019
103.903 2645 51.4296
104.02 2664 51.614
104.137 2561 50.6063
104.253 2487 49.8698
104.37 2480 49.7996
104.487 2436 49.3559
104.603 2542 50.4183
104.72 2497 49.97
104.836 2406 49.051
104.953 2332 48.2908
105.069 2332 48.2908
105.186 2174 46.6262
105.302 2140 46.2601
105.418 1931 43.9431
105.535 1834 42.8252
105.651 1609 40.1123
105.767 1519 38.9744
105.883 1399 37.4032
105.999 1319 36.318
106.115 0 1
106.231 0 1
106.347 0 1
106.463 0 1
106.579 0 1
106.694 0 1
106.81 0 1
106.926 0 1
107.041 0 1
107.157 0 1
109.576 0 1
109.692 0 1
109.807 0 1
109.923 0 1
110.039 0 1
110.155 0 1
110.27 0 1
110.386 0 1
110.502 0 1
110.618 1177 34.3074
110.735 1352 36.7696
110.851 1563 39.5348
110.967 1775 42.1307
111.083 1950 44.1588
111.199 2123 46.076
111.316 2296 47.9166
111.432 2405 49.0408
111.549 2386 48.8467
111.665 2357 48.5489
111.782 2237 47.2969
111.898 2218 47.0956
112.015 2063 45.4203
112.132 2283 47.7807
112.248 2330 48.2701
112.365 2321 48.1768
112.482 2394 48.9285
112.599 2282 47.7703
112.716 2282 47.7703
112.832 2290 47.8539
112.949 2236 47.2864
113.066 2208 46.9894
113.183 2170 46.5833
113.3 2224 47.1593
113.417 2215 47.0638
113.534 2132 46.1736
113.652 2269 47.634
113.769 2272 47.6655
113.886 2165 46.5296
114.003 2132 46.1736
114.12 2067 45.4643
114.238 1941 44.0568
114.355 2063 45.4203
114.472 1979 44.486
114.589 2130 46.1519
114.707 2291 47.8644
114.824 2291 47.8644
114.942 2304 48
115.059 2329 48.2597
115.176 2261 47.55
115.294 2170 46.5833
115.411 2005 44.7772
115.529 2051 45.288
115.646 2158 46.4543
115.764 2092 45.7384
115.881 2182 46.7119
115.999 2124 46.0869
116.116 2239 47.3181
116.234 2150 46.3681
116.351 2132 46.1736
116.469 2112 45.9565
116.586 2118 46.0217
116.704 2117 46.0109
116.821 2103 45.8585
116.939 2068 45.4753
117.056 2060 45.3872
117.174 2180 46.6905
117.291 2140 46.2601
117.409 2025 45
117.526 2018 44.9222
117.644 1917 43.7836
117.761 2049 45.2659
117.879 1898 43.566
117.996 1900 43.589
118.114 2073 45.5302
118.231 2034 45.0999
118.349 2106 45.8912
118.466 2188 46.7761
118.584 2132 46.1736
118.701 2136 46.2169
118.819 2087 45.6837
118.936 2049 45.2659
119.053 1933 43.9659
119.171 1989 44.5982
119.288 2027 45.0222
119.405 2105 45.8803
119.523 2081 45.618
119.64 2120 46.0435
119.757 2071 45.5082
119.875 2028 45.0333
119.992 2000 44.7214
120.109 1962 44.2945
120.226 1897 43.5546
120.343 1983 44.5309
120.46 1858 43.1045
120.578 1957 44.238
120.695 2045 45.2217
120.812 1974 44.4297
120.929 2040 45.1664
121.046 2030 45.0555
121.163 2008 44.8107
121.279 1844 42.9418
121.396 1832 42.8019
121.513 1818 42.638
121.63 1732 41.6173
121.747 1718 41.4488
121.863 1765 42.0119
121.98 1829 42.7668
122.097 1759 41.9404
122.213 1733 41.6293
122.33 1678 40.9634
122.446 1616 40.1995
122.563 1518 38.9615
122.679 1383 37.1887
122.795 1255 35.426
122.912 1171 34.2199
123.028 1178 34.322
123.144 1165 34.1321
123.26 1056 32.4962
123.377 0 1
123.493 0 1
123.609 0 1
123.725 0 1
123.84 0 1
123.956 0 1
124.072 0 1
124.188 0 1
124.303 0 1
124.419 0 1
126.852 0 1
126.968 0 1
127.083 0 1
127.199 0 1
127.315 0 1
127.431 0 1
127.547 0 1
127.663 0 1
127.779 0 1
127.895 0 1
128.011 0 1
128.127 0 1
128.243 0 1
128.359 2105 45.8803
128.476 2269 47.634
128.592 2310 48.0625
128.708 2248 47.4131
128.825 2353 48.5077
128.941 2442 49.4166
129.058 2441 49.4065
129.174 2437 49.366
129.291 2359 48.5695
129.408 2320 48.1664
129.524 2372 48.7032
129.641 2354 48.518
129.758 2489 49.8899
129.875 2453 49.5278
129.992 2548 50.4777
130.108 2610 51.0882
130.225 2652 51.4976
130.342 2620 51.1859
130.459 2609 51.0784
130.576 2709 52.0481
130.693 2783 52.7541
130.81 2868 53.5537
130.928 3061 55.3263
131.045 3141 56.0446
131.162 3343 57.8187
131.279 3553 59.607
131.396 3805 61.6847
131.513 3837 61.9435
131.631 3903 62.474
131.748 3737 61.131
131.865 3747 61.2127
131.983 3957 62.9047
132.1 4334 65.8331
132.217 4725 68.7386
132.335 4977 70.5479
132.452 4874 69.814
132.57 5126 71.5961
132.687 5211 72.1873
132.804 5453 73.8444
132.922 5185 72.0069
133.039 5377 73.328
133.157 5296 72.7736
133.274 5498 74.1485
133.392 5468 73.9459
133.509 5462 73.9053
133.627 5278 72.6498
133.744 5214 72.208
133.862 5161 71.8401
133.979 4860 69.7137
134.097 4961 70.4344
134.214 4871 69.7925
134.332 4704 68.5857
134.449 4933 70.2353
134.567 5017 70.8308
134.684 4958 70.4131
134.802 5172 71.9166
134.919 5242 72.4017
135.037 5257 72.5052
135.154 5188 72.0278
135.272 4992 70.6541
135.389 4667 68.3154
135.507 4791 69.217
135.624 5023 70.8731
135.742 5132 71.638
135.859 5146 71.7356
135.977 5186 72.0139
136.094 5440 73.7564
136.211 5207 72.1595
136.329 5172 71.9166
136.446 5348 73.13
136.564 5221 72.2565
136.681 5122 71.5681
136.798 5083 71.2952
136.915 5192 72.0555
137.033 5027 70.9013
137.15 4985 70.6045
137.267 4982 70.5833
137.384 4856 69.685
137.502 4685 68.4471
137.619 4472 66.873
137.736 4367 66.0833
137.853 4038 63.5453
137.97 4110 64.1093
138.087 4034 63.5138
138.204 4362 66.0454
138.321 4588 67.7348
138.438 4667 68.3154
138.555 4763 69.0145
138.672 4893 69.95
138.788 4615 67.9338
138.905 4425 66.5207
139.022 4093 63.9766
139.139 4090 63.9531
139.255 3971 63.0159
139.372 3892 62.3859
139.488 3861 62.1369
139.605 3786 61.5305
139.721 3429 58.5577
139.838 3173 56.3294
139.954 3092 55.6058
140.071 2812 53.0283
140.187 2889 53.7494
140.303 2683 51.7977
140.419 2575 50.7445
140.535 2497 49.97
140.652 2389 48.8774
140.768 0 1
140.884 0 1
141 0 1
141.115 0 1
141.231 0 1
141.347 0 1
141.463 0 1
141.578 0 1
141.694 0 1
144.104 0 1
144.219 0 1
144.335 0 1
144.45 0 1
144.566 0 1
144.682 0 1
144.798 0 1
144.914 0 1
145.03 0 1
145.146 4833 69.5198
145.262 5145 71.7287
145.378 5559 74.5587
145.494 5632 75.0467
145.61 6056 77.8203
145.726 6146 78.3964
145.842 6325 79.5299
145.959 6329 79.555
146.075 6404 80.025
146.192 6616 81.3388
146.308 6784 82.365
146.425 6647 81.5291
146.541 6822 82.5954
146.658 6573 81.074
146.774 6299 79.3662
146.891 6453 80.3306
147.008 6681 81.7374
147.125 7075 84.113
147.241 7421 86.1452
147.358 7697 87.7325
147.475 7893 88.8426
147.592 7902 88.8932
147.709 7649 87.4586
147.826 7618 87.2812
147.943 7842 88.5551
148.06 7852 88.6115
148.177 7794 88.2836
148.294 7883 88.7863
148.411 8102 90.0111
148.528 8454 91.9456
148.645 8471 92.038
148.762 8419 91.7551
148.88 8278 90.9835
148.997 8767 93.6323
149.114 8322 91.225
149.231 8461 91.9837
149.349 8677 93.1504
149.466 8588 92.6715
149.583 8802 93.819
149.701 8788 93.7443
149.818 8442 91.8804
149.935 8660 93.0591
150.053 8557 92.5041
150.17 8485 92.1141
150.287 8046 89.6995
150.405 7736 87.9545
150.522 7217 84.9529
150.64 7199 84.8469
150.757 7751 88.0398
150.875 8422 91.7715
150.992 8864 94.1488
151.11 8884 94.255
151.227 8829 93.9628
151.344 8817 93.8989
151.462 8744 93.5094
151.579 8697 93.2577
151.697 8523 92.3201
151.814 8604 92.7577
151.932 8956 94.6361
152.049 9176 95.7914
152.167 9195 95.8906
152.284 9431 97.1133
152.402 9686 98.4175
152.519 9534 97.6422
152.636 9555 97.7497
152.754 9486 97.3961
152.871 9674 98.3565
152.989 9461 97.2677
153.106 9685 98.4124
153.223 9636 98.1631
153.341 9841 99.2018
153.458 9692 98.448
153.575 9241 96.1301
153.693 9228 96.0625
153.81 8821 93.9202
153.927 8427 91.7987
154.044 7685 87.6641
154.162 7765 88.1192
154.279 7859 88.651
154.396 8428 91.8041
154.513 9077 95.2733
154.63 9438 97.1494
154.747 9572 97.8366
154.864 9657 98.27
154.981 9580 97.8775
155.098 9595 97.9541
155.215 9575 97.8519
155.332 9494 97.4372
155.449 9534 97.6422
155.566 9877 99.3831
155.683 10422 102.088
155.8 10413 102.044
155.917 10497 102.455
156.033 10524 102.587
156.15 0 1
156.267 0 1
156.383 0 1
156.5 0 1
156.617 0 1
156.733 0 1
156.85 0 1
156.966 0 1
157.082 0 1
157.199 0 1
157.315 0 1
157.431 0 1
157.547 0 1
157.664 0 1
157.78 0 1
157.896 0 1
158.012 0 1
158.128 0 1
158.244 0 1
158.359 0 1
158.475 0 1
158.591 0 1
158.706 0 1
