
6.15755 0 1
6.2731 0 1
6.3887 0 1
6.50437 0 1
6.62009 0 1
6.73587 0 1
6.8517 0 1
6.96759 0 1
7.08353 0 1
7.19952 0 1
7.31557 0 1
7.43166 0 1
7.54781 0 1
7.664 0 1
7.78024 0 1
7.89653 0 1
8.01286 0 1
8.12924 0 1
8.24567 0 1
8.36213 0 1
8.47864 0 1
8.59519 0 1
8.71178 0 1
8.82841 0 1
8.94508 0 1
9.06179 0 1
9.17853 0 1
9.29531 0 1
9.41212 0 1
9.52897 0 1
9.64584 0 1
9.76276 0 1
9.8797 0 1
9.99667 0 1
10.1137 0 1
10.2307 0 1
10.3478 0 1
10.4648 0 1
10.5819 0 1
10.6991 0 1
10.8162 0 1
10.9334 0 1
11.0506 0 1
11.1678 0 1
11.285 0 1
11.4023 0 1
11.5196 0 1
11.6369 0 1
11.7542 0 1
11.8715 0 1
11.9888 0 1
12.1062 0 1
12.2235 0 1
12.3409 0 1
12.4582 0 1
12.5756 0 1
12.693 0 1
12.8104 0 1
12.9278 0 1
13.0452 0 1
13.1626 0 1
13.28 0 1
13.3974 0 1
13.5149 0 1
13.6323 0 1
13.7497 0 1
13.8671 0 1
13.9845 0 1
14.1019 0 1
14.2193 0 1
14.3367 0 1
14.4541 0 1
14.5714 0 1
14.6888 0 1
14.8062 0 1
14.9235 0 1
15.0408 8150 90.2774
15.1581 8486 92.1195
15.2755 8875 94.2072
15.3927 8997 94.8525
15.51 8990 94.8156
15.6273 9090 95.3415
15.7445 8709 93.322
15.8617 8435 91.8423
15.9789 8605 92.7631
16.0961 8247 90.813
16.2132 8143 90.2386
16.3304 7959 89.2132
16.4475 7988 89.3756
16.5646 7651 87.47
16.6816 7557 86.931
16.7986 7436 86.2322
16.9156 7367 85.8312
17.0326 7054 83.9881
17.1496 7104 84.2852
17.2665 6983 83.5643
17.3833 6890 83.006
17.5002 6812 82.5348
17.617 7113 84.3386
17.7338 7104 84.2852
17.8505 7116 84.3564
17.9672 7603 87.1952
18.0839 7872 88.7243
18.2005 7878 88.7581
18.3171 7784 88.227
18.4337 7932 89.0618
18.5502 8040 89.666
18.6666 8247 90.813
18.7831 8356 91.4112
18.8994 8330 91.2688
19.0158 8035 89.6382
19.1321 7744 88
19.2483 7482 86.4986
19.3645 7072 84.0952
19.4806 6726 82.0122
19.5967 6308 79.4229
19.7128 5930 77.0065
19.8288 5575 74.6659
19.9447 4911 70.0785
20.0606 0 1
20.1764 0 1
20.2922 0 1
20.4079 0 1
20.5236 0 1
20.6392 0 1
20.7548 0 1
20.8702 0 1
23.3078 0 1
23.4233 0 1
23.539 0 1
23.6547 0 1
23.7704 0 1
23.8862 0 1
24.0021 0 1
24.118 0 1
24.234 0 1
24.35 0 1
24.4661 3552 59.5987
24.5822 3951 62.857
24.6984 4325 65.7647
24.8146 4983 70.5904
24.9309 5670 75.2994
25.0472 6154 78.4474
25.1636 6801 82.4682
25.28 7129 84.4334
25.3965 7552 86.9022
25.513 7619 87.2869
25.6296 8202 90.5649
25.7462 8137 90.2053
25.8628 8409 91.7006
25.9795 8462 91.9891
26.0962 8315 91.1866
26.213 8098 89.9889
26.3298 8333 91.2853
26.4466 8231 90.7249
26.5635 8429 91.8096
26.6804 8525 92.3309
26.7973 8423 91.7769
26.9143 8370 91.4877
27.0313 8246 90.8075
27.1483 8379 91.5369
27.2653 8483 92.1032
27.3824 8875 94.2072
27.4996 8888 94.2762
27.6167 8905 94.3663
27.7339 8672 93.1236
27.8511 8446 91.9021
27.9683 8249 90.824
28.0855 8053 89.7385
28.2028 8332 91.2798
28.3201 8156 90.3106
28.4374 8191 90.5041
28.5547 8188 90.4876
28.6721 8324 91.236
28.7894 8330 91.2688
28.9068 8253 90.846
29.0242 8451 91.9293
29.1416 8264 90.9065
29.259 8185 90.471
29.3764 8086 89.9222
29.4939 7954 89.1852
29.6113 8031 89.6158
29.7288 8014 89.5209
29.8463 8085 89.9166
29.9638 8116 90.0888
30.0812 8249 90.824
30.1987 8454 91.9456
30.3162 8445 91.8967
30.4337 8382 91.5533
30.5512 8321 91.2195
30.6687 8214 90.6311
30.7862 8696 93.2523
30.9037 8924 94.4669
31.0212 9122 95.5092
31.1387 9073 95.2523
31.2562 8957 94.6414
31.3737 8821 93.9202
31.4912 8609 92.7847
31.6087 8472 92.0435
31.7262 8419 91.7551
31.8436 8460 91.9783
31.9611 8523 92.3201
32.0785 8487 92.1249
32.1959 8396 91.6297
32.3134 8510 92.2497
32.4308 8570 92.5743
32.5482 8608 92.7793
32.6655 8575 92.6013
32.7829 8271 90.945
32.9002 8309 91.1537
33.0176 8256 90.8625
33.1349 8037 89.6493
33.2522 8019 89.5489
33.3694 8209 90.6035
33.4867 8301 91.1098
33.6039 8347 91.3619
33.7211 8602 92.747
33.8383 8558 92.5095
33.9554 8667 93.0967
34.0725 8413 91.7224
34.1896 8562 92.5311
34.3067 8518 92.293
34.4237 8964 94.6784
34.5407 8978 94.7523
34.6577 9061 95.1893
34.7746 9142 95.6138
34.8915 9127 95.5353
35.0084 8995 94.842
35.1252 8854 94.0957
35.242 8922 94.4563
35.3587 8691 93.2255
35.4755 8791 93.7603
35.5921 8736 93.4666
35.7088 8468 92.0217
35.8254 8573 92.5905
35.9419 8536 92.3905
36.0584 8285 91.022
36.1749 8429 91.8096
36.2913 8100 90
36.4077 7987 89.37
36.524 7442 86.267
36.6403 7067 84.0655
36.7565 6526 80.7837
36.8727 6081 77.9808
36.9889 5540 74.4312
37.1049 5026 70.8943
37.221 0 1
37.3369 0 1
37.4529 0 1
37.5687 0 1
37.6845 0 1
37.8003 0 1
37.916 0 1
38.0316 0 1
38.1472 0 1
40.5851 0 1
40.7008 0 1
40.8164 0 1
40.9322 0 1
41.048 0 1
41.1639 0 1
41.2798 0 1
41.3958 0 1
41.5118 0 1
41.6279 0 1
41.744 4532 67.3201
41.8602 5495 74.1283
41.9765 6113 78.1857
42.0928 6795 82.4318
42.2091 7317 85.5395
42.3255 8001 89.4483
42.4419 8477 92.0706
42.5584 8816 93.8936
42.675 9038 95.0684
42.7915 9123 95.5144
42.9081 9052 95.142
43.0248 9181 95.8175
43.1415 9462 97.2728
43.2582 9902 99.5088
43.375 10553 102.728
43.4918 10997 104.867
43.6087 11263 106.127
43.7256 11462 107.061
43.8425 11833 108.78
43.9595 11787 108.568
44.0765 12092 109.964
44.1935 12376 111.247
44.3106 12367 111.207
44.4277 12286 110.842
44.5448 12577 112.147
44.6619 12552 112.036
44.7791 12515 111.87
44.8963 12791 113.097
45.0136 12658 112.508
45.1308 12370 111.221
45.2481 12506 111.83
45.3654 12458 111.615
45.4827 12239 110.63
45.6001 11939 109.266
45.7174 11836 108.793
45.8348 11625 107.819
45.9522 11469 107.093
46.0697 11385 106.701
46.1871 11038 105.062
46.3046 10528 102.606
46.422 10237 101.178
46.5395 9823 99.111
46.657 10173 100.861
46.7745 10603 102.971
46.892 10756 103.711
47.0096 10855 104.187
47.1271 11218 105.915
47.2446 11307 106.334
47.3622 11051 105.124
47.4797 10917 104.484
47.5973 10606 102.985
47.7149 10467 102.308
47.8324 10246 101.223
47.95 9918 99.5892
48.0675 9939 99.6945
48.1851 9620 98.0816
48.3027 9642 98.1937
48.4202 9578 97.8673
48.5378 9328 96.5816
48.6554 9377 96.8349
48.7729 9291 96.3898
48.8904 9124 95.5196
49.008 9201 95.9218
49.1255 9145 95.6295
49.243 8931 94.504
49.3605 9040 95.0789
49.478 9022 94.9842
49.5955 8931 94.504
49.713 8884 94.255
49.8304 8640 92.9516
49.9479 8728 93.4238
50.0653 8642 92.9624
50.1827 9000 94.8683
50.3001 9236 96.1041
50.4175 9493 97.432
50.5348 9931 99.6544
50.6521 10177 100.881
50.7694 10322 101.597
50.8867 10345 101.71
51.004 10419 102.074
51.1212 10252 101.252
51.2384 10403 101.995
51.3556 10370 101.833
51.4727 10044 100.22
51.5899 10082 100.409
51.707 9779 98.8888
51.824 9901 99.5038
51.9411 9719 98.585
52.0581 9699 98.4835
52.175 9511 97.5244
52.2919 9236 96.1041
52.4088 9560 97.7753
52.5257 9402 96.9639
52.6425 9170 95.7601
52.7593 9054 95.1525
52.876 9062 95.1945
52.9927 9056 95.163
53.1094 8852 94.0851
53.226 8728 93.4238
53.3426 8341 91.3291
53.4591 8143 90.2386
53.5756 7642 87.4185
53.692 7408 86.0697
53.8084 7220 84.9706
53.9248 6852 82.7768
54.0411 6410 80.0625
54.1573 5912 76.8895
54.2735 0 1
54.3896 0 1
54.5057 0 1
54.6217 0 1
54.7377 0 1
54.8537 0 1
54.9695 0 1
55.0853 0 1
55.2011 0 1
55.3168 0 1
55.4324 0 1
57.824 0 1
57.9396 0 1
58.0553 0 1
58.1711 0 1
58.2869 0 1
58.4028 0 1
58.5187 0 1
58.6347 0 1
58.7508 0 1
58.8669 0 1
58.983 8024 89.5768
59.0992 9103 95.4096
59.2155 10194 100.965
59.3318 11097 105.342
59.4482 12024 109.654
59.5646 12883 113.503
59.681 13300 115.326
59.7975 13483 116.116
59.9141 13376 115.655
60.0306 13648 116.825
60.1473 13458 116.009
60.2639 13261 115.156
60.3807 13552 116.413
60.4974 13226 115.004
60.6142 13160 114.717
60.731 13001 114.022
60.8479 13044 114.21
60.9648 12758 112.951
61.0818 12944 113.772
61.1987 12750 112.916
61.3158 13078 114.359
61.4328 12759 112.956
61.5499 12808 113.172
61.667 12851 113.362
61.7841 12730 112.827
61.9013 12930 113.71
62.0185 12623 112.352
62.1357 12466 111.651
62.253 12918 113.657
62.3702 13083 114.381
62.4875 13744 117.235
62.6049 14365 119.854
62.7222 14829 121.774
62.8396 15195 123.268
62.9569 15437 124.246
63.0743 15702 125.308
63.1918 15939 126.25
63.3092 15531 124.623
63.4267 15219 123.365
63.5441 14928 122.18
63.6616 14615 120.893
63.7791 14387 119.946
63.8966 14089 118.697
64.0142 14068 118.609
64.1317 13823 117.571
64.2492 13684 116.979
64.3668 13095 114.433
64.4843 12817 113.212
64.6019 13012 114.07
64.7195 13177 114.791
64.837 13132 114.595
64.9546 13207 114.922
65.0722 13167 114.748
65.1898 13030 114.149
65.3074 13179 114.8
65.4249 13035 114.171
65.5425 12776 113.031
65.6601 12858 113.393
65.7777 12753 112.929
65.8952 13140 114.63
66.0128 13708 117.081
66.1304 14261 119.419
66.2479 14880 121.984
66.3655 15349 123.891
66.483 15824 125.793
66.6005 16155 127.102
66.718 15940 126.254
66.8355 16119 126.961
66.953 15935 126.234
67.0705 15351 123.899
67.1879 14986 122.417
67.3054 14679 121.157
67.4228 14202 119.172
67.5402 14065 118.596
67.6576 13962 118.161
67.7749 13607 116.649
67.8923 13609 116.658
68.0096 13471 116.065
68.1269 13383 115.685
68.2442 13488 116.138
68.3614 13652 116.842
68.4787 13859 117.724
68.5958 13609 116.658
68.713 13514 116.25
68.8302 13530 116.319
68.9473 13184 114.822
69.0643 12820 113.225
69.1814 12638 112.419
69.2984 12116 110.073
69.4154 12404 111.373
69.5323 12780 113.049
69.6492 13172 114.769
69.7661 13829 117.597
69.8829 14260 119.415
69.9997 14392 119.967
70.1165 14259 119.411
70.2332 13939 118.064
70.3499 13374 115.646
70.4665 12937 113.741
70.5831 11837 108.798
70.6996 10917 104.484
70.8161 10060 100.3
70.9326 8991 94.8209
71.049 8283 91.011
71.1653 7633 87.367
71.2817 7352 85.7438
71.3979 6878 82.9337
71.5141 6426 80.1623
71.6303 6072 77.923
71.7464 5320 72.9383
71.8624 0 1
71.9784 0 1
72.0944 0 1
72.2102 0 1
72.3261 0 1
72.4418 0 1
72.5575 0 1
72.6732 0 1
75.1054 0 1
75.2209 0 1
75.3365 0 1
75.4521 0 1
75.5678 0 1
75.6835 0 1
75.7993 0 1
75.9151 0 1
76.031 0 1
76.147 11023 104.99
76.263 11640 107.889
76.3791 12138 110.173
76.4952 12177 110.349
76.6113 12162 110.281
76.7276 12460 111.624
76.8438 12552 112.036
76.9601 12618 112.33
77.0765 12599 112.245
77.1929 12712 112.748
77.3093 13254 115.126
77.4258 13561 116.452
77.5423 13462 116.026
77.6589 13568 116.482
77.7755 13574 116.508
77.8921 13170 114.761
78.0088 12722 112.792
78.1256 12471 111.674
78.2423 12102 110.009
78.3591 11976 109.435
78.4759 12312 110.959
78.5928 13680 116.962
78.7097 14354 119.808
78.8266 14816 121.721
78.9436 15379 124.012
79.0606 15536 124.643
79.1776 16179 127.197
79.2946 16613 128.891
79.4117 17251 131.343
79.5288 16659 129.07
79.6459 16749 129.418
79.7631 16392 128.031
79.8802 15689 125.256
79.9974 14828 121.77
80.1147 14604 120.847
80.2319 14777 121.561
80.3491 14801 121.659
80.4664 15070 122.76
80.5837 14593 120.801
80.701 14671 121.124
80.8183 14484 120.349
80.9357 14696 121.227
81.053 15580 124.82
81.1704 15261 123.535
81.2877 15208 123.321
81.4051 15225 123.39
81.5225 15074 122.776
81.6399 14901 122.07
81.7573 13990 118.279
81.8747 13529 116.314
81.9922 12968 113.877
82.1096 13539 116.357
82.227 14550 120.623
82.3444 15603 124.912
82.4619 16750 129.422
82.5793 17269 131.412
82.6967 17332 131.651
82.8142 17971 134.056
82.9316 18598 136.374
83.049 18568 136.264
83.1664 18707 136.774
83.2838 18329 135.385
83.4012 17541 132.442
83.5186 16809 129.65
83.636 16126 126.988
83.7534 16295 127.652
83.8708 16145 127.063
83.9881 16448 128.25
84.1055 16072 126.775
84.2228 16348 127.859
84.3401 16281 127.597
84.4575 16332 127.797
84.5747 16834 129.746
84.692 17228 131.255
84.8093 17678 132.959
84.9265 16988 130.338
85.0437 17059 130.61
85.1609 16476 128.359
85.2781 15515 124.559
85.3952 14838 121.811
85.5123 14276 119.482
85.6294 14193 119.134
85.7465 15329 123.81
85.8636 16273 127.566
85.9806 17163 131.008
86.0976 18127 134.637
86.2145 18481 135.945
86.3315 18618 136.448
86.4484 19246 138.73
86.5652 19554 139.836
86.682 19566 139.879
86.7988 19326 139.018
86.9156 19364 139.155
87.0323 18221 134.985
87.149 17987 134.116
87.2657 17507 132.314
87.3823 17014 130.438
87.4988 16659 129.07
87.6154 15705 125.32
87.7318 15301 123.697
87.8483 14528 120.532
87.9647 13575 116.512
88.081 12571 112.12
88.1973 11941 109.275
88.3136 11450 107.005
88.4298 10517 102.552
88.546 9656 98.2649
88.6621 8870 94.1807
88.7781 8001 89.4483
88.8942 0 1
89.0101 0 1
89.126 0 1
89.2419 0 1
89.3577 0 1
89.4734 0 1
89.5891 0 1
89.7047 0 1
89.8203 0 1
89.9358 0 1
92.3269 0 1
92.4424 0 1
92.558 0 1
92.6736 0 1
92.7893 0 1
92.905 0 1
93.0208 0 1
93.1366 0 1
93.2525 0 1
93.3685 0 1
93.4845 0 1
93.6005 15514 124.555
93.7167 17438 132.053
93.8328 18822 137.193
93.949 19435 139.409
94.0653 20216 142.183
94.1816 20465 143.056
94.2979 20105 141.792
94.4143 19230 138.672
94.5307 18415 135.702
94.6472 17475 132.193
94.7637 17224 131.24
94.8803 17683 132.977
94.9969 18630 136.492
95.1135 20039 141.559
95.2302 20757 144.073
95.3469 21982 148.263
95.4637 22643 150.476
95.5805 23073 151.898
95.6973 23382 152.912
95.8142 23963 154.8
95.9311 23744 154.091
96.048 23700 153.948
96.1649 23321 152.712
96.2819 23154 152.164
96.3989 22335 149.449
96.516 21766 147.533
96.633 21743 147.455
96.7501 21505 146.646
96.8673 21734 147.425
96.9844 21712 147.35
97.1016 21547 146.789
97.2188 21621 147.041
97.336 22296 149.318
97.4532 22294 149.312
97.5704 23172 152.224
97.6877 23160 152.184
97.805 22944 151.473
97.9223 22288 149.292
98.0396 21493 146.605
98.1569 20374 142.738
98.2743 18978 137.761
98.3916 18385 135.591
98.509 18329 135.385
98.6264 19572 139.9
98.7438 20664 143.75
98.8612 22024 148.405
98.9786 23581 153.561
99.096 24325 155.965
99.2134 24789 157.445
99.3308 25254 158.915
99.4482 25968 161.146
99.5656 25923 161.006
99.6831 25794 160.605
99.8005 25283 159.006
99.9179 24616 156.895
100.035 23715 153.997
100.153 23499 153.294
100.27 23583 153.568
100.388 23251 152.483
100.505 23066 151.875
100.622 22835 151.113
100.74 22921 151.397
100.857 22870 151.228
100.975 22732 150.771
101.092 23685 153.899
101.209 24227 155.65
101.327 24499 156.522
101.444 24156 155.422
101.561 23405 152.987
101.679 21993 148.3
101.796 20407 142.853
101.913 19340 139.068
102.03 19311 138.964
102.148 20569 143.419
102.265 21087 145.214
102.382 22966 151.545
102.499 24171 155.47
102.616 25157 158.61
102.733 25274 158.978
102.851 26152 161.716
102.968 26360 162.358
103.085 26675 163.325
103.202 26696 163.389
103.319 26010 161.276
103.436 25244 158.884
103.552 24340 156.013
103.669 23730 154.045
103.786 23452 153.14
103.903 23568 153.519
104.02 23208 152.342
104.137 22845 151.146
104.253 22419 149.73
104.37 23239 152.443
104.487 23135 152.102
104.603 23394 152.951
104.72 23321 152.712
104.836 22454 149.847
104.953 21197 145.592
105.069 19028 137.942
105.186 17458 132.129
105.302 15761 125.543
105.418 14344 119.766
105.535 12756 112.942
105.651 11988 109.49
105.767 11526 107.359
105.883 11277 106.193
105.999 11103 105.371
106.115 0 1
106.231 0 1
106.347 0 1
106.463 0 1
106.579 0 1
106.694 0 1
106.81 0 1
106.926 0 1
107.041 0 1
107.157 0 1
109.576 0 1
109.692 0 1
109.807 0 1
109.923 0 1
110.039 0 1
110.155 0 1
110.27 0 1
110.386 0 1
110.502 0 1
110.618 10633 103.116
110.735 12981 113.934
110.851 15389 124.052
110.967 17740 133.192
111.083 20002 141.428
111.199 21287 145.901
111.316 21831 147.753
111.432 22483 149.943
111.549 22802 151.003
111.665 23121 152.056
111.782 22983 151.601
111.898 22936 151.446
112.015 22424 149.746
112.132 22337 149.456
112.248 21746 147.465
112.365 21564 146.847
112.482 21024 144.997
112.599 21842 147.79
112.716 20790 144.187
112.832 20848 144.388
112.949 20717 143.934
113.066 20761 144.087
113.183 21312 145.986
113.3 21698 147.302
113.417 22231 149.101
113.534 21624 147.051
113.652 21090 145.224
113.769 20040 141.563
113.886 18852 137.303
114.003 17834 133.544
114.12 17288 131.484
114.238 17518 132.356
114.355 18905 137.495
114.472 19413 139.331
114.589 22595 150.316
114.707 22620 150.399
114.824 23437 153.091
114.942 23285 152.594
115.059 23778 154.201
115.176 24165 155.451
115.294 23740 154.078
115.411 23434 153.082
115.529 22758 150.858
115.646 22409 149.696
115.764 21853 147.828
115.881 21732 147.418
115.999 20862 144.437
116.116 20447 142.993
116.234 20213 142.172
116.351 20287 142.432
116.469 20032 141.534
116.586 20212 142.169
116.704 20688 143.833
116.821 21133 145.372
116.939 21457 146.482
117.056 21172 145.506
117.174 20902 144.575
117.291 20019 141.489
117.409 18912 137.521
117.526 17715 133.098
117.644 17002 130.392
117.761 16774 129.514
117.879 17388 131.864
117.996 18379 135.569
118.114 19855 140.908
118.231 21651 147.143
118.349 22091 148.63
118.466 22466 149.887
118.584 22421 149.736
118.701 22544 150.147
118.819 22241 149.134
118.936 22211 149.034
119.053 21693 147.285
119.171 21220 145.671
119.288 20629 143.628
119.405 20367 142.713
119.523 19979 141.347
119.64 19639 140.139
119.757 19152 138.391
119.875 18749 136.927
119.992 18493 135.989
120.109 18429 135.753
120.226 18471 135.908
120.343 18688 136.704
120.46 19123 138.286
120.578 19330 139.032
120.695 19196 138.55
120.812 18566 136.257
120.929 18338 135.418
121.046 17181 131.076
121.163 16012 126.539
121.279 15142 123.053
121.396 14271 119.461
121.513 14473 120.304
121.63 14654 121.054
121.747 15209 123.325
121.863 15991 126.456
121.98 16301 127.675
122.097 16026 126.594
122.213 15360 123.935
122.33 14753 121.462
122.446 13950 118.11
122.563 12872 113.455
122.679 12290 110.86
122.795 11421 106.869
122.912 10678 103.334
123.028 10101 100.504
123.144 9403 96.9691
123.26 8797 93.7923
123.377 0 1
123.493 0 1
123.609 0 1
123.725 0 1
123.84 0 1
123.956 0 1
124.072 0 1
124.188 0 1
124.303 0 1
124.419 0 1
126.852 0 1
126.968 0 1
127.083 0 1
127.199 0 1
127.315 0 1
127.431 0 1
127.547 0 1
127.663 0 1
127.779 0 1
127.895 0 1
128.011 0 1
128.127 0 1
128.243 0 1
128.359 19287 138.878
128.476 19406 139.305
128.592 19288 138.881
128.708 19219 138.633
128.825 18839 137.255
128.941 18551 136.202
129.058 18513 136.062
129.174 18707 136.774
129.291 18526 136.11
129.408 18529 136.121
129.524 18905 137.495
129.641 19141 138.351
129.758 19062 138.065
129.875 18750 136.931
129.992 18342 135.433
130.108 17700 133.041
130.225 17123 130.855
130.342 16208 127.311
130.459 15568 124.772
130.576 15855 125.917
130.693 16450 128.258
130.81 17209 131.183
130.928 18635 136.51
131.045 19254 138.759
131.162 19803 140.723
131.279 20101 141.778
131.396 20420 142.899
131.513 19994 141.4
131.631 20150 141.951
131.748 19716 140.414
131.865 19376 139.198
131.983 19498 139.635
132.1 19484 139.585
132.217 19022 137.92
132.335 18719 136.817
132.452 18401 135.65
132.57 18255 135.111
132.687 18629 136.488
132.804 18354 135.477
132.922 18604 136.396
133.039 18471 135.908
133.157 18695 136.73
133.274 19116 138.261
133.392 18904 137.492
133.509 18985 137.786
133.627 18459 135.864
133.744 17839 133.563
133.862 17207 131.175
133.979 16420 128.141
134.097 16280 127.593
134.214 16958 130.223
134.332 17285 131.472
134.449 19198 138.557
134.567 20199 142.123
134.684 20986 144.865
134.802 21126 145.348
134.919 20934 144.686
135.037 21241 145.743
135.154 20973 144.821
135.272 21159 145.461
135.389 21013 144.959
135.507 21364 146.164
135.624 21215 145.654
135.742 21114 145.307
135.859 20742 144.021
135.977 20806 144.243
136.094 20546 143.339
136.211 20354 142.667
136.329 20465 143.056
136.446 20242 142.274
136.564 20664 143.75
136.681 20764 144.097
136.798 20815 144.274
136.915 20879 144.496
137.033 20503 143.189
137.15 20363 142.699
137.267 19975 141.333
137.384 19314 138.975
137.502 18334 135.403
137.619 17530 132.401
137.736 17372 131.803
137.853 16661 129.077
137.97 18055 134.369
138.087 19019 137.909
138.204 20302 142.485
138.321 20896 144.554
138.438 20897 144.558
138.555 21054 145.1
138.672 20570 143.422
138.788 20159 141.982
138.905 19402 139.291
139.022 18536 136.147
139.139 17839 133.563
139.255 17232 131.271
139.372 16266 127.538
139.488 15058 122.711
139.605 14230 119.29
139.721 13289 115.278
139.838 12606 112.276
139.954 12148 110.218
140.071 11615 107.773
140.187 11008 104.919
140.303 10153 100.762
140.419 9766 98.8231
140.535 9349 96.6902
140.652 8845 94.0479
140.768 0 1
140.884 0 1
141 0 1
141.115 0 1
141.231 0 1
141.347 0 1
141.463 0 1
141.578 0 1
141.694 0 1
144.104 0 1
144.219 0 1
144.335 0 1
144.45 0 1
144.566 0 1
144.682 0 1
144.798 0 1
144.914 0 1
145.03 0 1
145.146 14787 121.602
145.262 15668 125.172
145.378 15474 124.395
145.494 15514 124.555
145.61 15575 124.8
145.726 15726 125.403
145.842 15789 125.654
145.959 15587 124.848
146.075 15381 124.02
146.192 15211 123.333
146.308 14511 120.462
146.425 13994 118.296
146.541 13618 116.696
146.658 13485 116.125
146.774 13691 117.009
146.891 14173 119.05
147.008 15396 124.081
147.125 16070 126.768
147.241 16245 127.456
147.358 16289 127.628
147.475 16574 128.74
147.592 16347 127.855
147.709 16057 126.716
147.826 16055 126.708
147.943 16305 127.691
148.06 16354 127.883
148.177 16185 127.22
148.294 16245 127.456
148.411 16334 127.805
148.528 16285 127.613
148.645 16027 126.598
148.762 15916 126.159
148.88 15922 126.182
148.997 16097 126.874
149.114 15242 123.458
149.231 15555 124.72
149.349 15931 126.218
149.466 15439 124.254
149.583 15592 124.868
149.701 15524 124.595
149.818 15315 123.754
149.935 15156 123.11
150.053 14773 121.544
150.17 13969 118.191
150.287 13489 116.142
150.405 13816 117.541
150.522 14404 120.017
150.64 15074 122.776
150.757 15775 125.599
150.875 16395 128.043
150.992 16277 127.581
151.11 16286 127.617
151.227 16017 126.558
151.344 15868 125.968
151.462 15733 125.431
151.579 16125 126.984
151.697 16489 128.41
151.814 16274 127.57
151.932 16201 127.283
152.049 15991 126.456
152.167 15933 126.226
152.284 15481 124.423
152.402 15398 124.089
152.519 15590 124.86
152.636 15311 123.738
152.754 15238 123.442
152.871 15244 123.467
152.989 15290 123.653
153.106 15397 124.085
153.223 15241 123.454
153.341 14991 122.438
153.458 15110 122.923
153.575 14406 120.025
153.693 13946 118.093
153.81 13595 116.598
153.927 13315 115.391
154.044 13639 116.786
154.162 14225 119.269
154.279 14723 121.338
154.396 15296 123.677
154.513 15642 125.068
154.63 15710 125.34
154.747 15751 125.503
154.864 15522 124.587
154.981 15361 123.94
155.098 15608 124.932
155.215 15279 123.608
155.332 15339 123.851
155.449 15479 124.415
155.566 14976 122.376
155.683 14753 121.462
155.8 14564 120.681
155.917 13935 118.047
156.033 13539 116.357
156.15 0 1
156.267 0 1
156.383 0 1
156.5 0 1
156.617 0 1
156.733 0 1
156.85 0 1
156.966 0 1
157.082 0 1
157.199 0 1
157.315 0 1
157.431 0 1
157.547 0 1
157.664 0 1
157.78 0 1
157.896 0 1
158.012 0 1
158.128 0 1
158.244 0 1
158.359 0 1
158.475 0 1
158.591 0 1
158.706 0 1
