
6.15755 0 1
6.2731 0 1
6.3887 0 1
6.50437 0 1
6.62009 0 1
6.73587 0 1
6.8517 0 1
6.96759 0 1
7.08353 0 1
7.19952 0 1
7.31557 0 1
7.43166 0 1
7.54781 0 1
7.664 0 1
7.78024 0 1
7.89653 0 1
8.01286 0 1
8.12924 0 1
8.24567 0 1
8.36213 0 1
8.47864 0 1
8.59519 0 1
8.71178 0 1
8.82841 0 1
8.94508 0 1
9.06179 0 1
9.17853 0 1
9.29531 0 1
9.41212 0 1
9.52897 0 1
9.64584 0 1
9.76276 0 1
9.8797 0 1
9.99667 0 1
10.1137 0 1
10.2307 0 1
10.3478 0 1
10.4648 0 1
10.5819 0 1
10.6991 0 1
10.8162 0 1
10.9334 0 1
11.0506 0 1
11.1678 0 1
11.285 0 1
11.4023 0 1
11.5196 0 1
11.6369 0 1
11.7542 0 1
11.8715 0 1
11.9888 0 1
12.1062 0 1
12.2235 0 1
12.3409 0 1
12.4582 0 1
12.5756 0 1
12.693 0 1
12.8104 0 1
12.9278 0 1
13.0452 0 1
13.1626 0 1
13.28 0 1
13.3974 0 1
13.5149 0 1
13.6323 0 1
13.7497 0 1
13.8671 0 1
13.9845 0 1
14.1019 0 1
14.2193 0 1
14.3367 0 1
14.4541 0 1
14.5714 0 1
14.6888 0 1
14.8062 0 1
14.9235 0 1
15.0408 8890 94.2868
15.1581 9460 97.2625
15.2755 9724 98.6103
15.3927 9866 99.3277
15.51 9671 98.3412
15.6273 9694 98.4581
15.7445 9684 98.4073
15.8617 9808 99.0353
15.9789 9735 98.6661
16.0961 9815 99.0707
16.2132 10181 100.901
16.3304 10481 102.377
16.4475 10752 103.692
16.5646 11059 105.162
16.6816 11337 106.475
16.7986 11606 107.731
16.9156 11840 108.812
17.0326 12359 111.171
17.1496 12437 111.521
17.2665 12941 113.759
17.3833 13170 114.761
17.5002 12977 113.917
17.617 13175 114.782
17.7338 13250 115.109
17.8505 13419 115.84
17.9672 13204 114.909
18.0839 12645 112.45
18.2005 12180 110.363
18.3171 12308 110.941
18.4337 12734 112.845
18.5502 13359 115.581
18.6666 13504 116.207
18.7831 13708 117.081
18.8994 13805 117.495
19.0158 13625 116.726
19.1321 12998 114.009
19.2483 12949 113.794
19.3645 12765 112.982
19.4806 12633 112.397
19.5967 12484 111.732
19.7128 12142 110.191
19.8288 11458 107.042
19.9447 10929 104.542
20.0606 0 1
20.1764 0 1
20.2922 0 1
20.4079 0 1
20.5236 0 1
20.6392 0 1
20.7548 0 1
20.8702 0 1
23.3078 0 1
23.4233 0 1
23.539 0 1
23.6547 0 1
23.7704 0 1
23.8862 0 1
24.0021 0 1
24.118 0 1
24.234 0 1
24.35 0 1
24.4661 12051 109.777
24.5822 12111 110.05
24.6984 12219 110.54
24.8146 12246 110.662
24.9309 12008 109.581
25.0472 12168 110.309
25.1636 12151 110.232
25.28 12463 111.638
25.3965 12522 111.902
25.513 13129 114.582
25.6296 13742 117.226
25.7462 13803 117.486
25.8628 14114 118.802
25.9795 14463 120.262
26.0962 14435 120.146
26.213 14271 119.461
26.3298 14706 121.268
26.4466 14339 119.746
26.5635 14284 119.516
26.6804 13874 117.788
26.7973 13104 114.473
26.9143 12794 113.111
27.0313 13090 114.412
27.1483 13834 117.618
27.2653 13966 118.178
27.3824 14169 119.034
27.4996 14322 119.675
27.6167 13709 117.085
27.7339 13473 116.073
27.8511 13293 115.295
27.9683 12947 113.785
28.0855 12709 112.734
28.2028 12476 111.696
28.3201 12317 110.982
28.4374 12259 110.72
28.5547 12239 110.63
28.6721 12179 110.359
28.7894 12001 109.549
28.9068 12201 110.458
29.0242 12473 111.683
29.1416 12882 113.499
29.259 13201 114.896
29.3764 13475 116.082
29.4939 13788 117.422
29.6113 13663 116.889
29.7288 14092 118.71
29.8463 13954 118.127
29.9638 14099 118.739
30.0812 13606 116.645
30.1987 13409 115.797
30.3162 12690 112.65
30.4337 11892 109.05
30.5512 12297 110.892
30.6687 12505 111.826
30.7862 13431 115.892
30.9037 13341 115.503
31.0212 13801 117.478
31.1387 13548 116.396
31.2562 13310 115.369
31.3737 12982 113.939
31.4912 12803 113.15
31.6087 12371 111.225
31.7262 12611 112.299
31.8436 12199 110.449
31.9611 12123 110.104
32.0785 11896 109.069
32.1959 11876 108.977
32.3134 11743 108.365
32.4308 11609 107.745
32.5482 12104 110.018
32.6655 12220 110.544
32.7829 12622 112.348
32.9002 12984 113.947
33.0176 13298 115.317
33.1349 13665 116.897
33.2522 13737 117.205
33.3694 13499 116.185
33.4867 13946 118.093
33.6039 13645 116.812
33.7211 13560 116.447
33.8383 13225 115
33.9554 12463 111.638
34.0725 11644 107.907
34.1896 11338 106.48
34.3067 11697 108.153
34.4237 12288 110.851
34.5407 12566 112.098
34.6577 12806 113.164
34.7746 13047 114.223
34.8915 12686 112.632
35.0084 12795 113.115
35.1252 12281 110.82
35.242 12498 111.794
35.3587 12200 110.454
35.4755 11840 108.812
35.5921 11898 109.078
35.7088 11510 107.285
35.8254 11579 107.606
35.9419 11291 106.259
36.0584 11455 107.028
36.1749 11155 105.617
36.2913 11421 106.869
36.4077 11582 107.62
36.524 12154 110.245
36.6403 12456 111.606
36.7565 12475 111.692
36.8727 12858 113.393
36.9889 12990 113.974
37.1049 12950 113.798
37.221 0 1
37.3369 0 1
37.4529 0 1
37.5687 0 1
37.6845 0 1
37.8003 0 1
37.916 0 1
38.0316 0 1
38.1472 0 1
40.5851 0 1
40.7008 0 1
40.8164 0 1
40.9322 0 1
41.048 0 1
41.1639 0 1
41.2798 0 1
41.3958 0 1
41.5118 0 1
41.6279 0 1
41.744 9266 96.2601
41.8602 10167 100.832
41.9765 10335 101.661
42.0928 10817 104.005
42.2091 11019 104.971
42.3255 10927 104.532
42.4419 10773 103.793
42.5584 10846 104.144
42.675 10532 102.626
42.7915 10038 100.19
42.9081 9243 96.1405
43.0248 8934 94.5198
43.1415 9157 95.6922
43.2582 9795 98.9697
43.375 9952 99.7597
43.4918 10043 100.215
43.6087 10449 102.22
43.7256 10245 101.218
43.8425 9840 99.1968
43.9595 9661 98.2904
44.0765 9499 97.4628
44.1935 9452 97.2214
44.3106 9266 96.2601
44.4277 8829 93.9628
44.5448 8527 92.3418
44.6619 8389 91.5915
44.7791 7977 89.3141
44.8963 7867 88.6961
45.0136 7682 87.647
45.1308 7642 87.4185
45.2481 7919 88.9888
45.3654 7829 88.4816
45.4827 8190 90.4986
45.6001 8470 92.0326
45.7174 8471 92.038
45.8348 8343 91.34
45.9522 8359 91.4276
46.0697 8477 92.0706
46.1871 8206 90.587
46.3046 7966 89.2525
46.422 7448 86.3018
46.5395 6862 82.8372
46.657 6932 83.2586
46.7745 7055 83.994
46.892 7499 86.5968
47.0096 7569 87
47.1271 7650 87.4643
47.2446 7684 87.6584
47.3622 7680 87.6356
47.4797 7506 86.6372
47.5973 7570 87.0057
47.7149 7205 84.8823
47.8324 7108 84.309
47.95 6896 83.0422
48.0675 6684 81.7557
48.1851 6677 81.7129
48.3027 6500 80.6226
48.4202 6267 79.1644
48.5378 6158 78.4729
48.6554 6360 79.7496
48.7729 6322 79.511
48.8904 6414 80.0875
49.008 6664 81.6333
49.1255 7056 84
49.243 7224 84.9941
49.3605 7343 85.6913
49.478 7503 86.6199
49.5955 7434 86.2206
49.713 7382 85.9186
49.8304 7107 84.303
49.9479 6746 82.134
50.0653 6194 78.702
50.1827 6123 78.2496
50.3001 6557 80.9753
50.4175 6819 82.5772
50.5348 7278 85.3112
50.6521 7590 87.1206
50.7694 7860 88.6566
50.8867 8035 89.6382
51.004 8163 90.3493
51.1212 8235 90.7469
51.2384 8130 90.1665
51.3556 8249 90.824
51.4727 8276 90.9725
51.5899 8336 91.3017
51.707 8343 91.34
51.824 8025 89.5824
51.9411 8089 89.9389
52.0581 8051 89.7274
52.175 8043 89.6828
52.2919 8399 91.6461
52.4088 8687 93.2041
52.5257 9126 95.5301
52.6425 9575 97.8519
52.7593 9833 99.1615
52.876 10108 100.539
52.9927 10089 100.444
53.1094 10307 101.523
53.226 10477 102.357
53.3426 10243 101.208
53.4591 10015 100.075
53.5756 9574 97.8468
53.692 8716 93.3595
53.8084 8632 92.9086
53.9248 9046 95.1105
54.0411 9648 98.2242
54.1573 10041 100.205
54.2735 0 1
54.3896 0 1
54.5057 0 1
54.6217 0 1
54.7377 0 1
54.8537 0 1
54.9695 0 1
55.0853 0 1
55.2011 0 1
55.3168 0 1
55.4324 0 1
57.824 0 1
57.9396 0 1
58.0553 0 1
58.1711 0 1
58.2869 0 1
58.4028 0 1
58.5187 0 1
58.6347 0 1
58.7508 0 1
58.8669 0 1
58.983 10056 100.28
59.0992 10943 104.609
59.2155 11636 107.87
59.3318 12178 110.354
59.4482 12700 112.694
59.5646 12799 113.133
59.681 12985 113.952
59.7975 13190 114.848
59.9141 12766 112.987
60.0306 12660 112.517
60.1473 12477 111.7
60.2639 12214 110.517
60.3807 12271 110.775
60.4974 11669 108.023
60.6142 11336 106.471
60.731 11227 105.958
60.8479 10791 103.88
60.9648 10821 104.024
61.0818 11135 105.523
61.1987 11389 106.719
61.3158 11800 108.628
61.4328 12387 111.297
61.5499 12602 112.259
61.667 12494 111.777
61.7841 12558 112.062
61.9013 12301 110.91
62.0185 12197 110.44
62.1357 11167 105.674
62.253 10722 103.547
62.3702 10306 101.518
62.4875 10502 102.479
62.6049 10831 104.072
62.7222 11281 106.212
62.8396 11963 109.375
62.9569 12159 110.268
63.0743 12324 111.014
63.1918 12587 112.192
63.3092 12706 112.721
63.4267 12442 111.544
63.5441 12000 109.545
63.6616 11992 109.508
63.7791 11669 108.023
63.8966 11524 107.35
64.0142 10996 104.862
64.1317 10797 103.909
64.2492 10136 100.678
64.3668 10079 100.394
64.4843 10251 101.247
64.6019 10240 101.193
64.7195 10756 103.711
64.837 11144 105.565
64.9546 11566 107.545
65.0722 12002 109.554
65.1898 11947 109.302
65.3074 12373 111.234
65.4249 12103 110.014
65.5425 11688 108.111
65.6601 11168 105.679
65.7777 10444 102.196
65.8952 9879 99.3932
66.0128 9615 98.0561
66.1304 10083 100.414
66.2479 10683 103.359
66.3655 11147 105.579
66.483 11627 107.829
66.6005 11639 107.884
66.718 12149 110.223
66.8355 12219 110.54
66.953 12259 110.72
67.0705 12054 109.791
67.1879 11901 109.092
67.3054 11724 108.277
67.4228 11584 107.629
67.5402 11166 105.669
67.6576 11052 105.128
67.7749 10261 101.297
67.8923 9960 99.7998
68.0096 9732 98.6509
68.1269 9782 98.904
68.2442 10402 101.99
68.3614 10592 102.917
68.4787 11039 105.067
68.5958 11574 107.583
68.713 11899 109.083
68.8302 12469 111.665
68.9473 12281 110.82
69.0643 12403 111.369
69.1814 12138 110.173
69.2984 11855 108.881
69.4154 11115 105.428
69.5323 10123 100.613
69.6492 9894 99.4686
69.7661 10249 101.237
69.8829 10717 103.523
69.9997 11448 106.995
70.1165 12126 110.118
70.2332 12718 112.774
70.3499 12976 113.912
70.4665 13160 114.717
70.5831 12969 113.882
70.6996 13323 115.425
70.8161 12748 112.907
70.9326 12754 112.934
71.049 12365 111.198
71.1653 12089 109.95
71.2817 11880 108.995
71.3979 11239 106.014
71.5141 10664 103.267
71.6303 9876 99.3781
71.7464 8947 94.5886
71.8624 0 1
71.9784 0 1
72.0944 0 1
72.2102 0 1
72.3261 0 1
72.4418 0 1
72.5575 0 1
72.6732 0 1
75.1054 0 1
75.2209 0 1
75.3365 0 1
75.4521 0 1
75.5678 0 1
75.6835 0 1
75.7993 0 1
75.9151 0 1
76.031 0 1
76.147 11546 107.452
76.263 12171 110.322
76.3791 12246 110.662
76.4952 11566 107.545
76.6113 11326 106.424
76.7276 10862 104.221
76.8438 10196 100.975
76.9601 10238 101.183
77.0765 10598 102.947
77.1929 11204 105.849
77.3093 11725 108.282
77.4258 12492 111.768
77.5423 12971 113.89
77.6589 13053 114.25
77.7755 13012 114.07
77.8921 13050 114.237
78.0088 12654 112.49
78.1256 11811 108.678
78.2423 11076 105.243
78.3591 10251 101.247
78.4759 9660 98.2853
78.5928 9653 98.2497
78.7097 10469 102.318
78.8266 10974 104.757
78.9436 12217 110.531
79.0606 12648 112.463
79.1776 12615 112.317
79.2946 13162 114.726
79.4117 13039 114.188
79.5288 13189 114.843
79.6459 13004 114.035
79.7631 12709 112.734
79.8802 12500 111.803
79.9974 12158 110.263
80.1147 12138 110.173
80.2319 11343 106.504
80.3491 10680 103.344
80.4664 10102 100.509
80.5837 9971 99.8549
80.701 10287 101.425
80.8183 10935 104.571
80.9357 11602 107.713
81.053 12445 111.557
81.1704 12868 113.437
81.2877 13023 114.118
81.4051 12954 113.816
81.5225 12973 113.899
81.6399 12746 112.898
81.7573 12372 111.229
81.8747 11233 105.986
81.9922 10406 102.01
82.1096 9593 97.9439
82.227 9788 98.9343
82.3444 10489 102.416
82.4619 11686 108.102
82.5793 12287 110.847
82.6967 12096 109.982
82.8142 12801 113.142
82.9316 12992 113.982
83.049 12898 113.569
83.1664 13151 114.678
83.2838 12931 113.715
83.4012 13130 114.586
83.5186 12733 112.841
83.636 12241 110.639
83.7534 11960 109.362
83.8708 11837 108.798
83.9881 11008 104.919
84.1055 10208 101.035
84.2228 10134 100.668
84.3401 10321 101.592
84.4575 10915 104.475
84.5747 11683 108.088
84.692 12421 111.45
84.8093 13035 114.171
84.9265 13379 115.668
85.0437 13382 115.681
85.1609 13188 114.839
85.2781 12925 113.688
85.3952 11868 108.94
85.5123 11108 105.394
85.6294 10490 102.421
85.7465 10088 100.439
85.8636 10426 102.108
85.9806 11126 105.48
86.0976 12272 110.779
86.2145 13055 114.258
86.3315 13158 114.708
86.4484 13704 117.064
86.5652 13728 117.167
86.682 13849 117.682
86.7988 14078 118.651
86.9156 13780 117.388
87.0323 13687 116.991
87.149 13247 115.096
87.2657 13245 115.087
87.3823 12959 113.838
87.4988 12424 111.463
87.6154 11191 105.788
87.7318 11000 104.881
87.8483 10799 103.918
87.9647 11664 108
88.081 12324 111.014
88.1973 13439 115.927
88.3136 13692 117.013
88.4298 14068 118.609
88.546 14109 118.781
88.6621 13897 117.886
88.7781 13598 116.61
88.8942 0 1
89.0101 0 1
89.126 0 1
89.2419 0 1
89.3577 0 1
89.4734 0 1
89.5891 0 1
89.7047 0 1
89.8203 0 1
89.9358 0 1
92.3269 0 1
92.4424 0 1
92.558 0 1
92.6736 0 1
92.7893 0 1
92.905 0 1
93.0208 0 1
93.1366 0 1
93.2525 0 1
93.3685 0 1
93.4845 0 1
93.6005 13179 114.8
93.7167 13326 115.438
93.8328 13483 116.116
93.949 13126 114.569
94.0653 12802 113.146
94.1816 12012 109.599
94.2979 11374 106.649
94.4143 10982 104.795
94.5307 10792 103.885
94.6472 10727 103.571
94.7637 11399 106.766
94.8803 11984 109.471
94.9969 12823 113.239
95.1135 13329 115.451
95.2302 13407 115.789
95.3469 13667 116.906
95.4637 13998 118.313
95.5805 13825 117.58
95.6973 14244 119.348
95.8142 14029 118.444
95.9311 13935 118.047
96.048 13747 117.248
96.1649 13319 115.408
96.2819 12945 113.776
96.3989 12576 112.143
96.516 11747 108.384
96.633 11072 105.224
96.7501 11060 105.167
96.8673 11189 105.778
96.9844 11900 109.087
97.1016 12507 111.835
97.2188 13418 115.836
97.336 13898 117.89
97.4532 13927 118.013
97.5704 13699 117.043
97.6877 13438 115.922
97.805 12842 113.323
97.9223 12081 109.914
98.0396 11237 106.005
98.1569 10866 104.24
98.2743 10297 101.474
98.3916 10693 103.407
98.509 11640 107.889
98.6264 11939 109.266
98.7438 12720 112.783
98.8612 13202 114.9
98.9786 13533 116.331
99.096 13622 116.713
99.2134 13928 118.017
99.3308 13759 117.299
99.4482 13842 117.652
99.5656 13465 116.039
99.6831 13363 115.598
99.8005 13030 114.149
99.9179 12854 113.375
100.035 12118 110.082
100.153 11367 106.616
100.27 10960 104.69
100.388 10803 103.937
100.505 11357 106.569
100.622 12177 110.349
100.74 12763 112.973
100.857 13349 115.538
100.975 13781 117.393
101.092 13429 115.884
101.209 13650 116.833
101.327 13424 115.862
101.444 12616 112.321
101.561 11751 108.402
101.679 11217 105.91
101.796 10703 103.455
101.913 10683 103.359
102.03 11330 106.442
102.148 12247 110.666
102.265 11958 109.353
102.382 14233 119.302
102.499 13854 117.703
102.616 13892 117.864
102.733 14073 118.63
102.851 14161 119
102.968 14635 120.975
103.085 14629 120.95
103.202 14067 118.604
103.319 14149 118.95
103.436 13594 116.593
103.552 13025 114.127
103.669 12259 110.72
103.786 11628 107.833
103.903 11396 106.752
104.02 12169 110.313
104.137 12943 113.767
104.253 13908 117.932
104.37 14590 120.789
104.487 14747 121.437
104.603 14642 121.004
104.72 14371 119.879
104.836 14017 118.393
104.953 13232 115.03
105.069 12418 111.436
105.186 11729 108.301
105.302 11460 107.051
105.418 11683 108.088
105.535 12296 110.887
105.651 13007 114.048
105.767 13662 116.885
105.883 13793 117.444
105.999 14326 119.691
106.115 0 1
106.231 0 1
106.347 0 1
106.463 0 1
106.579 0 1
106.694 0 1
106.81 0 1
106.926 0 1
107.041 0 1
107.157 0 1
109.576 0 1
109.692 0 1
109.807 0 1
109.923 0 1
110.039 0 1
110.155 0 1
110.27 0 1
110.386 0 1
110.502 0 1
110.618 10923 104.513
110.735 11733 108.319
110.851 12276 110.797
110.967 12535 111.96
111.083 12804 113.155
111.199 13052 114.245
111.316 13058 114.272
111.432 13052 114.245
111.549 12966 113.868
111.665 12672 112.57
111.782 12726 112.81
111.898 11934 109.243
112.015 11326 106.424
112.132 10657 103.233
112.248 9906 99.5289
112.365 9629 98.1275
112.482 10639 103.146
112.599 10949 104.637
112.716 11790 108.582
112.832 12044 109.745
112.949 11991 109.503
113.066 11926 109.206
113.183 11674 108.046
113.3 11380 106.677
113.417 10713 103.504
113.534 9881 99.4032
113.652 9255 96.2029
113.769 8984 94.784
113.886 8853 94.0904
114.003 9018 94.9632
114.12 9713 98.5546
114.238 10042 100.21
114.355 10244 101.213
114.472 10699 103.436
114.589 10414 102.049
114.707 10532 102.626
114.824 10553 102.728
114.942 10591 102.913
115.059 10532 102.626
115.176 10290 101.44
115.294 10253 101.257
115.411 9638 98.1733
115.529 9247 96.1613
115.646 8595 92.7092
115.764 8124 90.1332
115.881 7885 88.7975
115.999 8074 89.8554
116.116 8397 91.6351
116.234 8886 94.2656
116.351 9060 95.184
116.469 8930 94.4987
116.586 9087 95.3258
116.704 9132 95.5615
116.821 8726 93.4131
116.939 8195 90.5262
117.056 7798 88.3063
117.174 7382 85.9186
117.291 7146 84.534
117.409 6908 83.1144
117.526 7025 83.8153
117.644 7341 85.6796
117.761 7705 87.7781
117.879 8003 89.4595
117.996 8297 91.0879
118.114 8521 92.3093
118.231 8602 92.747
118.349 8710 93.3274
118.466 8776 93.6803
118.584 8747 93.5254
118.701 8681 93.1719
118.819 8618 92.8332
118.936 8602 92.747
119.053 8503 92.2117
119.171 8230 90.7193
119.288 7785 88.2326
119.405 7247 85.1293
119.523 7407 86.0639
119.64 7594 87.1436
119.757 8111 90.0611
119.875 8624 92.8655
119.992 8901 94.3451
120.109 9161 95.7131
120.226 8898 94.3292
120.343 9331 96.5971
120.46 9115 95.4725
120.578 8766 93.6269
120.695 8390 91.5969
120.812 8044 89.6883
120.929 7787 88.244
121.046 7499 86.5968
121.163 7690 87.6926
121.279 8024 89.5768
121.396 8298 91.0934
121.513 8851 94.0798
121.63 9115 95.4725
121.747 9755 98.7674
121.863 9652 98.2446
121.98 9929 99.6444
122.097 10139 100.693
122.213 10189 100.941
122.33 10194 100.965
122.446 10237 101.178
122.563 10322 101.597
122.679 10168 100.837
122.795 9741 98.6965
122.912 9745 98.7168
123.028 9103 95.4096
123.144 8701 93.2792
123.26 8482 92.0978
123.377 0 1
123.493 0 1
123.609 0 1
123.725 0 1
123.84 0 1
123.956 0 1
124.072 0 1
124.188 0 1
124.303 0 1
124.419 0 1
126.852 0 1
126.968 0 1
127.083 0 1
127.199 0 1
127.315 0 1
127.431 0 1
127.547 0 1
127.663 0 1
127.779 0 1
127.895 0 1
128.011 0 1
128.127 0 1
128.243 0 1
128.359 10525 102.591
128.476 10020 100.1
128.592 10398 101.971
128.708 11041 105.076
128.825 11696 108.148
128.941 12042 109.736
129.058 12224 110.562
129.174 12172 110.327
129.291 12124 110.109
129.408 12154 110.245
129.524 11513 107.299
129.641 10864 104.231
129.758 10379 101.877
129.875 10005 100.025
129.992 9691 98.4429
130.108 9404 96.9742
130.225 9796 98.9747
130.342 10197 100.98
130.459 10513 102.533
130.576 10530 102.616
130.693 10897 104.389
130.81 10998 104.871
130.928 11049 105.114
131.045 11209 105.873
131.162 11020 104.976
131.279 11379 106.672
131.396 11023 104.99
131.513 11075 105.238
131.631 10740 103.634
131.748 10496 102.45
131.865 9621 98.0867
131.983 9010 94.921
132.1 9344 96.6644
132.217 9773 98.8585
132.335 10220 101.094
132.452 10624 103.073
132.57 10563 102.776
132.687 10195 100.97
132.804 10954 104.661
132.922 10327 101.622
133.039 10109 100.544
133.157 9563 97.7906
133.274 9168 95.7497
133.392 8820 93.9149
133.509 8242 90.7855
133.627 8251 90.835
133.744 8220 90.6642
133.862 8391 91.6024
133.979 8700 93.2738
134.097 8816 93.8936
134.214 9044 95.0999
134.332 8823 93.9308
134.449 8921 94.451
134.567 9028 95.0158
134.684 9097 95.3782
134.802 9000 94.8683
134.919 9036 95.0579
135.037 8865 94.1541
135.154 8408 91.6951
135.272 8160 90.3327
135.389 7940 89.1067
135.507 7128 84.4275
135.624 7219 84.9647
135.742 7275 85.2936
135.859 7742 87.9886
135.977 8054 89.7441
136.094 7967 89.2581
136.211 7943 89.1235
136.329 8036 89.6437
136.446 7837 88.5268
136.564 7760 88.0909
136.681 7273 85.2819
136.798 7130 84.4393
136.915 6871 82.8915
137.033 6617 81.3449
137.15 6432 80.1998
137.267 6291 79.3158
137.384 6496 80.5978
137.502 6677 81.7129
137.619 6851 82.7708
137.736 7025 83.8153
137.853 6997 83.6481
137.97 7317 85.5395
138.087 7270 85.2643
138.204 7607 87.2181
138.321 7690 87.6926
138.438 7729 87.9147
138.555 8007 89.4818
138.672 8104 90.0222
138.788 7875 88.7412
138.905 7875 88.7412
139.022 7451 86.3192
139.139 7316 85.5336
139.255 7292 85.3932
139.372 7581 87.0689
139.488 8351 91.3838
139.605 8690 93.2202
139.721 8967 94.6942
139.838 8856 94.1063
139.954 9083 95.3048
140.071 8938 94.541
140.187 9031 95.0316
140.303 8526 92.3363
140.419 8476 92.0652
140.535 8273 90.956
140.652 7893 88.8426
140.768 0 1
140.884 0 1
141 0 1
141.115 0 1
141.231 0 1
141.347 0 1
141.463 0 1
141.578 0 1
141.694 0 1
144.104 0 1
144.219 0 1
144.335 0 1
144.45 0 1
144.566 0 1
144.682 0 1
144.798 0 1
144.914 0 1
145.03 0 1
145.146 7634 87.3728
145.262 7667 87.5614
145.378 7524 86.741
145.494 7191 84.7998
145.61 6823 82.6015
145.726 6660 81.6088
145.842 6554 80.9568
145.959 6291 79.3158
146.075 6498 80.6102
146.192 6579 81.111
146.308 6546 80.9074
146.425 6542 80.8826
146.541 6775 82.3104
146.658 6772 82.2922
146.774 6569 81.0494
146.891 6743 82.1158
147.008 6639 81.4801
147.125 6881 82.9518
147.241 6619 81.3572
147.358 6657 81.5904
147.475 6553 80.9506
147.592 6228 78.9177
147.709 5997 77.4403
147.826 5699 75.4917
147.943 5778 76.0132
148.06 6026 77.6273
148.177 6174 78.5748
148.294 6333 79.5801
148.411 6228 78.9177
148.528 6245 79.0253
148.645 6196 78.7147
148.762 6135 78.3262
148.88 5893 76.7659
148.997 5990 77.3951
149.114 5204 72.1388
149.231 5340 73.0753
149.349 5184 72
149.466 5048 71.0493
149.583 4989 70.6329
149.701 5025 70.8872
149.818 5113 71.5052
149.935 5222 72.2634
150.053 5367 73.2598
150.17 5365 73.2462
150.287 5443 73.7767
150.405 5581 74.7061
150.522 5509 74.2226
150.64 5587 74.7462
150.757 5585 74.7329
150.875 5743 75.7826
150.992 5703 75.5182
151.11 5615 74.9333
151.227 5544 74.458
151.344 5244 72.4155
151.462 5226 72.2911
151.579 5307 72.8492
151.697 5657 75.213
151.814 5747 75.809
151.932 5965 77.2334
152.049 6098 78.0897
152.167 6182 78.6257
152.284 6034 77.6788
152.402 6208 78.7909
152.519 6119 78.224
152.636 6024 77.6144
152.754 6006 77.4984
152.871 5692 75.4453
152.989 5604 74.8599
153.106 5470 73.9594
153.223 5466 73.9324
153.341 5770 75.9605
153.458 5853 76.5049
153.575 5805 76.1906
153.693 6141 78.3645
153.81 6172 78.5621
153.927 6272 79.196
154.044 6313 79.4544
154.162 6279 79.2401
154.279 6420 80.1249
154.396 6526 80.7837
154.513 6819 82.5772
154.63 6949 83.3607
154.747 6917 83.1685
154.864 6716 81.9512
154.981 6530 80.8084
155.098 6691 81.7985
155.215 6734 82.061
155.332 6928 83.2346
155.449 7105 84.2912
155.566 7488 86.5332
155.683 7555 86.9195
155.8 7381 85.9127
155.917 7439 86.2496
156.033 7535 86.8044
156.15 0 1
156.267 0 1
156.383 0 1
156.5 0 1
156.617 0 1
156.733 0 1
156.85 0 1
156.966 0 1
157.082 0 1
157.199 0 1
157.315 0 1
157.431 0 1
157.547 0 1
157.664 0 1
157.78 0 1
157.896 0 1
158.012 0 1
158.128 0 1
158.244 0 1
158.359 0 1
158.475 0 1
158.591 0 1
158.706 0 1
