
6.15755 0 1
6.2731 0 1
6.3887 0 1
6.50437 0 1
6.62009 0 1
6.73587 0 1
6.8517 0 1
6.96759 0 1
7.08353 0 1
7.19952 0 1
7.31557 0 1
7.43166 0 1
7.54781 0 1
7.664 0 1
7.78024 0 1
7.89653 0 1
8.01286 0 1
8.12924 0 1
8.24567 0 1
8.36213 0 1
8.47864 0 1
8.59519 0 1
8.71178 0 1
8.82841 0 1
8.94508 0 1
9.06179 0 1
9.17853 0 1
9.29531 0 1
9.41212 0 1
9.52897 0 1
9.64584 0 1
9.76276 0 1
9.8797 0 1
9.99667 0 1
10.1137 0 1
10.2307 0 1
10.3478 0 1
10.4648 0 1
10.5819 0 1
10.6991 0 1
10.8162 0 1
10.9334 0 1
11.0506 0 1
11.1678 0 1
11.285 0 1
11.4023 0 1
11.5196 0 1
11.6369 0 1
11.7542 0 1
11.8715 0 1
11.9888 0 1
12.1062 0 1
12.2235 0 1
12.3409 0 1
12.4582 0 1
12.5756 0 1
12.693 0 1
12.8104 0 1
12.9278 0 1
13.0452 0 1
13.1626 0 1
13.28 0 1
13.3974 0 1
13.5149 0 1
13.6323 0 1
13.7497 0 1
13.8671 0 1
13.9845 0 1
14.1019 0 1
14.2193 0 1
14.3367 0 1
14.4541 0 1
14.5714 0 1
14.6888 0 1
14.8062 0 1
14.9235 0 1
15.0408 1304 36.1109
15.1581 1285 35.8469
15.2755 1353 36.7831
15.3927 1324 36.3868
15.51 1376 37.0945
15.6273 1349 36.7287
15.7445 1265 35.5668
15.8617 1370 37.0135
15.9789 1354 36.7967
16.0961 1342 36.6333
16.2132 1373 37.054
16.3304 1392 37.3095
16.4475 1411 37.5633
16.5646 1420 37.6829
16.6816 1549 39.3573
16.7986 1566 39.5727
16.9156 1583 39.7869
17.0326 1581 39.7618
17.1496 1661 40.7554
17.2665 1622 40.2741
17.3833 1575 39.6863
17.5002 1523 39.0256
17.617 1467 38.3014
17.7338 1494 38.6523
17.8505 1373 37.054
17.9672 1384 37.2022
18.0839 1444 38
18.2005 1411 37.5633
18.3171 1481 38.4838
18.4337 1482 38.4968
18.5502 1509 38.8458
18.6666 1546 39.3192
18.7831 1596 39.95
18.8994 1535 39.1791
19.0158 1531 39.128
19.1321 1549 39.3573
19.2483 1462 38.2361
19.3645 1398 37.3898
19.4806 1247 35.3129
19.5967 1225 35
19.7128 1158 34.0294
19.8288 1104 33.2265
19.9447 979 31.289
20.0606 0 1
20.1764 0 1
20.2922 0 1
20.4079 0 1
20.5236 0 1
20.6392 0 1
20.7548 0 1
20.8702 0 1
23.3078 0 1
23.4233 0 1
23.539 0 1
23.6547 0 1
23.7704 0 1
23.8862 0 1
24.0021 0 1
24.118 0 1
24.234 0 1
24.35 0 1
24.4661 661 25.7099
24.5822 799 28.2666
24.6984 917 30.282
24.8146 963 31.0322
24.9309 1039 32.2335
25.0472 1140 33.7639
25.1636 1247 35.3129
25.28 1403 37.4566
25.3965 1490 38.6005
25.513 1593 39.9124
25.6296 1644 40.5463
25.7462 1697 41.1947
25.8628 1702 41.2553
25.9795 1778 42.1663
26.0962 1696 41.1825
26.213 1635 40.4351
26.3298 1592 39.8999
26.4466 1481 38.4838
26.5635 1446 38.0263
26.6804 1510 38.8587
26.7973 1504 38.7814
26.9143 1576 39.6989
27.0313 1565 39.5601
27.1483 1661 40.7554
27.2653 1623 40.2865
27.3824 1688 41.0853
27.4996 1616 40.1995
27.6167 1619 40.2368
27.7339 1559 39.4842
27.8511 1477 38.4318
27.9683 1455 38.1445
28.0855 1469 38.3275
28.2028 1469 38.3275
28.3201 1358 36.8511
28.4374 1465 38.2753
28.5547 1340 36.606
28.6721 1374 37.0675
28.7894 1527 39.0768
28.9068 1501 38.7427
29.0242 1571 39.6358
29.1416 1636 40.4475
29.259 1700 41.2311
29.3764 1749 41.821
29.4939 1607 40.0874
29.6113 1670 40.8656
29.7288 1600 40
29.8463 1446 38.0263
29.9638 1470 38.3406
30.0812 1364 36.9324
30.1987 1330 36.4692
30.3162 1437 37.9078
30.4337 1430 37.8153
30.5512 1531 39.128
30.6687 1541 39.2556
30.7862 1613 40.1622
30.9037 1566 39.5727
31.0212 1497 38.6911
31.1387 1566 39.5727
31.2562 1540 39.2428
31.3737 1567 39.5854
31.4912 1470 38.3406
31.6087 1458 38.1838
31.7262 1410 37.55
31.8436 1341 36.6197
31.9611 1327 36.428
32.0785 1399 37.4032
32.1959 1305 36.1248
32.3134 1463 38.2492
32.4308 1503 38.7685
32.5482 1574 39.6737
32.6655 1605 40.0625
32.7829 1606 40.0749
32.9002 1579 39.7366
33.0176 1677 40.9512
33.1349 1616 40.1995
33.2522 1601 40.0125
33.3694 1533 39.1535
33.4867 1379 37.1349
33.6039 1334 36.524
33.7211 1295 35.9861
33.8383 1246 35.2987
33.9554 1337 36.565
34.0725 1410 37.55
34.1896 1368 36.9865
34.3067 1427 37.7757
34.4237 1487 38.5616
34.5407 1477 38.4318
34.6577 1441 37.9605
34.7746 1454 38.1314
34.8915 1536 39.1918
35.0084 1469 38.3275
35.1252 1417 37.6431
35.242 1459 38.1969
35.3587 1336 36.5513
35.4755 1366 36.9594
35.5921 1296 36
35.7088 1268 35.609
35.8254 1274 35.6931
35.9419 1321 36.3456
36.0584 1254 35.4119
36.1749 1359 36.8646
36.2913 1378 37.1214
36.4077 1432 37.8418
36.524 1366 36.9594
36.6403 1398 37.3898
36.7565 1270 35.6371
36.8727 1193 34.5398
36.9889 1153 33.9559
37.1049 1007 31.7333
37.221 0 1
37.3369 0 1
37.4529 0 1
37.5687 0 1
37.6845 0 1
37.8003 0 1
37.916 0 1
38.0316 0 1
38.1472 0 1
40.5851 0 1
40.7008 0 1
40.8164 0 1
40.9322 0 1
41.048 0 1
41.1639 0 1
41.2798 0 1
41.3958 0 1
41.5118 0 1
41.6279 0 1
41.744 704 26.533
41.8602 767 27.6948
41.9765 884 29.7321
42.0928 914 30.2324
42.2091 897 29.95
42.3255 877 29.6142
42.4419 909 30.1496
42.5584 882 29.6985
42.675 970 31.1448
42.7915 1092 33.0454
42.9081 1150 33.9116
43.0248 1126 33.5559
43.1415 1162 34.0881
43.2582 1221 34.9428
43.375 1271 35.6511
43.4918 1178 34.322
43.6087 1250 35.3553
43.7256 1214 34.8425
43.8425 1146 33.8526
43.9595 1162 34.0881
44.0765 1104 33.2265
44.1935 1144 33.8231
44.3106 1160 34.0588
44.4277 1062 32.5883
44.5448 1047 32.3574
44.6619 995 31.5436
44.7791 1063 32.6037
44.8963 1169 34.1906
45.0136 1241 35.2278
45.1308 1229 35.0571
45.2481 1301 36.0694
45.3654 1247 35.3129
45.4827 1320 36.3318
45.6001 1217 34.8855
45.7174 1258 35.4683
45.8348 1160 34.0588
45.9522 1091 33.0303
46.0697 993 31.5119
46.1871 1032 32.1248
46.3046 1064 32.619
46.422 1094 33.0757
46.5395 1138 33.7343
46.657 1210 34.7851
46.7745 1232 35.0999
46.892 1201 34.6554
47.0096 1289 35.9026
47.1271 1267 35.5949
47.2446 1221 34.9428
47.3622 1303 36.0971
47.4797 1250 35.3553
47.5973 1264 35.5528
47.7149 1167 34.1614
47.8324 1170 34.2053
47.95 1084 32.9242
48.0675 1012 31.8119
48.1851 1089 33
48.3027 1102 33.1964
48.4202 1116 33.4066
48.5378 1213 34.8281
48.6554 1244 35.2704
48.7729 1290 35.9166
48.8904 1302 36.0832
49.008 1240 35.2136
49.1255 1326 36.4143
49.243 1285 35.8469
49.3605 1158 34.0294
49.478 1080 32.8634
49.5955 1045 32.3265
49.713 1021 31.9531
49.8304 959 30.9677
49.9479 1014 31.8434
50.0653 1104 33.2265
50.1827 1271 35.6511
50.3001 1230 35.0714
50.4175 1242 35.242
50.5348 1339 36.5923
50.6521 1308 36.1663
50.7694 1308 36.1663
50.8867 1279 35.7631
51.004 1244 35.2704
51.1212 1262 35.5246
51.2384 1229 35.0571
51.3556 1243 35.2562
51.4727 1263 35.5387
51.5899 1100 33.1662
51.707 1142 33.7935
51.824 1233 35.1141
51.9411 1327 36.428
52.0581 1495 38.6652
52.175 1523 39.0256
52.2919 1542 39.2683
52.4088 1498 38.704
52.5257 1575 39.6863
52.6425 1678 40.9634
52.7593 1656 40.694
52.876 1682 41.0122
52.9927 1526 39.064
53.1094 1457 38.1707
53.226 1334 36.524
53.3426 1252 35.3836
53.4591 1317 36.2905
53.5756 1361 36.8917
53.692 1350 36.7423
53.8084 1333 36.5103
53.9248 1324 36.3868
54.0411 1310 36.1939
54.1573 1231 35.0856
54.2735 0 1
54.3896 0 1
54.5057 0 1
54.6217 0 1
54.7377 0 1
54.8537 0 1
54.9695 0 1
55.0853 0 1
55.2011 0 1
55.3168 0 1
55.4324 0 1
57.824 0 1
57.9396 0 1
58.0553 0 1
58.1711 0 1
58.2869 0 1
58.4028 0 1
58.5187 0 1
58.6347 0 1
58.7508 0 1
58.8669 0 1
58.983 943 30.7083
59.0992 1089 33
59.2155 1209 34.7707
59.3318 1310 36.1939
59.4482 1418 37.6563
59.5646 1350 36.7423
59.681 1443 37.9868
59.7975 1398 37.3898
59.9141 1483 38.5097
60.0306 1388 37.2559
60.1473 1386 37.229
60.2639 1332 36.4966
60.3807 1292 35.9444
60.4974 1342 36.6333
60.6142 1408 37.5233
60.731 1504 38.7814
60.8479 1619 40.2368
60.9648 1514 38.9102
61.0818 1651 40.6325
61.1987 1554 39.4208
61.3158 1533 39.1535
61.4328 1493 38.6394
61.5499 1414 37.6032
61.667 1317 36.2905
61.7841 1254 35.4119
61.9013 1223 34.9714
62.0185 1215 34.8569
62.1357 1292 35.9444
62.253 1323 36.3731
62.3702 1456 38.1576
62.4875 1447 38.0395
62.6049 1495 38.6652
62.7222 1590 39.8748
62.8396 1498 38.704
62.9569 1633 40.4104
63.0743 1633 40.4104
63.1918 1543 39.281
63.3092 1511 38.8716
63.4267 1421 37.6962
63.5441 1482 38.4968
63.6616 1448 38.0526
63.7791 1349 36.7287
63.8966 1337 36.565
64.0142 1290 35.9166
64.1317 1359 36.8646
64.2492 1396 37.3631
64.3668 1554 39.4208
64.4843 1580 39.7492
64.6019 1566 39.5727
64.7195 1605 40.0625
64.837 1545 39.3065
64.9546 1485 38.5357
65.0722 1478 38.4448
65.1898 1413 37.5899
65.3074 1205 34.7131
65.4249 1172 34.2345
65.5425 1103 33.2114
65.6601 1146 33.8526
65.7777 1223 34.9714
65.8952 1360 36.8782
66.0128 1394 37.3363
66.1304 1427 37.7757
66.2479 1530 39.1152
66.3655 1483 38.5097
66.483 1501 38.7427
66.6005 1520 38.9872
66.718 1527 39.0768
66.8355 1539 39.2301
66.953 1471 38.3536
67.0705 1399 37.4032
67.1879 1438 37.921
67.3054 1322 36.3593
67.4228 1200 34.641
67.5402 1238 35.1852
67.6576 1220 34.9285
67.7749 1209 34.7707
67.8923 1327 36.428
68.0096 1447 38.0395
68.1269 1522 39.0128
68.2442 1476 38.4187
68.3614 1485 38.5357
68.4787 1456 38.1576
68.5958 1462 38.2361
68.713 1417 37.6431
68.8302 1382 37.1753
68.9473 1250 35.3553
69.0643 1119 33.4515
69.1814 1062 32.5883
69.2984 1089 33
69.4154 1215 34.8569
69.5323 1279 35.7631
69.6492 1337 36.565
69.7661 1396 37.3631
69.8829 1378 37.1214
69.9997 1377 37.108
70.1165 1363 36.9188
70.2332 1351 36.756
70.3499 1263 35.5387
70.4665 1195 34.5688
70.5831 1124 33.5261
70.6996 1069 32.6956
70.8161 1058 32.5269
70.9326 938 30.6268
71.049 799 28.2666
71.1653 742 27.2397
71.2817 606 24.6171
71.3979 562 23.7065
71.5141 578 24.0416
71.6303 532 23.0651
71.7464 489 22.1133
71.8624 0 1
71.9784 0 1
72.0944 0 1
72.2102 0 1
72.3261 0 1
72.4418 0 1
72.5575 0 1
72.6732 0 1
75.1054 0 1
75.2209 0 1
75.3365 0 1
75.4521 0 1
75.5678 0 1
75.6835 0 1
75.7993 0 1
75.9151 0 1
76.031 0 1
76.147 909 30.1496
76.263 917 30.282
76.3791 945 30.7409
76.4952 971 31.1609
76.6113 959 30.9677
76.7276 1052 32.4345
76.8438 1123 33.5112
76.9601 1199 34.6266
77.0765 1233 35.1141
77.1929 1319 36.318
77.3093 1219 34.9142
77.4258 1313 36.2353
77.5423 1287 35.8748
77.6589 1273 35.6791
77.7755 1144 33.8231
77.8921 983 31.3528
78.0088 979 31.289
78.1256 910 30.1662
78.2423 924 30.3974
78.3591 938 30.6268
78.4759 1064 32.619
78.5928 1129 33.6006
78.7097 1134 33.6749
78.8266 1181 34.3657
78.9436 1262 35.5246
79.0606 1237 35.171
79.1776 1267 35.5949
79.2946 1351 36.756
79.4117 1276 35.7211
79.5288 1283 35.819
79.6459 1288 35.8887
79.7631 1271 35.6511
79.8802 1127 33.5708
79.9974 1109 33.3017
80.1147 1030 32.0936
80.2319 1032 32.1248
80.3491 1019 31.9218
80.4664 1117 33.4215
80.5837 1217 34.8855
80.701 1294 35.9722
80.8183 1298 36.0278
80.9357 1303 36.0971
81.053 1340 36.606
81.1704 1378 37.1214
81.2877 1342 36.6333
81.4051 1312 36.2215
81.5225 1139 33.7491
81.6399 1060 32.5576
81.7573 1000 31.6228
81.8747 972 31.1769
81.9922 920 30.3315
82.1096 1037 32.2025
82.227 1056 32.4962
82.3444 1160 34.0588
82.4619 1200 34.641
82.5793 1248 35.327
82.6967 1298 36.0278
82.8142 1295 35.9861
82.9316 1376 37.0945
83.049 1321 36.3456
83.1664 1315 36.2629
83.2838 1363 36.9188
83.4012 1312 36.2215
83.5186 1229 35.0571
83.636 1138 33.7343
83.7534 1110 33.3167
83.8708 1031 32.1092
83.9881 1027 32.0468
84.1055 1057 32.5115
84.2228 1187 34.4529
84.3401 1329 36.4555
84.4575 1314 36.2491
84.5747 1349 36.7287
84.692 1397 37.3765
84.8093 1330 36.4692
84.9265 1309 36.1801
85.0437 1319 36.318
85.1609 1183 34.3948
85.2781 1041 32.2645
85.3952 1005 31.7017
85.5123 936 30.5941
85.6294 960 30.9839
85.7465 1014 31.8434
85.8636 1156 34
85.9806 1183 34.3948
86.0976 1243 35.2562
86.2145 1258 35.4683
86.3315 1394 37.3363
86.4484 1350 36.7423
86.5652 1331 36.4829
86.682 1341 36.6197
86.7988 1351 36.756
86.9156 1305 36.1248
87.0323 1275 35.7071
87.149 1279 35.7631
87.2657 1169 34.1906
87.3823 1074 32.7719
87.4988 961 31
87.6154 1006 31.7175
87.7318 939 30.6431
87.8483 992 31.496
87.9647 1061 32.573
88.081 1113 33.3617
88.1973 1039 32.2335
88.3136 981 31.3209
88.4298 947 30.7734
88.546 908 30.133
88.6621 844 29.0517
88.7781 672 25.923
88.8942 0 1
89.0101 0 1
89.126 0 1
89.2419 0 1
89.3577 0 1
89.4734 0 1
89.5891 0 1
89.7047 0 1
89.8203 0 1
89.9358 0 1
92.3269 0 1
92.4424 0 1
92.558 0 1
92.6736 0 1
92.7893 0 1
92.905 0 1
93.0208 0 1
93.1366 0 1
93.2525 0 1
93.3685 0 1
93.4845 0 1
93.6005 982 31.3369
93.7167 1039 32.2335
93.8328 1069 32.6956
93.949 1175 34.2783
94.0653 1232 35.0999
94.1816 1205 34.7131
94.2979 1150 33.9116
94.4143 1126 33.5559
94.5307 1082 32.8938
94.6472 981 31.3209
94.7637 992 31.496
94.8803 1084 32.9242
94.9969 1173 34.2491
95.1135 1229 35.0571
95.2302 1221 34.9428
95.3469 1345 36.6742
95.4637 1343 36.647
95.5805 1402 37.4433
95.6973 1383 37.1887
95.8142 1406 37.4967
95.9311 1392 37.3095
96.048 1300 36.0555
96.1649 1360 36.8782
96.2819 1298 36.0278
96.3989 1220 34.9285
96.516 1211 34.7994
96.633 1095 33.0908
96.7501 1081 32.8786
96.8673 1109 33.3017
96.9844 1226 35.0143
97.1016 1206 34.7275
97.2188 1331 36.4829
97.336 1390 37.2827
97.4532 1350 36.7423
97.5704 1435 37.8814
97.6877 1407 37.51
97.805 1341 36.6197
97.9223 1302 36.0832
98.0396 1195 34.5688
98.1569 1032 32.1248
98.2743 1021 31.9531
98.3916 946 30.7571
98.509 1015 31.8591
98.6264 1177 34.3074
98.7438 1326 36.4143
98.8612 1344 36.6606
98.9786 1385 37.2156
99.096 1392 37.3095
99.2134 1348 36.7151
99.3308 1433 37.855
99.4482 1525 39.0512
99.5656 1463 38.2492
99.6831 1427 37.7757
99.8005 1423 37.7227
99.9179 1360 36.8782
100.035 1312 36.2215
100.153 1258 35.4683
100.27 1196 34.5832
100.388 1214 34.8425
100.505 1252 35.3836
100.622 1317 36.2905
100.74 1392 37.3095
100.857 1451 38.092
100.975 1438 37.921
101.092 1563 39.5348
101.209 1535 39.1791
101.327 1491 38.6135
101.444 1340 36.606
101.561 1328 36.4417
101.679 1182 34.3802
101.796 1117 33.4215
101.913 1051 32.4191
102.03 1066 32.6497
102.148 1211 34.7994
102.265 1257 35.4542
102.382 1357 36.8375
102.499 1495 38.6652
102.616 1491 38.6135
102.733 1498 38.704
102.851 1617 40.2119
102.968 1542 39.2683
103.085 1527 39.0768
103.202 1563 39.5348
103.319 1498 38.704
103.436 1443 37.9868
103.552 1446 38.0263
103.669 1336 36.5513
103.786 1366 36.9594
103.903 1311 36.2077
104.02 1260 35.4965
104.137 1317 36.2905
104.253 1442 37.9737
104.37 1617 40.2119
104.487 1625 40.3113
104.603 1604 40.05
104.72 1578 39.724
104.836 1529 39.1024
104.953 1321 36.3456
105.069 1195 34.5688
105.186 1102 33.1964
105.302 977 31.257
105.418 1017 31.8904
105.535 934 30.5614
105.651 902 30.0333
105.767 1030 32.0936
105.883 1002 31.6544
105.999 918 30.2985
106.115 0 1
106.231 0 1
106.347 0 1
106.463 0 1
106.579 0 1
106.694 0 1
106.81 0 1
106.926 0 1
107.041 0 1
107.157 0 1
109.576 0 1
109.692 0 1
109.807 0 1
109.923 0 1
110.039 0 1
110.155 0 1
110.27 0 1
110.386 0 1
110.502 0 1
110.618 649 25.4755
110.735 865 29.4109
110.851 1019 31.9218
110.967 1128 33.5857
111.083 1167 34.1614
111.199 1322 36.3593
111.316 1322 36.3593
111.432 1392 37.3095
111.549 1478 38.4448
111.665 1463 38.2492
111.782 1395 37.3497
111.898 1438 37.921
112.015 1398 37.3898
112.132 1267 35.5949
112.248 1243 35.2562
112.365 1158 34.0294
112.482 1195 34.5688
112.599 1299 36.0416
112.716 1310 36.1939
112.832 1342 36.6333
112.949 1483 38.5097
113.066 1477 38.4318
113.183 1473 38.3797
113.3 1463 38.2492
113.417 1391 37.2961
113.534 1313 36.2353
113.652 1196 34.5832
113.769 1091 33.0303
113.886 1061 32.573
114.003 1027 32.0468
114.12 1058 32.5269
114.238 1176 34.2929
114.355 1223 34.9714
114.472 1278 35.7491
114.589 1427 37.7757
114.707 1431 37.8286
114.824 1420 37.6829
114.942 1468 38.3145
115.059 1476 38.4187
115.176 1531 39.128
115.294 1489 38.5876
115.411 1387 37.2424
115.529 1404 37.47
115.646 1418 37.6563
115.764 1324 36.3868
115.881 1248 35.327
115.999 1300 36.0555
116.116 1276 35.7211
116.234 1333 36.5103
116.351 1386 37.229
116.469 1441 37.9605
116.586 1513 38.8973
116.704 1583 39.7869
116.821 1441 37.9605
116.939 1497 38.6911
117.056 1431 37.8286
117.174 1274 35.6931
117.291 1202 34.6699
117.409 1145 33.8378
117.526 1057 32.5115
117.644 1028 32.0624
117.761 1065 32.6343
117.879 1192 34.5254
117.996 1277 35.7351
118.114 1241 35.2278
118.231 1416 37.6298
118.349 1420 37.6829
118.466 1403 37.4566
118.584 1405 37.4833
118.701 1442 37.9737
118.819 1430 37.8153
118.936 1342 36.6333
119.053 1358 36.8511
119.171 1322 36.3593
119.288 1245 35.2846
119.405 1248 35.327
119.523 1166 34.1467
119.64 1134 33.6749
119.757 1182 34.3802
119.875 1210 34.7851
119.992 1366 36.9594
120.109 1319 36.318
120.226 1283 35.819
120.343 1373 37.054
120.46 1315 36.2629
120.578 1348 36.7151
120.695 1350 36.7423
120.812 1248 35.327
120.929 1133 33.6601
121.046 1063 32.6037
121.163 990 31.4643
121.279 923 30.3809
121.396 936 30.5941
121.513 1029 32.078
121.63 1026 32.0312
121.747 1034 32.1559
121.863 1092 33.0454
121.98 1060 32.5576
122.097 1095 33.0908
122.213 1086 32.9545
122.33 987 31.4166
122.446 1059 32.5423
122.563 980 31.305
122.679 876 29.5973
122.795 853 29.2062
122.912 730 27.0185
123.028 696 26.3818
123.144 650 25.4951
123.26 560 23.6643
123.377 0 1
123.493 0 1
123.609 0 1
123.725 0 1
123.84 0 1
123.956 0 1
124.072 0 1
124.188 0 1
124.303 0 1
124.419 0 1
126.852 0 1
126.968 0 1
127.083 0 1
127.199 0 1
127.315 0 1
127.431 0 1
127.547 0 1
127.663 0 1
127.779 0 1
127.895 0 1
128.011 0 1
128.127 0 1
128.243 0 1
128.359 1268 35.609
128.476 1230 35.0714
128.592 1246 35.2987
128.708 1298 36.0278
128.825 1370 37.0135
128.941 1285 35.8469
129.058 1338 36.5787
129.174 1462 38.2361
129.291 1492 38.6264
129.408 1515 38.923
129.524 1442 37.9737
129.641 1431 37.8286
129.758 1393 37.3229
129.875 1335 36.5377
129.992 1258 35.4683
130.108 1097 33.121
130.225 1093 33.0606
130.342 1039 32.2335
130.459 1118 33.4365
130.576 1209 34.7707
130.693 1341 36.6197
130.81 1364 36.9324
130.928 1406 37.4967
131.045 1360 36.8782
131.162 1489 38.5876
131.279 1492 38.6264
131.396 1460 38.2099
131.513 1460 38.2099
131.631 1475 38.4057
131.748 1425 37.7492
131.865 1340 36.606
131.983 1257 35.4542
132.1 1311 36.2077
132.217 1278 35.7491
132.335 1331 36.4829
132.452 1334 36.524
132.57 1423 37.7227
132.687 1468 38.3145
132.804 1517 38.9487
132.922 1466 38.2884
133.039 1498 38.704
133.157 1515 38.923
133.274 1481 38.4838
133.392 1426 37.7624
133.509 1334 36.524
133.627 1229 35.0571
133.744 1126 33.5559
133.862 1105 33.2415
133.979 1115 33.3916
134.097 1279 35.7631
134.214 1282 35.805
134.332 1375 37.081
134.449 1392 37.3095
134.567 1403 37.4566
134.684 1462 38.2361
134.802 1529 39.1024
134.919 1465 38.2753
135.037 1488 38.5746
135.154 1425 37.7492
135.272 1381 37.1618
135.389 1353 36.7831
135.507 1387 37.2424
135.624 1349 36.7287
135.742 1270 35.6371
135.859 1327 36.428
135.977 1328 36.4417
136.094 1360 36.8782
136.211 1462 38.2361
136.329 1524 39.0384
136.446 1430 37.8153
136.564 1540 39.2428
136.681 1521 39
136.798 1528 39.0896
136.915 1465 38.2753
137.033 1412 37.5766
137.15 1321 36.3456
137.267 1218 34.8999
137.384 1170 34.2053
137.502 1090 33.0151
137.619 1170 34.2053
137.736 1244 35.2704
137.853 1238 35.1852
137.97 1332 36.4966
138.087 1369 37
138.204 1404 37.47
138.321 1471 38.3536
138.438 1462 38.2361
138.555 1494 38.6523
138.672 1480 38.4708
138.788 1323 36.3731
138.905 1319 36.318
139.022 1268 35.609
139.139 1223 34.9714
139.255 1106 33.2566
139.372 1159 34.0441
139.488 1000 31.6228
139.605 1009 31.7648
139.721 984 31.3688
139.838 1000 31.6228
139.954 1033 32.1403
140.071 976 31.241
140.187 939 30.6431
140.303 807 28.4077
140.419 802 28.3196
140.535 728 26.9815
140.652 638 25.2587
140.768 0 1
140.884 0 1
141 0 1
141.115 0 1
141.231 0 1
141.347 0 1
141.463 0 1
141.578 0 1
141.694 0 1
144.104 0 1
144.219 0 1
144.335 0 1
144.45 0 1
144.566 0 1
144.682 0 1
144.798 0 1
144.914 0 1
145.03 0 1
145.146 1095 33.0908
145.262 1100 33.1662
145.378 1153 33.9559
145.494 1152 33.9411
145.61 1144 33.8231
145.726 1192 34.5254
145.842 1048 32.3728
145.959 1019 31.9218
146.075 928 30.4631
146.192 952 30.8545
146.308 875 29.5804
146.425 877 29.6142
146.541 966 31.0805
146.658 1001 31.6386
146.774 1063 32.6037
146.891 1031 32.1092
147.008 1174 34.2637
147.125 1138 33.7343
147.241 1140 33.7639
147.358 1159 34.0441
147.475 1124 33.5261
147.592 1130 33.6155
147.709 1063 32.6037
147.826 1130 33.6155
147.943 947 30.7734
148.06 1013 31.8277
148.177 1000 31.6228
148.294 964 31.0483
148.411 1093 33.0606
148.528 1129 33.6006
148.645 1128 33.5857
148.762 1139 33.7491
148.88 1198 34.6121
148.997 1175 34.2783
149.114 1132 33.6452
149.231 1150 33.9116
149.349 1188 34.4674
149.466 1041 32.2645
149.583 1043 32.2955
149.701 969 31.1288
149.818 976 31.241
149.935 869 29.4788
150.053 952 30.8545
150.17 955 30.9031
150.287 987 31.4166
150.405 1038 32.218
150.522 1027 32.0468
150.64 1101 33.1813
150.757 1041 32.2645
150.875 1110 33.3167
150.992 1114 33.3766
151.11 1051 32.4191
151.227 1073 32.7567
151.344 1047 32.3574
151.462 1015 31.8591
151.579 1071 32.7261
151.697 1001 31.6386
151.814 969 31.1288
151.932 982 31.3369
152.049 976 31.241
152.167 1058 32.5269
152.284 1046 32.3419
152.402 1096 33.1059
152.519 1144 33.8231
152.636 1078 32.8329
152.754 1140 33.7639
152.871 1080 32.8634
152.989 1147 33.8674
153.106 1103 33.2114
153.223 963 31.0322
153.341 1009 31.7648
153.458 879 29.6479
153.575 838 28.9482
153.693 844 29.0517
153.81 899 29.9833
153.927 930 30.4959
154.044 963 31.0322
154.162 1022 31.9687
154.279 1009 31.7648
154.396 1038 32.218
154.513 994 31.5278
154.63 980 31.305
154.747 1021 31.9531
154.864 1023 31.9844
154.981 939 30.6431
155.098 980 31.305
155.215 949 30.8058
155.332 871 29.5127
155.449 889 29.8161
155.566 916 30.2655
155.683 934 30.5614
155.8 929 30.4795
155.917 992 31.496
156.033 1028 32.0624
156.15 0 1
156.267 0 1
156.383 0 1
156.5 0 1
156.617 0 1
156.733 0 1
156.85 0 1
156.966 0 1
157.082 0 1
157.199 0 1
157.315 0 1
157.431 0 1
157.547 0 1
157.664 0 1
157.78 0 1
157.896 0 1
158.012 0 1
158.128 0 1
158.244 0 1
158.359 0 1
158.475 0 1
158.591 0 1
158.706 0 1
