
6.15755 0 1
6.2731 0 1
6.3887 0 1
6.50437 0 1
6.62009 0 1
6.73587 0 1
6.8517 0 1
6.96759 0 1
7.08353 0 1
7.19952 0 1
7.31557 0 1
7.43166 0 1
7.54781 0 1
7.664 0 1
7.78024 0 1
7.89653 0 1
8.01286 0 1
8.12924 0 1
8.24567 0 1
8.36213 0 1
8.47864 0 1
8.59519 0 1
8.71178 0 1
8.82841 0 1
8.94508 0 1
9.06179 0 1
9.17853 0 1
9.29531 0 1
9.41212 0 1
9.52897 0 1
9.64584 0 1
9.76276 0 1
9.8797 0 1
9.99667 0 1
10.1137 0 1
10.2307 0 1
10.3478 0 1
10.4648 0 1
10.5819 0 1
10.6991 0 1
10.8162 0 1
10.9334 0 1
11.0506 0 1
11.1678 0 1
11.285 0 1
11.4023 0 1
11.5196 0 1
11.6369 0 1
11.7542 0 1
11.8715 0 1
11.9888 0 1
12.1062 0 1
12.2235 0 1
12.3409 0 1
12.4582 0 1
12.5756 0 1
12.693 0 1
12.8104 0 1
12.9278 0 1
13.0452 0 1
13.1626 0 1
13.28 0 1
13.3974 0 1
13.5149 0 1
13.6323 0 1
13.7497 0 1
13.8671 0 1
13.9845 0 1
14.1019 0 1
14.2193 0 1
14.3367 0 1
14.4541 0 1
14.5714 0 1
14.6888 0 1
14.8062 0 1
14.9235 0 1
15.0408 0 0
15.1581 0 0
15.2755 0 0
15.3927 0 0
15.51 0 0
15.6273 0 0
15.7445 0 0
15.8617 0 0
15.9789 0 0
16.0961 0 0
16.2132 0 0
16.3304 0 0
16.4475 0 0
16.5646 0 0
16.6816 0 0
16.7986 0 0
16.9156 0 0
17.0326 0 0
17.1496 0 0
17.2665 0 0
17.3833 0 0
17.5002 0 0
17.617 0 0
17.7338 0 0
17.8505 0 0
17.9672 0 0
18.0839 0 0
18.2005 0 0
18.3171 0 0
18.4337 0 0
18.5502 0 0
18.6666 0 0
18.7831 0 0
18.8994 0 0
19.0158 0 0
19.1321 0 0
19.2483 0 0
19.3645 0 0
19.4806 0 0
19.5967 0 0
19.7128 0 0
19.8288 0 0
19.9447 0 0
20.0606 0 1
20.1764 0 1
20.2922 0 1
20.4079 0 1
20.5236 0 1
20.6392 0 1
20.7548 0 1
20.8702 0 1
23.3078 0 1
23.4233 0 1
23.539 0 1
23.6547 0 1
23.7704 0 1
23.8862 0 1
24.0021 0 1
24.118 0 1
24.234 0 1
24.35 0 1
24.4661 157856 397.311
24.5822 180666 425.048
24.6984 190431 436.384
24.8146 195904 442.61
24.9309 198039 445.016
25.0472 195646 442.319
25.1636 194559 441.088
25.28 193061 439.387
25.3965 192178 438.381
25.513 189867 435.737
25.6296 190199 436.118
25.7462 189042 434.79
25.8628 186762 432.16
25.9795 184415 429.436
26.0962 181794 426.373
26.213 180862 425.279
26.3298 175462 418.882
26.4466 173960 417.085
26.5635 172522 415.358
26.6804 169351 411.523
26.7973 166748 408.348
26.9143 164702 405.835
27.0313 162509 403.124
27.1483 161811 402.257
27.2653 159534 399.417
27.3824 156089 395.081
27.4996 150917 388.48
27.6167 141033 375.544
27.7339 114406 338.24
27.8511 84254 290.265
27.9683 87009 294.973
28.0855 113102 336.306
28.2028 134331 366.512
28.3201 138241 371.808
28.4374 142253 377.164
28.5547 140909 375.378
28.6721 139857 373.975
28.7894 139705 373.771
28.9068 137383 370.652
29.0242 135711 368.39
29.1416 134025 366.094
29.259 133096 364.823
29.3764 132199 363.592
29.4939 129956 360.494
29.6113 128231 358.094
29.7288 126913 356.249
29.8463 125465 354.21
29.9638 124685 353.108
30.0812 122496 349.994
30.1987 121402 348.428
30.3162 120003 346.414
30.4337 117795 343.213
30.5512 115925 340.478
30.6687 114906 338.978
30.7862 115746 340.215
30.9037 112181 334.934
31.0212 109116 330.327
31.1387 102717 320.495
31.2562 86672 294.401
31.3737 63993 252.968
31.4912 61402 247.794
31.6087 80274 283.327
31.7262 92880 304.762
31.8436 96167 310.108
31.9611 96254 310.248
32.0785 94518 307.438
32.1959 92518 304.168
32.3134 90179 300.298
32.4308 88760 297.926
32.5482 86146 293.506
32.6655 84903 291.381
32.7829 82577 287.362
32.9002 81047 284.688
33.0176 78239 279.712
33.1349 77549 278.476
33.2522 75703 275.142
33.3694 74213 272.421
33.4867 72762 269.744
33.6039 71366 267.144
33.7211 69563 263.748
33.8383 68685 262.078
33.9554 67123 259.081
34.0725 66158 257.212
34.1896 65337 255.611
34.3067 66611 258.091
34.4237 69415 263.467
34.5407 71955 268.244
34.6577 73266 270.677
34.7746 72839 269.887
34.8915 68602 261.92
35.0084 54477 233.403
35.1252 45011 212.158
35.242 53196 230.643
35.3587 71510 267.414
35.4755 82597 287.397
35.5921 87177 295.258
35.7088 90258 300.43
35.8254 91168 301.94
35.9419 92915 304.82
36.0584 94328 307.129
36.1749 95657 309.285
36.2913 96653 310.891
36.4077 98415 313.712
36.524 99499 315.435
36.6403 100784 317.465
36.7565 103131 321.14
36.8727 104745 323.643
36.9889 104228 322.844
37.1049 104511 323.282
37.221 0 1
37.3369 0 1
37.4529 0 1
37.5687 0 1
37.6845 0 1
37.8003 0 1
37.916 0 1
38.0316 0 1
38.1472 0 1
40.5851 0 1
40.7008 0 1
40.8164 0 1
40.9322 0 1
41.048 0 1
41.1639 0 1
41.2798 0 1
41.3958 0 1
41.5118 0 1
41.6279 0 1
41.744 106278 326.003
41.8602 109318 330.633
41.9765 111136 333.371
42.0928 111080 333.287
42.2091 111945 334.582
42.3255 112958 336.092
42.4419 112917 336.031
42.5584 114359 338.17
42.675 115562 339.944
42.7915 116387 341.155
42.9081 116399 341.173
43.0248 118757 344.611
43.1415 120464 347.079
43.2582 120264 346.791
43.375 120686 347.399
43.4918 121544 348.632
43.6087 118848 344.743
43.7256 111756 334.299
43.8425 89163 298.602
43.9595 60179 245.314
44.0765 69158 262.979
44.1935 96304 310.329
44.3106 112638 335.616
44.4277 115836 340.347
44.5448 116200 340.881
44.6619 115579 339.969
44.7791 115399 339.704
44.8963 114124 337.822
45.0136 112714 335.729
45.1308 111300 333.617
45.2481 110535 332.468
45.3654 109938 331.569
45.4827 107885 328.459
45.6001 107574 327.985
45.7174 106545 326.412
45.8348 104841 323.792
45.9522 102962 320.877
46.0697 100505 317.025
46.1871 98465 313.791
46.3046 96720 310.998
46.422 95878 309.642
46.5395 94623 307.609
46.657 94991 308.206
46.7745 92903 304.8
46.892 91162 301.93
47.0096 89954 299.923
47.1271 88795 297.985
47.2446 86897 294.783
47.3622 81286 285.107
47.4797 62825 250.649
47.5973 44856 211.792
47.7149 50175 223.998
47.8324 65874 256.659
47.95 75825 275.363
48.0675 78042 279.36
48.1851 77921 279.143
48.3027 77621 278.605
48.4202 76618 276.8
48.5378 76489 276.566
48.6554 76706 276.958
48.7729 75755 275.236
48.8904 76421 276.443
49.008 76494 276.575
49.1255 77708 278.762
49.243 77365 278.146
49.3605 78336 279.886
49.478 78425 280.045
49.5955 78847 280.797
49.713 79387 281.757
49.8304 80287 283.35
49.9479 82738 287.642
50.0653 83906 289.665
50.1827 85562 292.51
50.3001 86251 293.685
50.4175 87658 296.071
50.5348 87262 295.401
50.6521 91075 301.786
50.7694 90905 301.505
50.8867 86773 294.573
51.004 73486 271.083
51.1212 57637 240.077
51.2384 55470 235.521
51.3556 70736 265.962
51.4727 87244 295.371
51.5899 95125 308.423
51.707 98179 313.335
51.824 99554 315.522
51.9411 99876 316.032
52.0581 99690 315.737
52.175 101005 317.813
52.2919 101436 318.49
52.4088 101790 319.045
52.5257 103736 322.081
52.6425 103643 321.936
52.7593 104929 323.927
52.876 104522 323.299
52.9927 105469 324.76
53.1094 104404 323.116
53.226 105494 324.798
53.3426 106566 326.444
53.4591 107227 327.455
53.5756 110220 331.994
53.692 110169 331.917
53.8084 109884 331.488
53.9248 109324 330.642
54.0411 106941 327.018
54.1573 105320 324.53
54.2735 0 1
54.3896 0 1
54.5057 0 1
54.6217 0 1
54.7377 0 1
54.8537 0 1
54.9695 0 1
55.0853 0 1
55.2011 0 1
55.3168 0 1
55.4324 0 1
57.824 0 1
57.9396 0 1
58.0553 0 1
58.1711 0 1
58.2869 0 1
58.4028 0 1
58.5187 0 1
58.6347 0 1
58.7508 0 1
58.8669 0 1
58.983 100305 316.71
59.0992 99970 316.18
59.2155 99091 314.787
59.3318 100917 317.674
59.4482 102046 319.446
59.5646 100150 316.465
59.681 96077 309.963
59.7975 86036 293.319
59.9141 72651 269.538
60.0306 65616 256.156
60.1473 69332 263.31
60.2639 78597 280.352
60.3807 86124 293.469
60.4974 89290 298.814
60.6142 89689 299.481
60.731 89734 299.556
60.8479 89984 299.973
60.9648 88701 297.827
61.0818 88350 297.237
61.1987 86857 294.715
61.3158 85719 292.778
61.4328 83362 288.725
61.5499 82948 288.007
61.667 82473 287.181
61.7841 82794 287.739
61.9013 82757 287.675
62.0185 83258 288.545
62.1357 82341 286.951
62.253 81119 284.814
62.3702 79251 281.516
62.4875 77680 278.711
62.6049 77465 278.325
62.7222 80651 283.991
62.8396 81053 284.698
62.9569 81730 285.885
63.0743 80340 283.443
63.1918 77997 279.279
63.3092 71868 268.082
63.4267 61398 247.786
63.5441 51843 227.691
63.6616 50457 224.626
63.7791 56914 238.567
63.8966 64734 254.429
64.0142 68382 261.5
64.1317 69217 263.091
64.2492 70195 264.943
64.3668 69937 264.456
64.4843 70323 265.185
64.6019 69463 263.558
64.7195 68841 262.376
64.837 67596 259.992
64.9546 66167 257.229
65.0722 65457 255.846
65.1898 65169 255.282
65.3074 66438 257.756
65.4249 65987 256.879
65.5425 66876 258.604
65.6601 67189 259.208
65.7777 65415 255.764
65.8952 62828 250.655
66.0128 61286 247.56
66.1304 63766 252.519
66.2479 66669 258.203
66.3655 69050 262.774
66.483 69250 263.154
66.6005 69788 264.174
66.718 69390 263.42
66.8355 68012 260.791
66.953 65192 255.327
67.0705 58099 241.037
67.1879 48859 221.041
67.3054 45455 213.202
67.4228 49180 221.766
67.5402 56049 236.747
67.6576 60788 246.552
67.7749 62544 250.088
67.8923 64448 253.866
68.0096 64525 254.018
68.1269 65509 255.947
68.2442 65598 256.121
68.3614 65612 256.148
68.4787 65762 256.441
68.5958 65526 255.98
68.713 65509 255.947
68.8302 66697 258.258
68.9473 67470 259.75
69.0643 68896 262.48
69.1814 69988 264.552
69.2984 69161 262.985
69.4154 67335 259.49
69.5323 65061 255.071
69.6492 66750 258.36
69.7661 71172 266.781
69.8829 75077 274.002
69.9997 77092 277.654
70.1165 76545 276.668
70.2332 75279 274.37
70.3499 73647 271.38
70.4665 75348 274.496
70.5831 75760 275.245
70.6996 74255 272.498
70.8161 69463 263.558
70.9326 64259 253.494
71.049 61219 247.425
71.1653 61283 247.554
71.2817 65198 255.339
71.3979 67315 259.451
71.5141 68982 262.644
71.6303 68214 261.178
71.7464 62427 249.854
71.8624 0 1
71.9784 0 1
72.0944 0 1
72.2102 0 1
72.3261 0 1
72.4418 0 1
72.5575 0 1
72.6732 0 1
75.1054 0 1
75.2209 0 1
75.3365 0 1
75.4521 0 1
75.5678 0 1
75.6835 0 1
75.7993 0 1
75.9151 0 1
76.031 0 1
76.147 72097 268.509
76.263 76346 276.308
76.3791 76463 276.519
76.4952 76002 275.685
76.6113 76422 276.445
76.7276 77644 278.647
76.8438 77947 279.19
76.9601 78886 280.867
77.0765 78876 280.849
77.1929 79562 282.067
77.3093 80059 282.947
77.4258 80512 283.746
77.5423 81150 284.868
77.6589 81087 284.758
77.7755 81880 286.147
77.8921 82412 287.075
78.0088 83792 289.468
78.1256 83311 288.636
78.2423 80799 284.252
78.3591 77633 278.627
78.4759 76220 276.08
78.5928 78857 280.815
78.7097 83549 289.048
78.8266 92523 304.176
78.9436 87135 295.186
79.0606 90621 301.033
79.1776 88809 298.008
79.2946 84985 291.522
79.4117 80403 283.554
79.5288 81600 285.657
79.6459 85648 292.657
79.7631 88130 296.867
79.8802 87662 296.078
79.9974 87130 295.178
80.1147 86958 294.886
80.2319 86011 293.276
80.3491 85145 291.796
80.4664 85391 292.217
80.5837 84449 290.601
80.701 85173 291.844
80.8183 84631 290.914
80.9357 85257 291.988
81.053 86825 294.661
81.1704 87175 295.254
81.2877 87862 296.415
81.4051 87665 296.083
81.5225 90433 300.721
81.6399 88640 297.725
81.7573 89511 299.184
81.8747 86392 293.925
81.9922 83332 288.673
82.1096 83534 289.022
82.227 86291 293.753
82.3444 89865 299.775
82.4619 94632 307.623
82.5793 93475 305.737
82.6967 97898 312.887
82.8142 93761 306.204
82.9316 88833 298.049
83.049 83294 288.607
83.1664 78599 280.355
83.2838 80734 284.137
83.4012 86360 293.871
83.5186 89698 299.496
83.636 89325 298.873
83.7534 90149 300.248
83.8708 89086 298.473
83.9881 88776 297.953
84.1055 88769 297.941
84.2228 86635 294.338
84.3401 86526 294.153
84.4575 87718 296.172
84.5747 88787 297.971
84.692 91337 302.22
84.8093 92959 304.892
84.9265 93862 306.369
85.0437 94186 306.897
85.1609 96003 309.844
85.2781 95253 308.631
85.3952 92998 304.956
85.5123 92255 303.735
85.6294 92102 303.483
85.7465 95946 309.752
85.8636 100825 317.53
85.9806 105160 324.284
86.0976 107728 328.219
86.2145 108532 329.442
86.3315 106324 326.074
86.4484 110400 332.265
86.5652 105401 324.655
86.682 102828 320.668
86.7988 99016 314.668
86.9156 100620 317.207
87.0323 105332 324.549
87.149 109477 330.873
87.2657 108825 329.886
87.3823 108901 330.002
87.4988 109725 331.248
87.6154 109213 330.474
87.7318 108767 329.798
87.8483 108344 329.156
87.9647 108450 329.317
88.081 110690 332.701
88.1973 113760 337.283
88.3136 115853 340.372
88.4298 115823 340.328
88.546 116829 341.803
88.6621 116742 341.675
88.7781 115212 339.429
88.8942 0 1
89.0101 0 1
89.126 0 1
89.2419 0 1
89.3577 0 1
89.4734 0 1
89.5891 0 1
89.7047 0 1
89.8203 0 1
89.9358 0 1
92.3269 0 1
92.4424 0 1
92.558 0 1
92.6736 0 1
92.7893 0 1
92.905 0 1
93.0208 0 1
93.1366 0 1
93.2525 0 1
93.3685 0 1
93.4845 0 1
93.6005 113190 336.437
93.7167 115994 340.579
93.8328 117332 342.538
93.949 117939 343.422
94.0653 118405 344.1
94.1816 118624 344.418
94.2979 116733 341.662
94.4143 114728 338.715
94.5307 114865 338.917
94.6472 114693 338.664
94.7637 116545 341.387
94.8803 122155 349.507
94.9969 125503 354.264
95.1135 127754 357.427
95.2302 127371 356.891
95.3469 128263 358.138
95.4637 127093 356.501
95.5805 125868 354.779
95.6973 122665 350.236
95.8142 119239 345.31
95.9311 114592 338.514
96.048 110747 332.787
96.1649 109544 330.974
96.2819 115412 339.723
96.3989 121394 348.416
96.516 126066 355.058
96.633 126905 356.237
96.7501 126421 355.557
96.8673 124088 352.261
96.9844 122524 350.034
97.1016 122929 350.612
97.2188 121937 349.195
97.336 124483 352.821
97.4532 125910 354.838
97.5704 126596 355.803
97.6877 127189 356.636
97.805 127259 356.734
97.9223 124829 353.311
98.0396 123415 351.305
98.1569 122947 350.638
98.2743 123654 351.645
98.3916 126385 355.507
98.509 130686 361.505
98.6264 132877 364.523
98.7438 135930 368.687
98.8612 137052 370.205
98.9786 137743 371.137
99.096 136117 368.94
99.2134 133533 365.422
99.3308 132709 364.292
99.4482 132553 364.078
99.5656 130914 361.82
99.6831 125951 354.896
99.8005 122225 349.607
99.9179 123303 351.145
100.035 130242 360.891
100.153 133395 365.233
100.27 133704 365.656
100.388 132256 363.67
100.505 131656 362.844
100.622 128449 358.398
100.74 128971 359.125
100.857 130340 361.026
100.975 132096 363.45
101.092 133478 365.346
101.209 135086 367.54
101.327 134089 366.182
101.444 132741 364.336
101.561 130972 361.901
101.679 131086 362.058
101.796 131656 362.844
101.913 134592 366.868
102.03 139770 373.858
102.148 142577 377.594
102.265 152796 390.891
102.382 141040 375.553
102.499 148149 384.901
102.616 147976 384.676
102.733 145145 380.979
102.851 143344 378.608
102.968 144162 379.687
103.085 142251 377.162
103.202 136334 369.234
103.319 130171 360.792
103.436 129051 359.237
103.552 134564 366.83
103.669 141652 376.367
103.786 144768 380.484
103.903 144323 379.899
104.02 143130 378.325
104.137 141073 375.597
104.253 144063 379.556
104.37 139759 373.844
104.487 146177 382.331
104.603 147314 383.815
104.72 146695 383.008
104.836 146451 382.689
104.953 144957 380.732
105.069 143930 379.381
105.186 145082 380.896
105.302 147064 383.489
105.418 151429 389.139
105.535 156138 395.143
105.651 158855 398.566
105.767 161577 401.966
105.883 161512 401.886
105.999 160999 401.247
106.115 0 1
106.231 0 1
106.347 0 1
106.463 0 1
106.579 0 1
106.694 0 1
106.81 0 1
106.926 0 1
107.041 0 1
107.157 0 1
109.576 0 1
109.692 0 1
109.807 0 1
109.923 0 1
110.039 0 1
110.155 0 1
110.27 0 1
110.386 0 1
110.502 0 1
110.618 149838 387.089
110.735 153985 392.409
110.851 156323 395.377
110.967 156828 396.015
111.083 155018 393.723
111.199 150576 388.041
111.316 149736 386.957
111.432 149793 387.031
111.549 148022 384.736
111.665 143426 378.716
111.782 136618 369.619
111.898 132120 363.483
112.015 129711 360.154
112.132 135191 367.683
112.248 140743 375.157
112.365 145566 381.531
112.482 144446 380.061
112.599 138134 371.664
112.716 139319 373.255
112.832 138203 371.757
112.949 138929 372.732
113.066 140156 374.374
113.183 138342 371.944
113.3 134892 367.276
113.417 133702 365.653
113.534 133038 364.744
113.652 133642 365.571
113.769 134222 366.363
113.886 135964 368.733
114.003 140058 374.243
114.12 142237 377.143
114.238 143787 379.193
114.355 143692 379.067
114.472 143280 378.523
114.589 142101 376.963
114.707 137804 371.22
114.824 134485 366.722
114.942 135632 368.283
115.059 137625 370.978
115.176 136010 368.795
115.294 132097 363.452
115.411 127144 356.573
115.529 124220 352.449
115.646 123867 351.947
115.764 128509 358.482
115.881 134025 366.094
115.999 137526 370.845
116.116 136488 369.443
116.234 134635 366.926
116.351 134311 366.485
116.469 134864 367.238
116.586 135826 368.546
116.704 136601 369.596
116.821 134292 366.459
116.939 134307 366.479
117.056 133631 365.556
117.174 134598 366.876
117.291 136056 368.858
117.409 138281 371.862
117.526 141097 375.629
117.644 144871 380.619
117.761 147785 384.428
117.879 149770 387.001
117.996 148082 384.814
118.114 149034 386.049
118.231 147331 383.837
118.349 141796 376.558
118.466 140387 374.683
118.584 142593 377.615
118.701 143579 378.918
118.819 140457 374.776
118.936 135926 368.681
119.053 131038 361.992
119.171 127580 357.183
119.288 126256 355.325
119.405 130745 361.587
119.523 135052 367.494
119.64 141101 375.634
119.757 141057 375.576
119.875 139176 373.063
119.992 137689 371.065
120.109 137007 370.145
120.226 139071 372.922
120.343 138862 372.642
120.46 138714 372.443
120.578 137623 370.976
120.695 137441 370.73
120.812 139410 373.376
120.929 140937 375.416
121.046 141775 376.53
121.163 143459 378.76
121.279 147627 384.223
121.396 149852 387.107
121.513 150703 388.205
121.63 153649 391.981
121.747 150850 388.394
121.863 150190 387.544
121.98 145924 382
122.097 140092 374.289
122.213 140609 374.979
122.33 142842 377.944
122.446 142901 378.022
122.563 140084 374.278
122.679 136443 369.382
122.795 132591 364.13
122.912 129167 359.398
123.028 127164 356.601
123.144 128817 358.911
123.26 133058 364.771
123.377 0 1
123.493 0 1
123.609 0 1
123.725 0 1
123.84 0 1
123.956 0 1
124.072 0 1
124.188 0 1
124.303 0 1
124.419 0 1
126.852 0 1
126.968 0 1
127.083 0 1
127.199 0 1
127.315 0 1
127.431 0 1
127.547 0 1
127.663 0 1
127.779 0 1
127.895 0 1
128.011 0 1
128.127 0 1
128.243 0 1
128.359 144178 379.708
128.476 149036 386.052
128.592 156910 396.119
128.708 162046 402.549
128.825 163222 404.007
128.941 162342 402.917
129.058 159473 399.341
129.174 160010 400.012
129.291 160550 400.687
129.408 160792 400.989
129.524 160412 400.515
129.641 160994 401.241
129.758 163552 404.416
129.875 166401 407.923
129.992 168267 410.204
130.108 168875 410.944
130.225 171275 413.854
130.342 173202 416.175
130.459 168584 410.59
130.576 175789 419.272
130.693 170431 412.833
130.81 164412 405.477
130.928 157929 397.403
131.045 154412 392.953
131.162 158543 398.175
131.279 162143 402.67
131.396 161950 402.43
131.513 157724 397.145
131.631 152317 390.278
131.748 148901 385.877
131.865 145721 381.734
131.983 147151 383.603
132.1 153409 391.675
132.217 160103 400.129
132.335 162889 403.595
132.452 161518 401.893
132.57 160291 400.364
132.687 154019 392.453
132.804 163971 404.933
132.922 159637 399.546
133.039 159951 399.939
133.157 160460 400.575
133.274 162329 402.901
133.392 166128 407.588
133.509 166840 408.461
133.627 169352 411.524
133.744 170444 412.849
133.862 170346 412.73
133.979 171694 414.36
134.097 171717 414.387
134.214 172610 415.464
134.332 163666 404.557
134.449 159432 399.289
134.567 155153 393.895
134.684 157126 396.391
134.802 161128 401.408
134.919 162333 402.906
135.037 160035 400.044
135.154 155666 394.545
135.272 150706 388.209
135.389 146150 382.296
135.507 144327 379.904
135.624 146652 382.952
135.742 154067 392.514
135.859 160768 400.959
135.977 164228 405.251
136.094 164335 405.383
136.211 161989 402.479
136.329 161514 401.888
136.446 161428 401.781
136.564 161780 402.219
136.681 164808 405.966
136.798 162477 403.084
136.915 165715 407.081
137.033 167235 408.944
137.15 169480 411.679
137.267 171211 413.777
137.384 171575 414.216
137.502 171276 413.855
137.619 171505 414.132
137.736 172755 415.638
137.853 167295 409.017
137.97 162524 403.143
138.087 162446 403.046
138.204 155071 393.791
138.321 155271 394.044
138.438 161102 401.375
138.555 162482 403.091
138.672 162984 403.713
138.788 157987 397.476
138.905 154772 393.411
139.022 149865 387.124
139.139 147344 383.854
139.255 150500 387.943
139.372 156451 395.539
139.488 162071 402.58
139.605 167121 408.804
139.721 167035 408.699
139.838 166158 407.625
139.954 163924 404.875
140.071 160952 401.188
140.187 163617 404.496
140.303 160783 400.978
140.419 162143 402.67
140.535 160313 400.391
140.652 160711 400.888
140.768 0 1
140.884 0 1
141 0 1
141.115 0 1
141.231 0 1
141.347 0 1
141.463 0 1
141.578 0 1
141.694 0 1
144.104 0 1
144.219 0 1
144.335 0 1
144.45 0 1
144.566 0 1
144.682 0 1
144.798 0 1
144.914 0 1
145.03 0 1
145.146 144327 379.904
145.262 147468 384.016
145.378 147866 384.533
145.494 149030 386.044
145.61 149311 386.408
145.726 150908 388.469
145.842 152911 391.038
145.959 153691 392.034
146.075 154784 393.426
146.192 154854 393.515
146.308 154115 392.575
146.425 153036 391.198
146.541 149523 386.682
146.658 141110 375.646
146.774 135658 368.318
146.891 135518 368.128
147.008 139298 373.226
147.125 141732 376.473
147.241 143349 378.615
147.358 139343 373.287
147.475 135766 368.464
147.592 130936 361.851
147.709 129820 360.305
147.826 132147 363.52
147.943 138322 371.917
148.06 141905 376.703
148.177 145937 382.017
148.294 145065 380.874
148.411 144301 379.87
148.528 143256 378.492
148.645 141005 375.506
148.762 140097 374.295
148.88 138339 371.94
148.997 133399 365.238
149.114 143253 378.488
149.231 140654 375.039
149.349 140978 375.47
149.466 141334 375.944
149.583 142061 376.91
149.701 144469 380.091
149.818 144554 380.203
149.935 144467 380.088
150.053 142990 378.14
150.17 138774 372.524
150.287 132022 363.348
150.405 126884 356.208
150.522 127893 357.621
150.64 131606 362.775
150.757 134610 366.892
150.875 135133 367.604
150.992 133178 364.936
151.11 127000 356.371
151.227 125104 353.7
151.344 124152 352.352
151.462 127924 357.665
151.579 134317 366.493
151.697 139400 373.363
151.814 140834 375.279
151.932 140554 374.905
152.049 140011 374.18
152.167 138062 371.567
152.284 138455 372.095
152.402 137030 370.176
152.519 135981 368.756
152.636 136554 369.532
152.754 136810 369.878
152.871 137401 370.676
152.989 138300 371.887
153.106 139613 373.648
153.223 142159 377.04
153.341 143315 378.57
153.458 143193 378.409
153.575 142897 378.017
153.693 142072 376.924
153.81 136732 369.773
153.927 129589 359.985
154.044 126338 355.441
154.162 128823 358.919
154.279 134562 366.827
154.396 138378 371.992
154.513 140360 374.647
154.63 138553 372.227
154.747 134749 367.082
154.864 132131 363.498
154.981 132783 364.394
155.098 136059 368.862
155.215 140493 374.824
155.332 143482 378.79
155.449 144667 380.351
155.566 143963 379.425
155.683 141732 376.473
155.8 141618 376.322
155.917 141711 376.445
156.033 142105 376.968
156.15 0 1
156.267 0 1
156.383 0 1
156.5 0 1
156.617 0 1
156.733 0 1
156.85 0 1
156.966 0 1
157.082 0 1
157.199 0 1
157.315 0 1
157.431 0 1
157.547 0 1
157.664 0 1
157.78 0 1
157.896 0 1
158.012 0 1
158.128 0 1
158.244 0 1
158.359 0 1
158.475 0 1
158.591 0 1
158.706 0 1
