
6.15755 0 1
6.2731 0 1
6.3887 0 1
6.50437 0 1
6.62009 0 1
6.73587 0 1
6.8517 0 1
6.96759 0 1
7.08353 0 1
7.19952 0 1
7.31557 0 1
7.43166 0 1
7.54781 0 1
7.664 0 1
7.78024 0 1
7.89653 0 1
8.01286 0 1
8.12924 0 1
8.24567 0 1
8.36213 0 1
8.47864 0 1
8.59519 0 1
8.71178 0 1
8.82841 0 1
8.94508 0 1
9.06179 0 1
9.17853 0 1
9.29531 0 1
9.41212 0 1
9.52897 0 1
9.64584 0 1
9.76276 0 1
9.8797 0 1
9.99667 0 1
10.1137 0 1
10.2307 0 1
10.3478 0 1
10.4648 0 1
10.5819 0 1
10.6991 0 1
10.8162 0 1
10.9334 0 1
11.0506 0 1
11.1678 0 1
11.285 0 1
11.4023 0 1
11.5196 0 1
11.6369 0 1
11.7542 0 1
11.8715 0 1
11.9888 0 1
12.1062 0 1
12.2235 0 1
12.3409 0 1
12.4582 0 1
12.5756 0 1
12.693 0 1
12.8104 0 1
12.9278 0 1
13.0452 0 1
13.1626 0 1
13.28 0 1
13.3974 0 1
13.5149 0 1
13.6323 0 1
13.7497 0 1
13.8671 0 1
13.9845 0 1
14.1019 0 1
14.2193 0 1
14.3367 0 1
14.4541 0 1
14.5714 0 1
14.6888 0 1
14.8062 0 1
14.9235 0 1
15.0408 887 29.7825
15.1581 896 29.9333
15.2755 964 31.0483
15.3927 969 31.1288
15.51 905 30.0832
15.6273 867 29.4449
15.7445 882 29.6985
15.8617 849 29.1376
15.9789 900 30
16.0961 823 28.688
16.2132 889 29.8161
16.3304 817 28.5832
16.4475 839 28.9655
16.5646 779 27.9106
16.6816 810 28.4605
16.7986 835 28.8964
16.9156 806 28.3901
17.0326 836 28.9137
17.1496 828 28.775
17.2665 829 28.7924
17.3833 843 29.0345
17.5002 852 29.189
17.617 794 28.178
17.7338 815 28.5482
17.8505 842 29.0172
17.9672 776 27.8568
18.0839 793 28.1603
18.2005 822 28.6705
18.3171 781 27.9464
18.4337 843 29.0345
18.5502 807 28.4077
18.6666 814 28.5307
18.7831 849 29.1376
18.8994 774 27.8209
19.0158 739 27.1846
19.1321 745 27.2947
19.2483 726 26.9444
19.3645 650 25.4951
19.4806 638 25.2587
19.5967 642 25.3377
19.7128 617 24.8395
19.8288 658 25.6515
19.9447 535 23.1301
20.0606 0 1
20.1764 0 1
20.2922 0 1
20.4079 0 1
20.5236 0 1
20.6392 0 1
20.7548 0 1
20.8702 0 1
23.3078 0 1
23.4233 0 1
23.539 0 1
23.6547 0 1
23.7704 0 1
23.8862 0 1
24.0021 0 1
24.118 0 1
24.234 0 1
24.35 0 1
24.4661 293 17.1172
24.5822 345 18.5742
24.6984 422 20.5426
24.8146 508 22.5389
24.9309 518 22.7596
25.0472 656 25.6125
25.1636 695 26.3629
25.28 711 26.6646
25.3965 807 28.4077
25.513 794 28.178
25.6296 893 29.8831
25.7462 875 29.5804
25.8628 837 28.931
25.9795 915 30.249
26.0962 832 28.8444
26.213 873 29.5466
26.3298 796 28.2135
26.4466 755 27.4773
26.5635 769 27.7308
26.6804 728 26.9815
26.7973 697 26.4008
26.9143 726 26.9444
27.0313 703 26.5141
27.1483 712 26.6833
27.2653 681 26.096
27.3824 751 27.4044
27.4996 722 26.8701
27.6167 761 27.5862
27.7339 699 26.4386
27.8511 668 25.8457
27.9683 656 25.6125
28.0855 683 26.1343
28.2028 772 27.7849
28.3201 715 26.7395
28.4374 737 27.1477
28.5547 777 27.8747
28.6721 789 28.0891
28.7894 734 27.0924
28.9068 797 28.2312
29.0242 782 27.9643
29.1416 703 26.5141
29.259 772 27.7849
29.3764 754 27.4591
29.4939 784 28
29.6113 711 26.6646
29.7288 707 26.5895
29.8463 673 25.9422
29.9638 662 25.7294
30.0812 694 26.3439
30.1987 684 26.1534
30.3162 641 25.318
30.4337 668 25.8457
30.5512 761 27.5862
30.6687 768 27.7128
30.7862 759 27.55
30.9037 766 27.6767
31.0212 767 27.6948
31.1387 725 26.9258
31.2562 800 28.2843
31.3737 759 27.55
31.4912 754 27.4591
31.6087 668 25.8457
31.7262 672 25.923
31.8436 718 26.7955
31.9611 718 26.7955
32.0785 672 25.923
32.1959 730 27.0185
32.3134 699 26.4386
32.4308 661 25.7099
32.5482 659 25.671
32.6655 735 27.1109
32.7829 743 27.258
32.9002 692 26.3059
33.0176 682 26.1151
33.1349 660 25.6905
33.2522 628 25.0599
33.3694 653 25.5539
33.4867 636 25.219
33.6039 633 25.1595
33.7211 660 25.6905
33.8383 653 25.5539
33.9554 648 25.4558
34.0725 694 26.3439
34.1896 716 26.7582
34.3067 685 26.1725
34.4237 714 26.7208
34.5407 703 26.5141
34.6577 704 26.533
34.7746 674 25.9615
34.8915 648 25.4558
35.0084 667 25.8263
35.1252 616 24.8193
35.242 628 25.0599
35.3587 605 24.5967
35.4755 601 24.5153
35.5921 620 24.8998
35.7088 644 25.3772
35.8254 646 25.4165
35.9419 682 26.1151
36.0584 645 25.3969
36.1749 639 25.2784
36.2913 648 25.4558
36.4077 583 24.1454
36.524 621 24.9199
36.6403 511 22.6053
36.7565 541 23.2594
36.8727 537 23.1733
36.9889 490 22.1359
37.1049 423 20.567
37.221 0 1
37.3369 0 1
37.4529 0 1
37.5687 0 1
37.6845 0 1
37.8003 0 1
37.916 0 1
38.0316 0 1
38.1472 0 1
40.5851 0 1
40.7008 0 1
40.8164 0 1
40.9322 0 1
41.048 0 1
41.1639 0 1
41.2798 0 1
41.3958 0 1
41.5118 0 1
41.6279 0 1
41.744 301 17.3494
41.8602 320 17.8885
41.9765 358 18.9209
42.0928 414 20.347
42.2091 408 20.199
42.3255 438 20.9284
42.4419 443 21.0476
42.5584 456 21.3542
42.675 496 22.2711
42.7915 510 22.5832
42.9081 510 22.5832
43.0248 541 23.2594
43.1415 517 22.7376
43.2582 482 21.9545
43.375 496 22.2711
43.4918 531 23.0434
43.6087 517 22.7376
43.7256 496 22.2711
43.8425 520 22.8035
43.9595 481 21.9317
44.0765 460 21.4476
44.1935 455 21.3307
44.3106 488 22.0907
44.4277 467 21.6102
44.5448 486 22.0454
44.6619 491 22.1585
44.7791 470 21.6795
44.8963 526 22.9347
45.0136 510 22.5832
45.1308 534 23.1084
45.2481 521 22.8254
45.3654 533 23.0868
45.4827 607 24.6374
45.6001 543 23.3024
45.7174 539 23.2164
45.8348 555 23.5584
45.9522 508 22.5389
46.0697 597 24.4336
46.1871 538 23.1948
46.3046 475 21.7945
46.422 526 22.9347
46.5395 480 21.9089
46.657 492 22.1811
46.7745 461 21.4709
46.892 509 22.561
47.0096 516 22.7156
47.1271 524 22.891
47.2446 553 23.516
47.3622 512 22.6274
47.4797 489 22.1133
47.5973 482 21.9545
47.7149 469 21.6564
47.8324 452 21.2603
47.95 465 21.5639
48.0675 475 21.7945
48.1851 472 21.7256
48.3027 527 22.9565
48.4202 528 22.9783
48.5378 514 22.6716
48.6554 483 21.9773
48.7729 491 22.1585
48.8904 516 22.7156
49.008 542 23.2809
49.1255 537 23.1733
49.243 530 23.0217
49.3605 517 22.7376
49.478 492 22.1811
49.5955 462 21.4942
49.713 463 21.5174
49.8304 459 21.4243
49.9479 469 21.6564
50.0653 459 21.4243
50.1827 512 22.6274
50.3001 465 21.5639
50.4175 482 21.9545
50.5348 435 20.8567
50.6521 472 21.7256
50.7694 472 21.7256
50.8867 502 22.4054
51.004 463 21.5174
51.1212 456 21.3542
51.2384 460 21.4476
51.3556 451 21.2368
51.4727 441 21
51.5899 454 21.3073
51.707 459 21.4243
51.824 462 21.4942
51.9411 461 21.4709
52.0581 482 21.9545
52.175 507 22.5167
52.2919 472 21.7256
52.4088 463 21.5174
52.5257 475 21.7945
52.6425 497 22.2935
52.7593 534 23.1084
52.876 530 23.0217
52.9927 471 21.7025
53.1094 463 21.5174
53.226 462 21.4942
53.3426 485 22.0227
53.4591 421 20.5183
53.5756 396 19.8997
53.692 500 22.3607
53.8084 400 20
53.9248 392 19.799
54.0411 337 18.3576
54.1573 336 18.3303
54.2735 0 1
54.3896 0 1
54.5057 0 1
54.6217 0 1
54.7377 0 1
54.8537 0 1
54.9695 0 1
55.0853 0 1
55.2011 0 1
55.3168 0 1
55.4324 0 1
57.824 0 1
57.9396 0 1
58.0553 0 1
58.1711 0 1
58.2869 0 1
58.4028 0 1
58.5187 0 1
58.6347 0 1
58.7508 0 1
58.8669 0 1
58.983 353 18.7883
59.0992 448 21.166
59.2155 547 23.388
59.3318 508 22.5389
59.4482 616 24.8193
59.5646 626 25.02
59.681 676 26
59.7975 737 27.1477
59.9141 694 26.3439
60.0306 758 27.5318
60.1473 742 27.2397
60.2639 734 27.0924
60.3807 662 25.7294
60.4974 721 26.8514
60.6142 773 27.8029
60.731 705 26.5518
60.8479 681 26.096
60.9648 730 27.0185
61.0818 686 26.1916
61.1987 652 25.5343
61.3158 712 26.6833
61.4328 733 27.074
61.5499 678 26.0384
61.667 687 26.2107
61.7841 695 26.3629
61.9013 653 25.5539
62.0185 692 26.3059
62.1357 622 24.9399
62.253 602 24.5357
62.3702 576 24
62.4875 627 25.04
62.6049 585 24.1868
62.7222 620 24.8998
62.8396 606 24.6171
62.9569 599 24.4745
63.0743 551 23.4734
63.1918 562 23.7065
63.3092 552 23.4947
63.4267 536 23.1517
63.5441 582 24.1247
63.6616 554 23.5372
63.7791 539 23.2164
63.8966 524 22.891
64.0142 492 22.1811
64.1317 540 23.2379
64.2492 545 23.3452
64.3668 516 22.7156
64.4843 523 22.8692
64.6019 518 22.7596
64.7195 554 23.5372
64.837 561 23.6854
64.9546 552 23.4947
65.0722 524 22.891
65.1898 535 23.1301
65.3074 587 24.2281
65.4249 582 24.1247
65.5425 567 23.8118
65.6601 525 22.9129
65.7777 521 22.8254
65.8952 535 23.1301
66.0128 486 22.0454
66.1304 521 22.8254
66.2479 539 23.2164
66.3655 527 22.9565
66.483 549 23.4307
66.6005 562 23.7065
66.718 553 23.516
66.8355 523 22.8692
66.953 560 23.6643
67.0705 506 22.4944
67.1879 547 23.388
67.3054 556 23.5797
67.4228 460 21.4476
67.5402 493 22.2036
67.6576 471 21.7025
67.7749 513 22.6495
67.8923 518 22.7596
68.0096 526 22.9347
68.1269 529 23
68.2442 535 23.1301
68.3614 515 22.6936
68.4787 558 23.622
68.5958 535 23.1301
68.713 583 24.1454
68.8302 512 22.6274
68.9473 540 23.2379
69.0643 517 22.7376
69.1814 510 22.5832
69.2984 513 22.6495
69.4154 495 22.2486
69.5323 505 22.4722
69.6492 510 22.5832
69.7661 445 21.095
69.8829 469 21.6564
69.9997 555 23.5584
70.1165 517 22.7376
70.2332 528 22.9783
70.3499 475 21.7945
70.4665 456 21.3542
70.5831 459 21.4243
70.6996 397 19.9249
70.8161 394 19.8494
70.9326 387 19.6723
71.049 304 17.4356
71.1653 299 17.2916
71.2817 276 16.6132
71.3979 238 15.4272
71.5141 227 15.0665
71.6303 203 14.2478
71.7464 181 13.4536
71.8624 0 1
71.9784 0 1
72.0944 0 1
72.2102 0 1
72.3261 0 1
72.4418 0 1
72.5575 0 1
72.6732 0 1
75.1054 0 1
75.2209 0 1
75.3365 0 1
75.4521 0 1
75.5678 0 1
75.6835 0 1
75.7993 0 1
75.9151 0 1
76.031 0 1
76.147 302 17.3781
76.263 359 18.9473
76.3791 354 18.8149
76.4952 392 19.799
76.6113 355 18.8414
76.7276 403 20.0749
76.8438 380 19.4936
76.9601 376 19.3907
77.0765 416 20.3961
77.1929 429 20.7123
77.3093 486 22.0454
77.4258 429 20.7123
77.5423 465 21.5639
77.6589 451 21.2368
77.7755 470 21.6795
77.8921 462 21.4942
78.0088 452 21.2603
78.1256 469 21.6564
78.2423 454 21.3073
78.3591 417 20.4206
78.4759 433 20.8087
78.5928 423 20.567
78.7097 388 19.6977
78.8266 375 19.3649
78.9436 453 21.2838
79.0606 469 21.6564
79.1776 418 20.445
79.2946 464 21.5407
79.4117 427 20.664
79.5288 461 21.4709
79.6459 460 21.4476
79.7631 504 22.4499
79.8802 464 21.5407
79.9974 479 21.8861
80.1147 447 21.1424
80.2319 405 20.1246
80.3491 412 20.2978
80.4664 406 20.1494
80.5837 431 20.7605
80.701 481 21.9317
80.8183 416 20.3961
80.9357 473 21.7486
81.053 447 21.1424
81.1704 445 21.095
81.2877 477 21.8403
81.4051 452 21.2603
81.5225 473 21.7486
81.6399 496 22.2711
81.7573 487 22.0681
81.8747 468 21.6333
81.9922 479 21.8861
82.1096 411 20.2731
82.227 416 20.3961
82.3444 419 20.4695
82.4619 409 20.2237
82.5793 442 21.0238
82.6967 451 21.2368
82.8142 506 22.4944
82.9316 473 21.7486
83.049 455 21.3307
83.1664 447 21.1424
83.2838 428 20.6882
83.4012 495 22.2486
83.5186 460 21.4476
83.636 449 21.1896
83.7534 439 20.9523
83.8708 436 20.8806
83.9881 426 20.6398
84.1055 449 21.1896
84.2228 414 20.347
84.3401 423 20.567
84.4575 433 20.8087
84.5747 432 20.7846
84.692 449 21.1896
84.8093 458 21.4009
84.9265 503 22.4277
85.0437 493 22.2036
85.1609 471 21.7025
85.2781 514 22.6716
85.3952 514 22.6716
85.5123 495 22.2486
85.6294 469 21.6564
85.7465 490 22.1359
85.8636 436 20.8806
85.9806 425 20.6155
86.0976 405 20.1246
86.2145 450 21.2132
86.3315 466 21.587
86.4484 472 21.7256
86.5652 440 20.9762
86.682 449 21.1896
86.7988 495 22.2486
86.9156 502 22.4054
87.0323 533 23.0868
87.149 492 22.1811
87.2657 501 22.383
87.3823 477 21.8403
87.4988 420 20.4939
87.6154 374 19.3391
87.7318 395 19.8746
87.8483 363 19.0526
87.9647 367 19.1572
88.081 334 18.2757
88.1973 348 18.6548
88.3136 347 18.6279
88.4298 326 18.0555
88.546 342 18.4932
88.6621 316 17.7764
88.7781 278 16.6733
88.8942 0 1
89.0101 0 1
89.126 0 1
89.2419 0 1
89.3577 0 1
89.4734 0 1
89.5891 0 1
89.7047 0 1
89.8203 0 1
89.9358 0 1
92.3269 0 1
92.4424 0 1
92.558 0 1
92.6736 0 1
92.7893 0 1
92.905 0 1
93.0208 0 1
93.1366 0 1
93.2525 0 1
93.3685 0 1
93.4845 0 1
93.6005 368 19.1833
93.7167 360 18.9737
93.8328 449 21.1896
93.949 455 21.3307
94.0653 474 21.7715
94.1816 509 22.561
94.2979 498 22.3159
94.4143 520 22.8035
94.5307 494 22.2261
94.6472 511 22.6053
94.7637 491 22.1585
94.8803 519 22.7816
94.9969 499 22.3383
95.1135 443 21.0476
95.2302 488 22.0907
95.3469 459 21.4243
95.4637 504 22.4499
95.5805 508 22.5389
95.6973 507 22.5167
95.8142 478 21.8632
95.9311 462 21.4942
96.048 488 22.0907
96.1649 556 23.5797
96.2819 524 22.891
96.3989 475 21.7945
96.516 477 21.8403
96.633 447 21.1424
96.7501 448 21.166
96.8673 431 20.7605
96.9844 402 20.0499
97.1016 473 21.7486
97.2188 454 21.3073
97.336 472 21.7256
97.4532 478 21.8632
97.5704 456 21.3542
97.6877 511 22.6053
97.805 494 22.2261
97.9223 521 22.8254
98.0396 487 22.0681
98.1569 519 22.7816
98.2743 516 22.7156
98.3916 507 22.5167
98.509 493 22.2036
98.6264 424 20.5913
98.7438 473 21.7486
98.8612 486 22.0454
98.9786 507 22.5167
99.096 537 23.1733
99.2134 551 23.4734
99.3308 525 22.9129
99.4482 513 22.6495
99.5656 574 23.9583
99.6831 623 24.96
99.8005 671 25.9037
99.9179 650 25.4951
100.035 639 25.2784
100.153 574 23.9583
100.27 529 23
100.388 474 21.7715
100.505 512 22.6274
100.622 558 23.622
100.74 603 24.5561
100.857 682 26.1151
100.975 737 27.1477
101.092 702 26.4953
101.209 742 27.2397
101.327 712 26.6833
101.444 688 26.2298
101.561 730 27.0185
101.679 712 26.6833
101.796 657 25.632
101.913 651 25.5147
102.03 627 25.04
102.148 582 24.1247
102.265 603 24.5561
102.382 609 24.6779
102.499 627 25.04
102.616 621 24.9199
102.733 584 24.1661
102.851 626 25.02
102.968 663 25.7488
103.085 648 25.4558
103.202 668 25.8457
103.319 632 25.1396
103.436 588 24.2487
103.552 628 25.0599
103.669 567 23.8118
103.786 616 24.8193
103.903 547 23.388
104.02 511 22.6053
104.137 590 24.2899
104.253 575 23.9792
104.37 569 23.8537
104.487 609 24.6779
104.603 624 24.98
104.72 568 23.8328
104.836 575 23.9792
104.953 561 23.6854
105.069 592 24.3311
105.186 537 23.1733
105.302 467 21.6102
105.418 461 21.4709
105.535 416 20.3961
105.651 430 20.7364
105.767 372 19.2873
105.883 336 18.3303
105.999 320 17.8885
106.115 0 1
106.231 0 1
106.347 0 1
106.463 0 1
106.579 0 1
106.694 0 1
106.81 0 1
106.926 0 1
107.041 0 1
107.157 0 1
109.576 0 1
109.692 0 1
109.807 0 1
109.923 0 1
110.039 0 1
110.155 0 1
110.27 0 1
110.386 0 1
110.502 0 1
110.618 278 16.6733
110.735 340 18.4391
110.851 341 18.4662
110.967 339 18.412
111.083 392 19.799
111.199 459 21.4243
111.316 488 22.0907
111.432 510 22.5832
111.549 538 23.1948
111.665 581 24.1039
111.782 536 23.1517
111.898 627 25.04
112.015 555 23.5584
112.132 525 22.9129
112.248 538 23.1948
112.365 468 21.6333
112.482 447 21.1424
112.599 458 21.4009
112.716 481 21.9317
112.832 465 21.5639
112.949 498 22.3159
113.066 481 21.9317
113.183 548 23.4094
113.3 508 22.5389
113.417 485 22.0227
113.534 490 22.1359
113.652 518 22.7596
113.769 560 23.6643
113.886 505 22.4722
114.003 492 22.1811
114.12 520 22.8035
114.238 487 22.0681
114.355 423 20.567
114.472 451 21.2368
114.589 431 20.7605
114.707 430 20.7364
114.824 466 21.587
114.942 472 21.7256
115.059 479 21.8861
115.176 505 22.4722
115.294 487 22.0681
115.411 443 21.0476
115.529 500 22.3607
115.646 462 21.4942
115.764 444 21.0713
115.881 422 20.5426
115.999 379 19.4679
116.116 421 20.5183
116.234 398 19.9499
116.351 425 20.6155
116.469 384 19.5959
116.586 441 21
116.704 451 21.2368
116.821 453 21.2838
116.939 425 20.6155
117.056 416 20.3961
117.174 442 21.0238
117.291 447 21.1424
117.409 446 21.1187
117.526 472 21.7256
117.644 500 22.3607
117.761 461 21.4709
117.879 401 20.025
117.996 402 20.0499
118.114 435 20.8567
118.231 429 20.7123
118.349 416 20.3961
118.466 408 20.199
118.584 417 20.4206
118.701 435 20.8567
118.819 441 21
118.936 420 20.4939
119.053 441 21
119.171 451 21.2368
119.288 436 20.8806
119.405 390 19.7484
119.523 387 19.6723
119.64 371 19.2614
119.757 388 19.6977
119.875 404 20.0998
119.992 376 19.3907
120.109 409 20.2237
120.226 440 20.9762
120.343 414 20.347
120.46 437 20.9045
120.578 405 20.1246
120.695 401 20.025
120.812 412 20.2978
120.929 416 20.3961
121.046 430 20.7364
121.163 402 20.0499
121.279 430 20.7364
121.396 395 19.8746
121.513 397 19.9249
121.63 358 18.9209
121.747 369 19.2094
121.863 347 18.6279
121.98 375 19.3649
122.097 414 20.347
122.213 354 18.8149
122.33 351 18.735
122.446 355 18.8414
122.563 313 17.6918
122.679 299 17.2916
122.795 299 17.2916
122.912 296 17.2047
123.028 232 15.2315
123.144 212 14.5602
123.26 204 14.2829
123.377 0 1
123.493 0 1
123.609 0 1
123.725 0 1
123.84 0 1
123.956 0 1
124.072 0 1
124.188 0 1
124.303 0 1
124.419 0 1
126.852 0 1
126.968 0 1
127.083 0 1
127.199 0 1
127.315 0 1
127.431 0 1
127.547 0 1
127.663 0 1
127.779 0 1
127.895 0 1
128.011 0 1
128.127 0 1
128.243 0 1
128.359 436 20.8806
128.476 454 21.3073
128.592 405 20.1246
128.708 421 20.5183
128.825 439 20.9523
128.941 430 20.7364
129.058 486 22.0454
129.174 474 21.7715
129.291 506 22.4944
129.408 515 22.6936
129.524 501 22.383
129.641 495 22.2486
129.758 477 21.8403
129.875 478 21.8632
129.992 503 22.4277
130.108 481 21.9317
130.225 532 23.0651
130.342 513 22.6495
130.459 454 21.3073
130.576 495 22.2486
130.693 453 21.2838
130.81 473 21.7486
130.928 506 22.4944
131.045 530 23.0217
131.162 612 24.7386
131.279 602 24.5357
131.396 624 24.98
131.513 678 26.0384
131.631 721 26.8514
131.748 679 26.0576
131.865 715 26.7395
131.983 672 25.923
132.1 664 25.7682
132.217 706 26.5707
132.335 716 26.7582
132.452 780 27.9285
132.57 876 29.5973
132.687 880 29.6648
132.804 914 30.2324
132.922 935 30.5778
133.039 973 31.1929
133.157 931 30.5123
133.274 934 30.5614
133.392 933 30.545
133.509 1034 32.1559
133.627 1052 32.4345
133.744 1034 32.1559
133.862 1046 32.3419
133.979 979 31.289
134.097 936 30.5941
134.214 887 29.7825
134.332 869 29.4788
134.449 926 30.4302
134.567 1019 31.9218
134.684 1078 32.8329
134.802 1100 33.1662
134.919 1145 33.8378
135.037 1125 33.541
135.154 1074 32.7719
135.272 1106 33.2566
135.389 1178 34.322
135.507 1161 34.0735
135.624 1052 32.4345
135.742 1130 33.6155
135.859 1144 33.8231
135.977 1156 34
136.094 1219 34.9142
136.211 1168 34.176
136.329 1216 34.8712
136.446 1164 34.1174
136.564 1186 34.4384
136.681 1226 35.0143
136.798 1224 34.9857
136.915 1260 35.4965
137.033 1163 34.1028
137.15 1185 34.4238
137.267 1183 34.3948
137.384 1187 34.4529
137.502 1148 33.8821
137.619 1055 32.4808
137.736 1005 31.7017
137.853 904 30.0666
137.97 880 29.6648
138.087 934 30.5614
138.204 955 30.9031
138.321 1042 32.28
138.438 1088 32.9848
138.555 1027 32.0468
138.672 1101 33.1813
138.788 1101 33.1813
138.905 1073 32.7567
139.022 1014 31.8434
139.139 975 31.225
139.255 924 30.3974
139.372 859 29.3087
139.488 824 28.7054
139.605 847 29.1033
139.721 759 27.55
139.838 748 27.3496
139.954 741 27.2213
140.071 702 26.4953
140.187 663 25.7488
140.303 617 24.8395
140.419 573 23.9374
140.535 531 23.0434
140.652 523 22.8692
140.768 0 1
140.884 0 1
141 0 1
141.115 0 1
141.231 0 1
141.347 0 1
141.463 0 1
141.578 0 1
141.694 0 1
144.104 0 1
144.219 0 1
144.335 0 1
144.45 0 1
144.566 0 1
144.682 0 1
144.798 0 1
144.914 0 1
145.03 0 1
145.146 1049 32.3883
145.262 1132 33.6452
145.378 1257 35.4542
145.494 1327 36.428
145.61 1435 37.8814
145.726 1647 40.5832
145.842 1768 42.0476
145.959 1832 42.8019
146.075 1995 44.6654
146.192 2141 46.2709
146.308 2168 46.5618
146.425 2255 47.4868
146.541 2278 47.7284
146.658 2325 48.2183
146.774 2430 49.295
146.891 2661 51.5849
147.008 2767 52.6023
147.125 2768 52.6118
147.241 2915 53.9907
147.358 3064 55.3534
147.475 3118 55.8391
147.592 3090 55.5878
147.709 3054 55.263
147.826 2924 54.074
147.943 2477 49.7695
148.06 2092 45.7384
148.177 1819 42.6497
148.294 2147 46.3357
148.411 2644 51.4198
148.528 3213 56.6833
148.645 3949 62.8411
148.762 4687 68.4617
148.88 5113 71.5052
148.997 5684 75.3923
149.114 5826 76.3282
149.231 6358 79.7371
149.349 7162 84.6286
149.466 7642 87.4185
149.583 8242 90.7855
149.701 8787 93.739
149.818 9472 97.3242
149.935 10016 100.08
150.053 10586 102.888
150.17 11089 105.304
150.287 11444 106.977
150.405 11704 108.185
150.522 12166 110.3
150.64 12298 110.896
150.757 12568 112.107
150.875 13157 114.704
150.992 13434 115.905
151.11 13830 117.601
151.227 13901 117.903
151.344 13899 117.894
151.462 13787 117.418
151.579 11683 108.088
151.697 8493 92.1575
151.814 6906 83.1023
151.932 7745 88.0057
152.049 10719 103.533
152.167 12882 113.499
152.284 13962 118.161
152.402 14056 118.558
152.519 13903 117.911
152.636 13857 117.716
152.754 13519 116.271
152.871 14315 119.645
152.989 14239 119.327
153.106 14638 120.988
153.223 15127 122.992
153.341 15407 124.125
153.458 16155 127.102
153.575 16236 127.421
153.693 16616 128.903
153.81 17097 130.755
153.927 17898 133.783
154.044 18551 136.202
154.162 19074 138.109
154.279 20821 144.295
154.396 23409 153
154.513 24989 158.079
154.63 25910 160.966
154.747 26056 161.419
154.864 25150 158.588
154.981 23954 154.771
155.098 24363 156.087
155.215 26795 163.692
155.332 31032 176.159
155.449 34183 184.886
155.566 36247 190.386
155.683 37640 194.01
155.8 38540 196.316
155.917 40251 200.627
156.033 40966 202.401
156.15 0 1
156.267 0 1
156.383 0 1
156.5 0 1
156.617 0 1
156.733 0 1
156.85 0 1
156.966 0 1
157.082 0 1
157.199 0 1
157.315 0 1
157.431 0 1
157.547 0 1
157.664 0 1
157.78 0 1
157.896 0 1
158.012 0 1
158.128 0 1
158.244 0 1
158.359 0 1
158.475 0 1
158.591 0 1
158.706 0 1
