
6.15755 0 1
6.2731 0 1
6.3887 0 1
6.50437 0 1
6.62009 0 1
6.73587 0 1
6.8517 0 1
6.96759 0 1
7.08353 0 1
7.19952 0 1
7.31557 0 1
7.43166 0 1
7.54781 0 1
7.664 0 1
7.78024 0 1
7.89653 0 1
8.01286 0 1
8.12924 0 1
8.24567 0 1
8.36213 0 1
8.47864 0 1
8.59519 0 1
8.71178 0 1
8.82841 0 1
8.94508 0 1
9.06179 0 1
9.17853 0 1
9.29531 0 1
9.41212 0 1
9.52897 0 1
9.64584 0 1
9.76276 0 1
9.8797 0 1
9.99667 0 1
10.1137 0 1
10.2307 0 1
10.3478 0 1
10.4648 0 1
10.5819 0 1
10.6991 0 1
10.8162 0 1
10.9334 0 1
11.0506 0 1
11.1678 0 1
11.285 0 1
11.4023 0 1
11.5196 0 1
11.6369 0 1
11.7542 0 1
11.8715 0 1
11.9888 0 1
12.1062 0 1
12.2235 0 1
12.3409 0 1
12.4582 0 1
12.5756 0 1
12.693 0 1
12.8104 0 1
12.9278 0 1
13.0452 0 1
13.1626 0 1
13.28 0 1
13.3974 0 1
13.5149 0 1
13.6323 0 1
13.7497 0 1
13.8671 0 1
13.9845 0 1
14.1019 0 1
14.2193 0 1
14.3367 0 1
14.4541 0 1
14.5714 0 1
14.6888 0 1
14.8062 0 1
14.9235 0 1
15.0408 832 28.8444
15.1581 880 29.6648
15.2755 892 29.8664
15.3927 969 31.1288
15.51 922 30.3645
15.6273 956 30.9192
15.7445 916 30.2655
15.8617 900 30
15.9789 841 29
16.0961 814 28.5307
16.2132 807 28.4077
16.3304 829 28.7924
16.4475 848 29.1204
16.5646 777 27.8747
16.6816 767 27.6948
16.7986 823 28.688
16.9156 779 27.9106
17.0326 853 29.2062
17.1496 766 27.6767
17.2665 790 28.1069
17.3833 747 27.3313
17.5002 749 27.3679
17.617 804 28.3549
17.7338 759 27.55
17.8505 819 28.6182
17.9672 771 27.7669
18.0839 745 27.2947
18.2005 735 27.1109
18.3171 694 26.3439
18.4337 775 27.8388
18.5502 812 28.4956
18.6666 767 27.6948
18.7831 763 27.6225
18.8994 745 27.2947
19.0158 717 26.7769
19.1321 737 27.1477
19.2483 708 26.6083
19.3645 636 25.219
19.4806 598 24.454
19.5967 581 24.1039
19.7128 544 23.3238
19.8288 548 23.4094
19.9447 442 21.0238
20.0606 0 1
20.1764 0 1
20.2922 0 1
20.4079 0 1
20.5236 0 1
20.6392 0 1
20.7548 0 1
20.8702 0 1
23.3078 0 1
23.4233 0 1
23.539 0 1
23.6547 0 1
23.7704 0 1
23.8862 0 1
24.0021 0 1
24.118 0 1
24.234 0 1
24.35 0 1
24.4661 315 17.7482
24.5822 376 19.3907
24.6984 401 20.025
24.8146 503 22.4277
24.9309 571 23.8956
25.0472 633 25.1595
25.1636 694 26.3439
25.28 727 26.9629
25.3965 732 27.0555
25.513 816 28.5657
25.6296 865 29.4109
25.7462 903 30.05
25.8628 823 28.688
25.9795 891 29.8496
26.0962 829 28.7924
26.213 808 28.4253
26.3298 756 27.4955
26.4466 759 27.55
26.5635 683 26.1343
26.6804 710 26.6458
26.7973 645 25.3969
26.9143 702 26.4953
27.0313 652 25.5343
27.1483 701 26.4764
27.2653 661 25.7099
27.3824 796 28.2135
27.4996 723 26.8887
27.6167 720 26.8328
27.7339 668 25.8457
27.8511 736 27.1293
27.9683 672 25.923
28.0855 707 26.5895
28.2028 683 26.1343
28.3201 724 26.9072
28.4374 709 26.6271
28.5547 699 26.4386
28.6721 726 26.9444
28.7894 722 26.8701
28.9068 742 27.2397
29.0242 802 28.3196
29.1416 775 27.8388
29.259 740 27.2029
29.3764 701 26.4764
29.4939 788 28.0713
29.6113 686 26.1916
29.7288 680 26.0768
29.8463 646 25.4165
29.9638 646 25.4165
30.0812 620 24.8998
30.1987 664 25.7682
30.3162 643 25.3574
30.4337 677 26.0192
30.5512 626 25.02
30.6687 665 25.7876
30.7862 746 27.313
30.9037 769 27.7308
31.0212 758 27.5318
31.1387 729 27
31.2562 740 27.2029
31.3737 706 26.5707
31.4912 674 25.9615
31.6087 718 26.7955
31.7262 653 25.5539
31.8436 704 26.533
31.9611 685 26.1725
32.0785 684 26.1534
32.1959 721 26.8514
32.3134 627 25.04
32.4308 662 25.7294
32.5482 660 25.6905
32.6655 680 26.0768
32.7829 656 25.6125
32.9002 614 24.779
33.0176 619 24.8797
33.1349 660 25.6905
33.2522 630 25.0998
33.3694 604 24.5764
33.4867 593 24.3516
33.6039 612 24.7386
33.7211 611 24.7184
33.8383 573 23.9374
33.9554 603 24.5561
34.0725 605 24.5967
34.1896 595 24.3926
34.3067 657 25.632
34.4237 643 25.3574
34.5407 698 26.4197
34.6577 696 26.3818
34.7746 663 25.7488
34.8915 670 25.8844
35.0084 627 25.04
35.1252 620 24.8998
35.242 548 23.4094
35.3587 590 24.2899
35.4755 589 24.2693
35.5921 622 24.9399
35.7088 648 25.4558
35.8254 639 25.2784
35.9419 638 25.2587
36.0584 613 24.7588
36.1749 619 24.8797
36.2913 590 24.2899
36.4077 525 22.9129
36.524 560 23.6643
36.6403 506 22.4944
36.7565 528 22.9783
36.8727 498 22.3159
36.9889 503 22.4277
37.1049 433 20.8087
37.221 0 1
37.3369 0 1
37.4529 0 1
37.5687 0 1
37.6845 0 1
37.8003 0 1
37.916 0 1
38.0316 0 1
38.1472 0 1
40.5851 0 1
40.7008 0 1
40.8164 0 1
40.9322 0 1
41.048 0 1
41.1639 0 1
41.2798 0 1
41.3958 0 1
41.5118 0 1
41.6279 0 1
41.744 315 17.7482
41.8602 356 18.868
41.9765 369 19.2094
42.0928 378 19.4422
42.2091 439 20.9523
42.3255 428 20.6882
42.4419 510 22.5832
42.5584 506 22.4944
42.675 520 22.8035
42.7915 475 21.7945
42.9081 514 22.6716
43.0248 523 22.8692
43.1415 499 22.3383
43.2582 477 21.8403
43.375 543 23.3024
43.4918 552 23.4947
43.6087 537 23.1733
43.7256 468 21.6333
43.8425 444 21.0713
43.9595 411 20.2731
44.0765 460 21.4476
44.1935 443 21.0476
44.3106 478 21.8632
44.4277 487 22.0681
44.5448 503 22.4277
44.6619 490 22.1359
44.7791 514 22.6716
44.8963 519 22.7816
45.0136 487 22.0681
45.1308 545 23.3452
45.2481 489 22.1133
45.3654 535 23.1301
45.4827 502 22.4054
45.6001 541 23.2594
45.7174 500 22.3607
45.8348 500 22.3607
45.9522 542 23.2809
46.0697 471 21.7025
46.1871 466 21.587
46.3046 469 21.6564
46.422 445 21.095
46.5395 445 21.095
46.657 466 21.587
46.7745 461 21.4709
46.892 512 22.6274
47.0096 497 22.2935
47.1271 475 21.7945
47.2446 526 22.9347
47.3622 503 22.4277
47.4797 458 21.4009
47.5973 427 20.664
47.7149 452 21.2603
47.8324 526 22.9347
47.95 492 22.1811
48.0675 508 22.5389
48.1851 497 22.2935
48.3027 474 21.7715
48.4202 488 22.0907
48.5378 465 21.5639
48.6554 525 22.9129
48.7729 544 23.3238
48.8904 497 22.2935
49.008 546 23.3666
49.1255 482 21.9545
49.243 479 21.8861
49.3605 473 21.7486
49.478 426 20.6398
49.5955 433 20.8087
49.713 403 20.0749
49.8304 386 19.6469
49.9479 412 20.2978
50.0653 421 20.5183
50.1827 458 21.4009
50.3001 452 21.2603
50.4175 477 21.8403
50.5348 481 21.9317
50.6521 498 22.3159
50.7694 472 21.7256
50.8867 426 20.6398
51.004 383 19.5704
51.1212 441 21
51.2384 474 21.7715
51.3556 449 21.1896
51.4727 489 22.1133
51.5899 498 22.3159
51.707 502 22.4054
51.824 477 21.8403
51.9411 462 21.4942
52.0581 457 21.3776
52.175 527 22.9565
52.2919 507 22.5167
52.4088 498 22.3159
52.5257 469 21.6564
52.6425 461 21.4709
52.7593 478 21.8632
52.876 461 21.4709
52.9927 464 21.5407
53.1094 497 22.2935
53.226 413 20.3224
53.3426 436 20.8806
53.4591 384 19.5959
53.5756 381 19.5192
53.692 387 19.6723
53.8084 391 19.7737
53.9248 370 19.2354
54.0411 343 18.5203
54.1573 285 16.8819
54.2735 0 1
54.3896 0 1
54.5057 0 1
54.6217 0 1
54.7377 0 1
54.8537 0 1
54.9695 0 1
55.0853 0 1
55.2011 0 1
55.3168 0 1
55.4324 0 1
57.824 0 1
57.9396 0 1
58.0553 0 1
58.1711 0 1
58.2869 0 1
58.4028 0 1
58.5187 0 1
58.6347 0 1
58.7508 0 1
58.8669 0 1
58.983 488 22.0907
59.0992 603 24.5561
59.2155 747 27.3313
59.3318 852 29.189
59.4482 942 30.692
59.5646 941 30.6757
59.681 877 29.6142
59.7975 938 30.6268
59.9141 958 30.9516
60.0306 951 30.8383
60.1473 1008 31.749
60.2639 1036 32.187
60.3807 1079 32.8481
60.4974 1172 34.2345
60.6142 1078 32.8329
60.731 1033 32.1403
60.8479 1055 32.4808
60.9648 997 31.5753
61.0818 1038 32.218
61.1987 1008 31.749
61.3158 949 30.8058
61.4328 908 30.133
61.5499 905 30.0832
61.667 834 28.8791
61.7841 794 28.178
61.9013 788 28.0713
62.0185 745 27.2947
62.1357 668 25.8457
62.253 693 26.3249
62.3702 725 26.9258
62.4875 669 25.865
62.6049 686 26.1916
62.7222 688 26.2298
62.8396 656 25.6125
62.9569 685 26.1725
63.0743 671 25.9037
63.1918 612 24.7386
63.3092 608 24.6577
63.4267 582 24.1247
63.5441 570 23.8747
63.6616 614 24.779
63.7791 621 24.9199
63.8966 609 24.6779
64.0142 596 24.4131
64.1317 556 23.5797
64.2492 565 23.7697
64.3668 586 24.2074
64.4843 616 24.8193
64.6019 571 23.8956
64.7195 593 24.3516
64.837 530 23.0217
64.9546 574 23.9583
65.0722 548 23.4094
65.1898 542 23.2809
65.3074 528 22.9783
65.4249 560 23.6643
65.5425 495 22.2486
65.6601 526 22.9347
65.7777 522 22.8473
65.8952 532 23.0651
66.0128 503 22.4277
66.1304 516 22.7156
66.2479 581 24.1039
66.3655 538 23.1948
66.483 532 23.0651
66.6005 560 23.6643
66.718 568 23.8328
66.8355 523 22.8692
66.953 559 23.6432
67.0705 500 22.3607
67.1879 560 23.6643
67.3054 557 23.6008
67.4228 582 24.1247
67.5402 605 24.5967
67.6576 562 23.7065
67.7749 614 24.779
67.8923 571 23.8956
68.0096 534 23.1084
68.1269 554 23.5372
68.2442 568 23.8328
68.3614 547 23.388
68.4787 547 23.388
68.5958 519 22.7816
68.713 568 23.8328
68.8302 488 22.0907
68.9473 507 22.5167
69.0643 535 23.1301
69.1814 537 23.1733
69.2984 507 22.5167
69.4154 490 22.1359
69.5323 490 22.1359
69.6492 486 22.0454
69.7661 498 22.3159
69.8829 546 23.3666
69.9997 534 23.1084
70.1165 492 22.1811
70.2332 537 23.1733
70.3499 519 22.7816
70.4665 481 21.9317
70.5831 486 22.0454
70.6996 398 19.9499
70.8161 383 19.5704
70.9326 346 18.6011
71.049 313 17.6918
71.1653 327 18.0831
71.2817 320 17.8885
71.3979 283 16.8226
71.5141 276 16.6132
71.6303 254 15.9374
71.7464 201 14.1774
71.8624 0 1
71.9784 0 1
72.0944 0 1
72.2102 0 1
72.3261 0 1
72.4418 0 1
72.5575 0 1
72.6732 0 1
75.1054 0 1
75.2209 0 1
75.3365 0 1
75.4521 0 1
75.5678 0 1
75.6835 0 1
75.7993 0 1
75.9151 0 1
76.031 0 1
76.147 346 18.6011
76.263 377 19.4165
76.3791 405 20.1246
76.4952 434 20.8327
76.6113 464 21.5407
76.7276 454 21.3073
76.8438 469 21.6564
76.9601 511 22.6053
77.0765 458 21.4009
77.1929 452 21.2603
77.3093 454 21.3073
77.4258 459 21.4243
77.5423 460 21.4476
77.6589 449 21.1896
77.7755 432 20.7846
77.8921 472 21.7256
78.0088 433 20.8087
78.1256 427 20.664
78.2423 459 21.4243
78.3591 450 21.2132
78.4759 422 20.5426
78.5928 390 19.7484
78.7097 383 19.5704
78.8266 385 19.6214
78.9436 417 20.4206
79.0606 464 21.5407
79.1776 435 20.8567
79.2946 464 21.5407
79.4117 457 21.3776
79.5288 414 20.347
79.6459 473 21.7486
79.7631 396 19.8997
79.8802 452 21.2603
79.9974 463 21.5174
80.1147 440 20.9762
80.2319 509 22.561
80.3491 501 22.383
80.4664 472 21.7256
80.5837 535 23.1301
80.701 461 21.4709
80.8183 502 22.4054
80.9357 428 20.6882
81.053 486 22.0454
81.1704 431 20.7605
81.2877 473 21.7486
81.4051 453 21.2838
81.5225 484 22
81.6399 452 21.2603
81.7573 524 22.891
81.8747 448 21.166
81.9922 437 20.9045
82.1096 430 20.7364
82.227 395 19.8746
82.3444 403 20.0749
82.4619 456 21.3542
82.5793 431 20.7605
82.6967 463 21.5174
82.8142 486 22.0454
82.9316 452 21.2603
83.049 438 20.9284
83.1664 482 21.9545
83.2838 455 21.3307
83.4012 498 22.3159
83.5186 488 22.0907
83.636 467 21.6102
83.7534 454 21.3073
83.8708 494 22.2261
83.9881 483 21.9773
84.1055 469 21.6564
84.2228 513 22.6495
84.3401 447 21.1424
84.4575 447 21.1424
84.5747 500 22.3607
84.692 444 21.0713
84.8093 496 22.2711
84.9265 519 22.7816
85.0437 484 22
85.1609 512 22.6274
85.2781 503 22.4277
85.3952 479 21.8861
85.5123 481 21.9317
85.6294 479 21.8861
85.7465 410 20.2485
85.8636 468 21.6333
85.9806 409 20.2237
86.0976 465 21.5639
86.2145 499 22.3383
86.3315 481 21.9317
86.4484 472 21.7256
86.5652 506 22.4944
86.682 468 21.6333
86.7988 478 21.8632
86.9156 499 22.3383
87.0323 507 22.5167
87.149 473 21.7486
87.2657 476 21.8174
87.3823 466 21.587
87.4988 522 22.8473
87.6154 469 21.6564
87.7318 412 20.2978
87.8483 414 20.347
87.9647 397 19.9249
88.081 367 19.1572
88.1973 355 18.8414
88.3136 355 18.8414
88.4298 288 16.9706
88.546 284 16.8523
88.6621 247 15.7162
88.7781 251 15.843
88.8942 0 1
89.0101 0 1
89.126 0 1
89.2419 0 1
89.3577 0 1
89.4734 0 1
89.5891 0 1
89.7047 0 1
89.8203 0 1
89.9358 0 1
92.3269 0 1
92.4424 0 1
92.558 0 1
92.6736 0 1
92.7893 0 1
92.905 0 1
93.0208 0 1
93.1366 0 1
93.2525 0 1
93.3685 0 1
93.4845 0 1
93.6005 439 20.9523
93.7167 415 20.3715
93.8328 415 20.3715
93.949 475 21.7945
94.0653 436 20.8806
94.1816 507 22.5167
94.2979 510 22.5832
94.4143 497 22.2935
94.5307 545 23.3452
94.6472 461 21.4709
94.7637 456 21.3542
94.8803 449 21.1896
94.9969 493 22.2036
95.1135 489 22.1133
95.2302 463 21.5174
95.3469 460 21.4476
95.4637 477 21.8403
95.5805 488 22.0907
95.6973 463 21.5174
95.8142 533 23.0868
95.9311 501 22.383
96.048 562 23.7065
96.1649 465 21.5639
96.2819 474 21.7715
96.3989 478 21.8632
96.516 512 22.6274
96.633 503 22.4277
96.7501 506 22.4944
96.8673 509 22.561
96.9844 481 21.9317
97.1016 509 22.561
97.2188 511 22.6053
97.336 479 21.8861
97.4532 559 23.6432
97.5704 534 23.1084
97.6877 547 23.388
97.805 505 22.4722
97.9223 483 21.9773
98.0396 533 23.0868
98.1569 475 21.7945
98.2743 452 21.2603
98.3916 524 22.891
98.509 465 21.5639
98.6264 487 22.0681
98.7438 531 23.0434
98.8612 498 22.3159
98.9786 511 22.6053
99.096 516 22.7156
99.2134 547 23.388
99.3308 563 23.7276
99.4482 543 23.3024
99.5656 549 23.4307
99.6831 521 22.8254
99.8005 578 24.0416
99.9179 512 22.6274
100.035 508 22.5389
100.153 531 23.0434
100.27 556 23.5797
100.388 569 23.8537
100.505 573 23.9374
100.622 513 22.6495
100.74 522 22.8473
100.857 493 22.2036
100.975 475 21.7945
101.092 472 21.7256
101.209 536 23.1517
101.327 544 23.3238
101.444 560 23.6643
101.561 500 22.3607
101.679 529 23
101.796 503 22.4277
101.913 538 23.1948
102.03 472 21.7256
102.148 480 21.9089
102.265 536 23.1517
102.382 549 23.4307
102.499 544 23.3238
102.616 558 23.622
102.733 588 24.2487
102.851 541 23.2594
102.968 609 24.6779
103.085 589 24.2693
103.202 589 24.2693
103.319 581 24.1039
103.436 617 24.8395
103.552 534 23.1084
103.669 559 23.6432
103.786 574 23.9583
103.903 617 24.8395
104.02 599 24.4745
104.137 571 23.8956
104.253 571 23.8956
104.37 572 23.9165
104.487 571 23.8956
104.603 545 23.3452
104.72 523 22.8692
104.836 573 23.9374
104.953 535 23.1301
105.069 543 23.3024
105.186 505 22.4722
105.302 451 21.2368
105.418 386 19.6469
105.535 379 19.4679
105.651 339 18.412
105.767 344 18.5472
105.883 343 18.5203
105.999 297 17.2337
106.115 0 1
106.231 0 1
106.347 0 1
106.463 0 1
106.579 0 1
106.694 0 1
106.81 0 1
106.926 0 1
107.041 0 1
107.157 0 1
109.576 0 1
109.692 0 1
109.807 0 1
109.923 0 1
110.039 0 1
110.155 0 1
110.27 0 1
110.386 0 1
110.502 0 1
110.618 279 16.7033
110.735 350 18.7083
110.851 336 18.3303
110.967 374 19.3391
111.083 422 20.5426
111.199 451 21.2368
111.316 529 23
111.432 503 22.4277
111.549 513 22.6495
111.665 618 24.8596
111.782 524 22.891
111.898 518 22.7596
112.015 499 22.3383
112.132 539 23.2164
112.248 521 22.8254
112.365 498 22.3159
112.482 513 22.6495
112.599 528 22.9783
112.716 517 22.7376
112.832 533 23.0868
112.949 506 22.4944
113.066 448 21.166
113.183 509 22.561
113.3 470 21.6795
113.417 513 22.6495
113.534 509 22.561
113.652 470 21.6795
113.769 514 22.6716
113.886 533 23.0868
114.003 470 21.6795
114.12 452 21.2603
114.238 441 21
114.355 431 20.7605
114.472 448 21.166
114.589 426 20.6398
114.707 448 21.166
114.824 456 21.3542
114.942 483 21.9773
115.059 528 22.9783
115.176 495 22.2486
115.294 489 22.1133
115.411 476 21.8174
115.529 510 22.5832
115.646 496 22.2711
115.764 449 21.1896
115.881 505 22.4722
115.999 461 21.4709
116.116 511 22.6053
116.234 510 22.5832
116.351 478 21.8632
116.469 459 21.4243
116.586 462 21.4942
116.704 455 21.3307
116.821 444 21.0713
116.939 505 22.4722
117.056 475 21.7945
117.174 455 21.3307
117.291 467 21.6102
117.409 470 21.6795
117.526 462 21.4942
117.644 431 20.7605
117.761 452 21.2603
117.879 468 21.6333
117.996 446 21.1187
118.114 457 21.3776
118.231 421 20.5183
118.349 443 21.0476
118.466 466 21.587
118.584 455 21.3307
118.701 441 21
118.819 447 21.1424
118.936 439 20.9523
119.053 431 20.7605
119.171 429 20.7123
119.288 441 21
119.405 464 21.5407
119.523 395 19.8746
119.64 391 19.7737
119.757 471 21.7025
119.875 504 22.4499
119.992 447 21.1424
120.109 426 20.6398
120.226 443 21.0476
120.343 396 19.8997
120.46 424 20.5913
120.578 443 21.0476
120.695 417 20.4206
120.812 394 19.8494
120.929 407 20.1742
121.046 422 20.5426
121.163 404 20.0998
121.279 394 19.8494
121.396 380 19.4936
121.513 400 20
121.63 390 19.7484
121.747 366 19.1311
121.863 342 18.4932
121.98 376 19.3907
122.097 373 19.3132
122.213 378 19.4422
122.33 353 18.7883
122.446 352 18.7617
122.563 289 17
122.679 261 16.1555
122.795 283 16.8226
122.912 256 16
123.028 252 15.8745
123.144 224 14.9666
123.26 221 14.8661
123.377 0 1
123.493 0 1
123.609 0 1
123.725 0 1
123.84 0 1
123.956 0 1
124.072 0 1
124.188 0 1
124.303 0 1
124.419 0 1
126.852 0 1
126.968 0 1
127.083 0 1
127.199 0 1
127.315 0 1
127.431 0 1
127.547 0 1
127.663 0 1
127.779 0 1
127.895 0 1
128.011 0 1
128.127 0 1
128.243 0 1
128.359 463 21.5174
128.476 486 22.0454
128.592 477 21.8403
128.708 505 22.4722
128.825 475 21.7945
128.941 529 23
129.058 471 21.7025
129.174 480 21.9089
129.291 470 21.6795
129.408 497 22.2935
129.524 458 21.4009
129.641 466 21.587
129.758 487 22.0681
129.875 498 22.3159
129.992 491 22.1585
130.108 474 21.7715
130.225 494 22.2261
130.342 512 22.6274
130.459 517 22.7376
130.576 564 23.7487
130.693 541 23.2594
130.81 514 22.6716
130.928 525 22.9129
131.045 513 22.6495
131.162 578 24.0416
131.279 611 24.7184
131.396 610 24.6982
131.513 603 24.5561
131.631 594 24.3721
131.748 659 25.671
131.865 710 26.6458
131.983 676 26
132.1 691 26.2869
132.217 706 26.5707
132.335 739 27.1846
132.452 779 27.9106
132.57 734 27.0924
132.687 842 29.0172
132.804 798 28.2489
132.922 841 29
133.039 802 28.3196
133.157 894 29.8998
133.274 777 27.8747
133.392 850 29.1548
133.509 783 27.9821
133.627 765 27.6586
133.744 823 28.688
133.862 761 27.5862
133.979 834 28.8791
134.097 814 28.5307
134.214 839 28.9655
134.332 768 27.7128
134.449 685 26.1725
134.567 762 27.6043
134.684 886 29.7658
134.802 921 30.348
134.919 937 30.6105
135.037 831 28.8271
135.154 873 29.5466
135.272 863 29.3769
135.389 874 29.5635
135.507 938 30.6268
135.624 906 30.0998
135.742 941 30.6757
135.859 951 30.8383
135.977 970 31.1448
136.094 1003 31.6702
136.211 968 31.1127
136.329 984 31.3688
136.446 956 30.9192
136.564 941 30.6757
136.681 1011 31.7962
136.798 990 31.4643
136.915 1028 32.0624
137.033 948 30.7896
137.15 995 31.5436
137.267 1019 31.9218
137.384 1021 31.9531
137.502 1003 31.6702
137.619 1000 31.6228
137.736 1103 33.2114
137.853 1011 31.7962
137.97 1007 31.7333
138.087 1004 31.686
138.204 959 30.9677
138.321 1048 32.3728
138.438 1114 33.3766
138.555 1133 33.6601
138.672 1067 32.665
138.788 975 31.225
138.905 1082 32.8938
139.022 1082 32.8938
139.139 1108 33.2866
139.255 1102 33.1964
139.372 1059 32.5423
139.488 1061 32.573
139.605 957 30.9354
139.721 832 28.8444
139.838 834 28.8791
139.954 772 27.7849
140.071 788 28.0713
140.187 742 27.2397
140.303 755 27.4773
140.419 720 26.8328
140.535 673 25.9422
140.652 685 26.1725
140.768 0 1
140.884 0 1
141 0 1
141.115 0 1
141.231 0 1
141.347 0 1
141.463 0 1
141.578 0 1
141.694 0 1
144.104 0 1
144.219 0 1
144.335 0 1
144.45 0 1
144.566 0 1
144.682 0 1
144.798 0 1
144.914 0 1
145.03 0 1
145.146 891 29.8496
145.262 1048 32.3728
145.378 1290 35.9166
145.494 1690 41.1096
145.61 2627 51.2543
145.726 4275 65.3835
145.842 7157 84.5991
145.959 11279 106.203
146.075 16620 128.919
146.192 23489 153.261
146.308 30969 175.98
146.425 39046 197.601
146.541 47306 217.499
146.658 55029 234.583
146.774 62927 250.853
146.891 69732 264.068
147.008 76611 276.787
147.125 82227 286.753
147.241 89545 299.241
147.358 96960 311.384
147.475 104334 323.008
147.592 114254 338.015
147.709 124724 353.163
147.826 133871 365.884
147.943 144981 380.764
148.06 154344 392.866
148.177 164289 405.326
148.294 173150 416.113
148.411 181191 425.665
148.528 185787 431.03
148.645 187729 433.277
148.762 188759 434.464
148.88 185486 430.681
148.997 183543 428.419
149.114 169644 411.879
149.231 163508 404.361
149.349 153778 392.145
149.466 140957 375.442
149.583 132469 363.963
149.701 123922 352.026
149.818 115136 339.317
149.935 108057 328.72
150.053 102574 320.272
150.17 99263 315.06
150.287 96849 311.206
150.405 95604 309.199
150.522 94564 307.513
150.64 92573 304.258
150.757 88837 298.055
150.875 85089 291.7
150.992 81454 285.401
151.11 77709 278.763
151.227 73099 270.368
151.344 67815 260.413
151.462 65457 255.846
151.579 62911 250.821
151.697 60188 245.332
151.814 57364 239.508
151.932 55084 234.7
152.049 52629 229.41
152.167 49626 222.769
152.284 46995 216.783
152.402 44694 211.41
152.519 42011 204.966
152.636 39912 199.78
152.754 38452 196.092
152.871 35803 189.217
152.989 32868 181.295
153.106 28993 170.273
153.223 25105 158.446
153.341 20695 143.858
153.458 16997 130.373
153.575 14401 120.004
153.693 13943 118.08
153.81 15166 123.15
153.927 17548 132.469
154.044 20580 143.457
154.162 22476 149.92
154.279 23409 153
154.396 23262 152.519
154.513 23048 151.816
154.63 21916 148.041
154.747 20671 143.774
154.864 19309 138.957
154.981 16937 130.142
155.098 16739 129.379
155.215 16480 128.374
155.332 16374 127.961
155.449 15366 123.96
155.566 14782 121.581
155.683 13867 117.758
155.8 13462 116.026
155.917 12503 111.817
156.033 11904 109.105
156.15 0 1
156.267 0 1
156.383 0 1
156.5 0 1
156.617 0 1
156.733 0 1
156.85 0 1
156.966 0 1
157.082 0 1
157.199 0 1
157.315 0 1
157.431 0 1
157.547 0 1
157.664 0 1
157.78 0 1
157.896 0 1
158.012 0 1
158.128 0 1
158.244 0 1
158.359 0 1
158.475 0 1
158.591 0 1
158.706 0 1
