
6.15755 0 1
6.2731 0 1
6.3887 0 1
6.50437 0 1
6.62009 0 1
6.73587 0 1
6.8517 0 1
6.96759 0 1
7.08353 0 1
7.19952 0 1
7.31557 0 1
7.43166 0 1
7.54781 0 1
7.664 0 1
7.78024 0 1
7.89653 0 1
8.01286 0 1
8.12924 0 1
8.24567 0 1
8.36213 0 1
8.47864 0 1
8.59519 0 1
8.71178 0 1
8.82841 0 1
8.94508 0 1
9.06179 0 1
9.17853 0 1
9.29531 0 1
9.41212 0 1
9.52897 0 1
9.64584 0 1
9.76276 0 1
9.8797 0 1
9.99667 0 1
10.1137 0 1
10.2307 0 1
10.3478 0 1
10.4648 0 1
10.5819 0 1
10.6991 0 1
10.8162 0 1
10.9334 0 1
11.0506 0 1
11.1678 0 1
11.285 0 1
11.4023 0 1
11.5196 0 1
11.6369 0 1
11.7542 0 1
11.8715 0 1
11.9888 0 1
12.1062 0 1
12.2235 0 1
12.3409 0 1
12.4582 0 1
12.5756 0 1
12.693 0 1
12.8104 0 1
12.9278 0 1
13.0452 0 1
13.1626 0 1
13.28 0 1
13.3974 0 1
13.5149 0 1
13.6323 0 1
13.7497 0 1
13.8671 0 1
13.9845 0 1
14.1019 0 1
14.2193 0 1
14.3367 0 1
14.4541 0 1
14.5714 0 1
14.6888 0 1
14.8062 0 1
14.9235 0 1
15.0408 0 0
15.1581 0 0
15.2755 0 0
15.3927 0 0
15.51 0 0
15.6273 0 0
15.7445 0 0
15.8617 0 0
15.9789 0 0
16.0961 0 0
16.2132 0 0
16.3304 0 0
16.4475 0 0
16.5646 0 0
16.6816 0 0
16.7986 0 0
16.9156 0 0
17.0326 0 0
17.1496 0 0
17.2665 0 0
17.3833 0 0
17.5002 0 0
17.617 0 0
17.7338 0 0
17.8505 0 0
17.9672 0 0
18.0839 0 0
18.2005 0 0
18.3171 0 0
18.4337 0 0
18.5502 0 0
18.6666 0 0
18.7831 0 0
18.8994 0 0
19.0158 0 0
19.1321 0 0
19.2483 0 0
19.3645 0 0
19.4806 0 0
19.5967 0 0
19.7128 0 0
19.8288 0 0
19.9447 0 0
20.0606 0 1
20.1764 0 1
20.2922 0 1
20.4079 0 1
20.5236 0 1
20.6392 0 1
20.7548 0 1
20.8702 0 1
23.3078 0 1
23.4233 0 1
23.539 0 1
23.6547 0 1
23.7704 0 1
23.8862 0 1
24.0021 0 1
24.118 0 1
24.234 0 1
24.35 0 1
24.4661 464 21.5407
24.5822 548 23.4094
24.6984 636 25.219
24.8146 753 27.4408
24.9309 896 29.9333
25.0472 1114 33.3766
25.1636 1147 33.8674
25.28 1155 33.9853
25.3965 1091 33.0303
25.513 1011 31.7962
25.6296 1017 31.8904
25.7462 964 31.0483
25.8628 923 30.3809
25.9795 897 29.95
26.0962 823 28.688
26.213 832 28.8444
26.3298 815 28.5482
26.4466 798 28.2489
26.5635 756 27.4955
26.6804 770 27.7489
26.7973 680 26.0768
26.9143 683 26.1343
27.0313 667 25.8263
27.1483 650 25.4951
27.2653 672 25.923
27.3824 632 25.1396
27.4996 543 23.3024
27.6167 541 23.2594
27.7339 538 23.1948
27.8511 579 24.0624
27.9683 644 25.3772
28.0855 727 26.9629
28.2028 711 26.6646
28.3201 698 26.4197
28.4374 719 26.8142
28.5547 749 27.3679
28.6721 782 27.9643
28.7894 710 26.6458
28.9068 777 27.8747
29.0242 723 26.8887
29.1416 777 27.8747
29.259 749 27.3679
29.3764 784 28
29.4939 719 26.8142
29.6113 678 26.0384
29.7288 678 26.0384
29.8463 730 27.0185
29.9638 675 25.9808
30.0812 678 26.0384
30.1987 672 25.923
30.3162 666 25.807
30.4337 632 25.1396
30.5512 657 25.632
30.6687 709 26.6271
30.7862 700 26.4575
30.9037 614 24.779
31.0212 622 24.9399
31.1387 608 24.6577
31.2562 659 25.671
31.3737 662 25.7294
31.4912 714 26.7208
31.6087 677 26.0192
31.7262 683 26.1343
31.8436 748 27.3496
31.9611 760 27.5681
32.0785 705 26.5518
32.1959 692 26.3059
32.3134 701 26.4764
32.4308 711 26.6646
32.5482 696 26.3818
32.6655 636 25.219
32.7829 628 25.0599
32.9002 610 24.6982
33.0176 591 24.3105
33.1349 604 24.5764
33.2522 562 23.7065
33.3694 575 23.9792
33.4867 570 23.8747
33.6039 553 23.516
33.7211 616 24.8193
33.8383 640 25.2982
33.9554 601 24.5153
34.0725 629 25.0799
34.1896 617 24.8395
34.3067 656 25.6125
34.4237 676 26
34.5407 673 25.9422
34.6577 619 24.8797
34.7746 589 24.2693
34.8915 693 26.3249
35.0084 686 26.1916
35.1252 725 26.9258
35.242 712 26.6833
35.3587 684 26.1534
35.4755 627 25.04
35.5921 642 25.3377
35.7088 687 26.2107
35.8254 621 24.9199
35.9419 565 23.7697
36.0584 578 24.0416
36.1749 533 23.0868
36.2913 492 22.1811
36.4077 504 22.4499
36.524 493 22.2036
36.6403 417 20.4206
36.7565 344 18.5472
36.8727 300 17.3205
36.9889 309 17.5784
37.1049 292 17.088
37.221 0 1
37.3369 0 1
37.4529 0 1
37.5687 0 1
37.6845 0 1
37.8003 0 1
37.916 0 1
38.0316 0 1
38.1472 0 1
40.5851 0 1
40.7008 0 1
40.8164 0 1
40.9322 0 1
41.048 0 1
41.1639 0 1
41.2798 0 1
41.3958 0 1
41.5118 0 1
41.6279 0 1
41.744 284 16.8523
41.8602 324 18
41.9765 369 19.2094
42.0928 398 19.9499
42.2091 433 20.8087
42.3255 406 20.1494
42.4419 448 21.166
42.5584 475 21.7945
42.675 475 21.7945
42.7915 512 22.6274
42.9081 519 22.7816
43.0248 610 24.6982
43.1415 604 24.5764
43.2582 593 24.3516
43.375 555 23.5584
43.4918 544 23.3238
43.6087 538 23.1948
43.7256 544 23.3238
43.8425 542 23.2809
43.9595 562 23.7065
44.0765 503 22.4277
44.1935 562 23.7065
44.3106 545 23.3452
44.4277 529 23
44.5448 511 22.6053
44.6619 532 23.0651
44.7791 455 21.3307
44.8963 528 22.9783
45.0136 454 21.3073
45.1308 430 20.7364
45.2481 492 22.1811
45.3654 484 22
45.4827 442 21.0238
45.6001 461 21.4709
45.7174 493 22.2036
45.8348 534 23.1084
45.9522 524 22.891
46.0697 607 24.6374
46.1871 663 25.7488
46.3046 725 26.9258
46.422 768 27.7128
46.5395 827 28.7576
46.657 880 29.6648
46.7745 822 28.6705
46.892 762 27.6043
47.0096 809 28.4429
47.1271 829 28.7924
47.2446 929 30.4795
47.3622 928 30.4631
47.4797 864 29.3939
47.5973 981 31.3209
47.7149 960 30.9839
47.8324 966 31.0805
47.95 941 30.6757
48.0675 978 31.273
48.1851 925 30.4138
48.3027 1003 31.6702
48.4202 995 31.5436
48.5378 958 30.9516
48.6554 997 31.5753
48.7729 904 30.0666
48.8904 933 30.545
49.008 957 30.9354
49.1255 920 30.3315
49.243 959 30.9677
49.3605 918 30.2985
49.478 999 31.607
49.5955 981 31.3209
49.713 971 31.1609
49.8304 971 31.1609
49.9479 886 29.7658
50.0653 940 30.6594
50.1827 867 29.4449
50.3001 779 27.9106
50.4175 601 24.5153
50.5348 539 23.2164
50.6521 560 23.6643
50.7694 631 25.1197
50.8867 631 25.1197
51.004 567 23.8118
51.1212 591 24.3105
51.2384 563 23.7276
51.3556 527 22.9565
51.4727 519 22.7816
51.5899 508 22.5389
51.707 516 22.7156
51.824 520 22.8035
51.9411 509 22.561
52.0581 494 22.2261
52.175 506 22.4944
52.2919 507 22.5167
52.4088 418 20.445
52.5257 456 21.3542
52.6425 448 21.166
52.7593 435 20.8567
52.876 460 21.4476
52.9927 417 20.4206
53.1094 402 20.0499
53.226 426 20.6398
53.3426 416 20.3961
53.4591 406 20.1494
53.5756 365 19.105
53.692 313 17.6918
53.8084 255 15.9687
53.9248 244 15.6205
54.0411 194 13.9284
54.1573 200 14.1421
54.2735 0 1
54.3896 0 1
54.5057 0 1
54.6217 0 1
54.7377 0 1
54.8537 0 1
54.9695 0 1
55.0853 0 1
55.2011 0 1
55.3168 0 1
55.4324 0 1
57.824 0 1
57.9396 0 1
58.0553 0 1
58.1711 0 1
58.2869 0 1
58.4028 0 1
58.5187 0 1
58.6347 0 1
58.7508 0 1
58.8669 0 1
58.983 353 18.7883
59.0992 373 19.3132
59.2155 369 19.2094
59.3318 426 20.6398
59.4482 402 20.0499
59.5646 447 21.1424
59.681 552 23.4947
59.7975 529 23
59.9141 543 23.3024
60.0306 543 23.3024
60.1473 514 22.6716
60.2639 479 21.8861
60.3807 488 22.0907
60.4974 557 23.6008
60.6142 547 23.388
60.731 560 23.6643
60.8479 541 23.2594
60.9648 552 23.4947
61.0818 555 23.5584
61.1987 540 23.2379
61.3158 468 21.6333
61.4328 530 23.0217
61.5499 491 22.1585
61.667 495 22.2486
61.7841 516 22.7156
61.9013 520 22.8035
62.0185 547 23.388
62.1357 531 23.0434
62.253 501 22.383
62.3702 498 22.3159
62.4875 449 21.1896
62.6049 441 21
62.7222 438 20.9284
62.8396 467 21.6102
62.9569 560 23.6643
63.0743 517 22.7376
63.1918 461 21.4709
63.3092 553 23.516
63.4267 495 22.2486
63.5441 519 22.7816
63.6616 545 23.3452
63.7791 507 22.5167
63.8966 518 22.7596
64.0142 526 22.9347
64.1317 516 22.7156
64.2492 493 22.2036
64.3668 495 22.2486
64.4843 535 23.1301
64.6019 503 22.4277
64.7195 480 21.9089
64.837 513 22.6495
64.9546 513 22.6495
65.0722 484 22
65.1898 471 21.7025
65.3074 484 22
65.4249 463 21.5174
65.5425 528 22.9783
65.6601 519 22.7816
65.7777 529 23
65.8952 494 22.2261
66.0128 544 23.3238
66.1304 415 20.3715
66.2479 411 20.2731
66.3655 408 20.199
66.483 471 21.7025
66.6005 504 22.4499
66.718 502 22.4054
66.8355 492 22.1811
66.953 605 24.5967
67.0705 581 24.1039
67.1879 617 24.8395
67.3054 665 25.7876
67.4228 729 27
67.5402 812 28.4956
67.6576 867 29.4449
67.7749 1007 31.7333
67.8923 1120 33.4664
68.0096 1249 35.3412
68.1269 1403 37.4566
68.2442 1420 37.6829
68.3614 1613 40.1622
68.4787 1727 41.5572
68.5958 1840 42.8952
68.713 1839 42.8836
68.8302 1968 44.3621
68.9473 2197 46.8722
69.0643 2227 47.1911
69.1814 2272 47.6655
69.2984 2313 48.0937
69.4154 2314 48.1041
69.5323 2269 47.634
69.6492 2226 47.1805
69.7661 1900 43.589
69.8829 1760 41.9524
69.9997 1913 43.7379
70.1165 2113 45.9674
70.2332 2186 46.7547
70.3499 1985 44.5533
70.4665 1743 41.7493
70.5831 1561 39.5095
70.6996 1454 38.1314
70.8161 1354 36.7967
70.9326 1353 36.7831
71.049 1334 36.524
71.1653 1327 36.428
71.2817 1188 34.4674
71.3979 1182 34.3802
71.5141 1065 32.6343
71.6303 1088 32.9848
71.7464 1025 32.0156
71.8624 0 1
71.9784 0 1
72.0944 0 1
72.2102 0 1
72.3261 0 1
72.4418 0 1
72.5575 0 1
72.6732 0 1
75.1054 0 1
75.2209 0 1
75.3365 0 1
75.4521 0 1
75.5678 0 1
75.6835 0 1
75.7993 0 1
75.9151 0 1
76.031 0 1
76.147 2453 49.5278
76.263 2618 51.1664
76.3791 2617 51.1566
76.4952 2491 49.9099
76.6113 2466 49.6588
76.7276 2413 49.1223
76.8438 2328 48.2494
76.9601 2334 48.3115
77.0765 2166 46.5403
77.1929 2128 46.1303
77.3093 2087 45.6837
77.4258 1993 44.643
77.5423 1928 43.909
77.6589 1949 44.1475
77.7755 1916 43.7721
77.8921 1895 43.5316
78.0088 1907 43.6692
78.1256 1933 43.9659
78.2423 1864 43.1741
78.3591 1921 43.8292
78.4759 1883 43.3935
78.5928 1708 41.328
78.7097 1480 38.4708
78.8266 1194 34.5543
78.9436 996 31.5595
79.0606 1025 32.0156
79.1776 1250 35.3553
79.2946 1523 39.0256
79.4117 1730 41.5933
79.5288 1640 40.4969
79.6459 1591 39.8873
79.7631 1594 39.9249
79.8802 1668 40.8412
79.9974 1629 40.3609
80.1147 1613 40.1622
80.2319 1600 40
80.3491 1566 39.5727
80.4664 1532 39.1408
80.5837 1489 38.5876
80.701 1485 38.5357
80.8183 1379 37.1349
80.9357 1466 38.2884
81.053 1413 37.5899
81.1704 1426 37.7624
81.2877 1283 35.819
81.4051 1366 36.9594
81.5225 1373 37.054
81.6399 1300 36.0555
81.7573 1362 36.9053
81.8747 1314 36.2491
81.9922 1336 36.5513
82.1096 1294 35.9722
82.227 1346 36.6879
82.3444 1193 34.5398
82.4619 958 30.9516
82.5793 844 29.0517
82.6967 837 28.931
82.8142 1014 31.8434
82.9316 1228 35.0428
83.049 1293 35.9583
83.1664 1307 36.1525
83.2838 1326 36.4143
83.4012 1331 36.4829
83.5186 1287 35.8748
83.636 1343 36.647
83.7534 1296 36
83.8708 1243 35.2562
83.9881 1305 36.1248
84.1055 1245 35.2846
84.2228 1138 33.7343
84.3401 1212 34.8138
84.4575 1148 33.8821
84.5747 1074 32.7719
84.692 1057 32.5115
84.8093 970 31.1448
84.9265 970 31.1448
85.0437 905 30.0832
85.1609 834 28.8791
85.2781 783 27.9821
85.3952 741 27.2213
85.5123 719 26.8142
85.6294 730 27.0185
85.7465 629 25.0799
85.8636 583 24.1454
85.9806 504 22.4499
86.0976 479 21.8861
86.2145 370 19.2354
86.3315 446 21.1187
86.4484 565 23.7697
86.5652 580 24.0832
86.682 561 23.6854
86.7988 632 25.1396
86.9156 617 24.8395
87.0323 547 23.388
87.149 601 24.5153
87.2657 588 24.2487
87.3823 573 23.9374
87.4988 566 23.7908
87.6154 522 22.8473
87.7318 487 22.0681
87.8483 443 21.0476
87.9647 423 20.567
88.081 392 19.799
88.1973 409 20.2237
88.3136 379 19.4679
88.4298 335 18.303
88.546 371 19.2614
88.6621 365 19.105
88.7781 360 18.9737
88.8942 0 1
89.0101 0 1
89.126 0 1
89.2419 0 1
89.3577 0 1
89.4734 0 1
89.5891 0 1
89.7047 0 1
89.8203 0 1
89.9358 0 1
92.3269 0 1
92.4424 0 1
92.558 0 1
92.6736 0 1
92.7893 0 1
92.905 0 1
93.0208 0 1
93.1366 0 1
93.2525 0 1
93.3685 0 1
93.4845 0 1
93.6005 1056 32.4962
93.7167 1150 33.9116
93.8328 1259 35.4824
93.949 1414 37.6032
94.0653 1481 38.4838
94.1816 1545 39.3065
94.2979 1667 40.8289
94.4143 1719 41.4608
94.5307 1773 42.107
94.6472 1817 42.6263
94.7637 1813 42.5793
94.8803 1646 40.5709
94.9969 1555 39.4335
95.1135 1460 38.2099
95.2302 1539 39.2301
95.3469 1686 41.0609
95.4637 1896 43.5431
95.5805 1924 43.8634
95.6973 1949 44.1475
95.8142 1948 44.1362
95.9311 2047 45.2438
96.048 1942 44.0681
96.1649 1919 43.8064
96.2819 1839 42.8836
96.3989 1773 42.107
96.516 1708 41.328
96.633 1699 41.2189
96.7501 1781 42.2019
96.8673 1639 40.4846
96.9844 1642 40.5216
97.1016 1668 40.8412
97.2188 1647 40.5832
97.336 1671 40.8779
97.4532 1832 42.8019
97.5704 1824 42.7083
97.6877 1887 43.4396
97.805 1964 44.317
97.9223 2012 44.8553
98.0396 2083 45.6399
98.1569 2112 45.9565
98.2743 2040 45.1664
98.3916 1900 43.589
98.509 1739 41.7013
98.6264 1635 40.4351
98.7438 1610 40.1248
98.8612 1766 42.0238
98.9786 1984 44.5421
99.096 2046 45.2327
99.2134 1999 44.7102
99.3308 2179 46.6798
99.4482 2108 45.913
99.5656 2135 46.2061
99.6831 2025 45
99.8005 1941 44.0568
99.9179 1952 44.1814
100.035 1912 43.7264
100.153 1781 42.2019
100.27 1793 42.3438
100.388 1814 42.5911
100.505 1830 42.7785
100.622 1891 43.4856
100.74 1927 43.8976
100.857 1869 43.2319
100.975 1982 44.5197
101.092 2104 45.8694
101.209 2163 46.5081
101.327 2252 47.4552
101.444 2177 46.6583
101.561 2215 47.0638
101.679 2256 47.4974
101.796 2119 46.0326
101.913 2024 44.9889
102.03 1872 43.2666
102.148 1599 39.9875
102.265 1405 37.4833
102.382 1460 38.2099
102.499 1673 40.9023
102.616 1752 41.8569
102.733 1918 43.795
102.851 1895 43.5316
102.968 1839 42.8836
103.085 1785 42.2493
103.202 1782 42.2137
103.319 1812 42.5676
103.436 1813 42.5793
103.552 1783 42.2256
103.669 1849 43
103.786 1785 42.2493
103.903 1781 42.2019
104.02 1707 41.3159
104.137 1664 40.7922
104.253 1774 42.1189
104.37 1618 40.2244
104.487 1561 39.5095
104.603 1514 38.9102
104.72 1429 37.8021
104.836 1392 37.3095
104.953 1188 34.4674
105.069 900 30
105.186 815 28.5482
105.302 732 27.0555
105.418 665 25.7876
105.535 596 24.4131
105.651 518 22.7596
105.767 445 21.095
105.883 392 19.799
105.999 372 19.2873
106.115 0 1
106.231 0 1
106.347 0 1
106.463 0 1
106.579 0 1
106.694 0 1
106.81 0 1
106.926 0 1
107.041 0 1
107.157 0 1
109.576 0 1
109.692 0 1
109.807 0 1
109.923 0 1
110.039 0 1
110.155 0 1
110.27 0 1
110.386 0 1
110.502 0 1
110.618 3069 55.3986
110.735 3158 56.1961
110.851 3155 56.1694
110.967 3148 56.107
111.083 3172 56.3205
111.199 3309 57.5239
111.316 3593 59.9416
111.432 3741 61.1637
111.549 3858 62.1128
111.665 3871 62.2174
111.782 3927 62.6658
111.898 4034 63.5138
112.015 4015 63.364
112.132 4041 63.5689
112.248 4023 63.4271
112.365 4043 63.5846
112.482 4014 63.3561
112.599 4275 65.3835
112.716 4414 66.4379
112.832 4699 68.5493
112.949 4884 69.8856
113.066 5176 71.9444
113.183 5095 71.3793
113.3 5036 70.9648
113.417 5053 71.0845
113.534 5053 71.0845
113.652 4921 70.1498
113.769 5001 70.7177
113.886 4874 69.814
114.003 4858 69.6994
114.12 4859 69.7065
114.238 4694 68.5128
114.355 4568 67.587
114.472 4336 65.8483
114.589 4488 66.9925
114.707 4381 66.1891
114.824 4427 66.5357
114.942 4631 68.0515
115.059 4640 68.1175
115.176 4774 69.0941
115.294 4685 68.4471
115.411 4597 67.8012
115.529 4393 66.2797
115.646 4443 66.6558
115.764 4203 64.8305
115.881 4135 64.304
115.999 4131 64.2729
116.116 4111 64.1171
116.234 4452 66.7233
116.351 4632 68.0588
116.469 4705 68.593
116.586 4853 69.6635
116.704 5117 71.5332
116.821 5016 70.8237
116.939 4881 69.8642
117.056 4757 68.971
117.174 4444 66.6633
117.291 4397 66.3099
117.409 4401 66.34
117.526 4444 66.6633
117.644 4364 66.0606
117.761 4641 68.1249
117.879 4552 67.4685
117.996 4332 65.8179
118.114 4341 65.8863
118.231 4296 65.5439
118.349 4420 66.4831
118.466 4613 67.9191
118.584 4611 67.9043
118.701 4392 66.2722
118.819 4487 66.9851
118.936 4206 64.8537
119.053 4235 65.0769
119.171 3911 62.538
119.288 3762 61.3351
119.405 3757 61.2944
119.523 3757 61.2944
119.64 3680 60.663
119.757 4075 63.8357
119.875 4318 65.7115
119.992 4508 67.1416
120.109 4766 69.0362
120.226 4891 69.9357
120.343 4957 70.406
120.46 4708 68.6149
120.578 4590 67.7495
120.695 4464 66.8132
120.812 4115 64.1483
120.929 4012 63.3404
121.046 4009 63.3167
121.163 3971 63.0159
121.279 3988 63.1506
121.396 3999 63.2376
121.513 3906 62.498
121.63 3585 59.8749
121.747 3432 58.5833
121.863 2969 54.4885
121.98 2815 53.0566
122.097 2652 51.4976
122.213 2790 52.8205
122.33 2788 52.8015
122.446 2618 51.1664
122.563 2407 49.0612
122.679 2359 48.5695
122.795 2155 46.422
122.912 2064 45.4313
123.028 1927 43.8976
123.144 1780 42.19
123.26 1665 40.8044
123.377 0 1
123.493 0 1
123.609 0 1
123.725 0 1
123.84 0 1
123.956 0 1
124.072 0 1
124.188 0 1
124.303 0 1
124.419 0 1
126.852 0 1
126.968 0 1
127.083 0 1
127.199 0 1
127.315 0 1
127.431 0 1
127.547 0 1
127.663 0 1
127.779 0 1
127.895 0 1
128.011 0 1
128.127 0 1
128.243 0 1
128.359 2307 48.0312
128.476 2132 46.1736
128.592 2150 46.3681
128.708 2064 45.4313
128.825 1976 44.4522
128.941 1937 44.0114
129.058 2017 44.911
129.174 1946 44.1135
129.291 1988 44.587
129.408 2105 45.8803
129.524 2100 45.8258
129.641 2290 47.8539
129.758 2405 49.0408
129.875 2333 48.3011
129.992 2328 48.2494
130.108 2192 46.8188
130.225 2117 46.0109
130.342 2002 44.7437
130.459 1698 41.2068
130.576 1655 40.6817
130.693 1406 37.4967
130.81 1323 36.3731
130.928 1282 35.805
131.045 1362 36.9053
131.162 1450 38.0789
131.279 1583 39.7869
131.396 1675 40.9268
131.513 1711 41.3642
131.631 1762 41.9762
131.748 1745 41.7732
131.865 1658 40.7185
131.983 1655 40.6817
132.1 1626 40.3237
132.217 1605 40.0625
132.335 1702 41.2553
132.452 1621 40.2616
132.57 1654 40.6694
132.687 1489 38.5876
132.804 1698 41.2068
132.922 1661 40.7554
133.039 1678 40.9634
133.157 1680 40.9878
133.274 1745 41.7732
133.392 1814 42.5911
133.509 1784 42.2374
133.627 1876 43.3128
133.744 1768 42.0476
133.862 1887 43.4396
133.979 1782 42.2137
134.097 1722 41.497
134.214 1655 40.6817
134.332 1573 39.6611
134.449 1540 39.2428
134.567 1607 40.0874
134.684 1793 42.3438
134.802 1932 43.9545
134.919 1968 44.3621
135.037 2111 45.9456
135.154 2230 47.2229
135.272 2259 47.5289
135.389 2482 49.8197
135.507 2383 48.816
135.624 2441 49.4065
135.742 2521 50.2096
135.859 2601 51
135.977 2603 51.0196
136.094 2633 51.3128
136.211 2607 51.0588
136.329 2672 51.6914
136.446 2880 53.6656
136.564 2835 53.2447
136.681 3058 55.2992
136.798 2923 54.0648
136.915 3025 55
137.033 3055 55.2721
137.15 3211 56.6657
137.267 3150 56.1249
137.384 3173 56.3294
137.502 3143 56.0625
137.619 3084 55.5338
137.736 2966 54.461
137.853 2820 53.1037
137.97 2667 51.643
138.087 2629 51.2738
138.204 2646 51.4393
138.321 2668 51.6527
138.438 2850 53.3854
138.555 2864 53.5164
138.672 2996 54.7357
138.788 2878 53.647
138.905 2671 51.6817
139.022 2799 52.9056
139.139 2696 51.923
139.255 2562 50.6162
139.372 2454 49.5379
139.488 2229 47.2123
139.605 2176 46.6476
139.721 2183 46.7226
139.838 2061 45.3982
139.954 1937 44.0114
140.071 1890 43.4741
140.187 1823 42.6966
140.303 1798 42.4028
140.419 1890 43.4741
140.535 1923 43.852
140.652 1927 43.8976
140.768 0 1
140.884 0 1
141 0 1
141.115 0 1
141.231 0 1
141.347 0 1
141.463 0 1
141.578 0 1
141.694 0 1
144.104 0 1
144.219 0 1
144.335 0 1
144.45 0 1
144.566 0 1
144.682 0 1
144.798 0 1
144.914 0 1
145.03 0 1
145.146 2312 48.0833
145.262 2344 48.4149
145.378 2416 49.1528
145.494 2533 50.3289
145.61 2531 50.309
145.726 2577 50.7642
145.842 2627 51.2543
145.959 2566 50.6557
146.075 2491 49.9099
146.192 2556 50.5569
146.308 2477 49.7695
146.425 2348 48.4562
146.541 2399 48.9796
146.658 2327 48.239
146.774 2203 46.9361
146.891 2139 46.2493
147.008 2232 47.244
147.125 2336 48.3322
147.241 2464 49.6387
147.358 2582 50.8134
147.475 2491 49.9099
147.592 2684 51.8073
147.709 2669 51.6624
147.826 2791 52.8299
147.943 2900 53.8516
148.06 2852 53.4041
148.177 2774 52.6688
148.294 2885 53.7122
148.411 2724 52.192
148.528 2752 52.4595
148.645 2803 52.9434
148.762 2922 54.0555
148.88 2825 53.1507
148.997 2798 52.8961
149.114 3021 54.9636
149.231 2934 54.1664
149.349 2937 54.1941
149.466 2777 52.6972
149.583 2838 53.2729
149.701 2875 53.619
149.818 2829 53.1883
149.935 2805 52.9623
150.053 2787 52.792
150.17 2744 52.3832
150.287 2701 51.9711
150.405 2603 51.0196
150.522 2475 49.7494
150.64 2435 49.3457
150.757 2466 49.6588
150.875 2497 49.97
150.992 2399 48.9796
151.11 2274 47.6865
151.227 2285 47.8017
151.344 2324 48.2079
151.462 2163 46.5081
151.579 2186 46.7547
151.697 2315 48.1144
151.814 2423 49.224
151.932 2596 50.951
152.049 2679 51.7591
152.167 2782 52.7447
152.284 2927 54.1018
152.402 2793 52.8488
152.519 2850 53.3854
152.636 3153 56.1516
152.754 3180 56.3915
152.871 3254 57.0438
152.989 3323 57.6455
153.106 3457 58.7963
153.223 3629 60.2412
153.341 3694 60.7783
153.458 3687 60.7207
153.575 3818 61.79
153.693 4008 63.3088
153.81 3831 61.8951
153.927 3720 60.9918
154.044 3359 57.9569
154.162 3223 56.7715
154.279 3390 58.2237
154.396 3601 60.0083
154.513 3835 61.9274
154.63 3691 60.7536
154.747 3733 61.0983
154.864 3633 60.2744
154.981 3623 60.1914
155.098 3447 58.7112
155.215 3418 58.4637
155.332 3224 56.7803
155.449 3121 55.8659
155.566 2933 54.1572
155.683 2783 52.7541
155.8 2612 51.1077
155.917 2512 50.1199
156.033 2439 49.3862
156.15 0 1
156.267 0 1
156.383 0 1
156.5 0 1
156.617 0 1
156.733 0 1
156.85 0 1
156.966 0 1
157.082 0 1
157.199 0 1
157.315 0 1
157.431 0 1
157.547 0 1
157.664 0 1
157.78 0 1
157.896 0 1
158.012 0 1
158.128 0 1
158.244 0 1
158.359 0 1
158.475 0 1
158.591 0 1
158.706 0 1
