
6.15755 0 1
6.2731 0 1
6.3887 0 1
6.50437 0 1
6.62009 0 1
6.73587 0 1
6.8517 0 1
6.96759 0 1
7.08353 0 1
7.19952 0 1
7.31557 0 1
7.43166 0 1
7.54781 0 1
7.664 0 1
7.78024 0 1
7.89653 0 1
8.01286 0 1
8.12924 0 1
8.24567 0 1
8.36213 0 1
8.47864 0 1
8.59519 0 1
8.71178 0 1
8.82841 0 1
8.94508 0 1
9.06179 0 1
9.17853 0 1
9.29531 0 1
9.41212 0 1
9.52897 0 1
9.64584 0 1
9.76276 0 1
9.8797 0 1
9.99667 0 1
10.1137 0 1
10.2307 0 1
10.3478 0 1
10.4648 0 1
10.5819 0 1
10.6991 0 1
10.8162 0 1
10.9334 0 1
11.0506 0 1
11.1678 0 1
11.285 0 1
11.4023 0 1
11.5196 0 1
11.6369 0 1
11.7542 0 1
11.8715 0 1
11.9888 0 1
12.1062 0 1
12.2235 0 1
12.3409 0 1
12.4582 0 1
12.5756 0 1
12.693 0 1
12.8104 0 1
12.9278 0 1
13.0452 0 1
13.1626 0 1
13.28 0 1
13.3974 0 1
13.5149 0 1
13.6323 0 1
13.7497 0 1
13.8671 0 1
13.9845 0 1
14.1019 0 1
14.2193 0 1
14.3367 0 1
14.4541 0 1
14.5714 0 1
14.6888 0 1
14.8062 0 1
14.9235 0 1
15.0408 0 0
15.1581 0 0
15.2755 0 0
15.3927 0 0
15.51 0 0
15.6273 0 0
15.7445 0 0
15.8617 0 0
15.9789 0 0
16.0961 0 0
16.2132 0 0
16.3304 0 0
16.4475 0 0
16.5646 0 0
16.6816 0 0
16.7986 0 0
16.9156 0 0
17.0326 0 0
17.1496 0 0
17.2665 0 0
17.3833 0 0
17.5002 0 0
17.617 0 0
17.7338 0 0
17.8505 0 0
17.9672 0 0
18.0839 0 0
18.2005 0 0
18.3171 0 0
18.4337 0 0
18.5502 0 0
18.6666 0 0
18.7831 0 0
18.8994 0 0
19.0158 0 0
19.1321 0 0
19.2483 0 0
19.3645 0 0
19.4806 0 0
19.5967 0 0
19.7128 0 0
19.8288 0 0
19.9447 0 0
20.0606 0 1
20.1764 0 1
20.2922 0 1
20.4079 0 1
20.5236 0 1
20.6392 0 1
20.7548 0 1
20.8702 0 1
23.3078 0 1
23.4233 0 1
23.539 0 1
23.6547 0 1
23.7704 0 1
23.8862 0 1
24.0021 0 1
24.118 0 1
24.234 0 1
24.35 0 1
24.4661 536 23.1517
24.5822 691 26.2869
24.6984 693 26.3249
24.8146 708 26.6083
24.9309 764 27.6405
25.0472 837 28.931
25.1636 867 29.4449
25.28 917 30.282
25.3965 947 30.7734
25.513 988 31.4325
25.6296 998 31.5911
25.7462 1022 31.9687
25.8628 1101 33.1813
25.9795 1105 33.2415
26.0962 1167 34.1614
26.213 1073 32.7567
26.3298 1136 33.7046
26.4466 1095 33.0908
26.5635 1026 32.0312
26.6804 986 31.4006
26.7973 970 31.1448
26.9143 1009 31.7648
27.0313 951 30.8383
27.1483 1053 32.45
27.2653 1025 32.0156
27.3824 1100 33.1662
27.4996 1099 33.1512
27.6167 1010 31.7805
27.7339 1072 32.7414
27.8511 1055 32.4808
27.9683 1015 31.8591
28.0855 1051 32.4191
28.2028 988 31.4325
28.3201 971 31.1609
28.4374 964 31.0483
28.5547 960 30.9839
28.6721 917 30.282
28.7894 904 30.0666
28.9068 891 29.8496
29.0242 883 29.7153
29.1416 964 31.0483
29.259 942 30.692
29.3764 1023 31.9844
29.4939 1114 33.3766
29.6113 1031 32.1092
29.7288 1076 32.8024
29.8463 1010 31.7805
29.9638 1057 32.5115
30.0812 996 31.5595
30.1987 1010 31.7805
30.3162 967 31.0966
30.4337 886 29.7658
30.5512 854 29.2233
30.6687 934 30.5614
30.7862 993 31.5119
30.9037 1010 31.7805
31.0212 1052 32.4345
31.1387 1000 31.6228
31.2562 990 31.4643
31.3737 968 31.1127
31.4912 955 30.9031
31.6087 928 30.4631
31.7262 963 31.0322
31.8436 895 29.9166
31.9611 932 30.5287
32.0785 816 28.5657
32.1959 879 29.6479
32.3134 816 28.5657
32.4308 904 30.0666
32.5482 855 29.2404
32.6655 968 31.1127
32.7829 984 31.3688
32.9002 977 31.257
33.0176 1006 31.7175
33.1349 993 31.5119
33.2522 1077 32.8177
33.3694 1041 32.2645
33.4867 994 31.5278
33.6039 965 31.0644
33.7211 924 30.3974
33.8383 921 30.348
33.9554 815 28.5482
34.0725 805 28.3725
34.1896 873 29.5466
34.3067 879 29.6479
34.4237 921 30.348
34.5407 965 31.0644
34.6577 946 30.7571
34.7746 1032 32.1248
34.8915 862 29.3598
35.0084 972 31.1769
35.1252 999 31.607
35.242 903 30.05
35.3587 926 30.4302
35.4755 891 29.8496
35.5921 860 29.3258
35.7088 820 28.6356
35.8254 775 27.8388
35.9419 740 27.2029
36.0584 801 28.3019
36.1749 721 26.8514
36.2913 763 27.6225
36.4077 745 27.2947
36.524 726 26.9444
36.6403 768 27.7128
36.7565 691 26.2869
36.8727 645 25.3969
36.9889 684 26.1534
37.1049 594 24.3721
37.221 0 1
37.3369 0 1
37.4529 0 1
37.5687 0 1
37.6845 0 1
37.8003 0 1
37.916 0 1
38.0316 0 1
38.1472 0 1
40.5851 0 1
40.7008 0 1
40.8164 0 1
40.9322 0 1
41.048 0 1
41.1639 0 1
41.2798 0 1
41.3958 0 1
41.5118 0 1
41.6279 0 1
41.744 490 22.1359
41.8602 586 24.2074
41.9765 617 24.8395
42.0928 653 25.5539
42.2091 691 26.2869
42.3255 710 26.6458
42.4419 712 26.6833
42.5584 725 26.9258
42.675 666 25.807
42.7915 655 25.593
42.9081 697 26.4008
43.0248 752 27.4226
43.1415 730 27.0185
43.2582 773 27.8029
43.375 829 28.7924
43.4918 808 28.4253
43.6087 862 29.3598
43.7256 811 28.4781
43.8425 833 28.8617
43.9595 791 28.1247
44.0765 821 28.6531
44.1935 784 28
44.3106 751 27.4044
44.4277 741 27.2213
44.5448 668 25.8457
44.6619 695 26.3629
44.7791 674 25.9615
44.8963 670 25.8844
45.0136 728 26.9815
45.1308 715 26.7395
45.2481 779 27.9106
45.3654 770 27.7489
45.4827 784 28
45.6001 847 29.1033
45.7174 821 28.6531
45.8348 866 29.4279
45.9522 843 29.0345
46.0697 804 28.3549
46.1871 810 28.4605
46.3046 661 25.7099
46.422 700 26.4575
46.5395 729 27
46.657 723 26.8887
46.7745 783 27.9821
46.892 824 28.7054
47.0096 836 28.9137
47.1271 839 28.9655
47.2446 829 28.7924
47.3622 818 28.6007
47.4797 865 29.4109
47.5973 869 29.4788
47.7149 818 28.6007
47.8324 773 27.8029
47.95 722 26.8701
48.0675 712 26.6833
48.1851 714 26.7208
48.3027 661 25.7099
48.4202 658 25.6515
48.5378 700 26.4575
48.6554 713 26.7021
48.7729 761 27.5862
48.8904 773 27.8029
49.008 769 27.7308
49.1255 797 28.2312
49.243 809 28.4429
49.3605 794 28.178
49.478 860 29.3258
49.5955 787 28.0535
49.713 781 27.9464
49.8304 647 25.4362
49.9479 667 25.8263
50.0653 675 25.9808
50.1827 694 26.3439
50.3001 762 27.6043
50.4175 785 28.0179
50.5348 869 29.4788
50.6521 785 28.0179
50.7694 881 29.6816
50.8867 842 29.0172
51.004 825 28.7228
51.1212 838 28.9482
51.2384 829 28.7924
51.3556 811 28.4781
51.4727 767 27.6948
51.5899 772 27.7849
51.707 688 26.2298
51.824 685 26.1725
51.9411 659 25.671
52.0581 739 27.1846
52.175 722 26.8701
52.2919 741 27.2213
52.4088 793 28.1603
52.5257 764 27.6405
52.6425 810 28.4605
52.7593 839 28.9655
52.876 838 28.9482
52.9927 764 27.6405
53.1094 816 28.5657
53.226 763 27.6225
53.3426 699 26.4386
53.4591 652 25.5343
53.5756 564 23.7487
53.692 581 24.1039
53.8084 539 23.2164
53.9248 550 23.4521
54.0411 574 23.9583
54.1573 517 22.7376
54.2735 0 1
54.3896 0 1
54.5057 0 1
54.6217 0 1
54.7377 0 1
54.8537 0 1
54.9695 0 1
55.0853 0 1
55.2011 0 1
55.3168 0 1
55.4324 0 1
57.824 0 1
57.9396 0 1
58.0553 0 1
58.1711 0 1
58.2869 0 1
58.4028 0 1
58.5187 0 1
58.6347 0 1
58.7508 0 1
58.8669 0 1
58.983 612 24.7386
59.0992 654 25.5734
59.2155 719 26.8142
59.3318 866 29.4279
59.4482 885 29.7489
59.5646 882 29.6985
59.681 925 30.4138
59.7975 934 30.5614
59.9141 911 30.1828
60.0306 998 31.5911
60.1473 934 30.5614
60.2639 897 29.95
60.3807 818 28.6007
60.4974 795 28.1957
60.6142 816 28.5657
60.731 822 28.6705
60.8479 895 29.9166
60.9648 887 29.7825
61.0818 920 30.3315
61.1987 987 31.4166
61.3158 994 31.5278
61.4328 1003 31.6702
61.5499 921 30.348
61.667 940 30.6594
61.7841 931 30.5123
61.9013 870 29.4958
62.0185 819 28.6182
62.1357 878 29.6311
62.253 859 29.3087
62.3702 884 29.7321
62.4875 952 30.8545
62.6049 983 31.3528
62.7222 988 31.4325
62.8396 1013 31.8277
62.9569 976 31.241
63.0743 1076 32.8024
63.1918 994 31.5278
63.3092 963 31.0322
63.4267 953 30.8707
63.5441 966 31.0805
63.6616 881 29.6816
63.7791 801 28.3019
63.8966 792 28.1425
64.0142 751 27.4044
64.1317 823 28.688
64.2492 815 28.5482
64.3668 842 29.0172
64.4843 880 29.6648
64.6019 894 29.8998
64.7195 920 30.3315
64.837 1016 31.8748
64.9546 919 30.315
65.0722 941 30.6757
65.1898 975 31.225
65.3074 889 29.8161
65.4249 908 30.133
65.5425 899 29.9833
65.6601 819 28.6182
65.7777 804 28.3549
65.8952 840 28.9828
66.0128 901 30.0167
66.1304 1012 31.8119
66.2479 1029 32.078
66.3655 959 30.9677
66.483 967 31.0966
66.6005 989 31.4484
66.718 992 31.496
66.8355 949 30.8058
66.953 959 30.9677
67.0705 969 31.1288
67.1879 867 29.4449
67.3054 786 28.0357
67.4228 833 28.8617
67.5402 781 27.9464
67.6576 771 27.7669
67.7749 735 27.1109
67.8923 757 27.5136
68.0096 813 28.5132
68.1269 864 29.3939
68.2442 876 29.5973
68.3614 919 30.315
68.4787 931 30.5123
68.5958 950 30.8221
68.713 886 29.7658
68.8302 960 30.9839
68.9473 852 29.189
69.0643 784 28
69.1814 838 28.9482
69.2984 738 27.1662
69.4154 707 26.5895
69.5323 766 27.6767
69.6492 869 29.4788
69.7661 880 29.6648
69.8829 834 28.8791
69.9997 886 29.7658
70.1165 838 28.9482
70.2332 768 27.7128
70.3499 780 27.9285
70.4665 760 27.5681
70.5831 727 26.9629
70.6996 631 25.1197
70.8161 642 25.3377
70.9326 524 22.891
71.049 531 23.0434
71.1653 436 20.8806
71.2817 400 20
71.3979 353 18.7883
71.5141 322 17.9444
71.6303 318 17.8326
71.7464 273 16.5227
71.8624 0 1
71.9784 0 1
72.0944 0 1
72.2102 0 1
72.3261 0 1
72.4418 0 1
72.5575 0 1
72.6732 0 1
75.1054 0 1
75.2209 0 1
75.3365 0 1
75.4521 0 1
75.5678 0 1
75.6835 0 1
75.7993 0 1
75.9151 0 1
76.031 0 1
76.147 542 23.2809
76.263 608 24.6577
76.3791 673 25.9422
76.4952 659 25.671
76.6113 630 25.0998
76.7276 674 25.9615
76.8438 682 26.1151
76.9601 730 27.0185
77.0765 774 27.8209
77.1929 817 28.5832
77.3093 901 30.0167
77.4258 910 30.1662
77.5423 890 29.8329
77.6589 849 29.1376
77.7755 829 28.7924
77.8921 867 29.4449
78.0088 829 28.7924
78.1256 742 27.2397
78.2423 718 26.7955
78.3591 715 26.7395
78.4759 687 26.2107
78.5928 726 26.9444
78.7097 876 29.5973
78.8266 806 28.3901
78.9436 890 29.8329
79.0606 952 30.8545
79.1776 917 30.282
79.2946 979 31.289
79.4117 975 31.225
79.5288 960 30.9839
79.6459 966 31.0805
79.7631 918 30.2985
79.8802 848 29.1204
79.9974 843 29.0345
80.1147 827 28.7576
80.2319 707 26.5895
80.3491 735 27.1109
80.4664 752 27.4226
80.5837 833 28.8617
80.701 812 28.4956
80.8183 914 30.2324
80.9357 866 29.4279
81.053 908 30.133
81.1704 930 30.4959
81.2877 905 30.0832
81.4051 966 31.0805
81.5225 984 31.3688
81.6399 897 29.95
81.7573 837 28.931
81.8747 778 27.8927
81.9922 721 26.8514
82.1096 724 26.9072
82.227 840 28.9828
82.3444 862 29.3598
82.4619 912 30.1993
82.5793 963 31.0322
82.6967 1034 32.1559
82.8142 979 31.289
82.9316 1001 31.6386
83.049 1032 32.1248
83.1664 982 31.3369
83.2838 964 31.0483
83.4012 944 30.7246
83.5186 878 29.6311
83.636 863 29.3769
83.7534 790 28.1069
83.8708 778 27.8927
83.9881 746 27.313
84.1055 769 27.7308
84.2228 817 28.5832
84.3401 836 28.9137
84.4575 844 29.0517
84.5747 968 31.1127
84.692 988 31.4325
84.8093 942 30.692
84.9265 961 31
85.0437 971 31.1609
85.1609 931 30.5123
85.2781 876 29.5973
85.3952 778 27.8927
85.5123 748 27.3496
85.6294 669 25.865
85.7465 801 28.3019
85.8636 838 28.9482
85.9806 891 29.8496
86.0976 924 30.3974
86.2145 968 31.1127
86.3315 922 30.3645
86.4484 1010 31.7805
86.5652 1088 32.9848
86.682 1022 31.9687
86.7988 879 29.6479
86.9156 923 30.3809
87.0323 907 30.1164
87.149 855 29.2404
87.2657 808 28.4253
87.3823 728 26.9815
87.4988 639 25.2784
87.6154 578 24.0416
87.7318 598 24.454
87.8483 621 24.9199
87.9647 670 25.8844
88.081 692 26.3059
88.1973 660 25.6905
88.3136 686 26.1916
88.4298 626 25.02
88.546 491 22.1585
88.6621 464 21.5407
88.7781 369 19.2094
88.8942 0 1
89.0101 0 1
89.126 0 1
89.2419 0 1
89.3577 0 1
89.4734 0 1
89.5891 0 1
89.7047 0 1
89.8203 0 1
89.9358 0 1
92.3269 0 1
92.4424 0 1
92.558 0 1
92.6736 0 1
92.7893 0 1
92.905 0 1
93.0208 0 1
93.1366 0 1
93.2525 0 1
93.3685 0 1
93.4845 0 1
93.6005 871 29.5127
93.7167 932 30.5287
93.8328 1001 31.6386
93.949 988 31.4325
94.0653 891 29.8496
94.1816 882 29.6985
94.2979 823 28.688
94.4143 789 28.0891
94.5307 846 29.0861
94.6472 969 31.1288
94.7637 998 31.5911
94.8803 1053 32.45
94.9969 1108 33.2866
95.1135 1057 32.5115
95.2302 1056 32.4962
95.3469 1124 33.5261
95.4637 1085 32.9393
95.5805 1066 32.6497
95.6973 1000 31.6228
95.8142 977 31.257
95.9311 910 30.1662
96.048 864 29.3939
96.1649 850 29.1548
96.2819 796 28.2135
96.3989 828 28.775
96.516 857 29.2746
96.633 934 30.5614
96.7501 1024 32
96.8673 1010 31.7805
96.9844 1043 32.2955
97.1016 1036 32.187
97.2188 987 31.4166
97.336 903 30.05
97.4532 874 29.5635
97.5704 864 29.3939
97.6877 840 28.9828
97.805 811 28.4781
97.9223 851 29.1719
98.0396 911 30.1828
98.1569 941 30.6757
98.2743 1027 32.0468
98.3916 986 31.4006
98.509 1108 33.2866
98.6264 1022 31.9687
98.7438 1086 32.9545
98.8612 1074 32.7719
98.9786 1034 32.1559
99.096 991 31.4802
99.2134 942 30.692
99.3308 934 30.5614
99.4482 925 30.4138
99.5656 779 27.9106
99.6831 800 28.2843
99.8005 799 28.2666
99.9179 912 30.1993
100.035 898 29.9666
100.153 1010 31.7805
100.27 981 31.3209
100.388 953 30.8707
100.505 1001 31.6386
100.622 973 31.1929
100.74 999 31.607
100.857 983 31.3528
100.975 898 29.9666
101.092 872 29.5296
101.209 855 29.2404
101.327 789 28.0891
101.444 782 27.9643
101.561 818 28.6007
101.679 930 30.4959
101.796 1005 31.7017
101.913 1019 31.9218
102.03 1028 32.0624
102.148 1051 32.4191
102.265 997 31.5753
102.382 1098 33.1361
102.499 1061 32.573
102.616 1109 33.3017
102.733 1012 31.8119
102.851 1012 31.8119
102.968 1016 31.8748
103.085 909 30.1496
103.202 885 29.7489
103.319 897 29.95
103.436 851 29.1719
103.552 891 29.8496
103.669 962 31.0161
103.786 1071 32.7261
103.903 1123 33.5112
104.02 1238 35.1852
104.137 1239 35.1994
104.253 1248 35.327
104.37 1228 35.0428
104.487 1255 35.426
104.603 1168 34.176
104.72 1176 34.2929
104.836 1078 32.8329
104.953 1099 33.1512
105.069 1014 31.8434
105.186 1042 32.28
105.302 955 30.9031
105.418 1029 32.078
105.535 1019 31.9218
105.651 1065 32.6343
105.767 974 31.209
105.883 833 28.8617
105.999 726 26.9444
106.115 0 1
106.231 0 1
106.347 0 1
106.463 0 1
106.579 0 1
106.694 0 1
106.81 0 1
106.926 0 1
107.041 0 1
107.157 0 1
109.576 0 1
109.692 0 1
109.807 0 1
109.923 0 1
110.039 0 1
110.155 0 1
110.27 0 1
110.386 0 1
110.502 0 1
110.618 1308 36.1663
110.735 1550 39.37
110.851 1851 43.0232
110.967 2070 45.4973
111.083 2169 46.5725
111.199 2302 47.9792
111.316 2448 49.4773
111.432 2516 50.1597
111.549 2558 50.5767
111.665 2567 50.6656
111.782 2614 51.1273
111.898 2435 49.3457
112.015 2363 48.6107
112.132 2233 47.2546
112.248 2141 46.2709
112.365 2012 44.8553
112.482 2031 45.0666
112.599 2336 48.3322
112.716 2444 49.4368
112.832 2507 50.07
112.949 2516 50.1597
113.066 2562 50.6162
113.183 2541 50.4083
113.3 2495 49.95
113.417 2517 50.1697
113.534 2330 48.2701
113.652 2216 47.0744
113.769 2034 45.0999
113.886 1940 44.0454
114.003 1946 44.1135
114.12 1918 43.795
114.238 2201 46.9148
114.355 2197 46.8722
114.472 2263 47.571
114.589 2424 49.2341
114.707 2387 48.8569
114.824 2375 48.734
114.942 2298 47.9375
115.059 2398 48.9694
115.176 2248 47.4131
115.294 2245 47.3814
115.411 2170 46.5833
115.529 2038 45.1442
115.646 1893 43.5086
115.764 1682 41.0122
115.881 1659 40.7308
115.999 1660 40.7431
116.116 1738 41.6893
116.234 1788 42.2847
116.351 1821 42.6732
116.469 1750 41.833
116.586 1758 41.9285
116.704 1749 41.821
116.821 1720 41.4729
116.939 1644 40.5463
117.056 1563 39.5348
117.174 1573 39.6611
117.291 1297 36.0139
117.409 1255 35.426
117.526 1179 34.3366
117.644 1099 33.1512
117.761 1210 34.7851
117.879 1211 34.7994
117.996 1222 34.9571
118.114 1288 35.8887
118.231 1234 35.1283
118.349 1251 35.3695
118.466 1226 35.0143
118.584 1191 34.5109
118.701 1225 35
118.819 1110 33.3167
118.936 1115 33.3916
119.053 1089 33
119.171 1036 32.187
119.288 936 30.5941
119.405 879 29.6479
119.523 868 29.4618
119.64 838 28.9482
119.757 883 29.7153
119.875 874 29.5635
119.992 964 31.0483
120.109 955 30.9031
120.226 959 30.9677
120.343 1020 31.9374
120.46 985 31.3847
120.578 890 29.8329
120.695 907 30.1164
120.812 884 29.7321
120.929 791 28.1247
121.046 762 27.6043
121.163 769 27.7308
121.279 787 28.0535
121.396 728 26.9815
121.513 775 27.8388
121.63 777 27.8747
121.747 780 27.9285
121.863 796 28.2135
121.98 785 28.0179
122.097 794 28.178
122.213 809 28.4429
122.33 721 26.8514
122.446 718 26.7955
122.563 705 26.5518
122.679 640 25.2982
122.795 559 23.6432
122.912 506 22.4944
123.028 483 21.9773
123.144 396 19.8997
123.26 351 18.735
123.377 0 1
123.493 0 1
123.609 0 1
123.725 0 1
123.84 0 1
123.956 0 1
124.072 0 1
124.188 0 1
124.303 0 1
124.419 0 1
126.852 0 1
126.968 0 1
127.083 0 1
127.199 0 1
127.315 0 1
127.431 0 1
127.547 0 1
127.663 0 1
127.779 0 1
127.895 0 1
128.011 0 1
128.127 0 1
128.243 0 1
128.359 784 28
128.476 764 27.6405
128.592 739 27.1846
128.708 830 28.8097
128.825 804 28.3549
128.941 951 30.8383
129.058 967 31.0966
129.174 1006 31.7175
129.291 1002 31.6544
129.408 948 30.7896
129.524 941 30.6757
129.641 913 30.2159
129.758 870 29.4958
129.875 842 29.0172
129.992 818 28.6007
130.108 781 27.9464
130.225 770 27.7489
130.342 799 28.2666
130.459 845 29.0689
130.576 919 30.315
130.693 868 29.4618
130.81 870 29.4958
130.928 992 31.496
131.045 988 31.4325
131.162 947 30.7734
131.279 1019 31.9218
131.396 943 30.7083
131.513 948 30.7896
131.631 925 30.4138
131.748 859 29.3087
131.865 797 28.2312
131.983 829 28.7924
132.1 826 28.7402
132.217 909 30.1496
132.335 880 29.6648
132.452 938 30.6268
132.57 963 31.0322
132.687 909 30.1496
132.804 967 31.0966
132.922 930 30.4959
133.039 944 30.7246
133.157 923 30.3809
133.274 870 29.4958
133.392 847 29.1033
133.509 825 28.7228
133.627 814 28.5307
133.744 762 27.6043
133.862 797 28.2312
133.979 810 28.4605
134.097 886 29.7658
134.214 895 29.9166
134.332 941 30.6757
134.449 885 29.7489
134.567 913 30.2159
134.684 987 31.4166
134.802 927 30.4467
134.919 964 31.0483
135.037 922 30.3645
135.154 891 29.8496
135.272 868 29.4618
135.389 843 29.0345
135.507 791 28.1247
135.624 772 27.7849
135.742 811 28.4781
135.859 889 29.8161
135.977 858 29.2916
136.094 947 30.7734
136.211 909 30.1496
136.329 953 30.8707
136.446 983 31.3528
136.564 905 30.0832
136.681 889 29.8161
136.798 859 29.3087
136.915 848 29.1204
137.033 809 28.4429
137.15 800 28.2843
137.267 791 28.1247
137.384 815 28.5482
137.502 830 28.8097
137.619 837 28.931
137.736 767 27.6948
137.853 820 28.6356
137.97 861 29.3428
138.087 859 29.3087
138.204 909 30.1496
138.321 916 30.2655
138.438 870 29.4958
138.555 892 29.8664
138.672 872 29.5296
138.788 844 29.0517
138.905 823 28.688
139.022 739 27.1846
139.139 654 25.5734
139.255 698 26.4197
139.372 632 25.1396
139.488 680 26.0768
139.605 647 25.4362
139.721 641 25.318
139.838 653 25.5539
139.954 550 23.4521
140.071 478 21.8632
140.187 511 22.6053
140.303 414 20.347
140.419 400 20
140.535 375 19.3649
140.652 385 19.6214
140.768 0 1
140.884 0 1
141 0 1
141.115 0 1
141.231 0 1
141.347 0 1
141.463 0 1
141.578 0 1
141.694 0 1
144.104 0 1
144.219 0 1
144.335 0 1
144.45 0 1
144.566 0 1
144.682 0 1
144.798 0 1
144.914 0 1
145.03 0 1
145.146 701 26.4764
145.262 742 27.2397
145.378 732 27.0555
145.494 718 26.7955
145.61 709 26.6271
145.726 730 27.0185
145.842 706 26.5707
145.959 672 25.923
146.075 631 25.1197
146.192 644 25.3772
146.308 696 26.3818
146.425 684 26.1534
146.541 743 27.258
146.658 732 27.0555
146.774 748 27.3496
146.891 783 27.9821
147.008 761 27.5862
147.125 822 28.6705
147.241 806 28.3901
147.358 799 28.2666
147.475 783 27.9821
147.592 757 27.5136
147.709 744 27.2764
147.826 694 26.3439
147.943 629 25.0799
148.06 701 26.4764
148.177 705 26.5518
148.294 731 27.037
148.411 797 28.2312
148.528 749 27.3679
148.645 808 28.4253
148.762 793 28.1603
148.88 816 28.5657
148.997 727 26.9629
149.114 773 27.8029
149.231 732 27.0555
149.349 690 26.2679
149.466 710 26.6458
149.583 654 25.5734
149.701 635 25.1992
149.818 626 25.02
149.935 678 26.0384
150.053 663 25.7488
150.17 747 27.3313
150.287 753 27.4408
150.405 724 26.9072
150.522 753 27.4408
150.64 760 27.5681
150.757 743 27.258
150.875 745 27.2947
150.992 759 27.55
151.11 716 26.7582
151.227 762 27.6043
151.344 745 27.2947
151.462 648 25.4558
151.579 635 25.1992
151.697 653 25.5539
151.814 639 25.2784
151.932 735 27.1109
152.049 774 27.8209
152.167 755 27.4773
152.284 763 27.6225
152.402 777 27.8747
152.519 725 26.9258
152.636 770 27.7489
152.754 729 27
152.871 720 26.8328
152.989 680 26.0768
153.106 716 26.7582
153.223 709 26.6271
153.341 607 24.6374
153.458 611 24.7184
153.575 648 25.4558
153.693 705 26.5518
153.81 702 26.4953
153.927 697 26.4008
154.044 729 27
154.162 670 25.8844
154.279 738 27.1662
154.396 758 27.5318
154.513 786 28.0357
154.63 786 28.0357
154.747 742 27.2397
154.864 749 27.3679
154.981 734 27.0924
155.098 727 26.9629
155.215 679 26.0576
155.332 666 25.807
155.449 664 25.7682
155.566 748 27.3496
155.683 773 27.8029
155.8 742 27.2397
155.917 695 26.3629
156.033 723 26.8887
156.15 0 1
156.267 0 1
156.383 0 1
156.5 0 1
156.617 0 1
156.733 0 1
156.85 0 1
156.966 0 1
157.082 0 1
157.199 0 1
157.315 0 1
157.431 0 1
157.547 0 1
157.664 0 1
157.78 0 1
157.896 0 1
158.012 0 1
158.128 0 1
158.244 0 1
158.359 0 1
158.475 0 1
158.591 0 1
158.706 0 1
