
6.15755 0 1
6.2731 0 1
6.3887 0 1
6.50437 0 1
6.62009 0 1
6.73587 0 1
6.8517 0 1
6.96759 0 1
7.08353 0 1
7.19952 0 1
7.31557 0 1
7.43166 0 1
7.54781 0 1
7.664 0 1
7.78024 0 1
7.89653 0 1
8.01286 0 1
8.12924 0 1
8.24567 0 1
8.36213 0 1
8.47864 0 1
8.59519 0 1
8.71178 0 1
8.82841 0 1
8.94508 0 1
9.06179 0 1
9.17853 0 1
9.29531 0 1
9.41212 0 1
9.52897 0 1
9.64584 0 1
9.76276 0 1
9.8797 0 1
9.99667 0 1
10.1137 0 1
10.2307 0 1
10.3478 0 1
10.4648 0 1
10.5819 0 1
10.6991 0 1
10.8162 0 1
10.9334 0 1
11.0506 0 1
11.1678 0 1
11.285 0 1
11.4023 0 1
11.5196 0 1
11.6369 0 1
11.7542 0 1
11.8715 0 1
11.9888 0 1
12.1062 0 1
12.2235 0 1
12.3409 0 1
12.4582 0 1
12.5756 0 1
12.693 0 1
12.8104 0 1
12.9278 0 1
13.0452 0 1
13.1626 0 1
13.28 0 1
13.3974 0 1
13.5149 0 1
13.6323 0 1
13.7497 0 1
13.8671 0 1
13.9845 0 1
14.1019 0 1
14.2193 0 1
14.3367 0 1
14.4541 0 1
14.5714 0 1
14.6888 0 1
14.8062 0 1
14.9235 0 1
15.0408 1173 34.2491
15.1581 1375 37.081
15.2755 1350 36.7423
15.3927 1494 38.6523
15.51 1391 37.2961
15.6273 1428 37.7889
15.7445 1366 36.9594
15.8617 1389 37.2693
15.9789 1355 36.8103
16.0961 1359 36.8646
16.2132 1409 37.5366
16.3304 1357 36.8375
16.4475 1454 38.1314
16.5646 1455 38.1445
16.6816 1562 39.5221
16.7986 1651 40.6325
16.9156 1633 40.4104
17.0326 1627 40.3361
17.1496 1696 41.1825
17.2665 1631 40.3856
17.3833 1644 40.5463
17.5002 1500 38.7298
17.617 1591 39.8873
17.7338 1508 38.833
17.8505 1413 37.5899
17.9672 1455 38.1445
18.0839 1411 37.5633
18.2005 1543 39.281
18.3171 1444 38
18.4337 1524 39.0384
18.5502 1612 40.1497
18.6666 1570 39.6232
18.7831 1546 39.3192
18.8994 1605 40.0625
19.0158 1584 39.7995
19.1321 1581 39.7618
19.2483 1457 38.1707
19.3645 1475 38.4057
19.4806 1378 37.1214
19.5967 1234 35.1283
19.7128 1224 34.9857
19.8288 1124 33.5261
19.9447 1087 32.9697
20.0606 0 1
20.1764 0 1
20.2922 0 1
20.4079 0 1
20.5236 0 1
20.6392 0 1
20.7548 0 1
20.8702 0 1
23.3078 0 1
23.4233 0 1
23.539 0 1
23.6547 0 1
23.7704 0 1
23.8862 0 1
24.0021 0 1
24.118 0 1
24.234 0 1
24.35 0 1
24.4661 654 25.5734
24.5822 852 29.189
24.6984 938 30.6268
24.8146 1014 31.8434
24.9309 1071 32.7261
25.0472 1207 34.7419
25.1636 1228 35.0428
25.28 1405 37.4833
25.3965 1506 38.8072
25.513 1621 40.2616
25.6296 1647 40.5832
25.7462 1764 42
25.8628 1739 41.7013
25.9795 1770 42.0714
26.0962 1728 41.5692
26.213 1711 41.3642
26.3298 1635 40.4351
26.4466 1539 39.2301
26.5635 1581 39.7618
26.6804 1520 38.9872
26.7973 1531 39.128
26.9143 1528 39.0896
27.0313 1672 40.8901
27.1483 1670 40.8656
27.2653 1657 40.7063
27.3824 1619 40.2368
27.4996 1640 40.4969
27.6167 1691 41.1218
27.7339 1664 40.7922
27.8511 1557 39.4588
27.9683 1570 39.6232
28.0855 1536 39.1918
28.2028 1545 39.3065
28.3201 1417 37.6431
28.4374 1377 37.108
28.5547 1443 37.9868
28.6721 1479 38.4578
28.7894 1534 39.1663
28.9068 1585 39.8121
29.0242 1693 41.1461
29.1416 1717 41.4367
29.259 1754 41.8808
29.3764 1764 42
29.4939 1740 41.7133
29.6113 1671 40.8779
29.7288 1552 39.3954
29.8463 1494 38.6523
29.9638 1425 37.7492
30.0812 1461 38.223
30.1987 1477 38.4318
30.3162 1535 39.1791
30.4337 1556 39.4462
30.5512 1605 40.0625
30.6687 1598 39.975
30.7862 1573 39.6611
30.9037 1614 40.1746
31.0212 1653 40.6571
31.1387 1649 40.6079
31.2562 1545 39.3065
31.3737 1662 40.7676
31.4912 1475 38.4057
31.6087 1444 38
31.7262 1449 38.0657
31.8436 1385 37.2156
31.9611 1349 36.7287
32.0785 1425 37.7492
32.1959 1495 38.6652
32.3134 1521 39
32.4308 1603 40.0375
32.5482 1609 40.1123
32.6655 1632 40.398
32.7829 1610 40.1248
32.9002 1665 40.8044
33.0176 1698 41.2068
33.1349 1596 39.95
33.2522 1657 40.7063
33.3694 1532 39.1408
33.4867 1442 37.9737
33.6039 1395 37.3497
33.7211 1298 36.0278
33.8383 1370 37.0135
33.9554 1413 37.5899
34.0725 1463 38.2492
34.1896 1458 38.1838
34.3067 1492 38.6264
34.4237 1551 39.3827
34.5407 1540 39.2428
34.6577 1594 39.9249
34.7746 1670 40.8656
34.8915 1606 40.0749
35.0084 1534 39.1663
35.1252 1528 39.0896
35.242 1450 38.0789
35.3587 1425 37.7492
35.4755 1416 37.6298
35.5921 1306 36.1386
35.7088 1326 36.4143
35.8254 1351 36.756
35.9419 1426 37.7624
36.0584 1433 37.855
36.1749 1430 37.8153
36.2913 1415 37.6165
36.4077 1423 37.7227
36.524 1428 37.7889
36.6403 1415 37.6165
36.7565 1344 36.6606
36.8727 1300 36.0555
36.9889 1159 34.0441
37.1049 1048 32.3728
37.221 0 1
37.3369 0 1
37.4529 0 1
37.5687 0 1
37.6845 0 1
37.8003 0 1
37.916 0 1
38.0316 0 1
38.1472 0 1
40.5851 0 1
40.7008 0 1
40.8164 0 1
40.9322 0 1
41.048 0 1
41.1639 0 1
41.2798 0 1
41.3958 0 1
41.5118 0 1
41.6279 0 1
41.744 737 27.1477
41.8602 840 28.9828
41.9765 907 30.1164
42.0928 961 31
42.2091 939 30.6431
42.3255 956 30.9192
42.4419 941 30.6757
42.5584 907 30.1164
42.675 999 31.607
42.7915 1103 33.2114
42.9081 1153 33.9559
43.0248 1244 35.2704
43.1415 1174 34.2637
43.2582 1349 36.7287
43.375 1274 35.6931
43.4918 1267 35.5949
43.6087 1295 35.9861
43.7256 1287 35.8748
43.8425 1258 35.4683
43.9595 1215 34.8569
44.0765 1249 35.3412
44.1935 1107 33.2716
44.3106 1111 33.3317
44.4277 1098 33.1361
44.5448 1027 32.0468
44.6619 1071 32.7261
44.7791 1109 33.3017
44.8963 1230 35.0714
45.0136 1187 34.4529
45.1308 1287 35.8748
45.2481 1339 36.5923
45.3654 1288 35.8887
45.4827 1337 36.565
45.6001 1365 36.9459
45.7174 1300 36.0555
45.8348 1207 34.7419
45.9522 1111 33.3317
46.0697 1074 32.7719
46.1871 1042 32.28
46.3046 1091 33.0303
46.422 1186 34.4384
46.5395 1172 34.2345
46.657 1180 34.3511
46.7745 1291 35.9305
46.892 1380 37.1484
47.0096 1280 35.7771
47.1271 1397 37.3765
47.2446 1330 36.4692
47.3622 1328 36.4417
47.4797 1351 36.756
47.5973 1330 36.4692
47.7149 1261 35.5106
47.8324 1175 34.2783
47.95 1174 34.2637
48.0675 1147 33.8674
48.1851 1088 32.9848
48.3027 1128 33.5857
48.4202 1195 34.5688
48.5378 1297 36.0139
48.6554 1286 35.8608
48.7729 1364 36.9324
48.8904 1328 36.4417
49.008 1396 37.3631
49.1255 1372 37.0405
49.243 1324 36.3868
49.3605 1220 34.9285
49.478 1156 34
49.5955 1089 33
49.713 1097 33.121
49.8304 1071 32.7261
49.9479 1144 33.8231
50.0653 1157 34.0147
50.1827 1304 36.1109
50.3001 1335 36.5377
50.4175 1327 36.428
50.5348 1338 36.5787
50.6521 1365 36.9459
50.7694 1426 37.7624
50.8867 1374 37.0675
51.004 1417 37.6431
51.1212 1426 37.7624
51.2384 1427 37.7757
51.3556 1368 36.9865
51.4727 1314 36.2491
51.5899 1200 34.641
51.707 1261 35.5106
51.824 1324 36.3868
51.9411 1412 37.5766
52.0581 1602 40.025
52.175 1658 40.7185
52.2919 1758 41.9285
52.4088 1811 42.5558
52.5257 1791 42.3202
52.6425 1845 42.9535
52.7593 1942 44.0681
52.876 1853 43.0465
52.9927 1708 41.328
53.1094 1667 40.8289
53.226 1575 39.6863
53.3426 1503 38.7685
53.4591 1513 38.8973
53.5756 1541 39.2556
53.692 1582 39.7744
53.8084 1544 39.2938
53.9248 1497 38.6911
54.0411 1431 37.8286
54.1573 1377 37.108
54.2735 0 1
54.3896 0 1
54.5057 0 1
54.6217 0 1
54.7377 0 1
54.8537 0 1
54.9695 0 1
55.0853 0 1
55.2011 0 1
55.3168 0 1
55.4324 0 1
57.824 0 1
57.9396 0 1
58.0553 0 1
58.1711 0 1
58.2869 0 1
58.4028 0 1
58.5187 0 1
58.6347 0 1
58.7508 0 1
58.8669 0 1
58.983 994 31.5278
59.0992 1169 34.1906
59.2155 1315 36.2629
59.3318 1399 37.4032
59.4482 1443 37.9868
59.5646 1465 38.2753
59.681 1515 38.923
59.7975 1532 39.1408
59.9141 1608 40.0999
60.0306 1518 38.9615
60.1473 1453 38.1182
60.2639 1434 37.8682
60.3807 1414 37.6032
60.4974 1411 37.5633
60.6142 1489 38.5876
60.731 1564 39.5474
60.8479 1704 41.2795
60.9648 1594 39.9249
61.0818 1633 40.4104
61.1987 1729 41.5812
61.3158 1711 41.3642
61.4328 1536 39.1918
61.5499 1507 38.8201
61.667 1459 38.1969
61.7841 1423 37.7227
61.9013 1347 36.7015
62.0185 1351 36.756
62.1357 1401 37.4299
62.253 1440 37.9473
62.3702 1528 39.0896
62.4875 1610 40.1248
62.6049 1552 39.3954
62.7222 1701 41.2432
62.8396 1760 41.9524
62.9569 1713 41.3884
63.0743 1686 41.0609
63.1918 1702 41.2553
63.3092 1655 40.6817
63.4267 1538 39.2173
63.5441 1549 39.3573
63.6616 1408 37.5233
63.7791 1418 37.6563
63.8966 1380 37.1484
64.0142 1345 36.6742
64.1317 1426 37.7624
64.2492 1507 38.8201
64.3668 1538 39.2173
64.4843 1658 40.7185
64.6019 1615 40.1871
64.7195 1679 40.9756
64.837 1651 40.6325
64.9546 1589 39.8623
65.0722 1616 40.1995
65.1898 1505 38.7943
65.3074 1418 37.6563
65.4249 1298 36.0278
65.5425 1227 35.0286
65.6601 1248 35.327
65.7777 1419 37.6696
65.8952 1405 37.4833
66.0128 1470 38.3406
66.1304 1493 38.6394
66.2479 1679 40.9756
66.3655 1628 40.3485
66.483 1680 40.9878
66.6005 1625 40.3113
66.718 1588 39.8497
66.8355 1614 40.1746
66.953 1619 40.2368
67.0705 1553 39.4081
67.1879 1494 38.6523
67.3054 1384 37.2022
67.4228 1336 36.5513
67.5402 1330 36.4692
67.6576 1324 36.3868
67.7749 1365 36.9459
67.8923 1385 37.2156
68.0096 1484 38.5227
68.1269 1639 40.4846
68.2442 1577 39.7115
68.3614 1643 40.5339
68.4787 1606 40.0749
68.5958 1636 40.4475
68.713 1483 38.5097
68.8302 1456 38.1576
68.9473 1321 36.3456
69.0643 1225 35
69.1814 1145 33.8378
69.2984 1168 34.176
69.4154 1269 35.623
69.5323 1396 37.3631
69.6492 1393 37.3229
69.7661 1540 39.2428
69.8829 1520 38.9872
69.9997 1502 38.7556
70.1165 1445 38.0132
70.2332 1457 38.1707
70.3499 1419 37.6696
70.4665 1330 36.4692
70.5831 1310 36.1939
70.6996 1114 33.3766
70.8161 1089 33
70.9326 1006 31.7175
71.049 899 29.9833
71.1653 712 26.6833
71.2817 655 25.593
71.3979 587 24.2281
71.5141 534 23.1084
71.6303 557 23.6008
71.7464 500 22.3607
71.8624 0 1
71.9784 0 1
72.0944 0 1
72.2102 0 1
72.3261 0 1
72.4418 0 1
72.5575 0 1
72.6732 0 1
75.1054 0 1
75.2209 0 1
75.3365 0 1
75.4521 0 1
75.5678 0 1
75.6835 0 1
75.7993 0 1
75.9151 0 1
76.031 0 1
76.147 926 30.4302
76.263 967 31.0966
76.3791 1022 31.9687
76.4952 925 30.4138
76.6113 1031 32.1092
76.7276 1058 32.5269
76.8438 1181 34.3657
76.9601 1358 36.8511
77.0765 1320 36.3318
77.1929 1372 37.0405
77.3093 1451 38.092
77.4258 1408 37.5233
77.5423 1405 37.4833
77.6589 1390 37.2827
77.7755 1241 35.2278
77.8921 1147 33.8674
78.0088 1135 33.6898
78.1256 995 31.5436
78.2423 1015 31.8591
78.3591 1067 32.665
78.4759 1201 34.6554
78.5928 1294 35.9722
78.7097 1253 35.3977
78.8266 1301 36.0694
78.9436 1337 36.565
79.0606 1374 37.0675
79.1776 1359 36.8646
79.2946 1471 38.3536
79.4117 1416 37.6298
79.5288 1388 37.2559
79.6459 1411 37.5633
79.7631 1359 36.8646
79.8802 1340 36.606
79.9974 1251 35.3695
80.1147 1166 34.1467
80.2319 1076 32.8024
80.3491 1157 34.0147
80.4664 1194 34.5543
80.5837 1332 36.4966
80.701 1442 37.9737
80.8183 1455 38.1445
80.9357 1436 37.8946
81.053 1501 38.7427
81.1704 1445 38.0132
81.2877 1452 38.1051
81.4051 1448 38.0526
81.5225 1322 36.3593
81.6399 1231 35.0856
81.7573 1095 33.0908
81.8747 1040 32.249
81.9922 1082 32.8938
82.1096 1160 34.0588
82.227 1291 35.9305
82.3444 1249 35.3412
82.4619 1380 37.1484
82.5793 1438 37.921
82.6967 1505 38.7943
82.8142 1438 37.921
82.9316 1447 38.0395
83.049 1466 38.2884
83.1664 1464 38.2623
83.2838 1460 38.2099
83.4012 1459 38.1969
83.5186 1346 36.6879
83.636 1299 36.0416
83.7534 1246 35.2987
83.8708 1150 33.9116
83.9881 1166 34.1467
84.1055 1144 33.8231
84.2228 1257 35.4542
84.3401 1342 36.6333
84.4575 1459 38.1969
84.5747 1529 39.1024
84.692 1479 38.4578
84.8093 1516 38.9358
84.9265 1465 38.2753
85.0437 1392 37.3095
85.1609 1336 36.5513
85.2781 1130 33.6155
85.3952 1155 33.9853
85.5123 1079 32.8481
85.6294 1073 32.7567
85.7465 1171 34.2199
85.8636 1357 36.8375
85.9806 1366 36.9594
86.0976 1426 37.7624
86.2145 1419 37.6696
86.3315 1517 38.9487
86.4484 1482 38.4968
86.5652 1547 39.3319
86.682 1497 38.6911
86.7988 1531 39.128
86.9156 1409 37.5366
87.0323 1434 37.8682
87.149 1431 37.8286
87.2657 1316 36.2767
87.3823 1102 33.1964
87.4988 1030 32.0936
87.6154 996 31.5595
87.7318 968 31.1127
87.8483 1043 32.2955
87.9647 1126 33.5559
88.081 1221 34.9428
88.1973 1169 34.1906
88.3136 1078 32.8329
88.4298 1089 33
88.546 961 31
88.6621 902 30.0333
88.7781 674 25.9615
88.8942 0 1
89.0101 0 1
89.126 0 1
89.2419 0 1
89.3577 0 1
89.4734 0 1
89.5891 0 1
89.7047 0 1
89.8203 0 1
89.9358 0 1
92.3269 0 1
92.4424 0 1
92.558 0 1
92.6736 0 1
92.7893 0 1
92.905 0 1
93.0208 0 1
93.1366 0 1
93.2525 0 1
93.3685 0 1
93.4845 0 1
93.6005 1121 33.4813
93.7167 1156 34
93.8328 1252 35.3836
93.949 1312 36.2215
94.0653 1301 36.0694
94.1816 1310 36.1939
94.2979 1230 35.0714
94.4143 1163 34.1028
94.5307 1080 32.8634
94.6472 1090 33.0151
94.7637 1172 34.2345
94.8803 1209 34.7707
94.9969 1307 36.1525
95.1135 1433 37.855
95.2302 1435 37.8814
95.3469 1392 37.3095
95.4637 1461 38.223
95.5805 1466 38.2884
95.6973 1511 38.8716
95.8142 1521 39
95.9311 1555 39.4335
96.048 1551 39.3827
96.1649 1455 38.1445
96.2819 1446 38.0263
96.3989 1446 38.0263
96.516 1296 36
96.633 1258 35.4683
96.7501 1231 35.0856
96.8673 1173 34.2491
96.9844 1211 34.7994
97.1016 1353 36.7831
97.2188 1388 37.2559
97.336 1506 38.8072
97.4532 1530 39.1152
97.5704 1537 39.2046
97.6877 1540 39.2428
97.805 1515 38.923
97.9223 1447 38.0395
98.0396 1237 35.171
98.1569 1239 35.1994
98.2743 1149 33.8969
98.3916 1133 33.6601
98.509 1184 34.4093
98.6264 1268 35.609
98.7438 1374 37.0675
98.8612 1411 37.5633
98.9786 1508 38.833
99.096 1563 39.5348
99.2134 1577 39.7115
99.3308 1612 40.1497
99.4482 1624 40.2989
99.5656 1528 39.0896
99.6831 1547 39.3319
99.8005 1547 39.3319
99.9179 1527 39.0768
100.035 1502 38.7556
100.153 1432 37.8418
100.27 1250 35.3553
100.388 1340 36.606
100.505 1383 37.1887
100.622 1446 38.0263
100.74 1479 38.4578
100.857 1604 40.05
100.975 1536 39.1918
101.092 1664 40.7922
101.209 1604 40.05
101.327 1577 39.7115
101.444 1605 40.0625
101.561 1407 37.51
101.679 1356 36.8239
101.796 1166 34.1467
101.913 1230 35.0714
102.03 1246 35.2987
102.148 1271 35.6511
102.265 1457 38.1707
102.382 1541 39.2556
102.499 1646 40.5709
102.616 1567 39.5854
102.733 1668 40.8412
102.851 1677 40.9512
102.968 1668 40.8412
103.085 1683 41.0244
103.202 1741 41.7253
103.319 1651 40.6325
103.436 1575 39.6863
103.552 1555 39.4335
103.669 1572 39.6485
103.786 1385 37.2156
103.903 1329 36.4555
104.02 1416 37.6298
104.137 1467 38.3014
104.253 1519 38.9744
104.37 1752 41.8569
104.487 1682 41.0122
104.603 1729 41.5812
104.72 1575 39.6863
104.836 1717 41.4367
104.953 1573 39.6611
105.069 1394 37.3363
105.186 1219 34.9142
105.302 1112 33.3467
105.418 1108 33.2866
105.535 1102 33.1964
105.651 1151 33.9264
105.767 1064 32.619
105.883 1030 32.0936
105.999 1017 31.8904
106.115 0 1
106.231 0 1
106.347 0 1
106.463 0 1
106.579 0 1
106.694 0 1
106.81 0 1
106.926 0 1
107.041 0 1
107.157 0 1
109.576 0 1
109.692 0 1
109.807 0 1
109.923 0 1
110.039 0 1
110.155 0 1
110.27 0 1
110.386 0 1
110.502 0 1
110.618 642 25.3377
110.735 910 30.1662
110.851 1027 32.0468
110.967 1210 34.7851
111.083 1305 36.1248
111.199 1390 37.2827
111.316 1482 38.4968
111.432 1537 39.2046
111.549 1558 39.4715
111.665 1565 39.5601
111.782 1589 39.8623
111.898 1523 39.0256
112.015 1562 39.5221
112.132 1425 37.7492
112.248 1368 36.9865
112.365 1306 36.1386
112.482 1244 35.2704
112.599 1319 36.318
112.716 1424 37.7359
112.832 1532 39.1408
112.949 1520 38.9872
113.066 1568 39.598
113.183 1690 41.1096
113.3 1608 40.0999
113.417 1593 39.9124
113.534 1551 39.3827
113.652 1413 37.5899
113.769 1256 35.4401
113.886 1229 35.0571
114.003 1177 34.3074
114.12 1170 34.2053
114.238 1408 37.5233
114.355 1378 37.1214
114.472 1351 36.756
114.589 1615 40.1871
114.707 1567 39.5854
114.824 1589 39.8623
114.942 1684 41.0366
115.059 1610 40.1248
115.176 1706 41.3038
115.294 1625 40.3113
115.411 1651 40.6325
115.529 1676 40.939
115.646 1506 38.8072
115.764 1456 38.1576
115.881 1424 37.7359
115.999 1359 36.8646
116.116 1355 36.8103
116.234 1431 37.8286
116.351 1502 38.7556
116.469 1569 39.6106
116.586 1611 40.1373
116.704 1574 39.6737
116.821 1589 39.8623
116.939 1649 40.6079
117.056 1494 38.6523
117.174 1562 39.5221
117.291 1310 36.1939
117.409 1250 35.3553
117.526 1203 34.6843
117.644 1149 33.8969
117.761 1234 35.1283
117.879 1419 37.6696
117.996 1448 38.0526
118.114 1459 38.1969
118.231 1562 39.5221
118.349 1589 39.8623
118.466 1612 40.1497
118.584 1633 40.4104
118.701 1629 40.3609
118.819 1598 39.975
118.936 1525 39.0512
119.053 1528 39.0896
119.171 1464 38.2623
119.288 1481 38.4838
119.405 1415 37.6165
119.523 1331 36.4829
119.64 1261 35.5106
119.757 1289 35.9026
119.875 1344 36.6606
119.992 1495 38.6652
120.109 1482 38.4968
120.226 1449 38.0657
120.343 1477 38.4318
120.46 1663 40.7799
120.578 1470 38.3406
120.695 1539 39.2301
120.812 1346 36.6879
120.929 1306 36.1386
121.046 1197 34.5977
121.163 1140 33.7639
121.279 1059 32.5423
121.396 1052 32.4345
121.513 1151 33.9264
121.63 1164 34.1174
121.747 1154 33.9706
121.863 1255 35.426
121.98 1251 35.3695
122.097 1263 35.5387
122.213 1238 35.1852
122.33 1168 34.176
122.446 1127 33.5708
122.563 1088 32.9848
122.679 1012 31.8119
122.795 894 29.8998
122.912 846 29.0861
123.028 757 27.5136
123.144 676 26
123.26 595 24.3926
123.377 0 1
123.493 0 1
123.609 0 1
123.725 0 1
123.84 0 1
123.956 0 1
124.072 0 1
124.188 0 1
124.303 0 1
124.419 0 1
126.852 0 1
126.968 0 1
127.083 0 1
127.199 0 1
127.315 0 1
127.431 0 1
127.547 0 1
127.663 0 1
127.779 0 1
127.895 0 1
128.011 0 1
128.127 0 1
128.243 0 1
128.359 1388 37.2559
128.476 1411 37.5633
128.592 1393 37.3229
128.708 1343 36.647
128.825 1381 37.1618
128.941 1395 37.3497
129.058 1490 38.6005
129.174 1566 39.5727
129.291 1636 40.4475
129.408 1612 40.1497
129.524 1630 40.3733
129.641 1623 40.2865
129.758 1604 40.05
129.875 1483 38.5097
129.992 1432 37.8418
130.108 1288 35.8887
130.225 1290 35.9166
130.342 1254 35.4119
130.459 1283 35.819
130.576 1363 36.9188
130.693 1430 37.8153
130.81 1548 39.3446
130.928 1525 39.0512
131.045 1557 39.4588
131.162 1647 40.5832
131.279 1590 39.8748
131.396 1634 40.4228
131.513 1642 40.5216
131.631 1611 40.1373
131.748 1558 39.4715
131.865 1498 38.704
131.983 1491 38.6135
132.1 1508 38.833
132.217 1395 37.3497
132.335 1422 37.7094
132.452 1527 39.0768
132.57 1537 39.2046
132.687 1627 40.3361
132.804 1576 39.6989
132.922 1648 40.5956
133.039 1637 40.4599
133.157 1673 40.9023
133.274 1664 40.7922
133.392 1584 39.7995
133.509 1500 38.7298
133.627 1407 37.51
133.744 1302 36.0832
133.862 1217 34.8855
133.979 1287 35.8748
134.097 1368 36.9865
134.214 1488 38.5746
134.332 1528 39.0896
134.449 1526 39.064
134.567 1594 39.9249
134.684 1615 40.1871
134.802 1616 40.1995
134.919 1629 40.3609
135.037 1600 40
135.154 1612 40.1497
135.272 1618 40.2244
135.389 1493 38.6394
135.507 1487 38.5616
135.624 1474 38.3927
135.742 1464 38.2623
135.859 1426 37.7624
135.977 1444 38
136.094 1498 38.704
136.211 1539 39.2301
136.329 1569 39.6106
136.446 1644 40.5463
136.564 1691 41.1218
136.681 1705 41.2916
136.798 1662 40.7676
136.915 1673 40.9023
137.033 1518 38.9615
137.15 1458 38.1838
137.267 1366 36.9594
137.384 1349 36.7287
137.502 1291 35.9305
137.619 1288 35.8887
137.736 1319 36.318
137.853 1397 37.3765
137.97 1494 38.6523
138.087 1545 39.3065
138.204 1573 39.6611
138.321 1543 39.281
138.438 1565 39.5601
138.555 1626 40.3237
138.672 1690 41.1096
138.788 1547 39.3319
138.905 1507 38.8201
139.022 1381 37.1618
139.139 1376 37.0945
139.255 1290 35.9166
139.372 1186 34.4384
139.488 1083 32.909
139.605 1021 31.9531
139.721 1009 31.7648
139.838 1012 31.8119
139.954 1096 33.1059
140.071 1006 31.7175
140.187 1027 32.0468
140.303 810 28.4605
140.419 834 28.8791
140.535 803 28.3373
140.652 740 27.2029
140.768 0 1
140.884 0 1
141 0 1
141.115 0 1
141.231 0 1
141.347 0 1
141.463 0 1
141.578 0 1
141.694 0 1
144.104 0 1
144.219 0 1
144.335 0 1
144.45 0 1
144.566 0 1
144.682 0 1
144.798 0 1
144.914 0 1
145.03 0 1
145.146 1116 33.4066
145.262 1224 34.9857
145.378 1297 36.0139
145.494 1304 36.1109
145.61 1339 36.5923
145.726 1272 35.6651
145.842 1248 35.327
145.959 1185 34.4238
146.075 1070 32.7109
146.192 1029 32.078
146.308 975 31.225
146.425 978 31.273
146.541 1140 33.7639
146.658 1131 33.6303
146.774 1180 34.3511
146.891 1249 35.3412
147.008 1318 36.3043
147.125 1268 35.609
147.241 1271 35.6511
147.358 1347 36.7015
147.475 1306 36.1386
147.592 1290 35.9166
147.709 1227 35.0286
147.826 1147 33.8674
147.943 1191 34.5109
148.06 1140 33.7639
148.177 1092 33.0454
148.294 1130 33.6155
148.411 1069 32.6956
148.528 1151 33.9264
148.645 1301 36.0694
148.762 1288 35.8887
148.88 1262 35.5246
148.997 1339 36.5923
149.114 1206 34.7275
149.231 1265 35.5668
149.349 1203 34.6843
149.466 1165 34.1321
149.583 1225 35
149.701 1103 33.2114
149.818 1057 32.5115
149.935 1030 32.0936
150.053 982 31.3369
150.17 1020 31.9374
150.287 1135 33.6898
150.405 1192 34.5254
150.522 1136 33.7046
150.64 1161 34.0735
150.757 1202 34.6699
150.875 1201 34.6554
150.992 1289 35.9026
151.11 1241 35.2278
151.227 1185 34.4238
151.344 1221 34.9428
151.462 1146 33.8526
151.579 1161 34.0735
151.697 1103 33.2114
151.814 1098 33.1361
151.932 1113 33.3617
152.049 1082 32.8938
152.167 1137 33.7194
152.284 1190 34.4964
152.402 1249 35.3412
152.519 1166 34.1467
152.636 1234 35.1283
152.754 1218 34.8999
152.871 1251 35.3695
152.989 1237 35.171
153.106 1179 34.3366
153.223 1158 34.0294
153.341 992 31.496
153.458 1012 31.8119
153.575 926 30.4302
153.693 966 31.0805
153.81 1008 31.749
153.927 968 31.1127
154.044 1068 32.6803
154.162 1141 33.7787
154.279 1130 33.6155
154.396 1112 33.3467
154.513 1133 33.6601
154.63 1148 33.8821
154.747 1191 34.5109
154.864 1073 32.7567
154.981 1162 34.0881
155.098 1074 32.7719
155.215 1038 32.218
155.332 999 31.607
155.449 879 29.6479
155.566 989 31.4484
155.683 1006 31.7175
155.8 1035 32.1714
155.917 1041 32.2645
156.033 1039 32.2335
156.15 0 1
156.267 0 1
156.383 0 1
156.5 0 1
156.617 0 1
156.733 0 1
156.85 0 1
156.966 0 1
157.082 0 1
157.199 0 1
157.315 0 1
157.431 0 1
157.547 0 1
157.664 0 1
157.78 0 1
157.896 0 1
158.012 0 1
158.128 0 1
158.244 0 1
158.359 0 1
158.475 0 1
158.591 0 1
158.706 0 1
