
6.15755 0 1
6.2731 0 1
6.3887 0 1
6.50437 0 1
6.62009 0 1
6.73587 0 1
6.8517 0 1
6.96759 0 1
7.08353 0 1
7.19952 0 1
7.31557 0 1
7.43166 0 1
7.54781 0 1
7.664 0 1
7.78024 0 1
7.89653 0 1
8.01286 0 1
8.12924 0 1
8.24567 0 1
8.36213 0 1
8.47864 0 1
8.59519 0 1
8.71178 0 1
8.82841 0 1
8.94508 0 1
9.06179 0 1
9.17853 0 1
9.29531 0 1
9.41212 0 1
9.52897 0 1
9.64584 0 1
9.76276 0 1
9.8797 0 1
9.99667 0 1
10.1137 0 1
10.2307 0 1
10.3478 0 1
10.4648 0 1
10.5819 0 1
10.6991 0 1
10.8162 0 1
10.9334 0 1
11.0506 0 1
11.1678 0 1
11.285 0 1
11.4023 0 1
11.5196 0 1
11.6369 0 1
11.7542 0 1
11.8715 0 1
11.9888 0 1
12.1062 0 1
12.2235 0 1
12.3409 0 1
12.4582 0 1
12.5756 0 1
12.693 0 1
12.8104 0 1
12.9278 0 1
13.0452 0 1
13.1626 0 1
13.28 0 1
13.3974 0 1
13.5149 0 1
13.6323 0 1
13.7497 0 1
13.8671 0 1
13.9845 0 1
14.1019 0 1
14.2193 0 1
14.3367 0 1
14.4541 0 1
14.5714 0 1
14.6888 0 1
14.8062 0 1
14.9235 0 1
15.0408 887 29.7825
15.1581 918 30.2985
15.2755 979 31.289
15.3927 979 31.289
15.51 972 31.1769
15.6273 1015 31.8591
15.7445 1008 31.749
15.8617 962 31.0161
15.9789 951 30.8383
16.0961 965 31.0644
16.2132 1007 31.7333
16.3304 970 31.1448
16.4475 965 31.0644
16.5646 1060 32.5576
16.6816 1080 32.8634
16.7986 1140 33.7639
16.9156 1193 34.5398
17.0326 1047 32.3574
17.1496 1164 34.1174
17.2665 1135 33.6898
17.3833 1080 32.8634
17.5002 1104 33.2265
17.617 1015 31.8591
17.7338 1007 31.7333
17.8505 1020 31.9374
17.9672 980 31.305
18.0839 979 31.289
18.2005 962 31.0161
18.3171 1062 32.5883
18.4337 1053 32.45
18.5502 1042 32.28
18.6666 1098 33.1361
18.7831 1107 33.2716
18.8994 1100 33.1662
19.0158 1099 33.1512
19.1321 1099 33.1512
19.2483 1036 32.187
19.3645 964 31.0483
19.4806 909 30.1496
19.5967 871 29.5127
19.7128 783 27.9821
19.8288 694 26.3439
19.9447 651 25.5147
20.0606 0 1
20.1764 0 1
20.2922 0 1
20.4079 0 1
20.5236 0 1
20.6392 0 1
20.7548 0 1
20.8702 0 1
23.3078 0 1
23.4233 0 1
23.539 0 1
23.6547 0 1
23.7704 0 1
23.8862 0 1
24.0021 0 1
24.118 0 1
24.234 0 1
24.35 0 1
24.4661 482 21.9545
24.5822 520 22.8035
24.6984 626 25.02
24.8146 644 25.3772
24.9309 656 25.6125
25.0472 745 27.2947
25.1636 830 28.8097
25.28 873 29.5466
25.3965 989 31.4484
25.513 1017 31.8904
25.6296 1050 32.4037
25.7462 1153 33.9559
25.8628 1159 34.0441
25.9795 1181 34.3657
26.0962 1176 34.2929
26.213 1074 32.7719
26.3298 1106 33.2566
26.4466 1044 32.311
26.5635 1063 32.6037
26.6804 960 30.9839
26.7973 973 31.1929
26.9143 1030 32.0936
27.0313 1109 33.3017
27.1483 1131 33.6303
27.2653 1114 33.3766
27.3824 1130 33.6155
27.4996 1123 33.5112
27.6167 1097 33.121
27.7339 1074 32.7719
27.8511 1066 32.6497
27.9683 1090 33.0151
28.0855 1010 31.7805
28.2028 1012 31.8119
28.3201 894 29.8998
28.4374 871 29.5127
28.5547 904 30.0666
28.6721 963 31.0322
28.7894 935 30.5778
28.9068 1027 32.0468
29.0242 1078 32.8329
29.1416 1096 33.1059
29.259 1155 33.9853
29.3764 1166 34.1467
29.4939 1167 34.1614
29.6113 1173 34.2491
29.7288 1072 32.7414
29.8463 1065 32.6343
29.9638 983 31.3528
30.0812 928 30.4631
30.1987 945 30.7409
30.3162 1003 31.6702
30.4337 952 30.8545
30.5512 971 31.1609
30.6687 1015 31.8591
30.7862 1059 32.5423
30.9037 1073 32.7567
31.0212 1077 32.8177
31.1387 1070 32.7109
31.2562 1025 32.0156
31.3737 1007 31.7333
31.4912 1006 31.7175
31.6087 982 31.3369
31.7262 937 30.6105
31.8436 934 30.5614
31.9611 918 30.2985
32.0785 826 28.7402
32.1959 905 30.0832
32.3134 979 31.289
32.4308 997 31.5753
32.5482 1007 31.7333
32.6655 1052 32.4345
32.7829 1063 32.6037
32.9002 1059 32.5423
33.0176 1095 33.0908
33.1349 1137 33.7194
33.2522 1037 32.2025
33.3694 1043 32.2955
33.4867 1006 31.7175
33.6039 885 29.7489
33.7211 889 29.8161
33.8383 869 29.4788
33.9554 861 29.3428
34.0725 917 30.282
34.1896 957 30.9354
34.3067 967 31.0966
34.4237 999 31.607
34.5407 1007 31.7333
34.6577 1057 32.5115
34.7746 1019 31.9218
34.8915 1014 31.8434
35.0084 995 31.5436
35.1252 982 31.3369
35.242 914 30.2324
35.3587 910 30.1662
35.4755 889 29.8161
35.5921 899 29.9833
35.7088 848 29.1204
35.8254 881 29.6816
35.9419 911 30.1828
36.0584 934 30.5614
36.1749 853 29.2062
36.2913 897 29.95
36.4077 904 30.0666
36.524 923 30.3809
36.6403 905 30.0832
36.7565 886 29.7658
36.8727 811 28.4781
36.9889 722 26.8701
37.1049 653 25.5539
37.221 0 1
37.3369 0 1
37.4529 0 1
37.5687 0 1
37.6845 0 1
37.8003 0 1
37.916 0 1
38.0316 0 1
38.1472 0 1
40.5851 0 1
40.7008 0 1
40.8164 0 1
40.9322 0 1
41.048 0 1
41.1639 0 1
41.2798 0 1
41.3958 0 1
41.5118 0 1
41.6279 0 1
41.744 491 22.1585
41.8602 529 23
41.9765 597 24.4336
42.0928 605 24.5967
42.2091 609 24.6779
42.3255 613 24.7588
42.4419 581 24.1039
42.5584 601 24.5153
42.675 607 24.6374
42.7915 703 26.5141
42.9081 757 27.5136
43.0248 789 28.0891
43.1415 858 29.2916
43.2582 776 27.8568
43.375 811 28.4781
43.4918 846 29.0861
43.6087 811 28.4781
43.7256 886 29.7658
43.8425 795 28.1957
43.9595 796 28.2135
44.0765 837 28.931
44.1935 801 28.3019
44.3106 744 27.2764
44.4277 721 26.8514
44.5448 673 25.9422
44.6619 653 25.5539
44.7791 735 27.1109
44.8963 739 27.1846
45.0136 785 28.0179
45.1308 812 28.4956
45.2481 860 29.3258
45.3654 859 29.3087
45.4827 833 28.8617
45.6001 908 30.133
45.7174 871 29.5127
45.8348 762 27.6043
45.9522 733 27.074
46.0697 695 26.3629
46.1871 702 26.4953
46.3046 734 27.0924
46.422 753 27.4408
46.5395 742 27.2397
46.657 819 28.6182
46.7745 883 29.7153
46.892 888 29.7993
47.0096 860 29.3258
47.1271 882 29.6985
47.2446 904 30.0666
47.3622 849 29.1376
47.4797 850 29.1548
47.5973 833 28.8617
47.7149 855 29.2404
47.8324 802 28.3196
47.95 796 28.2135
48.0675 682 26.1151
48.1851 665 25.7876
48.3027 674 25.9615
48.4202 764 27.6405
48.5378 804 28.3549
48.6554 881 29.6816
48.7729 880 29.6648
48.8904 834 28.8791
49.008 835 28.8964
49.1255 840 28.9828
49.243 843 29.0345
49.3605 812 28.4956
49.478 718 26.7955
49.5955 724 26.9072
49.713 663 25.7488
49.8304 679 26.0576
49.9479 768 27.7128
50.0653 782 27.9643
50.1827 787 28.0535
50.3001 811 28.4781
50.4175 832 28.8444
50.5348 804 28.3549
50.6521 861 29.3428
50.7694 866 29.4279
50.8867 848 29.1204
51.004 810 28.4605
51.1212 779 27.9106
51.2384 769 27.7308
51.3556 778 27.8927
51.4727 745 27.2947
51.5899 699 26.4386
51.707 715 26.7395
51.824 716 26.7582
51.9411 775 27.8388
52.0581 743 27.258
52.175 847 29.1033
52.2919 845 29.0689
52.4088 882 29.6985
52.5257 863 29.3769
52.6425 933 30.545
52.7593 901 30.0167
52.876 850 29.1548
52.9927 812 28.4956
53.1094 714 26.7208
53.226 683 26.1343
53.3426 643 25.3574
53.4591 673 25.9422
53.5756 697 26.4008
53.692 646 25.4165
53.8084 703 26.5141
53.9248 664 25.7682
54.0411 604 24.5764
54.1573 607 24.6374
54.2735 0 1
54.3896 0 1
54.5057 0 1
54.6217 0 1
54.7377 0 1
54.8537 0 1
54.9695 0 1
55.0853 0 1
55.2011 0 1
55.3168 0 1
55.4324 0 1
57.824 0 1
57.9396 0 1
58.0553 0 1
58.1711 0 1
58.2869 0 1
58.4028 0 1
58.5187 0 1
58.6347 0 1
58.7508 0 1
58.8669 0 1
58.983 575 23.9792
59.0992 678 26.0384
59.2155 804 28.3549
59.3318 835 28.8964
59.4482 919 30.315
59.5646 894 29.8998
59.681 968 31.1127
59.7975 948 30.7896
59.9141 1006 31.7175
60.0306 914 30.2324
60.1473 968 31.1127
60.2639 884 29.7321
60.3807 882 29.6985
60.4974 887 29.7825
60.6142 945 30.7409
60.731 1004 31.686
60.8479 1028 32.0624
60.9648 1079 32.8481
61.0818 1054 32.4654
61.1987 1121 33.4813
61.3158 1056 32.4962
61.4328 1094 33.0757
61.5499 1027 32.0468
61.667 917 30.282
61.7841 914 30.2324
61.9013 852 29.189
62.0185 870 29.4958
62.1357 874 29.5635
62.253 966 31.0805
62.3702 998 31.5911
62.4875 1062 32.5883
62.6049 1068 32.6803
62.7222 1065 32.6343
62.8396 1067 32.665
62.9569 1095 33.0908
63.0743 1129 33.6006
63.1918 1125 33.541
63.3092 1077 32.8177
63.4267 1074 32.7719
63.5441 1010 31.7805
63.6616 941 30.6757
63.7791 823 28.688
63.8966 835 28.8964
64.0142 855 29.2404
64.1317 873 29.5466
64.2492 924 30.3974
64.3668 1078 32.8329
64.4843 1073 32.7567
64.6019 1052 32.4345
64.7195 1095 33.0908
64.837 1096 33.1059
64.9546 1042 32.28
65.0722 989 31.4484
65.1898 995 31.5436
65.3074 859 29.3087
65.4249 868 29.4618
65.5425 847 29.1033
65.6601 846 29.0861
65.7777 941 30.6757
65.8952 983 31.3528
66.0128 931 30.5123
66.1304 1027 32.0468
66.2479 1046 32.3419
66.3655 1093 33.0606
66.483 1057 32.5115
66.6005 1147 33.8674
66.718 1094 33.0757
66.8355 1096 33.1059
66.953 1058 32.5269
67.0705 1083 32.909
67.1879 985 31.3847
67.3054 988 31.4325
67.4228 872 29.5296
67.5402 839 28.9655
67.6576 922 30.3645
67.7749 874 29.5635
67.8923 962 31.0161
68.0096 1049 32.3883
68.1269 1156 34
68.2442 1133 33.6601
68.3614 1111 33.3317
68.4787 1165 34.1321
68.5958 1162 34.0881
68.713 1101 33.1813
68.8302 1007 31.7333
68.9473 1000 31.6228
69.0643 924 30.3974
69.1814 880 29.6648
69.2984 961 31
69.4154 1052 32.4345
69.5323 1056 32.4962
69.6492 1135 33.6898
69.7661 1190 34.4964
69.8829 1183 34.3948
69.9997 1206 34.7275
70.1165 1168 34.176
70.2332 1133 33.6601
70.3499 1094 33.0757
70.4665 1094 33.0757
70.5831 1034 32.1559
70.6996 965 31.0644
70.8161 868 29.4618
70.9326 818 28.6007
71.049 749 27.3679
71.1653 617 24.8395
71.2817 582 24.1247
71.3979 498 22.3159
71.5141 488 22.0907
71.6303 446 21.1187
71.7464 427 20.664
71.8624 0 1
71.9784 0 1
72.0944 0 1
72.2102 0 1
72.3261 0 1
72.4418 0 1
72.5575 0 1
72.6732 0 1
75.1054 0 1
75.2209 0 1
75.3365 0 1
75.4521 0 1
75.5678 0 1
75.6835 0 1
75.7993 0 1
75.9151 0 1
76.031 0 1
76.147 709 26.6271
76.263 807 28.4077
76.3791 814 28.5307
76.4952 823 28.688
76.6113 818 28.6007
76.7276 813 28.5132
76.8438 871 29.5127
76.9601 950 30.8221
77.0765 1055 32.4808
77.1929 1111 33.3317
77.3093 1054 32.4654
77.4258 1033 32.1403
77.5423 1021 31.9531
77.6589 1012 31.8119
77.7755 928 30.4631
77.8921 877 29.6142
78.0088 802 28.3196
78.1256 705 26.5518
78.2423 676 26
78.3591 783 27.9821
78.4759 813 28.5132
78.5928 898 29.9666
78.7097 1015 31.8591
78.8266 996 31.5595
78.9436 903 30.05
79.0606 1009 31.7648
79.1776 903 30.05
79.2946 998 31.5911
79.4117 955 30.9031
79.5288 945 30.7409
79.6459 959 30.9677
79.7631 939 30.6431
79.8802 892 29.8664
79.9974 855 29.2404
80.1147 831 28.8271
80.2319 704 26.533
80.3491 805 28.3725
80.4664 733 27.074
80.5837 845 29.0689
80.701 884 29.7321
80.8183 896 29.9333
80.9357 950 30.8221
81.053 1017 31.8904
81.1704 969 31.1288
81.2877 973 31.1929
81.4051 982 31.3369
81.5225 894 29.8998
81.6399 780 27.9285
81.7573 710 26.6458
81.8747 725 26.9258
81.9922 728 26.9815
82.1096 721 26.8514
82.227 855 29.2404
82.3444 836 28.9137
82.4619 948 30.7896
82.5793 966 31.0805
82.6967 987 31.4166
82.8142 1005 31.7017
82.9316 983 31.3528
83.049 1016 31.8748
83.1664 929 30.4795
83.2838 1034 32.1559
83.4012 1000 31.6228
83.5186 922 30.3645
83.636 878 29.6311
83.7534 823 28.688
83.8708 740 27.2029
83.9881 772 27.7849
84.1055 773 27.8029
84.2228 812 28.4956
84.3401 844 29.0517
84.4575 1008 31.749
84.5747 950 30.8221
84.692 986 31.4006
84.8093 988 31.4325
84.9265 922 30.3645
85.0437 923 30.3809
85.1609 925 30.4138
85.2781 794 28.178
85.3952 793 28.1603
85.5123 704 26.533
85.6294 737 27.1477
85.7465 834 28.8791
85.8636 938 30.6268
85.9806 931 30.5123
86.0976 972 31.1769
86.2145 1004 31.686
86.3315 1032 32.1248
86.4484 998 31.5911
86.5652 1044 32.311
86.682 993 31.5119
86.7988 1057 32.5115
86.9156 940 30.6594
87.0323 941 30.6757
87.149 916 30.2655
87.2657 862 29.3598
87.3823 780 27.9285
87.4988 662 25.7294
87.6154 678 26.0384
87.7318 674 25.9615
87.8483 675 25.9808
87.9647 755 27.4773
88.081 769 27.7308
88.1973 763 27.6225
88.3136 780 27.9285
88.4298 723 26.8887
88.546 642 25.3377
88.6621 589 24.2693
88.7781 463 21.5174
88.8942 0 1
89.0101 0 1
89.126 0 1
89.2419 0 1
89.3577 0 1
89.4734 0 1
89.5891 0 1
89.7047 0 1
89.8203 0 1
89.9358 0 1
92.3269 0 1
92.4424 0 1
92.558 0 1
92.6736 0 1
92.7893 0 1
92.905 0 1
93.0208 0 1
93.1366 0 1
93.2525 0 1
93.3685 0 1
93.4845 0 1
93.6005 705 26.5518
93.7167 749 27.3679
93.8328 751 27.4044
93.949 776 27.8568
94.0653 765 27.6586
94.1816 832 28.8444
94.2979 766 27.6767
94.4143 789 28.0891
94.5307 782 27.9643
94.6472 694 26.3439
94.7637 749 27.3679
94.8803 793 28.1603
94.9969 798 28.2489
95.1135 881 29.6816
95.2302 934 30.5614
95.3469 944 30.7246
95.4637 982 31.3369
95.5805 1020 31.9374
95.6973 954 30.8869
95.8142 997 31.5753
95.9311 937 30.6105
96.048 976 31.241
96.1649 933 30.545
96.2819 961 31
96.3989 885 29.7489
96.516 910 30.1662
96.633 738 27.1662
96.7501 797 28.2312
96.8673 734 27.0924
96.9844 779 27.9106
97.1016 809 28.4429
97.2188 869 29.4788
97.336 967 31.0966
97.4532 983 31.3528
97.5704 927 30.4467
97.6877 1006 31.7175
97.805 983 31.3528
97.9223 910 30.1662
98.0396 825 28.7228
98.1569 784 28
98.2743 686 26.1916
98.3916 720 26.8328
98.509 718 26.7955
98.6264 875 29.5804
98.7438 916 30.2655
98.8612 980 31.305
98.9786 997 31.5753
99.096 1025 32.0156
99.2134 1031 32.1092
99.3308 990 31.4643
99.4482 1084 32.9242
99.5656 1060 32.5576
99.6831 995 31.5436
99.8005 1051 32.4191
99.9179 947 30.7734
100.035 936 30.5941
100.153 902 30.0333
100.27 830 28.8097
100.388 845 29.0689
100.505 797 28.2312
100.622 899 29.9833
100.74 975 31.225
100.857 1069 32.6956
100.975 1013 31.8277
101.092 1090 33.0151
101.209 1072 32.7414
101.327 995 31.5436
101.444 1007 31.7333
101.561 911 30.1828
101.679 835 28.8964
101.796 818 28.6007
101.913 803 28.3373
102.03 826 28.7402
102.148 895 29.9166
102.265 939 30.6431
102.382 977 31.257
102.499 1026 32.0312
102.616 1069 32.6956
102.733 1129 33.6006
102.851 1043 32.2955
102.968 1084 32.9242
103.085 1087 32.9697
103.202 1080 32.8634
103.319 1030 32.0936
103.436 1123 33.5112
103.552 971 31.1609
103.669 940 30.6594
103.786 948 30.7896
103.903 849 29.1376
104.02 820 28.6356
104.137 969 31.1288
104.253 947 30.7734
104.37 1119 33.4515
104.487 1090 33.0151
104.603 1016 31.8748
104.72 1056 32.4962
104.836 1097 33.121
104.953 933 30.545
105.069 879 29.6479
105.186 777 27.8747
105.302 747 27.3313
105.418 672 25.923
105.535 700 26.4575
105.651 730 27.0185
105.767 725 26.9258
105.883 662 25.7294
105.999 696 26.3818
106.115 0 1
106.231 0 1
106.347 0 1
106.463 0 1
106.579 0 1
106.694 0 1
106.81 0 1
106.926 0 1
107.041 0 1
107.157 0 1
109.576 0 1
109.692 0 1
109.807 0 1
109.923 0 1
110.039 0 1
110.155 0 1
110.27 0 1
110.386 0 1
110.502 0 1
110.618 402 20.0499
110.735 574 23.9583
110.851 639 25.2784
110.967 724 26.9072
111.083 785 28.0179
111.199 878 29.6311
111.316 908 30.133
111.432 952 30.8545
111.549 1018 31.9061
111.665 1072 32.7414
111.782 1040 32.249
111.898 971 31.1609
112.015 968 31.1127
112.132 961 31
112.248 835 28.8964
112.365 789 28.0891
112.482 767 27.6948
112.599 840 28.9828
112.716 846 29.0861
112.832 945 30.7409
112.949 949 30.8058
113.066 989 31.4484
113.183 1001 31.6386
113.3 1003 31.6702
113.417 957 30.9354
113.534 1010 31.7805
113.652 850 29.1548
113.769 825 28.7228
113.886 761 27.5862
114.003 725 26.9258
114.12 722 26.8701
114.238 857 29.2746
114.355 883 29.7153
114.472 846 29.0861
114.589 996 31.5595
114.707 989 31.4484
114.824 961 31
114.942 966 31.0805
115.059 1021 31.9531
115.176 1034 32.1559
115.294 1015 31.8591
115.411 1007 31.7333
115.529 981 31.3209
115.646 914 30.2324
115.764 860 29.3258
115.881 782 27.9643
115.999 736 27.1293
116.116 759 27.55
116.234 831 28.8271
116.351 948 30.7896
116.469 948 30.7896
116.586 1004 31.686
116.704 969 31.1288
116.821 1041 32.2645
116.939 938 30.6268
117.056 995 31.5436
117.174 873 29.5466
117.291 865 29.4109
117.409 754 27.4591
117.526 788 28.0713
117.644 722 26.8701
117.761 764 27.6405
117.879 899 29.9833
117.996 887 29.7825
118.114 964 31.0483
118.231 966 31.0805
118.349 969 31.1288
118.466 970 31.1448
118.584 944 30.7246
118.701 1009 31.7648
118.819 963 31.0322
118.936 979 31.289
119.053 945 30.7409
119.171 901 30.0167
119.288 876 29.5973
119.405 848 29.1204
119.523 761 27.5862
119.64 727 26.9629
119.757 778 27.8927
119.875 892 29.8664
119.992 893 29.8831
120.109 915 30.249
120.226 949 30.8058
120.343 938 30.6268
120.46 957 30.9354
120.578 971 31.1609
120.695 921 30.348
120.812 940 30.6594
120.929 768 27.7128
121.046 767 27.6948
121.163 702 26.4953
121.279 665 25.7876
121.396 694 26.3439
121.513 759 27.55
121.63 848 29.1204
121.747 825 28.7228
121.863 829 28.7924
121.98 747 27.3313
122.097 822 28.6705
122.213 833 28.8617
122.33 767 27.6948
122.446 762 27.6043
122.563 750 27.3861
122.679 663 25.7488
122.795 704 26.533
122.912 611 24.7184
123.028 492 22.1811
123.144 476 21.8174
123.26 422 20.5426
123.377 0 1
123.493 0 1
123.609 0 1
123.725 0 1
123.84 0 1
123.956 0 1
124.072 0 1
124.188 0 1
124.303 0 1
124.419 0 1
126.852 0 1
126.968 0 1
127.083 0 1
127.199 0 1
127.315 0 1
127.431 0 1
127.547 0 1
127.663 0 1
127.779 0 1
127.895 0 1
128.011 0 1
128.127 0 1
128.243 0 1
128.359 1055 32.4808
128.476 966 31.0805
128.592 940 30.6594
128.708 967 31.0966
128.825 942 30.692
128.941 1005 31.7017
129.058 1113 33.3617
129.174 1172 34.2345
129.291 1265 35.5668
129.408 1208 34.7563
129.524 1252 35.3836
129.641 1222 34.9571
129.758 1171 34.2199
129.875 1115 33.3916
129.992 1048 32.3728
130.108 984 31.3688
130.225 948 30.7896
130.342 889 29.8161
130.459 920 30.3315
130.576 1028 32.0624
130.693 1027 32.0468
130.81 1098 33.1361
130.928 1101 33.1813
131.045 1130 33.6155
131.162 1160 34.0588
131.279 1175 34.2783
131.396 1153 33.9559
131.513 1213 34.8281
131.631 1170 34.2053
131.748 1154 33.9706
131.865 1079 32.8481
131.983 1045 32.3265
132.1 1038 32.218
132.217 946 30.7571
132.335 1061 32.573
132.452 1035 32.1714
132.57 1108 33.2866
132.687 1211 34.7994
132.804 1146 33.8526
132.922 1165 34.1321
133.039 1181 34.3657
133.157 1202 34.6699
133.274 1187 34.4529
133.392 1144 33.8231
133.509 1099 33.1512
133.627 1023 31.9844
133.744 948 30.7896
133.862 887 29.7825
133.979 975 31.225
134.097 974 31.209
134.214 1084 32.9242
134.332 1077 32.8177
134.449 1217 34.8855
134.567 1184 34.4093
134.684 1191 34.5109
134.802 1203 34.6843
134.919 1203 34.6843
135.037 1163 34.1028
135.154 1212 34.8138
135.272 1186 34.4384
135.389 1155 33.9853
135.507 1080 32.8634
135.624 1051 32.4191
135.742 1022 31.9687
135.859 1007 31.7333
135.977 996 31.5595
136.094 1066 32.6497
136.211 1056 32.4962
136.329 1083 32.909
136.446 1153 33.9559
136.564 1187 34.4529
136.681 1223 34.9714
136.798 1174 34.2637
136.915 1209 34.7707
137.033 1138 33.7343
137.15 1078 32.8329
137.267 974 31.209
137.384 860 29.3258
137.502 926 30.4302
137.619 888 29.7993
137.736 1043 32.2955
137.853 1003 31.6702
137.97 1088 32.9848
138.087 1110 33.3167
138.204 1120 33.4664
138.321 1112 33.3467
138.438 1189 34.4819
138.555 1153 33.9559
138.672 1222 34.9571
138.788 1101 33.1813
138.905 1028 32.0624
139.022 991 31.4802
139.139 906 30.0998
139.255 911 30.1828
139.372 813 28.5132
139.488 769 27.7308
139.605 722 26.8701
139.721 787 28.0535
139.838 752 27.4226
139.954 783 27.9821
140.071 748 27.3496
140.187 717 26.7769
140.303 622 24.9399
140.419 611 24.7184
140.535 552 23.4947
140.652 530 23.0217
140.768 0 1
140.884 0 1
141 0 1
141.115 0 1
141.231 0 1
141.347 0 1
141.463 0 1
141.578 0 1
141.694 0 1
144.104 0 1
144.219 0 1
144.335 0 1
144.45 0 1
144.566 0 1
144.682 0 1
144.798 0 1
144.914 0 1
145.03 0 1
145.146 745 27.2947
145.262 813 28.5132
145.378 814 28.5307
145.494 855 29.2404
145.61 831 28.8271
145.726 874 29.5635
145.842 817 28.5832
145.959 744 27.2764
146.075 685 26.1725
146.192 689 26.2488
146.308 643 25.3574
146.425 686 26.1916
146.541 728 26.9815
146.658 724 26.9072
146.774 807 28.4077
146.891 752 27.4226
147.008 744 27.2764
147.125 832 28.8444
147.241 809 28.4429
147.358 806 28.3901
147.475 834 28.8791
147.592 807 28.4077
147.709 747 27.3313
147.826 809 28.4429
147.943 717 26.7769
148.06 703 26.5141
148.177 708 26.6083
148.294 661 25.7099
148.411 693 26.3249
148.528 748 27.3496
148.645 750 27.3861
148.762 826 28.7402
148.88 770 27.7489
148.997 813 28.5132
149.114 777 27.8747
149.231 819 28.6182
149.349 816 28.5657
149.466 815 28.5482
149.583 730 27.0185
149.701 726 26.9444
149.818 651 25.5147
149.935 637 25.2389
150.053 649 25.4755
150.17 655 25.593
150.287 700 26.4575
150.405 697 26.4008
150.522 698 26.4197
150.64 711 26.6646
150.757 791 28.1247
150.875 790 28.1069
150.992 792 28.1425
151.11 706 26.5707
151.227 711 26.6646
151.344 721 26.8514
151.462 701 26.4764
151.579 716 26.7582
151.697 723 26.8887
151.814 668 25.8457
151.932 670 25.8844
152.049 621 24.9199
152.167 702 26.4953
152.284 703 26.5141
152.402 744 27.2764
152.519 759 27.55
152.636 760 27.5681
152.754 719 26.8142
152.871 721 26.8514
152.989 723 26.8887
153.106 681 26.096
153.223 680 26.0768
153.341 641 25.318
153.458 572 23.9165
153.575 555 23.5584
153.693 582 24.1247
153.81 633 25.1595
153.927 643 25.3574
154.044 652 25.5343
154.162 694 26.3439
154.279 666 25.807
154.396 699 26.4386
154.513 705 26.5518
154.63 765 27.6586
154.747 721 26.8514
154.864 644 25.3772
154.981 693 26.3249
155.098 631 25.1197
155.215 691 26.2869
155.332 630 25.0998
155.449 624 24.98
155.566 578 24.0416
155.683 629 25.0799
155.8 642 25.3377
155.917 630 25.0998
156.033 611 24.7184
156.15 0 1
156.267 0 1
156.383 0 1
156.5 0 1
156.617 0 1
156.733 0 1
156.85 0 1
156.966 0 1
157.082 0 1
157.199 0 1
157.315 0 1
157.431 0 1
157.547 0 1
157.664 0 1
157.78 0 1
157.896 0 1
158.012 0 1
158.128 0 1
158.244 0 1
158.359 0 1
158.475 0 1
158.591 0 1
158.706 0 1
