
6.15755 0 1
6.2731 0 1
6.3887 0 1
6.50437 0 1
6.62009 0 1
6.73587 0 1
6.8517 0 1
6.96759 0 1
7.08353 0 1
7.19952 0 1
7.31557 0 1
7.43166 0 1
7.54781 0 1
7.664 0 1
7.78024 0 1
7.89653 0 1
8.01286 0 1
8.12924 0 1
8.24567 0 1
8.36213 0 1
8.47864 0 1
8.59519 0 1
8.71178 0 1
8.82841 0 1
8.94508 0 1
9.06179 0 1
9.17853 0 1
9.29531 0 1
9.41212 0 1
9.52897 0 1
9.64584 0 1
9.76276 0 1
9.8797 0 1
9.99667 0 1
10.1137 0 1
10.2307 0 1
10.3478 0 1
10.4648 0 1
10.5819 0 1
10.6991 0 1
10.8162 0 1
10.9334 0 1
11.0506 0 1
11.1678 0 1
11.285 0 1
11.4023 0 1
11.5196 0 1
11.6369 0 1
11.7542 0 1
11.8715 0 1
11.9888 0 1
12.1062 0 1
12.2235 0 1
12.3409 0 1
12.4582 0 1
12.5756 0 1
12.693 0 1
12.8104 0 1
12.9278 0 1
13.0452 0 1
13.1626 0 1
13.28 0 1
13.3974 0 1
13.5149 0 1
13.6323 0 1
13.7497 0 1
13.8671 0 1
13.9845 0 1
14.1019 0 1
14.2193 0 1
14.3367 0 1
14.4541 0 1
14.5714 0 1
14.6888 0 1
14.8062 0 1
14.9235 0 1
15.0408 0 0
15.1581 0 0
15.2755 0 0
15.3927 0 0
15.51 0 0
15.6273 0 0
15.7445 0 0
15.8617 0 0
15.9789 0 0
16.0961 0 0
16.2132 0 0
16.3304 0 0
16.4475 0 0
16.5646 0 0
16.6816 0 0
16.7986 0 0
16.9156 0 0
17.0326 0 0
17.1496 0 0
17.2665 0 0
17.3833 0 0
17.5002 0 0
17.617 0 0
17.7338 0 0
17.8505 0 0
17.9672 0 0
18.0839 0 0
18.2005 0 0
18.3171 0 0
18.4337 0 0
18.5502 0 0
18.6666 0 0
18.7831 0 0
18.8994 0 0
19.0158 0 0
19.1321 0 0
19.2483 0 0
19.3645 0 0
19.4806 0 0
19.5967 0 0
19.7128 0 0
19.8288 0 0
19.9447 0 0
20.0606 0 1
20.1764 0 1
20.2922 0 1
20.4079 0 1
20.5236 0 1
20.6392 0 1
20.7548 0 1
20.8702 0 1
23.3078 0 1
23.4233 0 1
23.539 0 1
23.6547 0 1
23.7704 0 1
23.8862 0 1
24.0021 0 1
24.118 0 1
24.234 0 1
24.35 0 1
24.4661 1073 32.7567
24.5822 1170 34.2053
24.6984 1151 33.9264
24.8146 1200 34.641
24.9309 1173 34.2491
25.0472 1194 34.5543
25.1636 1280 35.7771
25.28 1246 35.2987
25.3965 1287 35.8748
25.513 1250 35.3553
25.6296 1280 35.7771
25.7462 1293 35.9583
25.8628 1332 36.4966
25.9795 1330 36.4692
26.0962 1304 36.1109
26.213 1312 36.2215
26.3298 1361 36.8917
26.4466 1305 36.1248
26.5635 1225 35
26.6804 1288 35.8887
26.7973 1189 34.4819
26.9143 1087 32.9697
27.0313 1133 33.6601
27.1483 1065 32.6343
27.2653 1092 33.0454
27.3824 1144 33.8231
27.4996 1217 34.8855
27.6167 1142 33.7935
27.7339 1159 34.0441
27.8511 1021 31.9531
27.9683 1109 33.3017
28.0855 1103 33.2114
28.2028 1096 33.1059
28.3201 1092 33.0454
28.4374 1079 32.8481
28.5547 1202 34.6699
28.6721 1191 34.5109
28.7894 1148 33.8821
28.9068 1231 35.0856
29.0242 1214 34.8425
29.1416 1210 34.7851
29.259 1241 35.2278
29.3764 1210 34.7851
29.4939 1227 35.0286
29.6113 1221 34.9428
29.7288 1217 34.8855
29.8463 1212 34.8138
29.9638 1182 34.3802
30.0812 1153 33.9559
30.1987 1170 34.2053
30.3162 1089 33
30.4337 1069 32.6956
30.5512 1013 31.8277
30.6687 998 31.5911
30.7862 1081 32.8786
30.9037 1074 32.7719
31.0212 1128 33.5857
31.1387 1092 33.0454
31.2562 1129 33.6006
31.3737 991 31.4802
31.4912 1033 32.1403
31.6087 1069 32.6956
31.7262 1068 32.6803
31.8436 1088 32.9848
31.9611 1119 33.4515
32.0785 1120 33.4664
32.1959 1093 33.0606
32.3134 1169 34.1906
32.4308 1166 34.1467
32.5482 1157 34.0147
32.6655 1198 34.6121
32.7829 1209 34.7707
32.9002 1124 33.5261
33.0176 1174 34.2637
33.1349 1179 34.3366
33.2522 1161 34.0735
33.3694 1162 34.0881
33.4867 1156 34
33.6039 1141 33.7787
33.7211 1148 33.8821
33.8383 1148 33.8821
33.9554 1091 33.0303
34.0725 1042 32.28
34.1896 991 31.4802
34.3067 998 31.5911
34.4237 989 31.4484
34.5407 983 31.3528
34.6577 1036 32.187
34.7746 1078 32.8329
34.8915 1004 31.686
35.0084 996 31.5595
35.1252 1015 31.8591
35.242 1015 31.8591
35.3587 1010 31.7805
35.4755 1004 31.686
35.5921 1006 31.7175
35.7088 1025 32.0156
35.8254 1113 33.3617
35.9419 1085 32.9393
36.0584 1103 33.2114
36.1749 1182 34.3802
36.2913 1142 33.7935
36.4077 1161 34.0735
36.524 1164 34.1174
36.6403 1117 33.4215
36.7565 1076 32.8024
36.8727 1103 33.2114
36.9889 1104 33.2265
37.1049 1137 33.7194
37.221 0 1
37.3369 0 1
37.4529 0 1
37.5687 0 1
37.6845 0 1
37.8003 0 1
37.916 0 1
38.0316 0 1
38.1472 0 1
40.5851 0 1
40.7008 0 1
40.8164 0 1
40.9322 0 1
41.048 0 1
41.1639 0 1
41.2798 0 1
41.3958 0 1
41.5118 0 1
41.6279 0 1
41.744 915 30.249
41.8602 935 30.5778
41.9765 931 30.5123
42.0928 1029 32.078
42.2091 971 31.1609
42.3255 917 30.282
42.4419 941 30.6757
42.5584 943 30.7083
42.675 960 30.9839
42.7915 964 31.0483
42.9081 878 29.6311
43.0248 794 28.178
43.1415 792 28.1425
43.2582 831 28.8271
43.375 881 29.6816
43.4918 887 29.7825
43.6087 853 29.2062
43.7256 817 28.5832
43.8425 860 29.3258
43.9595 781 27.9464
44.0765 811 28.4781
44.1935 816 28.5657
44.3106 825 28.7228
44.4277 842 29.0172
44.5448 877 29.6142
44.6619 861 29.3428
44.7791 867 29.4449
44.8963 874 29.5635
45.0136 854 29.2233
45.1308 853 29.2062
45.2481 844 29.0517
45.3654 852 29.189
45.4827 779 27.9106
45.6001 791 28.1247
45.7174 796 28.2135
45.8348 790 28.1069
45.9522 819 28.6182
46.0697 810 28.4605
46.1871 741 27.2213
46.3046 733 27.074
46.422 743 27.258
46.5395 713 26.7021
46.657 611 24.7184
46.7745 614 24.779
46.892 612 24.7386
47.0096 663 25.7488
47.1271 676 26
47.2446 660 25.6905
47.3622 631 25.1197
47.4797 611 24.7184
47.5973 621 24.9199
47.7149 613 24.7588
47.8324 594 24.3721
47.95 607 24.6374
48.0675 618 24.8596
48.1851 642 25.3377
48.3027 618 24.8596
48.4202 601 24.5153
48.5378 580 24.0832
48.6554 628 25.0599
48.7729 652 25.5343
48.8904 610 24.6982
49.008 628 25.0599
49.1255 603 24.5561
49.243 638 25.2587
49.3605 656 25.6125
49.478 665 25.7876
49.5955 643 25.3574
49.713 618 24.8596
49.8304 696 26.3818
49.9479 653 25.5539
50.0653 659 25.671
50.1827 664 25.7682
50.3001 567 23.8118
50.4175 550 23.4521
50.5348 555 23.5584
50.6521 626 25.02
50.7694 648 25.4558
50.8867 702 26.4953
51.004 680 26.0768
51.1212 704 26.533
51.2384 711 26.6646
51.3556 763 27.6225
51.4727 756 27.4955
51.5899 779 27.9106
51.707 769 27.7308
51.824 786 28.0357
51.9411 800 28.2843
52.0581 791 28.1247
52.175 792 28.1425
52.2919 838 28.9482
52.4088 787 28.0535
52.5257 791 28.1247
52.6425 832 28.8444
52.7593 827 28.7576
52.876 863 29.3769
52.9927 864 29.3939
53.1094 867 29.4449
53.226 846 29.0861
53.3426 913 30.2159
53.4591 886 29.7658
53.5756 899 29.9833
53.692 890 29.8329
53.8084 884 29.7321
53.9248 763 27.6225
54.0411 688 26.2298
54.1573 759 27.55
54.2735 0 1
54.3896 0 1
54.5057 0 1
54.6217 0 1
54.7377 0 1
54.8537 0 1
54.9695 0 1
55.0853 0 1
55.2011 0 1
55.3168 0 1
55.4324 0 1
57.824 0 1
57.9396 0 1
58.0553 0 1
58.1711 0 1
58.2869 0 1
58.4028 0 1
58.5187 0 1
58.6347 0 1
58.7508 0 1
58.8669 0 1
58.983 954 30.8869
59.0992 912 30.1993
59.2155 814 28.5307
59.3318 816 28.5657
59.4482 879 29.6479
59.5646 892 29.8664
59.681 857 29.2746
59.7975 862 29.3598
59.9141 910 30.1662
60.0306 938 30.6268
60.1473 970 31.1448
60.2639 910 30.1662
60.3807 915 30.249
60.4974 978 31.273
60.6142 949 30.8058
60.731 906 30.0998
60.8479 967 31.0966
60.9648 876 29.5973
61.0818 936 30.5941
61.1987 991 31.4802
61.3158 959 30.9677
61.4328 852 29.189
61.5499 900 30
61.667 959 30.9677
61.7841 884 29.7321
61.9013 894 29.8998
62.0185 910 30.1662
62.1357 854 29.2233
62.253 887 29.7825
62.3702 855 29.2404
62.4875 876 29.5973
62.6049 768 27.7128
62.7222 729 27
62.8396 776 27.8568
62.9569 796 28.2135
63.0743 805 28.3725
63.1918 821 28.6531
63.3092 774 27.8209
63.4267 827 28.7576
63.5441 848 29.1204
63.6616 791 28.1247
63.7791 833 28.8617
63.8966 826 28.7402
64.0142 853 29.2062
64.1317 861 29.3428
64.2492 780 27.9285
64.3668 846 29.0861
64.4843 724 26.9072
64.6019 802 28.3196
64.7195 814 28.5307
64.837 792 28.1425
64.9546 767 27.6948
65.0722 832 28.8444
65.1898 790 28.1069
65.3074 785 28.0179
65.4249 777 27.8747
65.5425 759 27.55
65.6601 729 27
65.7777 782 27.9643
65.8952 755 27.4773
66.0128 730 27.0185
66.1304 749 27.3679
66.2479 642 25.3377
66.3655 647 25.4362
66.483 649 25.4755
66.6005 682 26.1151
66.718 712 26.6833
66.8355 702 26.4953
66.953 712 26.6833
67.0705 733 27.074
67.1879 754 27.4591
67.3054 748 27.3496
67.4228 782 27.9643
67.5402 676 26
67.6576 695 26.3629
67.7749 746 27.313
67.8923 755 27.4773
68.0096 698 26.4197
68.1269 754 27.4591
68.2442 699 26.4386
68.3614 713 26.7021
68.4787 740 27.2029
68.5958 733 27.074
68.713 708 26.6083
68.8302 727 26.9629
68.9473 728 26.9815
69.0643 669 25.865
69.1814 743 27.258
69.2984 688 26.2298
69.4154 750 27.3861
69.5323 693 26.3249
69.6492 660 25.6905
69.7661 682 26.1151
69.8829 637 25.2389
69.9997 595 24.3926
70.1165 545 23.3452
70.2332 628 25.0599
70.3499 630 25.0998
70.4665 650 25.4951
70.5831 600 24.4949
70.6996 642 25.3377
70.8161 679 26.0576
70.9326 658 25.6515
71.049 646 25.4165
71.1653 619 24.8797
71.2817 623 24.96
71.3979 638 25.2587
71.5141 574 23.9583
71.6303 610 24.6982
71.7464 540 23.2379
71.8624 0 1
71.9784 0 1
72.0944 0 1
72.2102 0 1
72.3261 0 1
72.4418 0 1
72.5575 0 1
72.6732 0 1
75.1054 0 1
75.2209 0 1
75.3365 0 1
75.4521 0 1
75.5678 0 1
75.6835 0 1
75.7993 0 1
75.9151 0 1
76.031 0 1
76.147 453 21.2838
76.263 522 22.8473
76.3791 495 22.2486
76.4952 490 22.1359
76.6113 491 22.1585
76.7276 492 22.1811
76.8438 503 22.4277
76.9601 487 22.0681
77.0765 486 22.0454
77.1929 462 21.4942
77.3093 496 22.2711
77.4258 457 21.3776
77.5423 457 21.3776
77.6589 457 21.3776
77.7755 458 21.4009
77.8921 477 21.8403
78.0088 463 21.5174
78.1256 434 20.8327
78.2423 411 20.2731
78.3591 490 22.1359
78.4759 389 19.7231
78.5928 395 19.8746
78.7097 414 20.347
78.8266 447 21.1424
78.9436 387 19.6723
79.0606 370 19.2354
79.1776 265 16.2788
79.2946 336 18.3303
79.4117 346 18.6011
79.5288 378 19.4422
79.6459 352 18.7617
79.7631 374 19.3391
79.8802 347 18.6279
79.9974 364 19.0788
80.1147 355 18.8414
80.2319 328 18.1108
80.3491 311 17.6352
80.4664 342 18.4932
80.5837 330 18.1659
80.701 326 18.0555
80.8183 285 16.8819
80.9357 306 17.4929
81.053 288 16.9706
81.1704 283 16.8226
81.2877 261 16.1555
81.4051 281 16.7631
81.5225 265 16.2788
81.6399 249 15.7797
81.7573 287 16.9411
81.8747 206 14.3527
81.9922 242 15.5563
82.1096 258 16.0624
82.227 194 13.9284
82.3444 237 15.3948
82.4619 206 14.3527
82.5793 210 14.4914
82.6967 192 13.8564
82.8142 183 13.5277
82.9316 152 12.3288
83.049 171 13.0767
83.1664 156 12.49
83.2838 146 12.083
83.4012 161 12.6886
83.5186 150 12.2474
83.636 139 11.7898
83.7534 148 12.1655
83.8708 129 11.3578
83.9881 147 12.1244
84.1055 124 11.1355
84.2228 111 10.5357
84.3401 92 9.59166
84.4575 93 9.64365
84.5747 98 9.89949
84.692 93 9.64365
84.8093 104 10.198
84.9265 101 10.0499
85.0437 99 9.94987
85.1609 76 8.7178
85.2781 90 9.48683
85.3952 88 9.38083
85.5123 74 8.60233
85.6294 85 9.21954
85.7465 93 9.64365
85.8636 84 9.16515
85.9806 68 8.24621
86.0976 70 8.3666
86.2145 61 7.81025
86.3315 73 8.544
86.4484 100 10
86.5652 106 10.2956
86.682 115 10.7238
86.7988 128 11.3137
86.9156 121 11
87.0323 111 10.5357
87.149 116 10.7703
87.2657 135 11.619
87.3823 131 11.4455
87.4988 150 12.2474
87.6154 142 11.9164
87.7318 166 12.8841
87.8483 159 12.6095
87.9647 169 13
88.081 189 13.7477
88.1973 193 13.8924
88.3136 197 14.0357
88.4298 232 15.2315
88.546 206 14.3527
88.6621 225 15
88.7781 236 15.3623
88.8942 0 1
89.0101 0 1
89.126 0 1
89.2419 0 1
89.3577 0 1
89.4734 0 1
89.5891 0 1
89.7047 0 1
89.8203 0 1
89.9358 0 1
92.3269 0 1
92.4424 0 1
92.558 0 1
92.6736 0 1
92.7893 0 1
92.905 0 1
93.0208 0 1
93.1366 0 1
93.2525 0 1
93.3685 0 1
93.4845 0 1
93.6005 331 18.1934
93.7167 365 19.105
93.8328 344 18.5472
93.949 353 18.7883
94.0653 377 19.4165
94.1816 320 17.8885
94.2979 295 17.1756
94.4143 317 17.8045
94.5307 302 17.3781
94.6472 290 17.0294
94.7637 294 17.1464
94.8803 287 16.9411
94.9969 296 17.2047
95.1135 271 16.4621
95.2302 235 15.3297
95.3469 257 16.0312
95.4637 230 15.1658
95.5805 214 14.6287
95.6973 289 17
95.8142 295 17.1756
95.9311 318 17.8326
96.048 333 18.2483
96.1649 293 17.1172
96.2819 311 17.6352
96.3989 365 19.105
96.516 334 18.2757
96.633 353 18.7883
96.7501 326 18.0555
96.8673 361 19
96.9844 367 19.1572
97.1016 395 19.8746
97.2188 404 20.0998
97.336 427 20.664
97.4532 418 20.445
97.5704 447 21.1424
97.6877 425 20.6155
97.805 400 20
97.9223 470 21.6795
98.0396 421 20.5183
98.1569 514 22.6716
98.2743 497 22.2935
98.3916 468 21.6333
98.509 453 21.2838
98.6264 524 22.891
98.7438 522 22.8473
98.8612 510 22.5832
98.9786 471 21.7025
99.096 355 18.8414
99.2134 345 18.5742
99.3308 481 21.9317
99.4482 565 23.7697
99.5656 572 23.9165
99.6831 609 24.6779
99.8005 582 24.1247
99.9179 674 25.9615
100.035 593 24.3516
100.153 612 24.7386
100.27 650 25.4951
100.388 654 25.5734
100.505 646 25.4165
100.622 703 26.5141
100.74 671 25.9037
100.857 661 25.7099
100.975 682 26.1151
101.092 671 25.9037
101.209 707 26.5895
101.327 682 26.1151
101.444 707 26.5895
101.561 713 26.7021
101.679 681 26.096
101.796 682 26.1151
101.913 720 26.8328
102.03 711 26.6646
102.148 733 27.074
102.265 769 27.7308
102.382 651 25.5147
102.499 643 25.3574
102.616 592 24.3311
102.733 461 21.4709
102.851 598 24.454
102.968 709 26.6271
103.085 725 26.9258
103.202 755 27.4773
103.319 751 27.4044
103.436 781 27.9464
103.552 787 28.0535
103.669 703 26.5141
103.786 778 27.8927
103.903 701 26.4764
104.02 747 27.3313
104.137 821 28.6531
104.253 820 28.6356
104.37 724 26.9072
104.487 851 29.1719
104.603 786 28.0357
104.72 758 27.5318
104.836 744 27.2764
104.953 822 28.6705
105.069 809 28.4429
105.186 789 28.0891
105.302 777 27.8747
105.418 723 26.8887
105.535 750 27.3861
105.651 787 28.0535
105.767 779 27.9106
105.883 710 26.6458
105.999 626 25.02
106.115 0 1
106.231 0 1
106.347 0 1
106.463 0 1
106.579 0 1
106.694 0 1
106.81 0 1
106.926 0 1
107.041 0 1
107.157 0 1
109.576 0 1
109.692 0 1
109.807 0 1
109.923 0 1
110.039 0 1
110.155 0 1
110.27 0 1
110.386 0 1
110.502 0 1
110.618 597 24.4336
110.735 641 25.318
110.851 645 25.3969
110.967 602 24.5357
111.083 550 23.4521
111.199 478 21.8632
111.316 444 21.0713
111.432 484 22
111.549 561 23.6854
111.665 625 25
111.782 645 25.3969
111.898 590 24.2899
112.015 594 24.3721
112.132 528 22.9783
112.248 548 23.4094
112.365 564 23.7487
112.482 527 22.9565
112.599 515 22.6936
112.716 483 21.9773
112.832 505 22.4722
112.949 487 22.0681
113.066 505 22.4722
113.183 448 21.166
113.3 461 21.4709
113.417 478 21.8632
113.534 444 21.0713
113.652 474 21.7715
113.769 465 21.5639
113.886 481 21.9317
114.003 474 21.7715
114.12 464 21.5407
114.238 459 21.4243
114.355 439 20.9523
114.472 413 20.3224
114.589 441 21
114.707 368 19.1833
114.824 387 19.6723
114.942 389 19.7231
115.059 423 20.567
115.176 415 20.3715
115.294 424 20.5913
115.411 439 20.9523
115.529 410 20.2485
115.646 428 20.6882
115.764 432 20.7846
115.881 449 21.1896
115.999 399 19.975
116.116 430 20.7364
116.234 417 20.4206
116.351 449 21.1896
116.469 433 20.8087
116.586 412 20.2978
116.704 463 21.5174
116.821 434 20.8327
116.939 445 21.095
117.056 375 19.3649
117.174 399 19.975
117.291 431 20.7605
117.409 454 21.3073
117.526 411 20.2731
117.644 424 20.5913
117.761 426 20.6398
117.879 393 19.8242
117.996 358 18.9209
118.114 318 17.8326
118.231 383 19.5704
118.349 404 20.0998
118.466 389 19.7231
118.584 429 20.7123
118.701 447 21.1424
118.819 407 20.1742
118.936 444 21.0713
119.053 474 21.7715
119.171 472 21.7256
119.288 438 20.9284
119.405 490 22.1359
119.523 435 20.8567
119.64 445 21.095
119.757 448 21.166
119.875 439 20.9523
119.992 456 21.3542
120.109 431 20.7605
120.226 458 21.4009
120.343 453 21.2838
120.46 457 21.3776
120.578 478 21.8632
120.695 443 21.0476
120.812 453 21.2838
120.929 451 21.2368
121.046 479 21.8861
121.163 485 22.0227
121.279 462 21.4942
121.396 437 20.9045
121.513 403 20.0749
121.63 355 18.8414
121.747 355 18.8414
121.863 286 16.9115
121.98 393 19.8242
122.097 423 20.567
122.213 451 21.2368
122.33 461 21.4709
122.446 462 21.4942
122.563 461 21.4709
122.679 472 21.7256
122.795 508 22.5389
122.912 473 21.7486
123.028 548 23.4094
123.144 492 22.1811
123.26 467 21.6102
123.377 0 1
123.493 0 1
123.609 0 1
123.725 0 1
123.84 0 1
123.956 0 1
124.072 0 1
124.188 0 1
124.303 0 1
124.419 0 1
126.852 0 1
126.968 0 1
127.083 0 1
127.199 0 1
127.315 0 1
127.431 0 1
127.547 0 1
127.663 0 1
127.779 0 1
127.895 0 1
128.011 0 1
128.127 0 1
128.243 0 1
128.359 594 24.3721
128.476 636 25.219
128.592 609 24.6779
128.708 608 24.6577
128.825 653 25.5539
128.941 604 24.5764
129.058 630 25.0998
129.174 626 25.02
129.291 623 24.96
129.408 628 25.0599
129.524 682 26.1151
129.641 634 25.1794
129.758 629 25.0799
129.875 610 24.6982
129.992 695 26.3629
130.108 633 25.1595
130.225 585 24.1868
130.342 576 24
130.459 573 23.9374
130.576 481 21.9317
130.693 431 20.7605
130.81 429 20.7123
130.928 454 21.3073
131.045 561 23.6854
131.162 664 25.7682
131.279 653 25.5539
131.396 670 25.8844
131.513 652 25.5343
131.631 625 25
131.748 708 26.6083
131.865 658 25.6515
131.983 698 26.4197
132.1 682 26.1151
132.217 690 26.2679
132.335 630 25.0998
132.452 641 25.318
132.57 642 25.3377
132.687 670 25.8844
132.804 678 26.0384
132.922 723 26.8887
133.039 726 26.9444
133.157 660 25.6905
133.274 717 26.7769
133.392 690 26.2679
133.509 659 25.671
133.627 732 27.0555
133.744 644 25.3772
133.862 609 24.6779
133.979 637 25.2389
134.097 555 23.5584
134.214 511 22.6053
134.332 493 22.2036
134.449 512 22.6274
134.567 490 22.1359
134.684 633 25.1595
134.802 672 25.923
134.919 674 25.9615
135.037 730 27.0185
135.154 750 27.3861
135.272 747 27.3313
135.389 696 26.3818
135.507 721 26.8514
135.624 723 26.8887
135.742 790 28.1069
135.859 740 27.2029
135.977 787 28.0535
136.094 747 27.3313
136.211 741 27.2213
136.329 722 26.8701
136.446 732 27.0555
136.564 742 27.2397
136.681 773 27.8029
136.798 757 27.5136
136.915 757 27.5136
137.033 733 27.074
137.15 784 28
137.267 766 27.6767
137.384 750 27.3861
137.502 743 27.258
137.619 618 24.8596
137.736 592 24.3311
137.853 579 24.0624
137.97 529 23
138.087 615 24.7992
138.204 589 24.2693
138.321 646 25.4165
138.438 700 26.4575
138.555 767 27.6948
138.672 803 28.3373
138.788 797 28.2312
138.905 780 27.9285
139.022 816 28.5657
139.139 867 29.4449
139.255 781 27.9464
139.372 840 28.9828
139.488 832 28.8444
139.605 828 28.775
139.721 858 29.2916
139.838 846 29.0861
139.954 863 29.3769
140.071 901 30.0167
140.187 817 28.5832
140.303 850 29.1548
140.419 847 29.1033
140.535 765 27.6586
140.652 838 28.9482
140.768 0 1
140.884 0 1
141 0 1
141.115 0 1
141.231 0 1
141.347 0 1
141.463 0 1
141.578 0 1
141.694 0 1
144.104 0 1
144.219 0 1
144.335 0 1
144.45 0 1
144.566 0 1
144.682 0 1
144.798 0 1
144.914 0 1
145.03 0 1
145.146 797 28.2312
145.262 774 27.8209
145.378 752 27.4226
145.494 766 27.6767
145.61 755 27.4773
145.726 858 29.2916
145.842 723 26.8887
145.959 797 28.2312
146.075 735 27.1109
146.192 657 25.632
146.308 626 25.02
146.425 623 24.96
146.541 625 25
146.658 584 24.1661
146.774 617 24.8395
146.891 653 25.5539
147.008 726 26.9444
147.125 727 26.9629
147.241 768 27.7128
147.358 827 28.7576
147.475 837 28.931
147.592 793 28.1603
147.709 797 28.2312
147.826 809 28.4429
147.943 789 28.0891
148.06 791 28.1247
148.177 791 28.1247
148.294 786 28.0357
148.411 798 28.2489
148.528 810 28.4605
148.645 747 27.3313
148.762 781 27.9464
148.88 780 27.9285
148.997 794 28.178
149.114 838 28.9482
149.231 787 28.0535
149.349 784 28
149.466 784 28
149.583 732 27.0555
149.701 674 25.9615
149.818 709 26.6271
149.935 670 25.8844
150.053 655 25.593
150.17 639 25.2784
150.287 678 26.0384
150.405 728 26.9815
150.522 669 25.865
150.64 689 26.2488
150.757 756 27.4955
150.875 695 26.3629
150.992 730 27.0185
151.11 774 27.8209
151.227 805 28.3725
151.344 843 29.0345
151.462 781 27.9464
151.579 799 28.2666
151.697 804 28.3549
151.814 855 29.2404
151.932 755 27.4773
152.049 827 28.7576
152.167 812 28.4956
152.284 799 28.2666
152.402 788 28.0713
152.519 825 28.7228
152.636 814 28.5307
152.754 785 28.0179
152.871 765 27.6586
152.989 775 27.8388
153.106 784 28
153.223 760 27.5681
153.341 695 26.3629
153.458 735 27.1109
153.575 683 26.1343
153.693 670 25.8844
153.81 706 26.5707
153.927 708 26.6083
154.044 656 25.6125
154.162 706 26.5707
154.279 784 28
154.396 746 27.313
154.513 794 28.178
154.63 806 28.3901
154.747 778 27.8927
154.864 840 28.9828
154.981 907 30.1164
155.098 859 29.3087
155.215 855 29.2404
155.332 845 29.0689
155.449 920 30.3315
155.566 837 28.931
155.683 908 30.133
155.8 819 28.6182
155.917 869 29.4788
156.033 807 28.4077
156.15 0 1
156.267 0 1
156.383 0 1
156.5 0 1
156.617 0 1
156.733 0 1
156.85 0 1
156.966 0 1
157.082 0 1
157.199 0 1
157.315 0 1
157.431 0 1
157.547 0 1
157.664 0 1
157.78 0 1
157.896 0 1
158.012 0 1
158.128 0 1
158.244 0 1
158.359 0 1
158.475 0 1
158.591 0 1
158.706 0 1
