
6.15755 0 1
6.2731 0 1
6.3887 0 1
6.50437 0 1
6.62009 0 1
6.73587 0 1
6.8517 0 1
6.96759 0 1
7.08353 0 1
7.19952 0 1
7.31557 0 1
7.43166 0 1
7.54781 0 1
7.664 0 1
7.78024 0 1
7.89653 0 1
8.01286 0 1
8.12924 0 1
8.24567 0 1
8.36213 0 1
8.47864 0 1
8.59519 0 1
8.71178 0 1
8.82841 0 1
8.94508 0 1
9.06179 0 1
9.17853 0 1
9.29531 0 1
9.41212 0 1
9.52897 0 1
9.64584 0 1
9.76276 0 1
9.8797 0 1
9.99667 0 1
10.1137 0 1
10.2307 0 1
10.3478 0 1
10.4648 0 1
10.5819 0 1
10.6991 0 1
10.8162 0 1
10.9334 0 1
11.0506 0 1
11.1678 0 1
11.285 0 1
11.4023 0 1
11.5196 0 1
11.6369 0 1
11.7542 0 1
11.8715 0 1
11.9888 0 1
12.1062 0 1
12.2235 0 1
12.3409 0 1
12.4582 0 1
12.5756 0 1
12.693 0 1
12.8104 0 1
12.9278 0 1
13.0452 0 1
13.1626 0 1
13.28 0 1
13.3974 0 1
13.5149 0 1
13.6323 0 1
13.7497 0 1
13.8671 0 1
13.9845 0 1
14.1019 0 1
14.2193 0 1
14.3367 0 1
14.4541 0 1
14.5714 0 1
14.6888 0 1
14.8062 0 1
14.9235 0 1
15.0408 0 0
15.1581 0 0
15.2755 0 0
15.3927 0 0
15.51 0 0
15.6273 0 0
15.7445 0 0
15.8617 0 0
15.9789 0 0
16.0961 0 0
16.2132 0 0
16.3304 0 0
16.4475 0 0
16.5646 0 0
16.6816 0 0
16.7986 0 0
16.9156 0 0
17.0326 0 0
17.1496 0 0
17.2665 0 0
17.3833 0 0
17.5002 0 0
17.617 0 0
17.7338 0 0
17.8505 0 0
17.9672 0 0
18.0839 0 0
18.2005 0 0
18.3171 0 0
18.4337 0 0
18.5502 0 0
18.6666 0 0
18.7831 0 0
18.8994 0 0
19.0158 0 0
19.1321 0 0
19.2483 0 0
19.3645 0 0
19.4806 0 0
19.5967 0 0
19.7128 0 0
19.8288 0 0
19.9447 0 0
20.0606 0 1
20.1764 0 1
20.2922 0 1
20.4079 0 1
20.5236 0 1
20.6392 0 1
20.7548 0 1
20.8702 0 1
23.3078 0 1
23.4233 0 1
23.539 0 1
23.6547 0 1
23.7704 0 1
23.8862 0 1
24.0021 0 1
24.118 0 1
24.234 0 1
24.35 0 1
24.4661 2224 47.1593
24.5822 2534 50.3389
24.6984 2777 52.6972
24.8146 3031 55.0545
24.9309 3432 58.5833
25.0472 3563 59.6909
25.1636 3700 60.8276
25.28 3980 63.0872
25.3965 4112 64.1249
25.513 4296 65.5439
25.6296 4447 66.6858
25.7462 4493 67.0298
25.8628 4452 66.7233
25.9795 4447 66.6858
26.0962 4583 67.6979
26.213 4670 68.3374
26.3298 4375 66.1438
26.4466 4468 66.8431
26.5635 4368 66.0908
26.6804 4285 65.4599
26.7973 4454 66.7383
26.9143 4518 67.2161
27.0313 4431 66.5658
27.1483 4592 67.7643
27.2653 4538 67.3647
27.3824 4693 68.5055
27.4996 4534 67.335
27.6167 4617 67.9485
27.7339 4320 65.7267
27.8511 4310 65.6506
27.9683 4301 65.582
28.0855 4200 64.8074
28.2028 4034 63.5138
28.3201 4041 63.5689
28.4374 4099 64.0234
28.5547 4045 63.6003
28.6721 3946 62.8172
28.7894 4133 64.2884
28.9068 3826 61.8547
29.0242 3813 61.7495
29.1416 3890 62.3699
29.259 3912 62.546
29.3764 3958 62.9126
29.4939 3845 62.0081
29.6113 3824 61.8385
29.7288 3895 62.4099
29.8463 3882 62.3057
29.9638 3853 62.0725
30.0812 3871 62.2174
30.1987 3973 63.0317
30.3162 3887 62.3458
30.4337 3841 61.9758
30.5512 3973 63.0317
30.6687 4003 63.2693
30.7862 4035 63.5216
30.9037 4217 64.9384
31.0212 4295 65.5362
31.1387 4112 64.1249
31.2562 4111 64.1171
31.3737 3944 62.8013
31.4912 3857 62.1048
31.6087 3838 61.9516
31.7262 3751 61.2454
31.8436 3692 60.7618
31.9611 3702 60.8441
32.0785 3671 60.5888
32.1959 3722 61.0082
32.3134 3701 60.8358
32.4308 3707 60.8851
32.5482 3663 60.5227
32.6655 3659 60.4897
32.7829 3580 59.8331
32.9002 3685 60.7042
33.0176 3658 60.4814
33.1349 3637 60.3075
33.2522 3598 59.9833
33.3694 3586 59.8832
33.4867 3557 59.6406
33.6039 3494 59.1101
33.7211 3697 60.803
33.8383 3600 60
33.9554 3586 59.8832
34.0725 3666 60.5475
34.1896 3662 60.5145
34.3067 3700 60.8276
34.4237 3813 61.7495
34.5407 3902 62.466
34.6577 3882 62.3057
34.7746 3901 62.458
34.8915 3934 62.7216
35.0084 3837 61.9435
35.1252 3639 60.3241
35.242 3610 60.0833
35.3587 3576 59.7997
35.4755 3470 58.9067
35.5921 3497 59.1354
35.7088 3468 58.8897
35.8254 3420 58.4808
35.9419 3281 57.28
36.0584 3296 57.4108
36.1749 3220 56.745
36.2913 3177 56.3649
36.4077 3175 56.3471
36.524 3015 54.909
36.6403 2992 54.6992
36.7565 2864 53.5164
36.8727 2715 52.1057
36.9889 2509 50.0899
37.1049 2430 49.295
37.221 0 1
37.3369 0 1
37.4529 0 1
37.5687 0 1
37.6845 0 1
37.8003 0 1
37.916 0 1
38.0316 0 1
38.1472 0 1
40.5851 0 1
40.7008 0 1
40.8164 0 1
40.9322 0 1
41.048 0 1
41.1639 0 1
41.2798 0 1
41.3958 0 1
41.5118 0 1
41.6279 0 1
41.744 1518 38.9615
41.8602 1699 41.2189
41.9765 1841 42.9069
42.0928 1928 43.909
42.2091 2108 45.913
42.3255 2206 46.9681
42.4419 2325 48.2183
42.5584 2441 49.4065
42.675 2495 49.95
42.7915 2705 52.0096
42.9081 2786 52.7826
43.0248 2879 53.6563
43.1415 2989 54.6717
43.2582 2914 53.9815
43.375 3017 54.9272
43.4918 3146 56.0892
43.6087 3158 56.1961
43.7256 3049 55.2178
43.8425 3149 56.116
43.9595 2994 54.7175
44.0765 2970 54.4977
44.1935 2881 53.6749
44.3106 2897 53.8238
44.4277 2800 52.915
44.5448 2851 53.3948
44.6619 2913 53.9722
44.7791 2711 52.0673
44.8963 2751 52.45
45.0136 2688 51.8459
45.1308 2697 51.9326
45.2481 2615 51.1371
45.3654 2763 52.5642
45.4827 2679 51.7591
45.6001 2603 51.0196
45.7174 2718 52.1344
45.8348 2741 52.3546
45.9522 2771 52.6403
46.0697 2809 53
46.1871 2868 53.5537
46.3046 2954 54.3507
46.422 2919 54.0278
46.5395 2856 53.4416
46.657 3017 54.9272
46.7745 3121 55.8659
46.892 3203 56.5951
47.0096 3261 57.1052
47.1271 3299 57.4369
47.2446 3228 56.8155
47.3622 3319 57.6108
47.4797 3168 56.285
47.5973 3116 55.8211
47.7149 3021 54.9636
47.8324 2948 54.2955
47.95 3040 55.1362
48.0675 2948 54.2955
48.1851 2827 53.1695
48.3027 2852 53.4041
48.4202 2841 53.301
48.5378 2799 52.9056
48.6554 2726 52.2111
48.7729 2689 51.8556
48.8904 2664 51.614
49.008 2689 51.8556
49.1255 2658 51.5558
49.243 2656 51.5364
49.3605 2544 50.4381
49.478 2762 52.5547
49.5955 2713 52.0865
49.713 2723 52.1824
49.8304 2821 53.1131
49.9479 2907 53.9166
50.0653 2954 54.3507
50.1827 3011 54.8726
50.3001 3082 55.5158
50.4175 3161 56.2228
50.5348 3032 55.0636
50.6521 3164 56.2494
50.7694 3173 56.3294
50.8867 3136 56
51.004 3072 55.4256
51.1212 3057 55.2901
51.2384 3064 55.3534
51.3556 2935 54.1756
51.4727 2944 54.2586
51.5899 2883 53.6936
51.707 2909 53.9351
51.824 2843 53.3198
51.9411 2808 52.9906
52.0581 2804 52.9528
52.175 2815 53.0566
52.2919 2759 52.5262
52.4088 2670 51.672
52.5257 2789 52.811
52.6425 2810 53.0094
52.7593 2700 51.9615
52.876 2858 53.4603
52.9927 2773 52.6593
53.1094 2728 52.2303
53.226 2766 52.5928
53.3426 2769 52.6213
53.4591 2817 53.0754
53.5756 2596 50.951
53.692 2536 50.3587
53.8084 2546 50.4579
53.9248 2435 49.3457
54.0411 2436 49.3559
54.1573 2271 47.655
54.2735 0 1
54.3896 0 1
54.5057 0 1
54.6217 0 1
54.7377 0 1
54.8537 0 1
54.9695 0 1
55.0853 0 1
55.2011 0 1
55.3168 0 1
55.4324 0 1
57.824 0 1
57.9396 0 1
58.0553 0 1
58.1711 0 1
58.2869 0 1
58.4028 0 1
58.5187 0 1
58.6347 0 1
58.7508 0 1
58.8669 0 1
58.983 2183 46.7226
59.0992 2470 49.6991
59.2155 2688 51.8459
59.3318 2943 54.2494
59.4482 3234 56.8683
59.5646 3336 57.7581
59.681 3399 58.3009
59.7975 3570 59.7495
59.9141 3649 60.407
60.0306 3649 60.407
60.1473 3569 59.7411
60.2639 3595 59.9583
60.3807 3582 59.8498
60.4974 3628 60.2329
60.6142 3479 58.983
60.731 3457 58.7963
60.8479 3316 57.5847
60.9648 3327 57.6802
61.0818 3215 56.701
61.1987 3250 57.0088
61.3158 3168 56.285
61.4328 3258 57.0789
61.5499 3214 56.6922
61.667 3396 58.2752
61.7841 3284 57.3062
61.9013 3432 58.5833
62.0185 3422 58.4979
62.1357 3642 60.349
62.253 3724 61.0246
62.3702 3762 61.3351
62.4875 3872 62.2254
62.6049 3890 62.3699
62.7222 3940 62.7694
62.8396 3979 63.0793
62.9569 4081 63.8827
63.0743 4046 63.6082
63.1918 4054 63.671
63.3092 3972 63.0238
63.4267 3873 62.2334
63.5441 3822 61.8223
63.6616 3761 61.327
63.7791 3809 61.7171
63.8966 3691 60.7536
64.0142 3689 60.7371
64.1317 3556 59.6322
64.2492 3443 58.6771
64.3668 3544 59.5315
64.4843 3340 57.7927
64.6019 3278 57.2538
64.7195 3084 55.5338
64.837 3151 56.1338
64.9546 3190 56.4801
65.0722 3119 55.848
65.1898 3280 57.2713
65.3074 3162 56.2317
65.4249 3407 58.3695
65.5425 3399 58.3009
65.6601 3580 59.8331
65.7777 3485 59.0339
65.8952 3666 60.5475
66.0128 3684 60.696
66.1304 3781 61.4898
66.2479 3814 61.7576
66.3655 3958 62.9126
66.483 3982 63.1031
66.6005 3828 61.8708
66.718 3910 62.53
66.8355 3737 61.131
66.953 3809 61.7171
67.0705 3779 61.4736
67.1879 3685 60.7042
67.3054 3487 59.0508
67.4228 3606 60.05
67.5402 3578 59.8164
67.6576 3636 60.2993
67.7749 3439 58.643
67.8923 3194 56.5155
68.0096 3274 57.2189
68.1269 3077 55.4707
68.2442 3188 56.4624
68.3614 3153 56.1516
68.4787 3109 55.7584
68.5958 3122 55.8749
68.713 3034 55.0818
68.8302 3076 55.4617
68.9473 3119 55.848
69.0643 3243 56.9473
69.1814 3280 57.2713
69.2984 3427 58.5406
69.4154 3546 59.5483
69.5323 3535 59.4559
69.6492 3665 60.5392
69.7661 3584 59.8665
69.8829 3480 58.9915
69.9997 3595 59.9583
70.1165 3534 59.4475
70.2332 3520 59.3296
70.3499 3475 58.9491
70.4665 3217 56.7186
70.5831 3224 56.7803
70.6996 3097 55.6507
70.8161 2759 52.5262
70.9326 2516 50.1597
71.049 2473 49.7293
71.1653 2234 47.2652
71.2817 2136 46.2169
71.3979 2056 45.3431
71.5141 1689 41.0974
71.6303 1487 38.5616
71.7464 1326 36.4143
71.8624 0 1
71.9784 0 1
72.0944 0 1
72.2102 0 1
72.3261 0 1
72.4418 0 1
72.5575 0 1
72.6732 0 1
75.1054 0 1
75.2209 0 1
75.3365 0 1
75.4521 0 1
75.5678 0 1
75.6835 0 1
75.7993 0 1
75.9151 0 1
76.031 0 1
76.147 2367 48.6518
76.263 2690 51.8652
76.3791 2773 52.6593
76.4952 2927 54.1018
76.6113 2942 54.2402
76.7276 3014 54.8999
76.8438 2989 54.6717
76.9601 2961 54.4151
77.0765 2850 53.3854
77.1929 2867 53.5444
77.3093 2843 53.3198
77.4258 2744 52.3832
77.5423 2670 51.672
77.6589 2843 53.3198
77.7755 2673 51.7011
77.8921 2767 52.6023
78.0088 2880 53.6656
78.1256 2987 54.6535
78.2423 3071 55.4166
78.3591 3235 56.8771
78.4759 3235 56.8771
78.5928 3338 57.7754
78.7097 3321 57.6281
78.8266 3503 59.1861
78.9436 3410 58.3952
79.0606 3487 59.0508
79.1776 3408 58.3781
79.2946 3475 58.9491
79.4117 3553 59.607
79.5288 3478 58.9746
79.6459 3429 58.5577
79.7631 3408 58.3781
79.8802 3249 57
79.9974 3310 57.5326
80.1147 3157 56.1872
80.2319 3167 56.2761
80.3491 3194 56.5155
80.4664 3020 54.9545
80.5837 3077 55.4707
80.701 3040 55.1362
80.8183 3015 54.909
80.9357 2816 53.066
81.053 2810 53.0094
81.1704 2760 52.5357
81.2877 2745 52.3927
81.4051 2708 52.0384
81.5225 2733 52.2781
81.6399 2892 53.7773
81.7573 2873 53.6004
81.8747 2950 54.3139
81.9922 3222 56.7627
82.1096 3174 56.3383
82.227 3304 57.4804
82.3444 3248 56.9912
82.4619 3418 58.4637
82.5793 3446 58.7026
82.6967 3524 59.3633
82.8142 3497 59.1354
82.9316 3559 59.6574
83.049 3491 59.0847
83.1664 3380 58.1378
83.2838 3443 58.6771
83.4012 3377 58.112
83.5186 3392 58.2409
83.636 3275 57.2276
83.7534 3302 57.463
83.8708 3290 57.3585
83.9881 3333 57.7321
84.1055 3142 56.0535
84.2228 3135 55.9911
84.3401 2951 54.3231
84.4575 2925 54.0833
84.5747 2745 52.3927
84.692 2742 52.3641
84.8093 2683 51.7977
84.9265 2705 52.0096
85.0437 2677 51.7397
85.1609 2755 52.4881
85.2781 2864 53.5164
85.3952 2951 54.3231
85.5123 3163 56.2406
85.6294 3116 55.8211
85.7465 3267 57.1577
85.8636 3297 57.4195
85.9806 3379 58.1292
86.0976 3530 59.4138
86.2145 3509 59.2368
86.3315 3574 59.7829
86.4484 3624 60.1997
86.5652 3619 60.1581
86.682 3685 60.7042
86.7988 3522 59.3464
86.9156 3472 58.9237
87.0323 3481 59
87.149 3264 57.1314
87.2657 3265 57.1402
87.3823 3180 56.3915
87.4988 2994 54.7175
87.6154 2860 53.479
87.7318 2758 52.5167
87.8483 2600 50.9902
87.9647 2472 49.7192
88.081 2411 49.1019
88.1973 2152 46.3897
88.3136 1978 44.4747
88.4298 1883 43.3935
88.546 1814 42.5911
88.6621 1700 41.2311
88.7781 1640 40.4969
88.8942 0 1
89.0101 0 1
89.126 0 1
89.2419 0 1
89.3577 0 1
89.4734 0 1
89.5891 0 1
89.7047 0 1
89.8203 0 1
89.9358 0 1
92.3269 0 1
92.4424 0 1
92.558 0 1
92.6736 0 1
92.7893 0 1
92.905 0 1
93.0208 0 1
93.1366 0 1
93.2525 0 1
93.3685 0 1
93.4845 0 1
93.6005 2356 48.5386
93.7167 2439 49.3862
93.8328 2466 49.6588
93.949 2431 49.3052
94.0653 2489 49.8899
94.1816 2626 51.2445
94.2979 2660 51.5752
94.4143 2874 53.6097
94.5307 3076 55.4617
94.6472 3042 55.1543
94.7637 3359 57.9569
94.8803 3297 57.4195
94.9969 3553 59.607
95.1135 3655 60.4566
95.2302 3598 59.9833
95.3469 3787 61.5386
95.4637 3731 61.0819
95.5805 3898 62.434
95.6973 3761 61.327
95.8142 3753 61.2617
95.9311 3755 61.2781
96.048 3742 61.1719
96.1649 3658 60.4814
96.2819 3658 60.4814
96.3989 3630 60.2495
96.516 3598 59.9833
96.633 3635 60.291
96.7501 3518 59.3127
96.8673 3673 60.6053
96.9844 3456 58.7878
97.1016 3328 57.6888
97.2188 3178 56.3738
97.336 3184 56.4269
97.4532 2997 54.7449
97.5704 2983 54.6168
97.6877 2970 54.4977
97.805 2895 53.8052
97.9223 2844 53.3292
98.0396 3142 56.0535
98.1569 3005 54.8179
98.2743 3154 56.1605
98.3916 3391 58.2323
98.509 3381 58.1464
98.6264 3673 60.6053
98.7438 3711 60.918
98.8612 3762 61.3351
98.9786 3807 61.7009
99.096 3779 61.4736
99.2134 3923 62.6339
99.3308 4046 63.6082
99.4482 3971 63.0159
99.5656 3956 62.8967
99.6831 3972 63.0238
99.8005 3784 61.5142
99.9179 3793 61.5873
100.035 3806 61.6928
100.153 3792 61.5792
100.27 3812 61.7414
100.388 3720 60.9918
100.505 3644 60.3656
100.622 3604 60.0333
100.74 3404 58.3438
100.857 3465 58.8643
100.975 3342 57.81
101.092 3160 56.2139
101.209 3176 56.356
101.327 3048 55.2087
101.444 2947 54.2863
101.561 3176 56.356
101.679 3200 56.5685
101.796 3321 57.6281
101.913 3395 58.2666
102.03 3708 60.8933
102.148 3736 61.1228
102.265 3675 60.6218
102.382 3910 62.53
102.499 3926 62.6578
102.616 4020 63.4035
102.733 3981 63.0952
102.851 3988 63.1506
102.968 4120 64.1872
103.085 3999 63.2376
103.202 3989 63.1585
103.319 4060 63.7181
103.436 4044 63.5925
103.552 3972 63.0238
103.669 3934 62.7216
103.786 3820 61.8061
103.903 3754 61.2699
104.02 3626 60.2163
104.137 3683 60.6877
104.253 3556 59.6322
104.37 3450 58.7367
104.487 3388 58.2065
104.603 3315 57.576
104.72 3275 57.2276
104.836 3100 55.6776
104.953 2972 54.5161
105.069 3107 55.7405
105.186 3024 54.9909
105.302 2962 54.4243
105.418 2892 53.7773
105.535 2841 53.301
105.651 2837 53.2635
105.767 2665 51.6236
105.883 2595 50.9411
105.999 2444 49.4368
106.115 0 1
106.231 0 1
106.347 0 1
106.463 0 1
106.579 0 1
106.694 0 1
106.81 0 1
106.926 0 1
107.041 0 1
107.157 0 1
109.576 0 1
109.692 0 1
109.807 0 1
109.923 0 1
110.039 0 1
110.155 0 1
110.27 0 1
110.386 0 1
110.502 0 1
110.618 1790 42.3084
110.735 2154 46.4112
110.851 2454 49.5379
110.967 2754 52.4786
111.083 2978 54.5711
111.199 3184 56.4269
111.316 3399 58.3009
111.432 3478 58.9746
111.549 3531 59.4222
111.665 3683 60.6877
111.782 3541 59.5063
111.898 3693 60.7701
112.015 3569 59.7411
112.132 3546 59.5483
112.248 3477 58.9661
112.365 3415 58.438
112.482 3463 58.8473
112.599 3331 57.7148
112.716 3300 57.4456
112.832 3155 56.1694
112.949 3090 55.5878
113.066 3051 55.2359
113.183 2952 54.3323
113.3 2947 54.2863
113.417 2822 53.1225
113.534 2811 53.0189
113.652 2834 53.2353
113.769 2896 53.8145
113.886 3008 54.8452
114.003 3122 55.8749
114.12 3141 56.0446
114.238 3238 56.9034
114.355 3367 58.0259
114.472 3584 59.8665
114.589 3394 58.258
114.707 3460 58.8218
114.824 3566 59.716
114.942 3600 60
115.059 3720 60.9918
115.176 3685 60.7042
115.294 3694 60.7783
115.411 3599 59.9917
115.529 3569 59.7411
115.646 3457 58.7963
115.764 3427 58.5406
115.881 3325 57.6628
115.999 3271 57.1927
116.116 3059 55.3082
116.234 3271 57.1927
116.351 3187 56.4535
116.469 2983 54.6168
116.586 2988 54.6626
116.704 2963 54.4334
116.821 2860 53.479
116.939 2874 53.6097
117.056 2794 52.8583
117.174 2801 52.9245
117.291 2910 53.9444
117.409 2873 53.6004
117.526 3022 54.9727
117.644 3065 55.3624
117.761 3075 55.4527
117.879 3187 56.4535
117.996 3189 56.4712
118.114 3279 57.2626
118.231 3400 58.3095
118.349 3407 58.3695
118.466 3576 59.7997
118.584 3524 59.3633
118.701 3624 60.1997
118.819 3481 59
118.936 3444 58.6856
119.053 3324 57.6541
119.171 3260 57.0964
119.288 3266 57.1489
119.405 3269 57.1752
119.523 3231 56.8419
119.64 3089 55.5788
119.757 3184 56.4269
119.875 3080 55.4977
119.992 3042 55.1543
120.109 3090 55.5878
120.226 2946 54.2771
120.343 2805 52.9623
120.46 2797 52.8867
120.578 2695 51.9134
120.695 2787 52.792
120.812 2652 51.4976
120.929 2833 53.2259
121.046 2802 52.9339
121.163 2812 53.0283
121.279 2802 52.9339
121.396 2751 52.45
121.513 2762 52.5547
121.63 2818 53.0848
121.747 2762 52.5547
121.863 2927 54.1018
121.98 2816 53.066
122.097 2761 52.5452
122.213 2714 52.0961
122.33 2721 52.1632
122.446 2613 51.1175
122.563 2498 49.98
122.679 2306 48.0208
122.795 2181 46.7012
122.912 2019 44.9333
123.028 1905 43.6463
123.144 1717 41.4367
123.26 1607 40.0874
123.377 0 1
123.493 0 1
123.609 0 1
123.725 0 1
123.84 0 1
123.956 0 1
124.072 0 1
124.188 0 1
124.303 0 1
124.419 0 1
126.852 0 1
126.968 0 1
127.083 0 1
127.199 0 1
127.315 0 1
127.431 0 1
127.547 0 1
127.663 0 1
127.779 0 1
127.895 0 1
128.011 0 1
128.127 0 1
128.243 0 1
128.359 3306 57.4978
128.476 3350 57.8792
128.592 3416 58.4466
128.708 3450 58.7367
128.825 3478 58.9746
128.941 3381 58.1464
129.058 3438 58.6345
129.174 3491 59.0847
129.291 3256 57.0614
129.408 3287 57.3324
129.524 3307 57.5065
129.641 3160 56.2139
129.758 3088 55.5698
129.875 3162 56.2317
129.992 3117 55.8301
130.108 3113 55.7943
130.225 3071 55.4166
130.342 3233 56.8595
130.459 3307 57.5065
130.576 3319 57.6108
130.693 3479 58.983
130.81 3541 59.5063
130.928 3593 59.9416
131.045 3651 60.4235
131.162 3646 60.3821
131.279 3777 61.4573
131.396 3770 61.4003
131.513 3809 61.7171
131.631 3775 61.441
131.748 3697 60.803
131.865 3689 60.7371
131.983 3753 61.2617
132.1 3629 60.2412
132.217 3536 59.4643
132.335 3521 59.338
132.452 3523 59.3549
132.57 3463 58.8473
132.687 3475 58.9491
132.804 3334 57.7408
132.922 3336 57.7581
133.039 3399 58.3009
133.157 3298 57.4282
133.274 3270 57.1839
133.392 3215 56.701
133.509 3156 56.1783
133.627 3220 56.745
133.744 3282 57.2887
133.862 3297 57.4195
133.979 3372 58.0689
134.097 3396 58.2752
134.214 3438 58.6345
134.332 3437 58.6259
134.449 3672 60.597
134.567 3646 60.3821
134.684 3736 61.1228
134.802 3761 61.327
134.919 3675 60.6218
135.037 3868 62.1932
135.154 3740 61.1555
135.272 3692 60.7618
135.389 3600 60
135.507 3620 60.1664
135.624 3593 59.9416
135.742 3476 58.9576
135.859 3459 58.8133
135.977 3531 59.4222
136.094 3529 59.4054
136.211 3426 58.532
136.329 3451 58.7452
136.446 3420 58.4808
136.564 3349 57.8705
136.681 3303 57.4717
136.798 3317 57.5934
136.915 3302 57.463
137.033 3235 56.8771
137.15 3161 56.2228
137.267 3206 56.6216
137.384 3324 57.6541
137.502 3223 56.7715
137.619 3350 57.8792
137.736 3396 58.2752
137.853 3282 57.2887
137.97 3327 57.6802
138.087 3458 58.8048
138.204 3555 59.6238
138.321 3610 60.0833
138.438 3654 60.4483
138.555 3582 59.8498
138.672 3679 60.6548
138.788 3611 60.0916
138.905 3372 58.0689
139.022 3183 56.4181
139.139 3123 55.8838
139.255 2838 53.2729
139.372 2857 53.4509
139.488 2720 52.1536
139.605 2518 50.1797
139.721 2418 49.1732
139.838 2258 47.5184
139.954 2104 45.8694
140.071 2090 45.7165
140.187 1849 43
140.303 1734 41.6413
140.419 1572 39.6485
140.535 1506 38.8072
140.652 1439 37.9342
140.768 0 1
140.884 0 1
141 0 1
141.115 0 1
141.231 0 1
141.347 0 1
141.463 0 1
141.578 0 1
141.694 0 1
144.104 0 1
144.219 0 1
144.335 0 1
144.45 0 1
144.566 0 1
144.682 0 1
144.798 0 1
144.914 0 1
145.03 0 1
145.146 2446 49.4571
145.262 2515 50.1498
145.378 2555 50.547
145.494 2582 50.8134
145.61 2617 51.1566
145.726 2617 51.1566
145.842 2618 51.1664
145.959 2548 50.4777
146.075 2514 50.1398
146.192 2505 50.05
146.308 2481 49.8096
146.425 2511 50.1099
146.541 2470 49.6991
146.658 2585 50.8429
146.774 2561 50.6063
146.891 2689 51.8556
147.008 2840 53.2917
147.125 2683 51.7977
147.241 2801 52.9245
147.358 2873 53.6004
147.475 2820 53.1037
147.592 2829 53.1883
147.709 2777 52.6972
147.826 2628 51.264
147.943 2692 51.8845
148.06 2624 51.225
148.177 2716 52.1153
148.294 2726 52.2111
148.411 2716 52.1153
148.528 2717 52.1249
148.645 2671 51.6817
148.762 2537 50.3686
148.88 2620 51.1859
148.997 2625 51.2348
149.114 2572 50.7149
149.231 2710 52.0577
149.349 2632 51.303
149.466 2536 50.3587
149.583 2455 49.548
149.701 2554 50.5371
149.818 2424 49.2341
149.935 2561 50.6063
150.053 2493 49.93
150.17 2525 50.2494
150.287 2641 51.3907
150.405 2598 50.9706
150.522 2644 51.4198
150.64 2723 52.1824
150.757 2778 52.7067
150.875 2714 52.0961
150.992 2801 52.9245
151.11 2745 52.3927
151.227 2755 52.4881
151.344 2693 51.8941
151.462 2596 50.951
151.579 2638 51.3615
151.697 2596 50.951
151.814 2507 50.07
151.932 2536 50.3587
152.049 2640 51.3809
152.167 2529 50.2892
152.284 2563 50.6261
152.402 2563 50.6261
152.519 2595 50.9411
152.636 2477 49.7695
152.754 2550 50.4975
152.871 2507 50.07
152.989 2516 50.1597
153.106 2420 49.1935
153.223 2353 48.5077
153.341 2396 48.949
153.458 2371 48.6929
153.575 2349 48.4665
153.693 2388 48.8672
153.81 2439 49.3862
153.927 2515 50.1498
154.044 2524 50.2394
154.162 2568 50.6754
154.279 2579 50.7839
154.396 2491 49.9099
154.513 2569 50.6853
154.63 2710 52.0577
154.747 2685 51.817
154.864 2654 51.517
154.981 2535 50.3488
155.098 2524 50.2394
155.215 2493 49.93
155.332 2417 49.163
155.449 2385 48.8365
155.566 2333 48.3011
155.683 2434 49.3356
155.8 2253 47.4658
155.917 2220 47.1169
156.033 2191 46.8081
156.15 0 1
156.267 0 1
156.383 0 1
156.5 0 1
156.617 0 1
156.733 0 1
156.85 0 1
156.966 0 1
157.082 0 1
157.199 0 1
157.315 0 1
157.431 0 1
157.547 0 1
157.664 0 1
157.78 0 1
157.896 0 1
158.012 0 1
158.128 0 1
158.244 0 1
158.359 0 1
158.475 0 1
158.591 0 1
158.706 0 1
