
6.15755 0 1
6.2731 0 1
6.3887 0 1
6.50437 0 1
6.62009 0 1
6.73587 0 1
6.8517 0 1
6.96759 0 1
7.08353 0 1
7.19952 0 1
7.31557 0 1
7.43166 0 1
7.54781 0 1
7.664 0 1
7.78024 0 1
7.89653 0 1
8.01286 0 1
8.12924 0 1
8.24567 0 1
8.36213 0 1
8.47864 0 1
8.59519 0 1
8.71178 0 1
8.82841 0 1
8.94508 0 1
9.06179 0 1
9.17853 0 1
9.29531 0 1
9.41212 0 1
9.52897 0 1
9.64584 0 1
9.76276 0 1
9.8797 0 1
9.99667 0 1
10.1137 0 1
10.2307 0 1
10.3478 0 1
10.4648 0 1
10.5819 0 1
10.6991 0 1
10.8162 0 1
10.9334 0 1
11.0506 0 1
11.1678 0 1
11.285 0 1
11.4023 0 1
11.5196 0 1
11.6369 0 1
11.7542 0 1
11.8715 0 1
11.9888 0 1
12.1062 0 1
12.2235 0 1
12.3409 0 1
12.4582 0 1
12.5756 0 1
12.693 0 1
12.8104 0 1
12.9278 0 1
13.0452 0 1
13.1626 0 1
13.28 0 1
13.3974 0 1
13.5149 0 1
13.6323 0 1
13.7497 0 1
13.8671 0 1
13.9845 0 1
14.1019 0 1
14.2193 0 1
14.3367 0 1
14.4541 0 1
14.5714 0 1
14.6888 0 1
14.8062 0 1
14.9235 0 1
15.0408 0 0
15.1581 0 0
15.2755 0 0
15.3927 0 0
15.51 0 0
15.6273 0 0
15.7445 0 0
15.8617 0 0
15.9789 0 0
16.0961 0 0
16.2132 0 0
16.3304 0 0
16.4475 0 0
16.5646 0 0
16.6816 0 0
16.7986 0 0
16.9156 0 0
17.0326 0 0
17.1496 0 0
17.2665 0 0
17.3833 0 0
17.5002 0 0
17.617 0 0
17.7338 0 0
17.8505 0 0
17.9672 0 0
18.0839 0 0
18.2005 0 0
18.3171 0 0
18.4337 0 0
18.5502 0 0
18.6666 0 0
18.7831 0 0
18.8994 0 0
19.0158 0 0
19.1321 0 0
19.2483 0 0
19.3645 0 0
19.4806 0 0
19.5967 0 0
19.7128 0 0
19.8288 0 0
19.9447 0 0
20.0606 0 1
20.1764 0 1
20.2922 0 1
20.4079 0 1
20.5236 0 1
20.6392 0 1
20.7548 0 1
20.8702 0 1
23.3078 0 1
23.4233 0 1
23.539 0 1
23.6547 0 1
23.7704 0 1
23.8862 0 1
24.0021 0 1
24.118 0 1
24.234 0 1
24.35 0 1
24.4661 2541 50.4083
24.5822 2557 50.5668
24.6984 2452 49.5177
24.8146 2475 49.7494
24.9309 2444 49.4368
25.0472 2389 48.8774
25.1636 2439 49.3862
25.28 2446 49.4571
25.3965 2508 50.0799
25.513 2376 48.7442
25.6296 2630 51.2835
25.7462 2589 50.8822
25.8628 2635 51.3323
25.9795 2588 50.8724
26.0962 2686 51.8266
26.213 2717 52.1249
26.3298 2479 49.7896
26.4466 2445 49.4469
26.5635 2418 49.1732
26.6804 2311 48.0729
26.7973 2370 48.6826
26.9143 2452 49.5177
27.0313 2465 49.6488
27.1483 2592 50.9117
27.2653 2768 52.6118
27.3824 2740 52.345
27.4996 2637 51.3517
27.6167 2603 51.0196
27.7339 2562 50.6162
27.8511 2589 50.8822
27.9683 2487 49.8698
28.0855 2458 49.5782
28.2028 2439 49.3862
28.3201 2330 48.2701
28.4374 2298 47.9375
28.5547 2281 47.7598
28.6721 2182 46.7119
28.7894 2130 46.1519
28.9068 2226 47.1805
29.0242 2216 47.0744
29.1416 2371 48.6929
29.259 2464 49.6387
29.3764 2357 48.5489
29.4939 2388 48.8672
29.6113 2444 49.4368
29.7288 2296 47.9166
29.8463 2358 48.5592
29.9638 2236 47.2864
30.0812 2116 46
30.1987 2210 47.0106
30.3162 2175 46.6369
30.4337 2363 48.6107
30.5512 2285 47.8017
30.6687 2401 49
30.7862 2465 49.6488
30.9037 2419 49.1833
31.0212 2585 50.8429
31.1387 2461 49.6085
31.2562 2443 49.4267
31.3737 2362 48.6004
31.4912 2413 49.1223
31.6087 2352 48.4974
31.7262 2415 49.1426
31.8436 2241 47.3392
31.9611 2150 46.3681
32.0785 2069 45.4863
32.1959 2150 46.3681
32.3134 2186 46.7547
32.4308 2149 46.3573
32.5482 2154 46.4112
32.6655 2208 46.9894
32.7829 2348 48.4562
32.9002 2216 47.0744
33.0176 2248 47.4131
33.1349 2229 47.2123
33.2522 2267 47.613
33.3694 2267 47.613
33.4867 2157 46.4435
33.6039 2131 46.1628
33.7211 2112 45.9565
33.8383 2094 45.7602
33.9554 2111 45.9456
34.0725 2153 46.4004
34.1896 2264 47.5815
34.3067 2332 48.2908
34.4237 2313 48.0937
34.5407 2432 49.3153
34.6577 2406 49.051
34.7746 2388 48.8672
34.8915 2409 49.0816
35.0084 2277 47.7179
35.1252 2410 49.0918
35.242 2268 47.6235
35.3587 2353 48.5077
35.4755 2206 46.9681
35.5921 2137 46.2277
35.7088 2055 45.3321
35.8254 1997 44.6878
35.9419 2011 44.8442
36.0584 1985 44.5533
36.1749 1986 44.5646
36.2913 2079 45.5961
36.4077 2067 45.4643
36.524 2199 46.8935
36.6403 2204 46.9468
36.7565 2169 46.5725
36.8727 2118 46.0217
36.9889 2126 46.1086
37.1049 2056 45.3431
37.221 0 1
37.3369 0 1
37.4529 0 1
37.5687 0 1
37.6845 0 1
37.8003 0 1
37.916 0 1
38.0316 0 1
38.1472 0 1
40.5851 0 1
40.7008 0 1
40.8164 0 1
40.9322 0 1
41.048 0 1
41.1639 0 1
41.2798 0 1
41.3958 0 1
41.5118 0 1
41.6279 0 1
41.744 1714 41.4005
41.8602 1740 41.7133
41.9765 1735 41.6533
42.0928 1732 41.6173
42.2091 1849 43
42.3255 1694 41.1582
42.4419 1595 39.9375
42.5584 1607 40.0874
42.675 1641 40.5093
42.7915 1668 40.8412
42.9081 1701 41.2432
43.0248 1835 42.8369
43.1415 1857 43.0929
43.2582 1839 42.8836
43.375 1952 44.1814
43.4918 1840 42.8952
43.6087 1925 43.8748
43.7256 1945 44.1022
43.8425 1803 42.4617
43.9595 1801 42.4382
44.0765 1717 41.4367
44.1935 1807 42.5088
44.3106 1562 39.5221
44.4277 1614 40.1746
44.5448 1492 38.6264
44.6619 1465 38.2753
44.7791 1481 38.4838
44.8963 1367 36.973
45.0136 1393 37.3229
45.1308 1499 38.7169
45.2481 1546 39.3192
45.3654 1536 39.1918
45.4827 1513 38.8973
45.6001 1498 38.704
45.7174 1556 39.4462
45.8348 1482 38.4968
45.9522 1417 37.6431
46.0697 1434 37.8682
46.1871 1333 36.5103
46.3046 1343 36.647
46.422 1366 36.9594
46.5395 1414 37.6032
46.657 1501 38.7427
46.7745 1495 38.6652
46.892 1510 38.8587
47.0096 1514 38.9102
47.1271 1514 38.9102
47.2446 1459 38.1969
47.3622 1480 38.4708
47.4797 1470 38.3406
47.5973 1418 37.6563
47.7149 1396 37.3631
47.8324 1324 36.3868
47.95 1278 35.7491
48.0675 1167 34.1614
48.1851 1100 33.1662
48.3027 1082 32.8938
48.4202 1069 32.6956
48.5378 1095 33.0908
48.6554 1164 34.1174
48.7729 1212 34.8138
48.8904 1150 33.9116
49.008 1296 36
49.1255 1265 35.5668
49.243 1199 34.6266
49.3605 1211 34.7994
49.478 1180 34.3511
49.5955 1113 33.3617
49.713 1109 33.3017
49.8304 1168 34.176
49.9479 1294 35.9722
50.0653 1275 35.7071
50.1827 1466 38.2884
50.3001 1493 38.6394
50.4175 1533 39.1535
50.5348 1539 39.2301
50.6521 1596 39.95
50.7694 1678 40.9634
50.8867 1679 40.9756
51.004 1620 40.2492
51.1212 1570 39.6232
51.2384 1697 41.1947
51.3556 1701 41.2432
51.4727 1591 39.8873
51.5899 1473 38.3797
51.707 1497 38.6911
51.824 1466 38.2884
51.9411 1471 38.3536
52.0581 1585 39.8121
52.175 1635 40.4351
52.2919 1689 41.0974
52.4088 1703 41.2674
52.5257 1688 41.0853
52.6425 1782 42.2137
52.7593 1797 42.391
52.876 1826 42.7317
52.9927 1699 41.2189
53.1094 1687 41.0731
53.226 1660 40.7431
53.3426 1606 40.0749
53.4591 1732 41.6173
53.5756 1833 42.8135
53.692 1921 43.8292
53.8084 1998 44.699
53.9248 2070 45.4973
54.0411 2178 46.669
54.1573 2207 46.9787
54.2735 0 1
54.3896 0 1
54.5057 0 1
54.6217 0 1
54.7377 0 1
54.8537 0 1
54.9695 0 1
55.0853 0 1
55.2011 0 1
55.3168 0 1
55.4324 0 1
57.824 0 1
57.9396 0 1
58.0553 0 1
58.1711 0 1
58.2869 0 1
58.4028 0 1
58.5187 0 1
58.6347 0 1
58.7508 0 1
58.8669 0 1
58.983 2428 49.2747
59.0992 2390 48.8876
59.2155 2591 50.9019
59.3318 2539 50.3885
59.4482 2695 51.9134
59.5646 2625 51.2348
59.681 2654 51.517
59.7975 2576 50.7543
59.9141 2333 48.3011
60.0306 2371 48.6929
60.1473 2164 46.5188
60.2639 1960 44.2719
60.3807 1957 44.238
60.4974 1924 43.8634
60.6142 2033 45.0888
60.731 2073 45.5302
60.8479 2172 46.6047
60.9648 2119 46.0326
61.0818 2231 47.2335
61.1987 2184 46.7333
61.3158 2211 47.0213
61.4328 2178 46.669
61.5499 2126 46.1086
61.667 1962 44.2945
61.7841 1940 44.0454
61.9013 1968 44.3621
62.0185 1918 43.795
62.1357 2093 45.7493
62.253 2119 46.0326
62.3702 2233 47.2546
62.4875 2325 48.2183
62.6049 2344 48.4149
62.7222 2440 49.3964
62.8396 2440 49.3964
62.9569 2469 49.689
63.0743 2498 49.98
63.1918 2461 49.6085
63.3092 2280 47.7493
63.4267 2315 48.1144
63.5441 2154 46.4112
63.6616 2025 45
63.7791 1904 43.6348
63.8966 1779 42.1782
64.0142 1745 41.7732
64.1317 1735 41.6533
64.2492 1773 42.107
64.3668 1869 43.2319
64.4843 1931 43.9431
64.6019 2040 45.1664
64.7195 2083 45.6399
64.837 2054 45.3211
64.9546 2017 44.911
65.0722 1951 44.1701
65.1898 1821 42.6732
65.3074 1862 43.1509
65.4249 1810 42.5441
65.5425 1792 42.332
65.6601 1825 42.72
65.7777 1872 43.2666
65.8952 2008 44.8107
66.0128 2138 46.2385
66.1304 2287 47.8226
66.2479 2319 48.156
66.3655 2286 47.8121
66.483 2356 48.5386
66.6005 2391 48.8979
66.718 2417 49.163
66.8355 2286 47.8121
66.953 2263 47.571
67.0705 2121 46.0543
67.1879 2044 45.2106
67.3054 1956 44.2267
67.4228 1761 41.9643
67.5402 1718 41.4488
67.6576 1729 41.5812
67.7749 1750 41.833
67.8923 1867 43.2088
68.0096 1879 43.3474
68.1269 2074 45.5412
68.2442 2094 45.7602
68.3614 2042 45.1885
68.4787 2202 46.9255
68.5958 2121 46.0543
68.713 2027 45.0222
68.8302 1919 43.8064
68.9473 1872 43.2666
69.0643 1764 42
69.1814 1884 43.4051
69.2984 1909 43.6921
69.4154 1986 44.5646
69.5323 2127 46.1194
69.6492 2240 47.3286
69.7661 2291 47.8644
69.8829 2390 48.8876
69.9997 2523 50.2295
70.1165 2456 49.558
70.2332 2408 49.0714
70.3499 2566 50.6557
70.4665 2393 48.9183
70.5831 2414 49.1325
70.6996 2232 47.244
70.8161 2284 47.7912
70.9326 1990 44.6094
71.049 1909 43.6921
71.1653 1777 42.1545
71.2817 1731 41.6053
71.3979 1646 40.5709
71.5141 1792 42.332
71.6303 1781 42.2019
71.7464 1746 41.7852
71.8624 0 1
71.9784 0 1
72.0944 0 1
72.2102 0 1
72.3261 0 1
72.4418 0 1
72.5575 0 1
72.6732 0 1
75.1054 0 1
75.2209 0 1
75.3365 0 1
75.4521 0 1
75.5678 0 1
75.6835 0 1
75.7993 0 1
75.9151 0 1
76.031 0 1
76.147 2035 45.111
76.263 2032 45.0777
76.3791 2024 44.9889
76.4952 1937 44.0114
76.6113 1809 42.5323
76.7276 1877 43.3244
76.8438 1803 42.4617
76.9601 1977 44.4635
77.0765 2046 45.2327
77.1929 2170 46.5833
77.3093 2228 47.2017
77.4258 2276 47.7074
77.5423 2203 46.9361
77.6589 2190 46.7974
77.7755 2031 45.0666
77.8921 1859 43.1161
78.0088 1789 42.2966
78.1256 1739 41.7013
78.2423 1795 42.3674
78.3591 1786 42.2611
78.4759 2035 45.111
78.5928 2091 45.7275
78.7097 2261 47.55
78.8266 2528 50.2792
78.9436 2392 48.9081
79.0606 2402 49.0102
79.1776 2458 49.5782
79.2946 2453 49.5278
79.4117 2493 49.93
79.5288 2511 50.1099
79.6459 2405 49.0408
79.7631 2211 47.0213
79.8802 2085 45.6618
79.9974 1938 44.0227
80.1147 1803 42.4617
80.2319 1683 41.0244
80.3491 1689 41.0974
80.4664 1784 42.2374
80.5837 1799 42.4146
80.701 1907 43.6692
80.8183 1982 44.5197
80.9357 2028 45.0333
81.053 2169 46.5725
81.1704 2105 45.8803
81.2877 2053 45.31
81.4051 2005 44.7772
81.5225 1877 43.3244
81.6399 1714 41.4005
81.7573 1733 41.6293
81.8747 1654 40.6694
81.9922 1732 41.6173
82.1096 1833 42.8135
82.227 2002 44.7437
82.3444 2105 45.8803
82.4619 2258 47.5184
82.5793 2133 46.1844
82.6967 2397 48.9592
82.8142 2271 47.655
82.9316 2279 47.7389
83.049 2393 48.9183
83.1664 2235 47.2758
83.2838 2160 46.4758
83.4012 1930 43.9318
83.5186 1905 43.6463
83.636 1701 41.2432
83.7534 1628 40.3485
83.8708 1572 39.6485
83.9881 1561 39.5095
84.1055 1580 39.7492
84.2228 1653 40.6571
84.3401 1810 42.5441
84.4575 1900 43.589
84.5747 1955 44.2154
84.692 2096 45.7821
84.8093 2019 44.9333
84.9265 1998 44.699
85.0437 1859 43.1161
85.1609 1757 41.9166
85.2781 1724 41.5211
85.3952 1589 39.8623
85.5123 1692 41.1339
85.6294 1832 42.8019
85.7465 1913 43.7379
85.8636 2138 46.2385
85.9806 2230 47.2229
86.0976 2320 48.1664
86.2145 2497 49.97
86.3315 2321 48.1768
86.4484 2554 50.5371
86.5652 2586 50.8527
86.682 2616 51.1468
86.7988 2459 49.5883
86.9156 2389 48.8774
87.0323 2271 47.655
87.149 2131 46.1628
87.2657 2005 44.7772
87.3823 1895 43.5316
87.4988 1836 42.8486
87.6154 1912 43.7264
87.7318 1955 44.2154
87.8483 2158 46.4543
87.9647 2208 46.9894
88.081 2399 48.9796
88.1973 2521 50.2096
88.3136 2480 49.7996
88.4298 2331 48.2804
88.546 2237 47.2969
88.6621 2144 46.3033
88.7781 1925 43.8748
88.8942 0 1
89.0101 0 1
89.126 0 1
89.2419 0 1
89.3577 0 1
89.4734 0 1
89.5891 0 1
89.7047 0 1
89.8203 0 1
89.9358 0 1
92.3269 0 1
92.4424 0 1
92.558 0 1
92.6736 0 1
92.7893 0 1
92.905 0 1
93.0208 0 1
93.1366 0 1
93.2525 0 1
93.3685 0 1
93.4845 0 1
93.6005 3563 59.6909
93.7167 3560 59.6657
93.8328 3859 62.1208
93.949 3938 62.7535
94.0653 4004 63.2772
94.1816 3852 62.0645
94.2979 3925 62.6498
94.4143 3961 62.9365
94.5307 4056 63.6867
94.6472 4320 65.7267
94.7637 4793 69.2315
94.8803 5361 73.2189
94.9969 5797 76.138
95.1135 6029 77.6466
95.2302 6382 79.8874
95.3469 6843 82.7224
95.4637 7093 84.22
95.5805 7535 86.8044
95.6973 7713 87.8237
95.8142 7889 88.82
95.9311 7929 89.0449
96.048 7804 88.3403
96.1649 7860 88.6566
96.2819 7584 87.0862
96.3989 7552 86.9022
96.516 7202 84.8646
96.633 6717 81.9573
96.7501 6738 82.0853
96.8673 7084 84.1665
96.9844 7658 87.51
97.1016 8353 91.3947
97.2188 9076 95.268
97.336 9294 96.4054
97.4532 9237 96.1093
97.5704 9049 95.1262
97.6877 8892 94.2974
97.805 8410 91.7061
97.9223 7783 88.2213
98.0396 7260 85.2056
98.1569 7066 84.0595
98.2743 6912 83.1384
98.3916 7165 84.6463
98.509 7726 87.8977
98.6264 8214 90.6311
98.7438 8596 92.7146
98.8612 9022 94.9842
98.9786 8999 94.8631
99.096 9334 96.6126
99.2134 9534 97.6422
99.3308 9421 97.0618
99.4482 9437 97.1442
99.5656 9316 96.5194
99.6831 9290 96.3846
99.8005 8754 93.5628
99.9179 8449 91.9184
100.035 8007 89.4818
100.153 7565 86.977
100.27 7254 85.1704
100.388 7236 85.0647
100.505 7622 87.3041
100.622 8427 91.7987
100.74 8845 94.0479
100.857 8976 94.7418
100.975 9208 95.9583
101.092 9018 94.9632
101.209 8889 94.2815
101.327 8405 91.6788
101.444 7857 88.6397
101.561 7131 84.4452
101.679 6805 82.4924
101.796 6421 80.1311
101.913 6593 81.1973
102.03 6825 82.6136
102.148 7294 85.4049
102.265 7994 89.4092
102.382 7402 86.0349
102.499 7991 89.3924
102.616 7892 88.8369
102.733 7778 88.193
102.851 7536 86.8101
102.968 7419 86.1336
103.085 7329 85.6096
103.202 6773 82.2982
103.319 6599 81.2342
103.436 6139 78.3518
103.552 5612 74.9133
103.669 4877 69.8355
103.786 4457 66.7608
103.903 4169 64.5678
104.02 4486 66.9776
104.137 4509 67.1491
104.253 4493 67.0298
104.37 4392 66.2722
104.487 4414 66.4379
104.603 4082 63.8905
104.72 3851 62.0564
104.836 3607 60.0583
104.953 3139 56.0268
105.069 2863 53.507
105.186 2643 51.4101
105.302 2519 50.1896
105.418 2568 50.6754
105.535 2652 51.4976
105.651 2850 53.3854
105.767 2982 54.6077
105.883 3052 55.2449
105.999 2979 54.5802
106.115 0 1
106.231 0 1
106.347 0 1
106.463 0 1
106.579 0 1
106.694 0 1
106.81 0 1
106.926 0 1
107.041 0 1
107.157 0 1
109.576 0 1
109.692 0 1
109.807 0 1
109.923 0 1
110.039 0 1
110.155 0 1
110.27 0 1
110.386 0 1
110.502 0 1
110.618 2159 46.465
110.735 2418 49.1732
110.851 2531 50.309
110.967 2684 51.8073
111.083 2792 52.8394
111.199 2784 52.7636
111.316 2762 52.5547
111.432 2740 52.345
111.549 2844 53.3292
111.665 2735 52.2972
111.782 2538 50.3786
111.898 2441 49.4065
112.015 2327 48.239
112.132 2134 46.1952
112.248 2029 45.0444
112.365 1972 44.4072
112.482 1958 44.2493
112.599 2011 44.8442
112.716 2095 45.7712
112.832 2158 46.4543
112.949 2297 47.927
113.066 2208 46.9894
113.183 2170 46.5833
113.3 2134 46.1952
113.417 1995 44.6654
113.534 1903 43.6234
113.652 1825 42.72
113.769 1841 42.9069
113.886 1781 42.2019
114.003 1838 42.8719
114.12 1959 44.2606
114.238 2267 47.613
114.355 2360 48.5798
114.472 2420 49.1935
114.589 2384 48.8262
114.707 2461 49.6085
114.824 2488 49.8799
114.942 2386 48.8467
115.059 2444 49.4368
115.176 2396 48.949
115.294 2442 49.4166
115.411 2238 47.3075
115.529 2245 47.3814
115.646 2142 46.2817
115.764 2017 44.911
115.881 1909 43.6921
115.999 1938 44.0227
116.116 1932 43.9545
116.234 2033 45.0888
116.351 2172 46.6047
116.469 2148 46.3465
116.586 2237 47.2969
116.704 2183 46.7226
116.821 2160 46.4758
116.939 2154 46.4112
117.056 1953 44.1928
117.174 1960 44.2719
117.291 1909 43.6921
117.409 1821 42.6732
117.526 1819 42.6497
117.644 1940 44.0454
117.761 2163 46.5081
117.879 2319 48.156
117.996 2379 48.775
118.114 2489 49.8899
118.231 2574 50.7346
118.349 2529 50.2892
118.466 2675 51.7204
118.584 2649 51.4684
118.701 2646 51.4393
118.819 2587 50.8626
118.936 2464 49.6387
119.053 2431 49.3052
119.171 2261 47.55
119.288 2221 47.1275
119.405 2072 45.5192
119.523 1961 44.2832
119.64 2039 45.1553
119.757 1992 44.6318
119.875 2105 45.8803
119.992 2235 47.2758
120.109 2117 46.0109
120.226 2164 46.5188
120.343 2126 46.1086
120.46 2228 47.2017
120.578 2121 46.0543
120.695 2032 45.0777
120.812 1946 44.1135
120.929 1974 44.4297
121.046 2009 44.8219
121.163 1988 44.587
121.279 1952 44.1814
121.396 2207 46.9787
121.513 2268 47.6235
121.63 2436 49.3559
121.747 2574 50.7346
121.863 2607 51.0588
121.98 2559 50.5866
122.097 2632 51.303
122.213 2529 50.2892
122.33 2582 50.8134
122.446 2666 51.6333
122.563 2531 50.309
122.679 2471 49.7092
122.795 2307 48.0312
122.912 2254 47.4763
123.028 2201 46.9148
123.144 2086 45.6727
123.26 1971 44.3959
123.377 0 1
123.493 0 1
123.609 0 1
123.725 0 1
123.84 0 1
123.956 0 1
124.072 0 1
124.188 0 1
124.303 0 1
124.419 0 1
126.852 0 1
126.968 0 1
127.083 0 1
127.199 0 1
127.315 0 1
127.431 0 1
127.547 0 1
127.663 0 1
127.779 0 1
127.895 0 1
128.011 0 1
128.127 0 1
128.243 0 1
128.359 2349 48.4665
128.476 2323 48.1975
128.592 2254 47.4763
128.708 2308 48.0416
128.825 2398 48.9694
128.941 2465 49.6488
129.058 2629 51.2738
129.174 2479 49.7896
129.291 2460 49.5984
129.408 2430 49.295
129.524 2433 49.3254
129.641 2420 49.1935
129.758 2249 47.4236
129.875 2170 46.5833
129.992 2167 46.551
130.108 2219 47.1063
130.225 2271 47.655
130.342 2410 49.0918
130.459 2485 49.8498
130.576 2611 51.0979
130.693 2585 50.8429
130.81 2742 52.3641
130.928 2737 52.3163
131.045 2643 51.4101
131.162 2687 51.8363
131.279 2771 52.6403
131.396 2763 52.5642
131.513 2643 51.4101
131.631 2577 50.7642
131.748 2522 50.2195
131.865 2422 49.2138
131.983 2276 47.7074
132.1 2216 47.0744
132.217 2218 47.0956
132.335 2294 47.8957
132.452 2388 48.8672
132.57 2433 49.3254
132.687 2365 48.6313
132.804 2362 48.6004
132.922 2356 48.5386
133.039 2273 47.676
133.157 2250 47.4342
133.274 2112 45.9565
133.392 2091 45.7275
133.509 2024 44.9889
133.627 2053 45.31
133.744 2073 45.5302
133.862 2237 47.2969
133.979 2330 48.2701
134.097 2417 49.163
134.214 2659 51.5655
134.332 2510 50.0999
134.449 2635 51.3323
134.567 2678 51.7494
134.684 2633 51.3128
134.802 2641 51.3907
134.919 2633 51.3128
135.037 2704 52
135.154 2550 50.4975
135.272 2546 50.4579
135.389 2456 49.558
135.507 2314 48.1041
135.624 2234 47.2652
135.742 2212 47.0319
135.859 2315 48.1144
135.977 2308 48.0416
136.094 2362 48.6004
136.211 2444 49.4368
136.329 2407 49.0612
136.446 2387 48.8569
136.564 2352 48.4974
136.681 2364 48.621
136.798 2318 48.1456
136.915 2182 46.7119
137.033 2205 46.9574
137.15 2168 46.5618
137.267 2119 46.0326
137.384 2125 46.0977
137.502 2268 47.6235
137.619 2482 49.8197
137.736 2476 49.7594
137.853 2552 50.5173
137.97 2493 49.93
138.087 2696 51.923
138.204 2602 51.0098
138.321 2625 51.2348
138.438 2764 52.5738
138.555 2642 51.4004
138.672 2645 51.4296
138.788 2713 52.0865
138.905 2618 51.1664
139.022 2501 50.01
139.139 2421 49.2037
139.255 2442 49.4166
139.372 2337 48.3425
139.488 2353 48.5077
139.605 2388 48.8672
139.721 2454 49.5379
139.838 2401 49
139.954 2495 49.95
140.071 2370 48.6826
140.187 2352 48.4974
140.303 2341 48.3839
140.419 2313 48.0937
140.535 2247 47.4025
140.652 2151 46.3789
140.768 0 1
140.884 0 1
141 0 1
141.115 0 1
141.231 0 1
141.347 0 1
141.463 0 1
141.578 0 1
141.694 0 1
144.104 0 1
144.219 0 1
144.335 0 1
144.45 0 1
144.566 0 1
144.682 0 1
144.798 0 1
144.914 0 1
145.03 0 1
145.146 2175 46.6369
145.262 2234 47.2652
145.378 2228 47.2017
145.494 2117 46.0109
145.61 2103 45.8585
145.726 2168 46.5618
145.842 2002 44.7437
145.959 1968 44.3621
146.075 2031 45.0666
146.192 2060 45.3872
146.308 2182 46.7119
146.425 2288 47.833
146.541 2287 47.8226
146.658 2309 48.0521
146.774 2310 48.0625
146.891 2426 49.2544
147.008 2443 49.4267
147.125 2433 49.3254
147.241 2373 48.7134
147.358 2400 48.9898
147.475 2360 48.5798
147.592 2291 47.8644
147.709 2146 46.3249
147.826 2110 45.9347
147.943 2060 45.3872
148.06 2033 45.0888
148.177 2071 45.5082
148.294 2225 47.1699
148.411 2237 47.2969
148.528 2251 47.4447
148.645 2155 46.422
148.762 2119 46.0326
148.88 2190 46.7974
148.997 2010 44.833
149.114 2154 46.4112
149.231 2010 44.833
149.349 1977 44.4635
149.466 1960 44.2719
149.583 1902 43.6119
149.701 1964 44.317
149.818 2052 45.299
149.935 2153 46.4004
150.053 2098 45.8039
150.17 2090 45.7165
150.287 2261 47.55
150.405 2164 46.5188
150.522 2273 47.676
150.64 2284 47.7912
150.757 2344 48.4149
150.875 2282 47.7703
150.992 2217 47.085
151.11 2237 47.2969
151.227 2109 45.9239
151.344 2029 45.0444
151.462 2047 45.2438
151.579 2007 44.7996
151.697 2011 44.8442
151.814 2014 44.8776
151.932 2200 46.9042
152.049 2202 46.9255
152.167 2190 46.7974
152.284 2164 46.5188
152.402 2204 46.9468
152.519 2255 47.4868
152.636 2125 46.0977
152.754 2085 45.6618
152.871 2009 44.8219
152.989 2038 45.1442
153.106 1892 43.4971
153.223 2001 44.7325
153.341 2085 45.6618
153.458 2005 44.7772
153.575 2188 46.7761
153.693 2187 46.7654
153.81 2315 48.1144
153.927 2313 48.0937
154.044 2394 48.9285
154.162 2454 49.5379
154.279 2455 49.548
154.396 2509 50.0899
154.513 2585 50.8429
154.63 2503 50.03
154.747 2509 50.0899
154.864 2394 48.9285
154.981 2374 48.7237
155.098 2290 47.8539
155.215 2226 47.1805
155.332 2140 46.2601
155.449 2312 48.0833
155.566 2305 48.0104
155.683 2273 47.676
155.8 2329 48.2597
155.917 2311 48.0729
156.033 2303 47.9896
156.15 0 1
156.267 0 1
156.383 0 1
156.5 0 1
156.617 0 1
156.733 0 1
156.85 0 1
156.966 0 1
157.082 0 1
157.199 0 1
157.315 0 1
157.431 0 1
157.547 0 1
157.664 0 1
157.78 0 1
157.896 0 1
158.012 0 1
158.128 0 1
158.244 0 1
158.359 0 1
158.475 0 1
158.591 0 1
158.706 0 1
