
6.15755 0 1
6.2731 0 1
6.3887 0 1
6.50437 0 1
6.62009 0 1
6.73587 0 1
6.8517 0 1
6.96759 0 1
7.08353 0 1
7.19952 0 1
7.31557 0 1
7.43166 0 1
7.54781 0 1
7.664 0 1
7.78024 0 1
7.89653 0 1
8.01286 0 1
8.12924 0 1
8.24567 0 1
8.36213 0 1
8.47864 0 1
8.59519 0 1
8.71178 0 1
8.82841 0 1
8.94508 0 1
9.06179 0 1
9.17853 0 1
9.29531 0 1
9.41212 0 1
9.52897 0 1
9.64584 0 1
9.76276 0 1
9.8797 0 1
9.99667 0 1
10.1137 0 1
10.2307 0 1
10.3478 0 1
10.4648 0 1
10.5819 0 1
10.6991 0 1
10.8162 0 1
10.9334 0 1
11.0506 0 1
11.1678 0 1
11.285 0 1
11.4023 0 1
11.5196 0 1
11.6369 0 1
11.7542 0 1
11.8715 0 1
11.9888 0 1
12.1062 0 1
12.2235 0 1
12.3409 0 1
12.4582 0 1
12.5756 0 1
12.693 0 1
12.8104 0 1
12.9278 0 1
13.0452 0 1
13.1626 0 1
13.28 0 1
13.3974 0 1
13.5149 0 1
13.6323 0 1
13.7497 0 1
13.8671 0 1
13.9845 0 1
14.1019 0 1
14.2193 0 1
14.3367 0 1
14.4541 0 1
14.5714 0 1
14.6888 0 1
14.8062 0 1
14.9235 0 1
15.0408 0 0
15.1581 0 0
15.2755 0 0
15.3927 0 0
15.51 0 0
15.6273 0 0
15.7445 0 0
15.8617 0 0
15.9789 0 0
16.0961 0 0
16.2132 0 0
16.3304 0 0
16.4475 0 0
16.5646 0 0
16.6816 0 0
16.7986 0 0
16.9156 0 0
17.0326 0 0
17.1496 0 0
17.2665 0 0
17.3833 0 0
17.5002 0 0
17.617 0 0
17.7338 0 0
17.8505 0 0
17.9672 0 0
18.0839 0 0
18.2005 0 0
18.3171 0 0
18.4337 0 0
18.5502 0 0
18.6666 0 0
18.7831 0 0
18.8994 0 0
19.0158 0 0
19.1321 0 0
19.2483 0 0
19.3645 0 0
19.4806 0 0
19.5967 0 0
19.7128 0 0
19.8288 0 0
19.9447 0 0
20.0606 0 1
20.1764 0 1
20.2922 0 1
20.4079 0 1
20.5236 0 1
20.6392 0 1
20.7548 0 1
20.8702 0 1
23.3078 0 1
23.4233 0 1
23.539 0 1
23.6547 0 1
23.7704 0 1
23.8862 0 1
24.0021 0 1
24.118 0 1
24.234 0 1
24.35 0 1
24.4661 1751 41.845
24.5822 1724 41.5211
24.6984 1778 42.1663
24.8146 1730 41.5933
24.9309 1683 41.0244
25.0472 1723 41.509
25.1636 1584 39.7995
25.28 1588 39.8497
25.3965 1643 40.5339
25.513 1668 40.8412
25.6296 1772 42.0951
25.7462 1883 43.3935
25.8628 1902 43.6119
25.9795 2066 45.4533
26.0962 2006 44.7884
26.213 2040 45.1664
26.3298 2026 45.0111
26.4466 1971 44.3959
26.5635 1916 43.7721
26.6804 1852 43.0349
26.7973 1796 42.3792
26.9143 1735 41.6533
27.0313 1783 42.2256
27.1483 1925 43.8748
27.2653 1931 43.9431
27.3824 1988 44.587
27.4996 1941 44.0568
27.6167 1989 44.5982
27.7339 1952 44.1814
27.8511 1851 43.0232
27.9683 1880 43.359
28.0855 1831 42.7902
28.2028 1809 42.5323
28.3201 1765 42.0119
28.4374 1746 41.7852
28.5547 1748 41.8091
28.6721 1620 40.2492
28.7894 1561 39.5095
28.9068 1593 39.9124
29.0242 1743 41.7493
29.1416 1669 40.8534
29.259 1765 42.0119
29.3764 1850 43.0116
29.4939 1957 44.238
29.6113 1932 43.9545
29.7288 1979 44.486
29.8463 1881 43.3705
29.9638 1894 43.5201
30.0812 1925 43.8748
30.1987 1739 41.7013
30.3162 1725 41.5331
30.4337 1726 41.5452
30.5512 1790 42.3084
30.6687 1878 43.3359
30.7862 1886 43.4281
30.9037 1927 43.8976
31.0212 1971 44.3959
31.1387 1986 44.5646
31.2562 2086 45.6727
31.3737 1917 43.7836
31.4912 1879 43.3474
31.6087 1891 43.4856
31.7262 1888 43.4511
31.8436 1726 41.5452
31.9611 1752 41.8569
32.0785 1691 41.1218
32.1959 1633 40.4104
32.3134 1587 39.8372
32.4308 1692 41.1339
32.5482 1683 41.0244
32.6655 1834 42.8252
32.7829 1814 42.5911
32.9002 1861 43.1393
33.0176 1948 44.1362
33.1349 1997 44.6878
33.2522 1916 43.7721
33.3694 2059 45.3762
33.4867 2035 45.111
33.6039 1983 44.5309
33.7211 1875 43.3013
33.8383 1808 42.5206
33.9554 1793 42.3438
34.0725 1742 41.7373
34.1896 1832 42.8019
34.3067 1835 42.8369
34.4237 1883 43.3935
34.5407 1910 43.7035
34.6577 1952 44.1814
34.7746 1979 44.486
34.8915 1893 43.5086
35.0084 2002 44.7437
35.1252 1936 44
35.242 1841 42.9069
35.3587 1751 41.845
35.4755 1776 42.1426
35.5921 1784 42.2374
35.7088 1709 41.3401
35.8254 1689 41.0974
35.9419 1627 40.3361
36.0584 1592 39.8999
36.1749 1612 40.1497
36.2913 1592 39.8999
36.4077 1740 41.7133
36.524 1751 41.845
36.6403 1780 42.19
36.7565 1905 43.6463
36.8727 1819 42.6497
36.9889 1961 44.2832
37.1049 1897 43.5546
37.221 0 1
37.3369 0 1
37.4529 0 1
37.5687 0 1
37.6845 0 1
37.8003 0 1
37.916 0 1
38.0316 0 1
38.1472 0 1
40.5851 0 1
40.7008 0 1
40.8164 0 1
40.9322 0 1
41.048 0 1
41.1639 0 1
41.2798 0 1
41.3958 0 1
41.5118 0 1
41.6279 0 1
41.744 1469 38.3275
41.8602 1470 38.3406
41.9765 1609 40.1123
42.0928 1672 40.8901
42.2091 1671 40.8779
42.3255 1610 40.1248
42.4419 1674 40.9145
42.5584 1570 39.6232
42.675 1551 39.3827
42.7915 1382 37.1753
42.9081 1359 36.8646
43.0248 1504 38.7814
43.1415 1601 40.0125
43.2582 1605 40.0625
43.375 1689 41.0974
43.4918 1624 40.2989
43.6087 1682 41.0122
43.7256 1646 40.5709
43.8425 1608 40.0999
43.9595 1617 40.2119
44.0765 1515 38.923
44.1935 1517 38.9487
44.3106 1444 38
44.4277 1413 37.5899
44.5448 1426 37.7624
44.6619 1266 35.5809
44.7791 1166 34.1467
44.8963 1244 35.2704
45.0136 1253 35.3977
45.1308 1250 35.3553
45.2481 1255 35.426
45.3654 1348 36.7151
45.4827 1485 38.5357
45.6001 1388 37.2559
45.7174 1332 36.4966
45.8348 1406 37.4967
45.9522 1378 37.1214
46.0697 1347 36.7015
46.1871 1205 34.7131
46.3046 1244 35.2704
46.422 1131 33.6303
46.5395 1077 32.8177
46.657 1213 34.8281
46.7745 1268 35.609
46.892 1247 35.3129
47.0096 1228 35.0428
47.1271 1305 36.1248
47.2446 1304 36.1109
47.3622 1234 35.1283
47.4797 1150 33.9116
47.5973 1114 33.3766
47.7149 1142 33.7935
47.8324 1125 33.541
47.95 1080 32.8634
48.0675 1062 32.5883
48.1851 1026 32.0312
48.3027 943 30.7083
48.4202 920 30.3315
48.5378 890 29.8329
48.6554 884 29.7321
48.7729 1013 31.8277
48.8904 1056 32.4962
49.008 1128 33.5857
49.1255 1192 34.5254
49.243 1169 34.1906
49.3605 1152 33.9411
49.478 1123 33.5112
49.5955 1116 33.4066
49.713 1051 32.4191
49.8304 967 31.0966
49.9479 1000 31.6228
50.0653 1047 32.3574
50.1827 1128 33.5857
50.3001 1164 34.1174
50.4175 1164 34.1174
50.5348 1318 36.3043
50.6521 1280 35.7771
50.7694 1272 35.6651
50.8867 1295 35.9861
51.004 1325 36.4005
51.1212 1368 36.9865
51.2384 1352 36.7696
51.3556 1330 36.4692
51.4727 1314 36.2491
51.5899 1314 36.2491
51.707 1281 35.7911
51.824 1225 35
51.9411 1138 33.7343
52.0581 1224 34.9857
52.175 1345 36.6742
52.2919 1374 37.0675
52.4088 1440 37.9473
52.5257 1537 39.2046
52.6425 1582 39.7744
52.7593 1623 40.2865
52.876 1544 39.2938
52.9927 1550 39.37
53.1094 1607 40.0874
53.226 1573 39.6611
53.3426 1496 38.6782
53.4591 1371 37.027
53.5756 1239 35.1994
53.692 1368 36.9865
53.8084 1533 39.1535
53.9248 1544 39.2938
54.0411 1595 39.9375
54.1573 1628 40.3485
54.2735 0 1
54.3896 0 1
54.5057 0 1
54.6217 0 1
54.7377 0 1
54.8537 0 1
54.9695 0 1
55.0853 0 1
55.2011 0 1
55.3168 0 1
55.4324 0 1
57.824 0 1
57.9396 0 1
58.0553 0 1
58.1711 0 1
58.2869 0 1
58.4028 0 1
58.5187 0 1
58.6347 0 1
58.7508 0 1
58.8669 0 1
58.983 1669 40.8534
59.0992 1827 42.7434
59.2155 1937 44.0114
59.3318 1934 43.9773
59.4482 1977 44.4635
59.5646 1924 43.8634
59.681 1952 44.1814
59.7975 1907 43.6692
59.9141 1975 44.441
60.0306 1916 43.7721
60.1473 1819 42.6497
60.2639 1796 42.3792
60.3807 1731 41.6053
60.4974 1700 41.2311
60.6142 1599 39.9875
60.731 1618 40.2244
60.8479 1564 39.5474
60.9648 1722 41.497
61.0818 1721 41.4849
61.1987 1787 42.2729
61.3158 1794 42.3556
61.4328 1766 42.0238
61.5499 1813 42.5793
61.667 1871 43.2551
61.7841 1666 40.8167
61.9013 1633 40.4104
62.0185 1509 38.8458
62.1357 1545 39.3065
62.253 1535 39.1791
62.3702 1625 40.3113
62.4875 1788 42.2847
62.6049 1831 42.7902
62.7222 1870 43.2435
62.8396 1768 42.0476
62.9569 1864 43.1741
63.0743 1864 43.1741
63.1918 1873 43.2782
63.3092 1775 42.1307
63.4267 1815 42.6028
63.5441 1722 41.497
63.6616 1705 41.2916
63.7791 1615 40.1871
63.8966 1594 39.9249
64.0142 1453 38.1182
64.1317 1451 38.092
64.2492 1434 37.8682
64.3668 1396 37.3631
64.4843 1561 39.5095
64.6019 1658 40.7185
64.7195 1663 40.7799
64.837 1710 41.3521
64.9546 1713 41.3884
65.0722 1708 41.328
65.1898 1680 40.9878
65.3074 1640 40.4969
65.4249 1602 40.025
65.5425 1505 38.7943
65.6601 1394 37.3363
65.7777 1340 36.606
65.8952 1454 38.1314
66.0128 1561 39.5095
66.1304 1619 40.2368
66.2479 1663 40.7799
66.3655 1714 41.4005
66.483 1799 42.4146
66.6005 1773 42.107
66.718 1705 41.2916
66.8355 1692 41.1339
66.953 1725 41.5331
67.0705 1703 41.2674
67.1879 1646 40.5709
67.3054 1567 39.5854
67.4228 1533 39.1535
67.5402 1410 37.55
67.6576 1336 36.5513
67.7749 1362 36.9053
67.8923 1395 37.3497
68.0096 1386 37.229
68.1269 1463 38.2492
68.2442 1630 40.3733
68.3614 1720 41.4729
68.4787 1739 41.7013
68.5958 1713 41.3884
68.713 1600 40
68.8302 1686 41.0609
68.9473 1601 40.0125
69.0643 1608 40.0999
69.1814 1488 38.5746
69.2984 1414 37.6032
69.4154 1412 37.5766
69.5323 1560 39.4968
69.6492 1564 39.5474
69.7661 1669 40.8534
69.8829 1736 41.6653
69.9997 1766 42.0238
70.1165 1805 42.4853
70.2332 1782 42.2137
70.3499 1746 41.7852
70.4665 1767 42.0357
70.5831 1784 42.2374
70.6996 1729 41.5812
70.8161 1714 41.4005
70.9326 1704 41.2795
71.049 1563 39.5348
71.1653 1556 39.4462
71.2817 1431 37.8286
71.3979 1361 36.8917
71.5141 1332 36.4966
71.6303 1373 37.054
71.7464 1197 34.5977
71.8624 0 1
71.9784 0 1
72.0944 0 1
72.2102 0 1
72.3261 0 1
72.4418 0 1
72.5575 0 1
72.6732 0 1
75.1054 0 1
75.2209 0 1
75.3365 0 1
75.4521 0 1
75.5678 0 1
75.6835 0 1
75.7993 0 1
75.9151 0 1
76.031 0 1
76.147 1501 38.7427
76.263 1534 39.1663
76.3791 1520 38.9872
76.4952 1569 39.6106
76.6113 1356 36.8239
76.7276 1352 36.7696
76.8438 1350 36.7423
76.9601 1324 36.3868
77.0765 1383 37.1887
77.1929 1590 39.8748
77.3093 1655 40.6817
77.4258 1704 41.2795
77.5423 1831 42.7902
77.6589 1742 41.7373
77.7755 1671 40.8779
77.8921 1743 41.7493
78.0088 1556 39.4462
78.1256 1496 38.6782
78.2423 1319 36.318
78.3591 1297 36.0139
78.4759 1324 36.3868
78.5928 1440 37.9473
78.7097 1627 40.3361
78.8266 1701 41.2432
78.9436 1725 41.5331
79.0606 1792 42.332
79.1776 1820 42.6615
79.2946 1769 42.0595
79.4117 1919 43.8064
79.5288 1754 41.8808
79.6459 1783 42.2256
79.7631 1718 41.4488
79.8802 1577 39.7115
79.9974 1644 40.5463
80.1147 1487 38.5616
80.2319 1414 37.6032
80.3491 1342 36.6333
80.4664 1357 36.8375
80.5837 1341 36.6197
80.701 1427 37.7757
80.8183 1555 39.4335
80.9357 1600 40
81.053 1608 40.0999
81.1704 1590 39.8748
81.2877 1610 40.1248
81.4051 1642 40.5216
81.5225 1614 40.1746
81.6399 1501 38.7427
81.7573 1393 37.3229
81.8747 1372 37.0405
81.9922 1221 34.9428
82.1096 1213 34.8281
82.227 1394 37.3363
82.3444 1426 37.7624
82.4619 1544 39.2938
82.5793 1574 39.6737
82.6967 1597 39.9625
82.8142 1583 39.7869
82.9316 1640 40.4969
83.049 1592 39.8999
83.1664 1715 41.4126
83.2838 1548 39.3446
83.4012 1513 38.8973
83.5186 1537 39.2046
83.636 1439 37.9342
83.7534 1392 37.3095
83.8708 1336 36.5513
83.9881 1164 34.1174
84.1055 1204 34.6987
84.2228 1286 35.8608
84.3401 1277 35.7351
84.4575 1419 37.6696
84.5747 1497 38.6911
84.692 1559 39.4842
84.8093 1513 38.8973
84.9265 1482 38.4968
85.0437 1520 38.9872
85.1609 1392 37.3095
85.2781 1381 37.1618
85.3952 1261 35.5106
85.5123 1211 34.7994
85.6294 1234 35.1283
85.7465 1278 35.7491
85.8636 1459 38.1969
85.9806 1551 39.3827
86.0976 1696 41.1825
86.2145 1657 40.7063
86.3315 1572 39.6485
86.4484 1705 41.2916
86.5652 1766 42.0238
86.682 1764 42
86.7988 1744 41.7612
86.9156 1688 41.0853
87.0323 1675 40.9268
87.149 1624 40.2989
87.2657 1614 40.1746
87.3823 1579 39.7366
87.4988 1449 38.0657
87.6154 1366 36.9594
87.7318 1457 38.1707
87.8483 1494 38.6523
87.9647 1572 39.6485
88.081 1663 40.7799
88.1973 1769 42.0595
88.3136 1720 41.4729
88.4298 1838 42.8719
88.546 1780 42.19
88.6621 1701 41.2432
88.7781 1561 39.5095
88.8942 0 1
89.0101 0 1
89.126 0 1
89.2419 0 1
89.3577 0 1
89.4734 0 1
89.5891 0 1
89.7047 0 1
89.8203 0 1
89.9358 0 1
92.3269 0 1
92.4424 0 1
92.558 0 1
92.6736 0 1
92.7893 0 1
92.905 0 1
93.0208 0 1
93.1366 0 1
93.2525 0 1
93.3685 0 1
93.4845 0 1
93.6005 1724 41.5211
93.7167 1742 41.7373
93.8328 1659 40.7308
93.949 1829 42.7668
94.0653 1806 42.4971
94.1816 1643 40.5339
94.2979 1579 39.7366
94.4143 1561 39.5095
94.5307 1435 37.8814
94.6472 1492 38.6264
94.7637 1470 38.3406
94.8803 1542 39.2683
94.9969 1683 41.0244
95.1135 1724 41.5211
95.2302 1796 42.3792
95.3469 1877 43.3244
95.4637 1970 44.3847
95.5805 1913 43.7379
95.6973 1919 43.8064
95.8142 1923 43.852
95.9311 1887 43.4396
96.048 1984 44.5421
96.1649 1823 42.6966
96.2819 1805 42.4853
96.3989 1814 42.5911
96.516 1628 40.3485
96.633 1592 39.8999
96.7501 1551 39.3827
96.8673 1555 39.4335
96.9844 1608 40.0999
97.1016 1742 41.7373
97.2188 1855 43.0697
97.336 1893 43.5086
97.4532 2031 45.0666
97.5704 1944 44.0908
97.6877 1906 43.6578
97.805 1738 41.6893
97.9223 1708 41.328
98.0396 1657 40.7063
98.1569 1494 38.6523
98.2743 1537 39.2046
98.3916 1575 39.6863
98.509 1627 40.3361
98.6264 1713 41.3884
98.7438 1843 42.9302
98.8612 1997 44.6878
98.9786 1956 44.2267
99.096 1984 44.5421
99.2134 2143 46.2925
99.3308 2091 45.7275
99.4482 2074 45.5412
99.5656 2041 45.1774
99.6831 2103 45.8585
99.8005 2051 45.288
99.9179 1972 44.4072
100.035 1874 43.2897
100.153 1761 41.9643
100.27 1648 40.5956
100.388 1641 40.5093
100.505 1747 41.7971
100.622 1848 42.9884
100.74 2036 45.1221
100.857 1982 44.5197
100.975 2149 46.3573
101.092 2118 46.0217
101.209 2134 46.1952
101.327 2063 45.4203
101.444 1932 43.9545
101.561 1894 43.5201
101.679 1699 41.2189
101.796 1658 40.7185
101.913 1629 40.3609
102.03 1742 41.7373
102.148 1903 43.6234
102.265 2152 46.3897
102.382 1830 42.7785
102.499 2149 46.3573
102.616 2209 47
102.733 2286 47.8121
102.851 2224 47.1593
102.968 2304 48
103.085 2241 47.3392
103.202 2254 47.4763
103.319 2167 46.551
103.436 2163 46.5081
103.552 2061 45.3982
103.669 1954 44.2041
103.786 1789 42.2966
103.903 1868 43.2204
104.02 1836 42.8486
104.137 2094 45.7602
104.253 2098 45.8039
104.37 2169 46.5725
104.487 2206 46.9681
104.603 2317 48.1352
104.72 2257 47.5079
104.836 2262 47.5605
104.953 2096 45.7821
105.069 1904 43.6348
105.186 1869 43.2319
105.302 1752 41.8569
105.418 1755 41.8927
105.535 1898 43.566
105.651 2078 45.5851
105.767 2250 47.4342
105.883 2335 48.3218
105.999 2346 48.4355
106.115 0 1
106.231 0 1
106.347 0 1
106.463 0 1
106.579 0 1
106.694 0 1
106.81 0 1
106.926 0 1
107.041 0 1
107.157 0 1
109.576 0 1
109.692 0 1
109.807 0 1
109.923 0 1
110.039 0 1
110.155 0 1
110.27 0 1
110.386 0 1
110.502 0 1
110.618 1771 42.0833
110.735 2003 44.7549
110.851 2058 45.3652
110.967 2213 47.0425
111.083 2215 47.0638
111.199 2311 48.0729
111.316 2246 47.392
111.432 2290 47.8539
111.549 2357 48.5489
111.665 2290 47.8539
111.782 2216 47.0744
111.898 2247 47.4025
112.015 2185 46.744
112.132 1994 44.6542
112.248 1859 43.1161
112.365 1760 41.9524
112.482 1769 42.0595
112.599 1884 43.4051
112.716 2118 46.0217
112.832 2138 46.2385
112.949 2167 46.551
113.066 2217 47.085
113.183 2194 46.8402
113.3 2119 46.0326
113.417 2140 46.2601
113.534 1946 44.1135
113.652 1846 42.9651
113.769 1688 41.0853
113.886 1714 41.4005
114.003 1604 40.05
114.12 1831 42.7902
114.238 1919 43.8064
114.355 2080 45.607
114.472 2235 47.2758
114.589 2076 45.5631
114.707 2198 46.8828
114.824 2195 46.8508
114.942 2264 47.5815
115.059 2399 48.9796
115.176 2213 47.0425
115.294 2268 47.6235
115.411 2132 46.1736
115.529 2135 46.2061
115.646 2008 44.8107
115.764 1973 44.4185
115.881 1789 42.2966
115.999 1734 41.6413
116.116 1753 41.8688
116.234 1851 43.0232
116.351 2101 45.8367
116.469 2138 46.2385
116.586 2132 46.1736
116.704 2069 45.4863
116.821 2113 45.9674
116.939 2020 44.9444
117.056 2039 45.1553
117.174 1857 43.0929
117.291 1712 41.3763
117.409 1676 40.939
117.526 1586 39.8246
117.644 1653 40.6571
117.761 1838 42.8719
117.879 1944 44.0908
117.996 1992 44.6318
118.114 2149 46.3573
118.231 2094 45.7602
118.349 2159 46.465
118.466 2188 46.7761
118.584 2245 47.3814
118.701 2264 47.5815
118.819 2117 46.0109
118.936 2045 45.2217
119.053 2043 45.1996
119.171 1973 44.4185
119.288 1883 43.3935
119.405 1823 42.6966
119.523 1744 41.7612
119.64 1672 40.8901
119.757 1729 41.5812
119.875 1891 43.4856
119.992 1959 44.2606
120.109 1999 44.7102
120.226 2084 45.6508
120.343 2031 45.0666
120.46 1983 44.5309
120.578 1941 44.0568
120.695 1829 42.7668
120.812 1676 40.939
120.929 1632 40.398
121.046 1594 39.9249
121.163 1504 38.7814
121.279 1676 40.939
121.396 1676 40.939
121.513 1808 42.5206
121.63 1894 43.5201
121.747 2042 45.1885
121.863 2020 44.9444
121.98 2057 45.3542
122.097 2063 45.4203
122.213 1970 44.3847
122.33 2049 45.2659
122.446 1992 44.6318
122.563 2019 44.9333
122.679 2017 44.911
122.795 1976 44.4522
122.912 1767 42.0357
123.028 1796 42.3792
123.144 1720 41.4729
123.26 1598 39.975
123.377 0 1
123.493 0 1
123.609 0 1
123.725 0 1
123.84 0 1
123.956 0 1
124.072 0 1
124.188 0 1
124.303 0 1
124.419 0 1
126.852 0 1
126.968 0 1
127.083 0 1
127.199 0 1
127.315 0 1
127.431 0 1
127.547 0 1
127.663 0 1
127.779 0 1
127.895 0 1
128.011 0 1
128.127 0 1
128.243 0 1
128.359 1844 42.9418
128.476 1712 41.3763
128.592 1700 41.2311
128.708 1814 42.5911
128.825 1929 43.9204
128.941 2029 45.0444
129.058 2032 45.0777
129.174 2035 45.111
129.291 2036 45.1221
129.408 2080 45.607
129.524 2041 45.1774
129.641 1854 43.0581
129.758 1812 42.5676
129.875 1696 41.1825
129.992 1624 40.2989
130.108 1697 41.1947
130.225 1627 40.3361
130.342 1769 42.0595
130.459 1835 42.8369
130.576 1965 44.3283
130.693 1992 44.6318
130.81 1986 44.5646
130.928 2032 45.0777
131.045 2161 46.4866
131.162 2086 45.6727
131.279 2002 44.7437
131.396 2140 46.2601
131.513 2000 44.7214
131.631 1986 44.5646
131.748 2043 45.1996
131.865 1895 43.5316
131.983 1775 42.1307
132.1 1752 41.8569
132.217 1825 42.72
132.335 1891 43.4856
132.452 2029 45.0444
132.57 2094 45.7602
132.687 1948 44.1362
132.804 2082 45.6289
132.922 2061 45.3982
133.039 2077 45.5741
133.157 1905 43.6463
133.274 1766 42.0238
133.392 1721 41.4849
133.509 1615 40.1871
133.627 1625 40.3113
133.744 1634 40.4228
133.862 1791 42.3202
133.979 1774 42.1189
134.097 1951 44.1701
134.214 1997 44.6878
134.332 1954 44.2041
134.449 1957 44.238
134.567 1963 44.3058
134.684 1937 44.0114
134.802 2148 46.3465
134.919 2142 46.2817
135.037 2081 45.618
135.154 2045 45.2217
135.272 1995 44.6654
135.389 1863 43.1625
135.507 1802 42.45
135.624 1701 41.2432
135.742 1756 41.9047
135.859 1861 43.1393
135.977 1970 44.3847
136.094 1970 44.3847
136.211 2037 45.1331
136.329 2025 45
136.446 1982 44.5197
136.564 1999 44.7102
136.681 1998 44.699
136.798 1870 43.2435
136.915 1816 42.6146
137.033 1683 41.0244
137.15 1638 40.4722
137.267 1579 39.7366
137.384 1580 39.7492
137.502 1737 41.6773
137.619 1716 41.4246
137.736 1866 43.1972
137.853 1943 44.0795
137.97 2030 45.0555
138.087 1881 43.3705
138.204 1963 44.3058
138.321 1996 44.6766
138.438 2081 45.618
138.555 2123 46.076
138.672 2145 46.3141
138.788 2072 45.5192
138.905 1937 44.0114
139.022 1972 44.4072
139.139 1885 43.4166
139.255 1836 42.8486
139.372 1858 43.1045
139.488 1934 43.9773
139.605 2039 45.1553
139.721 2134 46.1952
139.838 2096 45.7821
139.954 2090 45.7165
140.071 2025 45
140.187 2023 44.9778
140.303 2040 45.1664
140.419 1826 42.7317
140.535 1796 42.3792
140.652 1726 41.5452
140.768 0 1
140.884 0 1
141 0 1
141.115 0 1
141.231 0 1
141.347 0 1
141.463 0 1
141.578 0 1
141.694 0 1
144.104 0 1
144.219 0 1
144.335 0 1
144.45 0 1
144.566 0 1
144.682 0 1
144.798 0 1
144.914 0 1
145.03 0 1
145.146 1725 41.5331
145.262 1784 42.2374
145.378 1676 40.939
145.494 1567 39.5854
145.61 1573 39.6611
145.726 1550 39.37
145.842 1400 37.4166
145.959 1397 37.3765
146.075 1519 38.9744
146.192 1604 40.05
146.308 1661 40.7554
146.425 1716 41.4246
146.541 1646 40.5709
146.658 1661 40.7554
146.774 1736 41.6653
146.891 1764 42
147.008 1744 41.7612
147.125 1786 42.2611
147.241 1733 41.6293
147.358 1718 41.4488
147.475 1757 41.9166
147.592 1644 40.5463
147.709 1618 40.2244
147.826 1640 40.4969
147.943 1572 39.6485
148.06 1519 38.9744
148.177 1678 40.9634
148.294 1764 42
148.411 1704 41.2795
148.528 1757 41.9166
148.645 1688 41.0853
148.762 1724 41.5211
148.88 1689 41.0974
148.997 1623 40.2865
149.114 1593 39.9124
149.231 1468 38.3145
149.349 1488 38.5746
149.466 1354 36.7967
149.583 1348 36.7151
149.701 1406 37.4967
149.818 1459 38.1969
149.935 1549 39.3573
150.053 1527 39.0768
150.17 1590 39.8748
150.287 1599 39.9875
150.405 1661 40.7554
150.522 1693 41.1461
150.64 1717 41.4367
150.757 1699 41.2189
150.875 1645 40.5586
150.992 1665 40.8044
151.11 1671 40.8779
151.227 1661 40.7554
151.344 1558 39.4715
151.462 1441 37.9605
151.579 1482 38.4968
151.697 1563 39.5348
151.814 1608 40.0999
151.932 1684 41.0366
152.049 1746 41.7852
152.167 1744 41.7612
152.284 1646 40.5709
152.402 1751 41.845
152.519 1572 39.6485
152.636 1563 39.5348
152.754 1530 39.1152
152.871 1419 37.6696
152.989 1383 37.1887
153.106 1388 37.2559
153.223 1412 37.5766
153.341 1360 36.8782
153.458 1431 37.8286
153.575 1499 38.7169
153.693 1562 39.5221
153.81 1496 38.6782
153.927 1636 40.4475
154.044 1752 41.8569
154.162 1691 41.1218
154.279 1809 42.5323
154.396 1729 41.5812
154.513 1775 42.1307
154.63 1814 42.5911
154.747 1726 41.5452
154.864 1740 41.7133
154.981 1657 40.7063
155.098 1555 39.4335
155.215 1580 39.7492
155.332 1642 40.5216
155.449 1677 40.9512
155.566 1660 40.7431
155.683 1755 41.8927
155.8 1776 42.1426
155.917 1812 42.5676
156.033 1803 42.4617
156.15 0 1
156.267 0 1
156.383 0 1
156.5 0 1
156.617 0 1
156.733 0 1
156.85 0 1
156.966 0 1
157.082 0 1
157.199 0 1
157.315 0 1
157.431 0 1
157.547 0 1
157.664 0 1
157.78 0 1
157.896 0 1
158.012 0 1
158.128 0 1
158.244 0 1
158.359 0 1
158.475 0 1
158.591 0 1
158.706 0 1
