
6.15755 0 1
6.2731 0 1
6.3887 0 1
6.50437 0 1
6.62009 0 1
6.73587 0 1
6.8517 0 1
6.96759 0 1
7.08353 0 1
7.19952 0 1
7.31557 0 1
7.43166 0 1
7.54781 0 1
7.664 0 1
7.78024 0 1
7.89653 0 1
8.01286 0 1
8.12924 0 1
8.24567 0 1
8.36213 0 1
8.47864 0 1
8.59519 0 1
8.71178 0 1
8.82841 0 1
8.94508 0 1
9.06179 0 1
9.17853 0 1
9.29531 0 1
9.41212 0 1
9.52897 0 1
9.64584 0 1
9.76276 0 1
9.8797 0 1
9.99667 0 1
10.1137 0 1
10.2307 0 1
10.3478 0 1
10.4648 0 1
10.5819 0 1
10.6991 0 1
10.8162 0 1
10.9334 0 1
11.0506 0 1
11.1678 0 1
11.285 0 1
11.4023 0 1
11.5196 0 1
11.6369 0 1
11.7542 0 1
11.8715 0 1
11.9888 0 1
12.1062 0 1
12.2235 0 1
12.3409 0 1
12.4582 0 1
12.5756 0 1
12.693 0 1
12.8104 0 1
12.9278 0 1
13.0452 0 1
13.1626 0 1
13.28 0 1
13.3974 0 1
13.5149 0 1
13.6323 0 1
13.7497 0 1
13.8671 0 1
13.9845 0 1
14.1019 0 1
14.2193 0 1
14.3367 0 1
14.4541 0 1
14.5714 0 1
14.6888 0 1
14.8062 0 1
14.9235 0 1
15.0408 2169 46.5725
15.1581 2351 48.4871
15.2755 2451 49.5076
15.3927 2427 49.2646
15.51 2404 49.0306
15.6273 2354 48.518
15.7445 2298 47.9375
15.8617 2347 48.4458
15.9789 2399 48.9796
16.0961 2270 47.6445
16.2132 2363 48.6107
16.3304 2352 48.4974
16.4475 2301 47.9687
16.5646 2390 48.8876
16.6816 2383 48.816
16.7986 2469 49.689
16.9156 2520 50.1996
17.0326 2428 49.2747
17.1496 2541 50.4083
17.2665 2577 50.7642
17.3833 2559 50.5866
17.5002 2489 49.8899
17.617 2561 50.6063
17.7338 2485 49.8498
17.8505 2490 49.8999
17.9672 2508 50.0799
18.0839 2518 50.1797
18.2005 2522 50.2195
18.3171 2534 50.3389
18.4337 2453 49.5278
18.5502 2597 50.9608
18.6666 2721 52.1632
18.7831 2701 51.9711
18.8994 2702 51.9808
19.0158 2616 51.1468
19.1321 2521 50.2096
19.2483 2525 50.2494
19.3645 2231 47.2335
19.4806 2330 48.2701
19.5967 2240 47.3286
19.7128 2064 45.4313
19.8288 1889 43.4626
19.9447 1643 40.5339
20.0606 0 1
20.1764 0 1
20.2922 0 1
20.4079 0 1
20.5236 0 1
20.6392 0 1
20.7548 0 1
20.8702 0 1
23.3078 0 1
23.4233 0 1
23.539 0 1
23.6547 0 1
23.7704 0 1
23.8862 0 1
24.0021 0 1
24.118 0 1
24.234 0 1
24.35 0 1
24.4661 1282 35.805
24.5822 1453 38.1182
24.6984 1660 40.7431
24.8146 1864 43.1741
24.9309 1965 44.3283
25.0472 2148 46.3465
25.1636 2224 47.1593
25.28 2385 48.8365
25.3965 2567 50.6656
25.513 2549 50.4876
25.6296 2610 51.0882
25.7462 2660 51.5752
25.8628 2882 53.6843
25.9795 2775 52.6783
26.0962 2871 53.5817
26.213 2889 53.7494
26.3298 2883 53.6936
26.4466 2919 54.0278
26.5635 2934 54.1664
26.6804 2933 54.1572
26.7973 2910 53.9444
26.9143 2934 54.1664
27.0313 2947 54.2863
27.1483 2909 53.9351
27.2653 3025 55
27.3824 3031 55.0545
27.4996 3086 55.5518
27.6167 3077 55.4707
27.7339 2943 54.2494
27.8511 2979 54.5802
27.9683 3037 55.109
28.0855 2790 52.8205
28.2028 2935 54.1756
28.3201 2957 54.3783
28.4374 2884 53.7029
28.5547 2774 52.6688
28.6721 2679 51.7591
28.7894 2581 50.8035
28.9068 2646 51.4393
29.0242 2674 51.7107
29.1416 2647 51.449
29.259 2755 52.4881
29.3764 2729 52.2398
29.4939 2748 52.4214
29.6113 2915 53.9907
29.7288 2927 54.1018
29.8463 2876 53.6284
29.9638 2868 53.5537
30.0812 2857 53.4509
30.1987 2948 54.2955
30.3162 2903 53.8795
30.4337 2885 53.7122
30.5512 2872 53.591
30.6687 3002 54.7905
30.7862 3051 55.2359
30.9037 3192 56.4978
31.0212 3091 55.5968
31.1387 3073 55.4346
31.2562 3016 54.9181
31.3737 3013 54.8908
31.4912 2960 54.4059
31.6087 2876 53.6284
31.7262 3029 55.0364
31.8436 2920 54.037
31.9611 2963 54.4334
32.0785 2853 53.4135
32.1959 2827 53.1695
32.3134 2761 52.5452
32.4308 2633 51.3128
32.5482 2661 51.5849
32.6655 2660 51.5752
32.7829 2718 52.1344
32.9002 2681 51.7784
33.0176 2804 52.9528
33.1349 2849 53.376
33.2522 2764 52.5738
33.3694 2848 53.3667
33.4867 2836 53.2541
33.6039 2951 54.3231
33.7211 2881 53.6749
33.8383 2992 54.6992
33.9554 2876 53.6284
34.0725 2876 53.6284
34.1896 3014 54.8999
34.3067 2966 54.461
34.4237 3036 55.0999
34.5407 3210 56.6569
34.6577 3155 56.1694
34.7746 3114 55.8032
34.8915 3086 55.5518
35.0084 3046 55.1906
35.1252 3011 54.8726
35.242 2952 54.3323
35.3587 3016 54.9181
35.4755 3124 55.8928
35.5921 2937 54.1941
35.7088 3006 54.827
35.8254 2932 54.1479
35.9419 2749 52.4309
36.0584 2625 51.2348
36.1749 2432 49.3153
36.2913 2415 49.1426
36.4077 2279 47.7389
36.524 2348 48.4562
36.6403 2207 46.9787
36.7565 2221 47.1275
36.8727 2254 47.4763
36.9889 2149 46.3573
37.1049 1995 44.6654
37.221 0 1
37.3369 0 1
37.4529 0 1
37.5687 0 1
37.6845 0 1
37.8003 0 1
37.916 0 1
38.0316 0 1
38.1472 0 1
40.5851 0 1
40.7008 0 1
40.8164 0 1
40.9322 0 1
41.048 0 1
41.1639 0 1
41.2798 0 1
41.3958 0 1
41.5118 0 1
41.6279 0 1
41.744 1272 35.6651
41.8602 1491 38.6135
41.9765 1682 41.0122
42.0928 1833 42.8135
42.2091 1931 43.9431
42.3255 2193 46.8295
42.4419 2183 46.7226
42.5584 2405 49.0408
42.675 2442 49.4166
42.7915 2423 49.224
42.9081 2520 50.1996
43.0248 2712 52.0769
43.1415 2830 53.1977
43.2582 3005 54.8179
43.375 3075 55.4527
43.4918 3077 55.4707
43.6087 3063 55.3444
43.7256 2986 54.6443
43.8425 3015 54.909
43.9595 3049 55.2178
44.0765 2959 54.3967
44.1935 2887 53.7308
44.3106 3026 55.0091
44.4277 2945 54.2679
44.5448 2821 53.1131
44.6619 2746 52.4023
44.7791 2652 51.4976
44.8963 2599 50.9804
45.0136 2355 48.5283
45.1308 2346 48.4355
45.2481 2308 48.0416
45.3654 2337 48.3425
45.4827 2358 48.5592
45.6001 2447 49.4672
45.7174 2759 52.5262
45.8348 2784 52.7636
45.9522 2990 54.6809
46.0697 3006 54.827
46.1871 3043 55.1634
46.3046 2894 53.7959
46.422 3051 55.2359
46.5395 2987 54.6535
46.657 3140 56.0357
46.7745 3191 56.4889
46.892 3327 57.6802
47.0096 3353 57.9051
47.1271 3358 57.9483
47.2446 3384 58.1722
47.3622 3245 56.9649
47.4797 3236 56.8859
47.5973 3088 55.5698
47.7149 3231 56.8419
47.8324 3167 56.2761
47.95 3180 56.3915
48.0675 3119 55.848
48.1851 3092 55.6058
48.3027 2965 54.4518
48.4202 2658 51.5558
48.5378 2604 51.0294
48.6554 2444 49.4368
48.7729 2390 48.8876
48.8904 2338 48.3529
49.008 2363 48.6107
49.1255 2585 50.8429
49.243 2704 52
49.3605 2957 54.3783
49.478 3060 55.3173
49.5955 3152 56.1427
49.713 3175 56.3471
49.8304 3150 56.1249
49.9479 3167 56.2761
50.0653 3081 55.5068
50.1827 3160 56.2139
50.3001 3340 57.7927
50.4175 3358 57.9483
50.5348 3370 58.0517
50.6521 3364 58
50.7694 3526 59.3801
50.8867 3503 59.1861
51.004 3376 58.1034
51.1212 3367 58.0259
51.2384 3316 57.5847
51.3556 3481 59
51.4727 3456 58.7878
51.5899 3422 58.4979
51.707 3161 56.2228
51.824 3178 56.3738
51.9411 2849 53.376
52.0581 2565 50.6458
52.175 2477 49.7695
52.2919 2490 49.8999
52.4088 2414 49.1325
52.5257 2525 50.2494
52.6425 2572 50.7149
52.7593 2784 52.7636
52.876 2878 53.647
52.9927 3016 54.9181
53.1094 2927 54.1018
53.226 3013 54.8908
53.3426 2993 54.7083
53.4591 2907 53.9166
53.5756 2820 53.1037
53.692 2678 51.7494
53.8084 2561 50.6063
53.9248 2656 51.5364
54.0411 2498 49.98
54.1573 2412 49.1121
54.2735 0 1
54.3896 0 1
54.5057 0 1
54.6217 0 1
54.7377 0 1
54.8537 0 1
54.9695 0 1
55.0853 0 1
55.2011 0 1
55.3168 0 1
55.4324 0 1
57.824 0 1
57.9396 0 1
58.0553 0 1
58.1711 0 1
58.2869 0 1
58.4028 0 1
58.5187 0 1
58.6347 0 1
58.7508 0 1
58.8669 0 1
58.983 2702 51.9808
59.0992 3077 55.4707
59.2155 3312 57.55
59.3318 3595 59.9583
59.4482 3702 60.8441
59.5646 3830 61.887
59.681 4003 63.2693
59.7975 4228 65.0231
59.9141 4155 64.4593
60.0306 4098 64.0156
60.1473 4170 64.5755
60.2639 4440 66.6333
60.3807 4377 66.1589
60.4974 4060 63.7181
60.6142 3818 61.79
60.731 3461 58.8303
60.8479 3160 56.2139
60.9648 3074 55.4437
61.0818 2952 54.3323
61.1987 3114 55.8032
61.3158 3225 56.7891
61.4328 3603 60.025
61.5499 3932 62.7057
61.667 4295 65.5362
61.7841 4527 67.283
61.9013 4662 68.2788
62.0185 4690 68.4836
62.1357 4717 68.6804
62.253 4621 67.9779
62.3702 4604 67.8528
62.4875 4884 69.8856
62.6049 4856 69.685
62.7222 4886 69.8999
62.8396 4987 70.6187
62.9569 5188 72.0278
63.0743 5167 71.8818
63.1918 4958 70.4131
63.3092 4927 70.1926
63.4267 4846 69.6132
63.5441 4773 69.0869
63.6616 4963 70.4486
63.7791 4947 70.3349
63.8966 4720 68.7023
64.0142 4521 67.2384
64.1317 4272 65.3605
64.2492 3838 61.9516
64.3668 3429 58.5577
64.4843 3049 55.2178
64.6019 2980 54.5894
64.7195 3014 54.8999
64.837 3182 56.4092
64.9546 3466 58.8727
65.0722 3960 62.9285
65.1898 4321 65.7343
65.3074 4561 67.5352
65.4249 4873 69.8069
65.5425 4890 69.9285
65.6601 5084 71.3022
65.7777 4889 69.9214
65.8952 4919 70.1356
66.0128 4902 70.0143
66.1304 5015 70.8167
66.2479 5030 70.9225
66.3655 5145 71.7287
66.483 5226 72.2911
66.6005 5332 73.0205
66.718 5509 74.2226
66.8355 5262 72.5396
66.953 5122 71.5681
67.0705 5234 72.3464
67.1879 5075 71.239
67.3054 5085 71.3092
67.4228 5117 71.5332
67.5402 4970 70.4982
67.6576 4876 69.8284
67.7749 4386 66.2269
67.8923 3805 61.6847
68.0096 3316 57.5847
68.1269 3088 55.5698
68.2442 2896 53.8145
68.3614 3012 54.8817
68.4787 3184 56.4269
68.5958 3663 60.5227
68.713 4024 63.435
68.8302 4655 68.2276
68.9473 5000 70.7107
69.0643 5009 70.7743
69.1814 5309 72.8629
69.2984 5216 72.2219
69.4154 5057 71.1126
69.5323 4874 69.814
69.6492 4742 68.8622
69.7661 4890 69.9285
69.8829 4965 70.4628
69.9997 4974 70.5266
70.1165 4797 69.2604
70.2332 4887 69.9071
70.3499 4760 68.9928
70.4665 4547 67.4314
70.5831 4252 65.2074
70.6996 4120 64.1872
70.8161 4052 63.6553
70.9326 3728 61.0574
71.049 3717 60.9672
71.1653 3387 58.1979
71.2817 3161 56.2228
71.3979 2687 51.8363
71.5141 2339 48.3632
71.6303 1791 42.3202
71.7464 1266 35.5809
71.8624 0 1
71.9784 0 1
72.0944 0 1
72.2102 0 1
72.3261 0 1
72.4418 0 1
72.5575 0 1
72.6732 0 1
75.1054 0 1
75.2209 0 1
75.3365 0 1
75.4521 0 1
75.5678 0 1
75.6835 0 1
75.7993 0 1
75.9151 0 1
76.031 0 1
76.147 3743 61.1801
76.263 4093 63.9766
76.3791 4129 64.2573
76.4952 4182 64.6684
76.6113 4108 64.0937
76.7276 3786 61.5305
76.8438 3439 58.643
76.9601 3144 56.0714
77.0765 2907 53.9166
77.1929 2813 53.0377
77.3093 2735 52.2972
77.4258 2823 53.1319
77.5423 3277 57.2451
77.6589 3858 62.1128
77.7755 4424 66.5132
77.8921 5039 70.9859
78.0088 5432 73.7021
78.1256 5544 74.458
78.2423 5586 74.7395
78.3591 5683 75.3857
78.4759 5477 74.0068
78.5928 5587 74.7462
78.7097 5475 73.9932
78.8266 5559 74.5587
78.9436 5957 77.1816
79.0606 5723 75.6505
79.1776 5940 77.0714
79.2946 6094 78.0641
79.4117 5974 77.2917
79.5288 6112 78.1793
79.6459 5903 76.831
79.7631 5806 76.1971
79.8802 5977 77.3111
79.9974 5800 76.1577
80.1147 6085 78.0064
80.2319 5844 76.4461
80.3491 5409 73.5459
80.4664 4847 69.6204
80.5837 4117 64.1639
80.701 3547 59.5567
80.8183 3154 56.1605
80.9357 3049 55.2178
81.053 3125 55.9017
81.1704 3404 58.3438
81.2877 4033 63.5059
81.4051 4852 69.6563
81.5225 5617 74.9466
81.6399 6214 78.8289
81.7573 6473 80.455
81.8747 6532 80.8208
81.9922 6533 80.827
82.1096 6429 80.181
82.227 6216 78.8416
82.3444 6333 79.5801
82.4619 6533 80.827
82.5793 6702 81.8657
82.6967 6680 81.7313
82.8142 6819 82.5772
82.9316 7102 84.2734
83.049 6895 83.0361
83.1664 6910 83.1264
83.2838 6711 81.9207
83.4012 6828 82.6317
83.5186 6615 81.3327
83.636 6600 81.2404
83.7534 6650 81.5475
83.8708 6325 79.5299
83.9881 5922 76.9545
84.1055 5285 72.698
84.2228 4734 68.8041
84.3401 4191 64.7379
84.4575 3505 59.203
84.5747 3431 58.5747
84.692 3363 57.9914
84.8093 3781 61.4898
84.9265 4472 66.873
85.0437 5521 74.3034
85.1609 6287 79.2906
85.2781 6955 83.3966
85.3952 7397 86.0058
85.5123 7431 86.2032
85.6294 7233 85.047
85.7465 7123 84.3979
85.8636 7009 83.7198
85.9806 7057 84.006
86.0976 7220 84.9706
86.2145 7491 86.5506
86.3315 7692 87.704
86.4484 7542 86.8447
86.5652 7730 87.9204
86.682 7511 86.666
86.7988 7244 85.1117
86.9156 7116 84.3564
87.0323 6780 82.3408
87.149 6694 81.8169
87.2657 6606 81.2773
87.3823 6496 80.5978
87.4988 6440 80.2496
87.6154 5664 75.2596
87.7318 4995 70.6753
87.8483 4321 65.7343
87.9647 3506 59.2115
88.081 2965 54.4518
88.1973 2683 51.7977
88.3136 2772 52.6498
88.4298 2920 54.037
88.546 3478 58.9746
88.6621 3884 62.3217
88.7781 4482 66.9477
88.8942 0 1
89.0101 0 1
89.126 0 1
89.2419 0 1
89.3577 0 1
89.4734 0 1
89.5891 0 1
89.7047 0 1
89.8203 0 1
89.9358 0 1
92.3269 0 1
92.4424 0 1
92.558 0 1
92.6736 0 1
92.7893 0 1
92.905 0 1
93.0208 0 1
93.1366 0 1
93.2525 0 1
93.3685 0 1
93.4845 0 1
93.6005 3187 56.4535
93.7167 3431 58.5747
93.8328 3882 62.3057
93.949 4857 69.6922
94.0653 5751 75.8353
94.1816 6697 81.8352
94.2979 7367 85.8312
94.4143 8066 89.8109
94.5307 8203 90.5704
94.6472 8559 92.5149
94.7637 8601 92.7416
94.8803 8597 92.72
94.9969 8428 91.8041
95.1135 8470 92.0326
95.2302 8684 93.188
95.3469 8823 93.9308
95.4637 8975 94.7365
95.5805 8921 94.451
95.6973 9034 95.0474
95.8142 9062 95.1945
95.9311 8901 94.3451
96.048 8943 94.5674
96.1649 8579 92.6229
96.2819 8675 93.1397
96.3989 8570 92.5743
96.516 8116 90.0888
96.633 7714 87.8294
96.7501 7107 84.303
96.8673 6360 79.7496
96.9844 5622 74.98
97.1016 4934 70.2424
97.2188 4478 66.9179
97.336 4409 66.4003
97.4532 4502 67.0969
97.5704 5143 71.7147
97.6877 6077 77.9551
97.805 7190 84.7939
97.9223 8115 90.0833
98.0396 8614 92.8116
98.1569 9252 96.1873
98.2743 9359 96.7419
98.3916 9078 95.2785
98.509 9098 95.3834
98.6264 8886 94.2656
98.7438 8826 93.9468
98.8612 9128 95.5406
98.9786 9514 97.5397
99.096 9458 97.2522
99.2134 9627 98.1173
99.3308 9433 97.1236
99.4482 9624 98.102
99.5656 9315 96.5142
99.6831 9392 96.9123
99.8005 9335 96.6178
99.9179 9099 95.3887
100.035 9148 95.6452
100.153 8948 94.5939
100.27 8254 90.8515
100.388 7245 85.1176
100.505 6326 79.5362
100.622 5582 74.7128
100.74 4946 70.3278
100.857 4693 68.5055
100.975 4697 68.5347
101.092 5018 70.8378
101.209 5996 77.4338
101.327 7066 84.0595
101.444 8186 90.4765
101.561 8949 94.5992
101.679 9518 97.5602
101.796 9522 97.5807
101.913 9605 98.0051
102.03 9400 96.9536
102.148 9334 96.6126
102.265 9250 96.1769
102.382 9072 95.247
102.499 9597 97.9643
102.616 9615 98.0561
102.733 9797 98.9798
102.851 9898 99.4887
102.968 9787 98.9293
103.085 9842 99.2069
103.202 9496 97.4474
103.319 9347 96.6799
103.436 9364 96.7678
103.552 9265 96.2549
103.669 9200 95.9166
103.786 8658 93.0484
103.903 8149 90.2718
104.02 7018 83.7735
104.137 6225 78.8987
104.253 5475 73.9932
104.37 4972 70.5124
104.487 4725 68.7386
104.603 4858 69.6994
104.72 5388 73.403
104.836 6029 77.6466
104.953 6529 80.8022
105.069 7448 86.3018
105.186 7413 86.0988
105.302 7656 87.4986
105.418 7378 85.8953
105.535 7128 84.4275
105.651 6522 80.7589
105.767 6323 79.5173
105.883 5548 74.4849
105.999 5367 73.2598
106.115 0 1
106.231 0 1
106.347 0 1
106.463 0 1
106.579 0 1
106.694 0 1
106.81 0 1
106.926 0 1
107.041 0 1
107.157 0 1
109.576 0 1
109.692 0 1
109.807 0 1
109.923 0 1
110.039 0 1
110.155 0 1
110.27 0 1
110.386 0 1
110.502 0 1
110.618 5525 74.3303
110.735 5913 76.896
110.851 6154 78.4474
110.967 6535 80.8393
111.083 7045 83.9345
111.199 7704 87.7724
111.316 7747 88.017
111.432 8359 91.4276
111.549 8452 91.9348
111.665 8603 92.7524
111.782 8785 93.7283
111.898 8723 93.397
112.015 8563 92.5365
112.132 8520 92.3038
112.248 8518 92.293
112.365 8569 92.5689
112.482 8193 90.5152
112.599 7191 84.7998
112.716 6346 79.6618
112.832 5703 75.5182
112.949 4900 70
113.066 4538 67.3647
113.183 4395 66.2948
113.3 4483 66.9552
113.417 4949 70.3491
113.534 5925 76.974
113.652 6953 83.3847
113.769 7780 88.2043
113.886 8212 90.6201
114.003 8558 92.5095
114.12 8654 93.0269
114.238 8440 91.8695
114.355 8175 90.4157
114.472 7884 88.7919
114.589 8032 89.6214
114.707 8270 90.9395
114.824 8575 92.6013
114.942 8531 92.3634
115.059 8492 92.152
115.176 8452 91.9348
115.294 8212 90.6201
115.411 8260 90.8845
115.529 8145 90.2497
115.646 7900 88.8819
115.764 7814 88.3968
115.881 7957 89.202
115.999 7710 87.8066
116.116 7422 86.151
116.234 6415 80.0937
116.351 5788 76.0789
116.469 5151 71.7705
116.586 4841 69.5773
116.704 4487 66.9851
116.821 4363 66.053
116.939 4450 66.7083
117.056 5041 71
117.174 5914 76.9025
117.291 6816 82.5591
117.409 7389 85.9593
117.526 7604 87.2009
117.644 8003 89.4595
117.761 7978 89.3197
117.879 7639 87.4014
117.996 7436 86.2322
118.114 7441 86.2612
118.231 7572 87.0172
118.349 7714 87.8294
118.466 7734 87.9432
118.584 7759 88.0852
118.701 7689 87.6869
118.819 7728 87.909
118.936 7593 87.1378
119.053 7580 87.0632
119.171 7422 86.151
119.288 7147 84.5399
119.405 6994 83.6301
119.523 7044 83.9285
119.64 7031 83.8511
119.757 6669 81.6639
119.875 6236 78.9683
119.992 5456 73.8647
120.109 4955 70.3918
120.226 4561 67.5352
120.343 4361 66.0379
120.46 4303 65.5973
120.578 4214 64.9153
120.695 4456 66.7533
120.812 4936 70.2567
120.929 5724 75.6571
121.046 6205 78.7718
121.163 6325 79.5299
121.279 6337 79.6053
121.396 6378 79.8624
121.513 6192 78.6893
121.63 6090 78.0385
121.747 5927 76.987
121.863 5833 76.3741
121.98 5890 76.7463
122.097 5751 75.8353
122.213 5748 75.8156
122.33 5535 74.3976
122.446 5587 74.7462
122.563 5194 72.0694
122.679 4944 70.3136
122.795 4674 68.3667
122.912 4447 66.6858
123.028 4108 64.0937
123.144 3822 61.8223
123.26 3617 60.1415
123.377 0 1
123.493 0 1
123.609 0 1
123.725 0 1
123.84 0 1
123.956 0 1
124.072 0 1
124.188 0 1
124.303 0 1
124.419 0 1
126.852 0 1
126.968 0 1
127.083 0 1
127.199 0 1
127.315 0 1
127.431 0 1
127.547 0 1
127.663 0 1
127.779 0 1
127.895 0 1
128.011 0 1
128.127 0 1
128.243 0 1
128.359 6570 81.0555
128.476 6814 82.547
128.592 6866 82.8613
128.708 6899 83.0602
128.825 6958 83.4146
128.941 6711 81.9207
129.058 6230 78.9303
129.174 5849 76.4788
129.291 5336 73.0479
129.408 5112 71.4983
129.524 4894 69.9571
129.641 4859 69.7065
129.758 5083 71.2952
129.875 5363 73.2325
129.992 5998 77.4468
130.108 6506 80.6598
130.225 6977 83.5284
130.342 7161 84.6227
130.459 7247 85.1293
130.576 7276 85.2995
130.693 7135 84.4689
130.81 7172 84.6877
130.928 7291 85.3874
131.045 7391 85.9709
131.162 7427 86.18
131.279 7639 87.4014
131.396 7633 87.367
131.513 7634 87.3728
131.631 7455 86.3423
131.748 7407 86.0639
131.865 7256 85.1822
131.983 7051 83.9702
132.1 7121 84.386
132.217 7148 84.5458
132.335 7075 84.113
132.452 6793 82.4197
132.57 6441 80.2558
132.687 6021 77.5951
132.804 5745 75.7958
132.922 5368 73.2666
133.039 5025 70.8872
133.157 4878 69.8427
133.274 4941 70.2922
133.392 5228 72.3049
133.509 5633 75.0533
133.627 6226 78.905
133.744 6420 80.1249
133.862 6745 82.1279
133.979 7157 84.5991
134.097 7147 84.5399
134.214 7058 84.0119
134.332 6731 82.0427
134.449 6881 82.9518
134.567 7107 84.303
134.684 7329 85.6096
134.802 7332 85.6271
134.919 7368 85.8371
135.037 7226 85.0059
135.154 7215 84.9412
135.272 7303 85.4576
135.389 7215 84.9412
135.507 6937 83.2887
135.624 6733 82.0549
135.742 6776 82.3165
135.859 7022 83.7974
135.977 6940 83.3067
136.094 6682 81.7435
136.211 6298 79.3599
136.329 5911 76.883
136.446 5680 75.3658
136.564 5353 73.1642
136.681 5144 71.7217
136.798 5196 72.0833
136.915 5044 71.0211
137.033 5258 72.5121
137.15 5441 73.7631
137.267 5901 76.818
137.384 6254 79.0822
137.502 6388 79.925
137.619 6662 81.6211
137.736 6754 82.1827
137.853 6303 79.3914
137.97 6482 80.5109
138.087 6378 79.8624
138.204 6630 81.4248
138.321 6565 81.0247
138.438 6618 81.3511
138.555 6521 80.7527
138.672 6552 80.9444
138.788 6270 79.1833
138.905 5992 77.408
139.022 5962 77.214
139.139 5573 74.6525
139.255 5440 73.7564
139.372 5254 72.4845
139.488 5072 71.218
139.605 4899 69.9929
139.721 4629 68.0368
139.838 4238 65.0999
139.954 4035 63.5216
140.071 3475 58.9491
140.187 3065 55.3624
140.303 2747 52.4118
140.419 2601 51
140.535 2398 48.9694
140.652 2269 47.634
140.768 0 1
140.884 0 1
141 0 1
141.115 0 1
141.231 0 1
141.347 0 1
141.463 0 1
141.578 0 1
141.694 0 1
144.104 0 1
144.219 0 1
144.335 0 1
144.45 0 1
144.566 0 1
144.682 0 1
144.798 0 1
144.914 0 1
145.03 0 1
145.146 4114 64.1405
145.262 4138 64.3273
145.378 4110 64.1093
145.494 3997 63.2218
145.61 4071 63.8044
145.726 3891 62.3779
145.842 4046 63.6082
145.959 4072 63.8122
146.075 4180 64.6529
146.192 4358 66.0151
146.308 4559 67.5204
146.425 4693 68.5055
146.541 4664 68.2935
146.658 4582 67.6905
146.774 4557 67.5056
146.891 4564 67.5574
147.008 4681 68.4178
147.125 4871 69.7925
147.241 4998 70.6965
147.358 5008 70.7672
147.475 5028 70.9084
147.592 4955 70.3918
147.709 4915 70.1071
147.826 4887 69.9071
147.943 4843 69.5917
148.06 4750 68.9202
148.177 4587 67.7274
148.294 4626 68.0147
148.411 4596 67.7938
148.528 4775 69.1014
148.645 4616 67.9412
148.762 4612 67.9117
148.88 4514 67.1863
148.997 4506 67.1267
149.114 4242 65.1306
149.231 4124 64.2184
149.349 4264 65.2993
149.466 3929 62.6817
149.583 4064 63.7495
149.701 4088 63.9375
149.818 4157 64.4748
149.935 4304 65.6049
150.053 4314 65.681
150.17 4437 66.6108
150.287 4432 66.5733
150.405 4425 66.5207
150.522 4508 67.1416
150.64 4432 66.5733
150.757 4602 67.838
150.875 4872 69.7997
150.992 4833 69.5198
151.11 4874 69.814
151.227 4761 69
151.344 4766 69.0362
151.462 4764 69.0217
151.579 4618 67.9559
151.697 4503 67.1044
151.814 4472 66.873
151.932 4440 66.6333
152.049 4485 66.9701
152.167 4499 67.0746
152.284 4571 67.6092
152.402 4436 66.6033
152.519 4292 65.5134
152.636 4338 65.8635
152.754 4142 64.3584
152.871 4064 63.7495
152.989 4067 63.773
153.106 3873 62.2334
153.223 3773 61.4248
153.341 3864 62.1611
153.458 3921 62.6179
153.575 4056 63.6867
153.693 4090 63.9531
153.81 4130 64.2651
153.927 4065 63.7574
154.044 4155 64.4593
154.162 4090 63.9531
154.279 4205 64.846
154.396 4198 64.792
154.513 4469 66.8506
154.63 4546 67.424
154.747 4437 66.6108
154.864 4521 67.2384
154.981 4377 66.1589
155.098 4156 64.467
155.215 4236 65.0846
155.332 4087 63.9296
155.449 4109 64.1015
155.566 4012 63.3404
155.683 4046 63.6082
155.8 4022 63.4192
155.917 4108 64.0937
156.033 3857 62.1048
156.15 0 1
156.267 0 1
156.383 0 1
156.5 0 1
156.617 0 1
156.733 0 1
156.85 0 1
156.966 0 1
157.082 0 1
157.199 0 1
157.315 0 1
157.431 0 1
157.547 0 1
157.664 0 1
157.78 0 1
157.896 0 1
158.012 0 1
158.128 0 1
158.244 0 1
158.359 0 1
158.475 0 1
158.591 0 1
158.706 0 1
