
6.15755 0 1
6.2731 0 1
6.3887 0 1
6.50437 0 1
6.62009 0 1
6.73587 0 1
6.8517 0 1
6.96759 0 1
7.08353 0 1
7.19952 0 1
7.31557 0 1
7.43166 0 1
7.54781 0 1
7.664 0 1
7.78024 0 1
7.89653 0 1
8.01286 0 1
8.12924 0 1
8.24567 0 1
8.36213 0 1
8.47864 0 1
8.59519 0 1
8.71178 0 1
8.82841 0 1
8.94508 0 1
9.06179 0 1
9.17853 0 1
9.29531 0 1
9.41212 0 1
9.52897 0 1
9.64584 0 1
9.76276 0 1
9.8797 0 1
9.99667 0 1
10.1137 0 1
10.2307 0 1
10.3478 0 1
10.4648 0 1
10.5819 0 1
10.6991 0 1
10.8162 0 1
10.9334 0 1
11.0506 0 1
11.1678 0 1
11.285 0 1
11.4023 0 1
11.5196 0 1
11.6369 0 1
11.7542 0 1
11.8715 0 1
11.9888 0 1
12.1062 0 1
12.2235 0 1
12.3409 0 1
12.4582 0 1
12.5756 0 1
12.693 0 1
12.8104 0 1
12.9278 0 1
13.0452 0 1
13.1626 0 1
13.28 0 1
13.3974 0 1
13.5149 0 1
13.6323 0 1
13.7497 0 1
13.8671 0 1
13.9845 0 1
14.1019 0 1
14.2193 0 1
14.3367 0 1
14.4541 0 1
14.5714 0 1
14.6888 0 1
14.8062 0 1
14.9235 0 1
15.0408 770 27.7489
15.1581 805 28.3725
15.2755 863 29.3769
15.3927 880 29.6648
15.51 888 29.7993
15.6273 855 29.2404
15.7445 871 29.5127
15.8617 785 28.0179
15.9789 829 28.7924
16.0961 818 28.6007
16.2132 870 29.4958
16.3304 781 27.9464
16.4475 843 29.0345
16.5646 863 29.3769
16.6816 937 30.6105
16.7986 885 29.7489
16.9156 1006 31.7175
17.0326 948 30.7896
17.1496 933 30.545
17.2665 979 31.289
17.3833 927 30.4467
17.5002 936 30.5941
17.617 939 30.6431
17.7338 879 29.6479
17.8505 824 28.7054
17.9672 827 28.7576
18.0839 828 28.775
18.2005 847 29.1033
18.3171 919 30.315
18.4337 960 30.9839
18.5502 957 30.9354
18.6666 966 31.0805
18.7831 969 31.1288
18.8994 997 31.5753
19.0158 944 30.7246
19.1321 911 30.1828
19.2483 913 30.2159
19.3645 823 28.688
19.4806 794 28.178
19.5967 774 27.8209
19.7128 662 25.7294
19.8288 587 24.2281
19.9447 592 24.3311
20.0606 0 1
20.1764 0 1
20.2922 0 1
20.4079 0 1
20.5236 0 1
20.6392 0 1
20.7548 0 1
20.8702 0 1
23.3078 0 1
23.4233 0 1
23.539 0 1
23.6547 0 1
23.7704 0 1
23.8862 0 1
24.0021 0 1
24.118 0 1
24.234 0 1
24.35 0 1
24.4661 385 19.6214
24.5822 432 20.7846
24.6984 515 22.6936
24.8146 588 24.2487
24.9309 590 24.2899
25.0472 657 25.632
25.1636 745 27.2947
25.28 799 28.2666
25.3965 832 28.8444
25.513 885 29.7489
25.6296 894 29.8998
25.7462 936 30.5941
25.8628 942 30.692
25.9795 1010 31.7805
26.0962 1018 31.9061
26.213 951 30.8383
26.3298 860 29.3258
26.4466 920 30.3315
26.5635 807 28.4077
26.6804 856 29.2575
26.7973 941 30.6757
26.9143 895 29.9166
27.0313 888 29.7993
27.1483 937 30.6105
27.2653 906 30.0998
27.3824 975 31.225
27.4996 968 31.1127
27.6167 930 30.4959
27.7339 915 30.249
27.8511 884 29.7321
27.9683 901 30.0167
28.0855 900 30
28.2028 806 28.3901
28.3201 829 28.7924
28.4374 786 28.0357
28.5547 794 28.178
28.6721 808 28.4253
28.7894 788 28.0713
28.9068 897 29.95
29.0242 924 30.3974
29.1416 943 30.7083
29.259 931 30.5123
29.3764 952 30.8545
29.4939 899 29.9833
29.6113 912 30.1993
29.7288 893 29.8831
29.8463 891 29.8496
29.9638 842 29.0172
30.0812 761 27.5862
30.1987 825 28.7228
30.3162 840 28.9828
30.4337 810 28.4605
30.5512 922 30.3645
30.6687 891 29.8496
30.7862 929 30.4795
30.9037 981 31.3209
31.0212 947 30.7734
31.1387 893 29.8831
31.2562 933 30.545
31.3737 901 30.0167
31.4912 872 29.5296
31.6087 798 28.2489
31.7262 810 28.4605
31.8436 774 27.8209
31.9611 787 28.0535
32.0785 775 27.8388
32.1959 817 28.5832
32.3134 814 28.5307
32.4308 786 28.0357
32.5482 885 29.7489
32.6655 888 29.7993
32.7829 894 29.8998
32.9002 878 29.6311
33.0176 897 29.95
33.1349 899 29.9833
33.2522 891 29.8496
33.3694 906 30.0998
33.4867 857 29.2746
33.6039 747 27.3313
33.7211 783 27.9821
33.8383 825 28.7228
33.9554 742 27.2397
34.0725 818 28.6007
34.1896 857 29.2746
34.3067 897 29.95
34.4237 907 30.1164
34.5407 897 29.95
34.6577 879 29.6479
34.7746 850 29.1548
34.8915 855 29.2404
35.0084 836 28.9137
35.1252 782 27.9643
35.242 801 28.3019
35.3587 794 28.178
35.4755 805 28.3725
35.5921 771 27.7669
35.7088 684 26.1534
35.8254 711 26.6646
35.9419 754 27.4591
36.0584 802 28.3196
36.1749 753 27.4408
36.2913 818 28.6007
36.4077 780 27.9285
36.524 812 28.4956
36.6403 722 26.8701
36.7565 738 27.1662
36.8727 702 26.4953
36.9889 646 25.4165
37.1049 531 23.0434
37.221 0 1
37.3369 0 1
37.4529 0 1
37.5687 0 1
37.6845 0 1
37.8003 0 1
37.916 0 1
38.0316 0 1
38.1472 0 1
40.5851 0 1
40.7008 0 1
40.8164 0 1
40.9322 0 1
41.048 0 1
41.1639 0 1
41.2798 0 1
41.3958 0 1
41.5118 0 1
41.6279 0 1
41.744 415 20.3715
41.8602 517 22.7376
41.9765 486 22.0454
42.0928 520 22.8035
42.2091 519 22.7816
42.3255 527 22.9565
42.4419 532 23.0651
42.5584 517 22.7376
42.675 554 23.5372
42.7915 565 23.7697
42.9081 621 24.9199
43.0248 709 26.6271
43.1415 698 26.4197
43.2582 714 26.7208
43.375 758 27.5318
43.4918 736 27.1293
43.6087 752 27.4226
43.7256 734 27.0924
43.8425 738 27.1662
43.9595 637 25.2389
44.0765 688 26.2298
44.1935 695 26.3629
44.3106 638 25.2587
44.4277 615 24.7992
44.5448 567 23.8118
44.6619 626 25.02
44.7791 644 25.3772
44.8963 652 25.5343
45.0136 736 27.1293
45.1308 725 26.9258
45.2481 734 27.0924
45.3654 692 26.3059
45.4827 767 27.6948
45.6001 766 27.6767
45.7174 703 26.5141
45.8348 688 26.2298
45.9522 699 26.4386
46.0697 655 25.593
46.1871 614 24.779
46.3046 614 24.779
46.422 679 26.0576
46.5395 696 26.3818
46.657 669 25.865
46.7745 733 27.074
46.892 750 27.3861
47.0096 749 27.3679
47.1271 733 27.074
47.2446 780 27.9285
47.3622 714 26.7208
47.4797 739 27.1846
47.5973 753 27.4408
47.7149 736 27.1293
47.8324 656 25.6125
47.95 644 25.3772
48.0675 635 25.1992
48.1851 655 25.593
48.3027 631 25.1197
48.4202 643 25.3574
48.5378 727 26.9629
48.6554 768 27.7128
48.7729 773 27.8029
48.8904 805 28.3725
49.008 730 27.0185
49.1255 717 26.7769
49.243 717 26.7769
49.3605 630 25.0998
49.478 615 24.7992
49.5955 635 25.1992
49.713 560 23.6643
49.8304 557 23.6008
49.9479 578 24.0416
50.0653 656 25.6125
50.1827 650 25.4951
50.3001 687 26.2107
50.4175 751 27.4044
50.5348 760 27.5681
50.6521 736 27.1293
50.7694 822 28.6705
50.8867 753 27.4408
51.004 713 26.7021
51.1212 727 26.9629
51.2384 660 25.6905
51.3556 674 25.9615
51.4727 678 26.0384
51.5899 588 24.2487
51.707 570 23.8747
51.824 583 24.1454
51.9411 639 25.2784
52.0581 722 26.8701
52.175 735 27.1109
52.2919 789 28.0891
52.4088 760 27.5681
52.5257 795 28.1957
52.6425 716 26.7582
52.7593 751 27.4044
52.876 748 27.3496
52.9927 671 25.9037
53.1094 643 25.3574
53.226 585 24.1868
53.3426 559 23.6432
53.4591 571 23.8956
53.5756 557 23.6008
53.692 567 23.8118
53.8084 599 24.4745
53.9248 569 23.8537
54.0411 578 24.0416
54.1573 480 21.9089
54.2735 0 1
54.3896 0 1
54.5057 0 1
54.6217 0 1
54.7377 0 1
54.8537 0 1
54.9695 0 1
55.0853 0 1
55.2011 0 1
55.3168 0 1
55.4324 0 1
57.824 0 1
57.9396 0 1
58.0553 0 1
58.1711 0 1
58.2869 0 1
58.4028 0 1
58.5187 0 1
58.6347 0 1
58.7508 0 1
58.8669 0 1
58.983 521 22.8254
59.0992 613 24.7588
59.2155 664 25.7682
59.3318 685 26.1725
59.4482 760 27.5681
59.5646 818 28.6007
59.681 802 28.3196
59.7975 852 29.189
59.9141 865 29.4109
60.0306 837 28.931
60.1473 805 28.3725
60.2639 811 28.4781
60.3807 745 27.2947
60.4974 738 27.1662
60.6142 862 29.3598
60.731 826 28.7402
60.8479 910 30.1662
60.9648 875 29.5804
61.0818 990 31.4643
61.1987 892 29.8664
61.3158 902 30.0333
61.4328 816 28.5657
61.5499 885 29.7489
61.667 824 28.7054
61.7841 706 26.5707
61.9013 766 27.6767
62.0185 758 27.5318
62.1357 782 27.9643
62.253 813 28.5132
62.3702 870 29.4958
62.4875 898 29.9666
62.6049 921 30.348
62.7222 978 31.273
62.8396 955 30.9031
62.9569 926 30.4302
63.0743 941 30.6757
63.1918 917 30.282
63.3092 904 30.0666
63.4267 895 29.9166
63.5441 870 29.4958
63.6616 850 29.1548
63.7791 777 27.8747
63.8966 672 25.923
64.0142 743 27.258
64.1317 763 27.6225
64.2492 812 28.4956
64.3668 871 29.5127
64.4843 926 30.4302
64.6019 937 30.6105
64.7195 965 31.0644
64.837 1031 32.1092
64.9546 925 30.4138
65.0722 911 30.1828
65.1898 864 29.3939
65.3074 723 26.8887
65.4249 738 27.1662
65.5425 679 26.0576
65.6601 756 27.4955
65.7777 755 27.4773
65.8952 844 29.0517
66.0128 897 29.95
66.1304 950 30.8221
66.2479 948 30.7896
66.3655 944 30.7246
66.483 976 31.241
66.6005 956 30.9192
66.718 934 30.5614
66.8355 936 30.5941
66.953 900 30
67.0705 945 30.7409
67.1879 893 29.8831
67.3054 813 28.5132
67.4228 798 28.2489
67.5402 737 27.1477
67.6576 754 27.4591
67.7749 789 28.0891
67.8923 808 28.4253
68.0096 895 29.9166
68.1269 1000 31.6228
68.2442 931 30.5123
68.3614 988 31.4325
68.4787 1020 31.9374
68.5958 1023 31.9844
68.713 947 30.7734
68.8302 896 29.9333
68.9473 854 29.2233
69.0643 815 28.5482
69.1814 760 27.5681
69.2984 742 27.2397
69.4154 875 29.5804
69.5323 923 30.3809
69.6492 988 31.4325
69.7661 1057 32.5115
69.8829 1077 32.8177
69.9997 1026 32.0312
70.1165 1055 32.4808
70.2332 1064 32.619
70.3499 989 31.4484
70.4665 969 31.1288
70.5831 978 31.273
70.6996 891 29.8496
70.8161 874 29.5635
70.9326 748 27.3496
71.049 642 25.3377
71.1653 549 23.4307
71.2817 474 21.7715
71.3979 462 21.4942
71.5141 392 19.799
71.6303 378 19.4422
71.7464 393 19.8242
71.8624 0 1
71.9784 0 1
72.0944 0 1
72.2102 0 1
72.3261 0 1
72.4418 0 1
72.5575 0 1
72.6732 0 1
75.1054 0 1
75.2209 0 1
75.3365 0 1
75.4521 0 1
75.5678 0 1
75.6835 0 1
75.7993 0 1
75.9151 0 1
76.031 0 1
76.147 666 25.807
76.263 671 25.9037
76.3791 684 26.1534
76.4952 621 24.9199
76.6113 681 26.096
76.7276 694 26.3439
76.8438 711 26.6646
76.9601 819 28.6182
77.0765 872 29.5296
77.1929 808 28.4253
77.3093 905 30.0832
77.4258 814 28.5307
77.5423 835 28.8964
77.6589 896 29.9333
77.7755 760 27.5681
77.8921 705 26.5518
78.0088 707 26.5895
78.1256 631 25.1197
78.2423 620 24.8998
78.3591 641 25.318
78.4759 708 26.6083
78.5928 773 27.8029
78.7097 759 27.55
78.8266 798 28.2489
78.9436 832 28.8444
79.0606 796 28.2135
79.1776 835 28.8964
79.2946 842 29.0172
79.4117 848 29.1204
79.5288 865 29.4109
79.6459 812 28.4956
79.7631 810 28.4605
79.8802 840 28.9828
79.9974 758 27.5318
80.1147 674 25.9615
80.2319 621 24.9199
80.3491 691 26.2869
80.4664 674 25.9615
80.5837 741 27.2213
80.701 796 28.2135
80.8183 856 29.2575
80.9357 848 29.1204
81.053 803 28.3373
81.1704 890 29.8329
81.2877 855 29.2404
81.4051 817 28.5832
81.5225 709 26.6271
81.6399 661 25.7099
81.7573 638 25.2587
81.8747 596 24.4131
81.9922 636 25.219
82.1096 678 26.0384
82.227 738 27.1662
82.3444 793 28.1603
82.4619 851 29.1719
82.5793 841 29
82.6967 851 29.1719
82.8142 824 28.7054
82.9316 845 29.0689
83.049 832 28.8444
83.1664 853 29.2062
83.2838 855 29.2404
83.4012 793 28.1603
83.5186 852 29.189
83.636 827 28.7576
83.7534 752 27.4226
83.8708 623 24.96
83.9881 637 25.2389
84.1055 683 26.1343
84.2228 734 27.0924
84.3401 782 27.9643
84.4575 808 28.4253
84.5747 891 29.8496
84.692 853 29.2062
84.8093 865 29.4109
84.9265 865 29.4109
85.0437 849 29.1376
85.1609 772 27.7849
85.2781 722 26.8701
85.3952 673 25.9422
85.5123 602 24.5357
85.6294 653 25.5539
85.7465 715 26.7395
85.8636 805 28.3725
85.9806 819 28.6182
86.0976 878 29.6311
86.2145 860 29.3258
86.3315 865 29.4109
86.4484 881 29.6816
86.5652 844 29.0517
86.682 921 30.348
86.7988 905 30.0832
86.9156 856 29.2575
87.0323 831 28.8271
87.149 778 27.8927
87.2657 738 27.1662
87.3823 677 26.0192
87.4988 590 24.2899
87.6154 562 23.7065
87.7318 573 23.9374
87.8483 603 24.5561
87.9647 657 25.632
88.081 720 26.8328
88.1973 671 25.9037
88.3136 661 25.7099
88.4298 620 24.8998
88.546 548 23.4094
88.6621 470 21.6795
88.7781 381 19.5192
88.8942 0 1
89.0101 0 1
89.126 0 1
89.2419 0 1
89.3577 0 1
89.4734 0 1
89.5891 0 1
89.7047 0 1
89.8203 0 1
89.9358 0 1
92.3269 0 1
92.4424 0 1
92.558 0 1
92.6736 0 1
92.7893 0 1
92.905 0 1
93.0208 0 1
93.1366 0 1
93.2525 0 1
93.3685 0 1
93.4845 0 1
93.6005 614 24.779
93.7167 658 25.6515
93.8328 679 26.0576
93.949 696 26.3818
94.0653 718 26.7955
94.1816 731 27.037
94.2979 740 27.2029
94.4143 679 26.0576
94.5307 642 25.3377
94.6472 603 24.5561
94.7637 620 24.8998
94.8803 670 25.8844
94.9969 724 26.9072
95.1135 765 27.6586
95.2302 863 29.3769
95.3469 819 28.6182
95.4637 820 28.6356
95.5805 857 29.2746
95.6973 922 30.3645
95.8142 940 30.6594
95.9311 868 29.4618
96.048 889 29.8161
96.1649 842 29.0172
96.2819 750 27.3861
96.3989 771 27.7669
96.516 790 28.1069
96.633 715 26.7395
96.7501 639 25.2784
96.8673 669 25.865
96.9844 698 26.4197
97.1016 773 27.8029
97.2188 823 28.688
97.336 828 28.775
97.4532 926 30.4302
97.5704 825 28.7228
97.6877 853 29.2062
97.805 856 29.2575
97.9223 759 27.55
98.0396 709 26.6271
98.1569 650 25.4951
98.2743 657 25.632
98.3916 600 24.4949
98.509 665 25.7876
98.6264 739 27.1846
98.7438 799 28.2666
98.8612 851 29.1719
98.9786 887 29.7825
99.096 911 30.1828
99.2134 917 30.282
99.3308 920 30.3315
99.4482 932 30.5287
99.5656 872 29.5296
99.6831 929 30.4795
99.8005 911 30.1828
99.9179 899 29.9833
100.035 873 29.5466
100.153 795 28.1957
100.27 708 26.6083
100.388 714 26.7208
100.505 729 27
100.622 763 27.6225
100.74 808 28.4253
100.857 926 30.4302
100.975 915 30.249
101.092 894 29.8998
101.209 853 29.2062
101.327 973 31.1929
101.444 850 29.1548
101.561 772 27.7849
101.679 745 27.2947
101.796 722 26.8701
101.913 688 26.2298
102.03 703 26.5141
102.148 743 27.258
102.265 783 27.9821
102.382 889 29.8161
102.499 878 29.6311
102.616 912 30.1993
102.733 948 30.7896
102.851 949 30.8058
102.968 945 30.7409
103.085 959 30.9677
103.202 980 31.305
103.319 914 30.2324
103.436 888 29.7993
103.552 856 29.2575
103.669 839 28.9655
103.786 792 28.1425
103.903 793 28.1603
104.02 734 27.0924
104.137 791 28.1247
104.253 893 29.8831
104.37 978 31.273
104.487 1016 31.8748
104.603 962 31.0161
104.72 949 30.8058
104.836 936 30.5941
104.953 869 29.4788
105.069 778 27.8927
105.186 721 26.8514
105.302 670 25.8844
105.418 614 24.779
105.535 613 24.7588
105.651 625 25
105.767 638 25.2587
105.883 632 25.1396
105.999 561 23.6854
106.115 0 1
106.231 0 1
106.347 0 1
106.463 0 1
106.579 0 1
106.694 0 1
106.81 0 1
106.926 0 1
107.041 0 1
107.157 0 1
109.576 0 1
109.692 0 1
109.807 0 1
109.923 0 1
110.039 0 1
110.155 0 1
110.27 0 1
110.386 0 1
110.502 0 1
110.618 359 18.9473
110.735 488 22.0907
110.851 624 24.98
110.967 643 25.3574
111.083 680 26.0768
111.199 750 27.3861
111.316 831 28.8271
111.432 800 28.2843
111.549 841 29
111.665 880 29.6648
111.782 835 28.8964
111.898 831 28.8271
112.015 848 29.1204
112.132 805 28.3725
112.248 748 27.3496
112.365 667 25.8263
112.482 681 26.096
112.599 710 26.6458
112.716 725 26.9258
112.832 845 29.0689
112.949 836 28.9137
113.066 831 28.8271
113.183 840 28.9828
113.3 870 29.4958
113.417 845 29.0689
113.534 838 28.9482
113.652 718 26.7955
113.769 681 26.096
113.886 674 25.9615
114.003 634 25.1794
114.12 666 25.807
114.238 724 26.9072
114.355 787 28.0535
114.472 825 28.7228
114.589 854 29.2233
114.707 863 29.3769
114.824 825 28.7228
114.942 904 30.0666
115.059 891 29.8496
115.176 840 28.9828
115.294 894 29.8998
115.411 861 29.3428
115.529 797 28.2312
115.646 771 27.7669
115.764 782 27.9643
115.881 684 26.1534
115.999 703 26.5141
116.116 704 26.533
116.234 734 27.0924
116.351 781 27.9464
116.469 825 28.7228
116.586 844 29.0517
116.704 877 29.6142
116.821 866 29.4279
116.939 805 28.3725
117.056 867 29.4449
117.174 795 28.1957
117.291 733 27.074
117.409 694 26.3439
117.526 657 25.632
117.644 627 25.04
117.761 697 26.4008
117.879 751 27.4044
117.996 747 27.3313
118.114 794 28.178
118.231 843 29.0345
118.349 849 29.1376
118.466 869 29.4788
118.584 870 29.4958
118.701 922 30.3645
118.819 865 29.4109
118.936 872 29.5296
119.053 794 28.178
119.171 803 28.3373
119.288 766 27.6767
119.405 693 26.3249
119.523 706 26.5707
119.64 692 26.3059
119.757 674 25.9615
119.875 680 26.0768
119.992 784 28
120.109 802 28.3196
120.226 830 28.8097
120.343 848 29.1204
120.46 831 28.8271
120.578 834 28.8791
120.695 838 28.9482
120.812 787 28.0535
120.929 771 27.7669
121.046 697 26.4008
121.163 624 24.98
121.279 617 24.8395
121.396 653 25.5539
121.513 682 26.1151
121.63 690 26.2679
121.747 713 26.7021
121.863 752 27.4226
121.98 745 27.2947
122.097 724 26.9072
122.213 700 26.4575
122.33 676 26
122.446 652 25.5343
122.563 670 25.8844
122.679 614 24.779
122.795 539 23.2164
122.912 521 22.8254
123.028 430 20.7364
123.144 404 20.0998
123.26 349 18.6815
123.377 0 1
123.493 0 1
123.609 0 1
123.725 0 1
123.84 0 1
123.956 0 1
124.072 0 1
124.188 0 1
124.303 0 1
124.419 0 1
126.852 0 1
126.968 0 1
127.083 0 1
127.199 0 1
127.315 0 1
127.431 0 1
127.547 0 1
127.663 0 1
127.779 0 1
127.895 0 1
128.011 0 1
128.127 0 1
128.243 0 1
128.359 928 30.4631
128.476 892 29.8664
128.592 838 28.9482
128.708 852 29.189
128.825 842 29.0172
128.941 931 30.5123
129.058 990 31.4643
129.174 1034 32.1559
129.291 1001 31.6386
129.408 1117 33.4215
129.524 1077 32.8177
129.641 1075 32.7872
129.758 1033 32.1403
129.875 992 31.496
129.992 882 29.6985
130.108 864 29.3939
130.225 912 30.1993
130.342 823 28.688
130.459 835 28.8964
130.576 918 30.2985
130.693 906 30.0998
130.81 978 31.273
130.928 974 31.209
131.045 1014 31.8434
131.162 1030 32.0936
131.279 1069 32.6956
131.396 1090 33.0151
131.513 1020 31.9374
131.631 986 31.4006
131.748 1033 32.1403
131.865 930 30.4959
131.983 971 31.1609
132.1 942 30.692
132.217 854 29.2233
132.335 826 28.7402
132.452 922 30.3645
132.57 962 31.0161
132.687 1004 31.686
132.804 1027 32.0468
132.922 1035 32.1714
133.039 1058 32.5269
133.157 1031 32.1092
133.274 1057 32.5115
133.392 1001 31.6386
133.509 976 31.241
133.627 900 30
133.744 882 29.6985
133.862 807 28.4077
133.979 842 29.0172
134.097 853 29.2062
134.214 965 31.0644
134.332 943 30.7083
134.449 1036 32.187
134.567 1031 32.1092
134.684 996 31.5595
134.802 1018 31.9061
134.919 1042 32.28
135.037 1012 31.8119
135.154 1030 32.0936
135.272 1021 31.9531
135.389 998 31.5911
135.507 952 30.8545
135.624 976 31.241
135.742 882 29.6985
135.859 903 30.05
135.977 903 30.05
136.094 967 31.0966
136.211 949 30.8058
136.329 1014 31.8434
136.446 1011 31.7962
136.564 1098 33.1361
136.681 1062 32.5883
136.798 1038 32.218
136.915 1047 32.3574
137.033 905 30.0832
137.15 950 30.8221
137.267 865 29.4109
137.384 806 28.3901
137.502 806 28.3901
137.619 847 29.1033
137.736 914 30.2324
137.853 870 29.4958
137.97 955 30.9031
138.087 912 30.1993
138.204 1006 31.7175
138.321 974 31.209
138.438 1036 32.187
138.555 1008 31.749
138.672 936 30.5941
138.788 907 30.1164
138.905 908 30.133
139.022 863 29.3769
139.139 782 27.9643
139.255 748 27.3496
139.372 649 25.4755
139.488 657 25.632
139.605 611 24.7184
139.721 610 24.6982
139.838 668 25.8457
139.954 672 25.923
140.071 632 25.1396
140.187 532 23.0651
140.303 474 21.7715
140.419 471 21.7025
140.535 450 21.2132
140.652 404 20.0998
140.768 0 1
140.884 0 1
141 0 1
141.115 0 1
141.231 0 1
141.347 0 1
141.463 0 1
141.578 0 1
141.694 0 1
144.104 0 1
144.219 0 1
144.335 0 1
144.45 0 1
144.566 0 1
144.682 0 1
144.798 0 1
144.914 0 1
145.03 0 1
145.146 625 25
145.262 662 25.7294
145.378 717 26.7769
145.494 701 26.4764
145.61 716 26.7582
145.726 685 26.1725
145.842 651 25.5147
145.959 632 25.1396
146.075 626 25.02
146.192 554 23.5372
146.308 543 23.3024
146.425 546 23.3666
146.541 621 24.9199
146.658 593 24.3516
146.774 620 24.8998
146.891 739 27.1846
147.008 705 26.5518
147.125 680 26.0768
147.241 680 26.0768
147.358 697 26.4008
147.475 654 25.5734
147.592 697 26.4008
147.709 645 25.3969
147.826 632 25.1396
147.943 597 24.4336
148.06 590 24.2899
148.177 566 23.7908
148.294 577 24.0208
148.411 613 24.7588
148.528 679 26.0576
148.645 659 25.671
148.762 669 25.865
148.88 704 26.533
148.997 689 26.2488
149.114 708 26.6083
149.231 695 26.3629
149.349 676 26
149.466 655 25.593
149.583 667 25.8263
149.701 552 23.4947
149.818 598 24.454
149.935 539 23.2164
150.053 533 23.0868
150.17 576 24
150.287 609 24.6779
150.405 652 25.5343
150.522 631 25.1197
150.64 653 25.5539
150.757 683 26.1343
150.875 639 25.2784
150.992 612 24.7386
151.11 650 25.4951
151.227 653 25.5539
151.344 671 25.9037
151.462 627 25.04
151.579 607 24.6374
151.697 646 25.4165
151.814 619 24.8797
151.932 593 24.3516
152.049 557 23.6008
152.167 563 23.7276
152.284 609 24.6779
152.402 644 25.3772
152.519 676 26
152.636 656 25.6125
152.754 683 26.1343
152.871 659 25.671
152.989 627 25.04
153.106 635 25.1992
153.223 599 24.4745
153.341 558 23.622
153.458 500 22.3607
153.575 527 22.9565
153.693 570 23.8747
153.81 561 23.6854
153.927 554 23.5372
154.044 560 23.6643
154.162 613 24.7588
154.279 657 25.632
154.396 633 25.1595
154.513 641 25.318
154.63 601 24.5153
154.747 644 25.3772
154.864 656 25.6125
154.981 644 25.3772
155.098 560 23.6643
155.215 603 24.5561
155.332 489 22.1133
155.449 504 22.4499
155.566 523 22.8692
155.683 551 23.4734
155.8 576 24
155.917 568 23.8328
156.033 593 24.3516
156.15 0 1
156.267 0 1
156.383 0 1
156.5 0 1
156.617 0 1
156.733 0 1
156.85 0 1
156.966 0 1
157.082 0 1
157.199 0 1
157.315 0 1
157.431 0 1
157.547 0 1
157.664 0 1
157.78 0 1
157.896 0 1
158.012 0 1
158.128 0 1
158.244 0 1
158.359 0 1
158.475 0 1
158.591 0 1
158.706 0 1
