
6.15755 0 1
6.2731 0 1
6.3887 0 1
6.50437 0 1
6.62009 0 1
6.73587 0 1
6.8517 0 1
6.96759 0 1
7.08353 0 1
7.19952 0 1
7.31557 0 1
7.43166 0 1
7.54781 0 1
7.664 0 1
7.78024 0 1
7.89653 0 1
8.01286 0 1
8.12924 0 1
8.24567 0 1
8.36213 0 1
8.47864 0 1
8.59519 0 1
8.71178 0 1
8.82841 0 1
8.94508 0 1
9.06179 0 1
9.17853 0 1
9.29531 0 1
9.41212 0 1
9.52897 0 1
9.64584 0 1
9.76276 0 1
9.8797 0 1
9.99667 0 1
10.1137 0 1
10.2307 0 1
10.3478 0 1
10.4648 0 1
10.5819 0 1
10.6991 0 1
10.8162 0 1
10.9334 0 1
11.0506 0 1
11.1678 0 1
11.285 0 1
11.4023 0 1
11.5196 0 1
11.6369 0 1
11.7542 0 1
11.8715 0 1
11.9888 0 1
12.1062 0 1
12.2235 0 1
12.3409 0 1
12.4582 0 1
12.5756 0 1
12.693 0 1
12.8104 0 1
12.9278 0 1
13.0452 0 1
13.1626 0 1
13.28 0 1
13.3974 0 1
13.5149 0 1
13.6323 0 1
13.7497 0 1
13.8671 0 1
13.9845 0 1
14.1019 0 1
14.2193 0 1
14.3367 0 1
14.4541 0 1
14.5714 0 1
14.6888 0 1
14.8062 0 1
14.9235 0 1
15.0408 0 0
15.1581 0 0
15.2755 0 0
15.3927 0 0
15.51 0 0
15.6273 0 0
15.7445 0 0
15.8617 0 0
15.9789 0 0
16.0961 0 0
16.2132 0 0
16.3304 0 0
16.4475 0 0
16.5646 0 0
16.6816 0 0
16.7986 0 0
16.9156 0 0
17.0326 0 0
17.1496 0 0
17.2665 0 0
17.3833 0 0
17.5002 0 0
17.617 0 0
17.7338 0 0
17.8505 0 0
17.9672 0 0
18.0839 0 0
18.2005 0 0
18.3171 0 0
18.4337 0 0
18.5502 0 0
18.6666 0 0
18.7831 0 0
18.8994 0 0
19.0158 0 0
19.1321 0 0
19.2483 0 0
19.3645 0 0
19.4806 0 0
19.5967 0 0
19.7128 0 0
19.8288 0 0
19.9447 0 0
20.0606 0 1
20.1764 0 1
20.2922 0 1
20.4079 0 1
20.5236 0 1
20.6392 0 1
20.7548 0 1
20.8702 0 1
23.3078 0 1
23.4233 0 1
23.539 0 1
23.6547 0 1
23.7704 0 1
23.8862 0 1
24.0021 0 1
24.118 0 1
24.234 0 1
24.35 0 1
24.4661 26648 163.242
24.5822 26728 163.487
24.6984 26535 162.896
24.8146 26466 162.684
24.9309 26530 162.88
25.0472 26434 162.585
25.1636 26621 163.159
25.28 26604 163.107
25.3965 26848 163.854
25.513 26866 163.909
25.6296 27542 165.958
25.7462 27772 166.649
25.8628 27552 165.988
25.9795 27805 166.748
26.0962 27622 166.199
26.213 27537 165.943
26.3298 27500 165.831
26.4466 26974 164.238
26.5635 26172 161.778
26.6804 25161 158.622
26.7973 25395 159.358
26.9143 26318 162.228
27.0313 27180 164.864
27.1483 28537 168.929
27.2653 28823 169.773
27.3824 29170 170.792
27.4996 28755 169.573
27.6167 28775 169.632
27.7339 28596 169.104
27.8511 27997 167.323
27.9683 27566 166.03
28.0855 27011 164.35
28.2028 26831 163.802
28.3201 25978 161.177
28.4374 25612 160.037
28.5547 25193 158.723
28.6721 24600 156.844
28.7894 25099 158.427
28.9068 24965 158.003
29.0242 24272 155.795
29.1416 24489 156.49
29.259 24535 156.637
29.3764 24806 157.499
29.4939 25096 158.417
29.6113 25092 158.405
29.7288 25203 158.755
29.8463 25275 158.981
29.9638 24633 156.949
30.0812 23697 153.938
30.1987 23302 152.65
30.3162 23262 152.519
30.4337 24325 155.965
30.5512 25398 159.367
30.6687 26389 162.447
30.7862 27019 164.375
30.9037 27097 164.612
31.0212 27520 165.892
31.1387 27251 165.079
31.2562 27187 164.885
31.3737 26830 163.799
31.4912 26689 163.368
31.6087 26229 161.954
31.7262 25756 160.487
31.8436 25303 159.069
31.9611 24707 157.185
32.0785 24133 155.348
32.1959 23686 153.903
32.3134 23545 153.444
32.4308 23472 153.206
32.5482 23527 153.385
32.6655 23830 154.37
32.7829 23877 154.522
32.9002 23787 154.23
33.0176 23687 153.906
33.1349 24152 155.409
33.2522 24561 156.719
33.3694 24332 155.987
33.4867 25042 158.247
33.6039 24546 156.672
33.7211 23748 154.104
33.8383 22983 151.601
33.9554 22960 151.526
34.0725 23346 152.794
34.1896 25098 158.423
34.3067 25829 160.714
34.4237 26345 162.311
34.5407 26682 163.346
34.6577 26733 163.502
34.7746 26558 162.966
34.8915 26537 162.902
35.0084 26270 162.08
35.1252 26183 161.812
35.242 25954 161.102
35.3587 25958 161.115
35.4755 24928 157.886
35.5921 24446 156.352
35.7088 23727 154.036
35.8254 22388 149.626
35.9419 22413 149.71
36.0584 22143 148.805
36.1749 22337 149.456
36.2913 22008 148.351
36.4077 22327 149.422
36.524 22189 148.96
36.6403 22866 151.215
36.7565 23166 152.204
36.8727 23496 153.284
36.9889 23837 154.392
37.1049 23414 153.016
37.221 0 1
37.3369 0 1
37.4529 0 1
37.5687 0 1
37.6845 0 1
37.8003 0 1
37.916 0 1
38.0316 0 1
38.1472 0 1
40.5851 0 1
40.7008 0 1
40.8164 0 1
40.9322 0 1
41.048 0 1
41.1639 0 1
41.2798 0 1
41.3958 0 1
41.5118 0 1
41.6279 0 1
41.744 16470 128.335
41.8602 17606 132.688
41.9765 18425 135.739
42.0928 18542 136.169
42.2091 18715 136.803
42.3255 18910 137.514
42.4419 18548 136.191
42.5584 17770 133.304
42.675 17190 131.111
42.7915 17208 131.179
42.9081 17890 133.754
43.0248 18679 136.671
43.1415 18993 137.815
43.2582 19345 139.086
43.375 19373 139.187
43.4918 19478 139.564
43.6087 19576 139.914
43.7256 19199 138.56
43.8425 18593 136.356
43.9595 18369 135.532
44.0765 17817 133.48
44.1935 17642 132.823
44.3106 16914 130.054
44.4277 16230 127.397
44.5448 15321 123.778
44.6619 14347 119.779
44.7791 13891 117.86
44.8963 13229 115.017
45.0136 13336 115.482
45.1308 13079 114.363
45.2481 13118 114.534
45.3654 13250 115.109
45.4827 13495 116.168
45.6001 14030 118.448
45.7174 14164 119.013
45.8348 14081 118.663
45.9522 13877 117.801
46.0697 13056 114.263
46.1871 12851 113.362
46.3046 12371 111.225
46.422 12523 111.906
46.5395 13259 115.148
46.657 13774 117.363
46.7745 13990 118.279
46.892 14114 118.802
47.0096 14084 118.676
47.1271 14179 119.076
47.2446 13996 118.305
47.3622 13393 115.728
47.4797 13291 115.287
47.5973 13014 114.079
47.7149 12695 112.672
47.8324 12239 110.63
47.95 11703 108.18
48.0675 10498 102.46
48.1851 10142 100.707
48.3027 9756 98.7725
48.4202 9577 97.8621
48.5378 9383 96.8659
48.6554 9406 96.9845
48.7729 9542 97.6832
48.8904 9489 97.4115
49.008 9936 99.6795
49.1255 10296 101.469
49.243 10600 102.956
49.3605 10528 102.606
49.478 10217 101.079
49.5955 9850 99.2472
49.713 9627 98.1173
49.8304 9634 98.1529
49.9479 10286 101.42
50.0653 10966 104.719
50.1827 11397 106.757
50.3001 12198 110.445
50.4175 12637 112.414
50.5348 13065 114.302
50.6521 13120 114.543
50.7694 13463 116.03
50.8867 13663 116.889
51.004 13841 117.648
51.1212 13916 117.966
51.2384 14143 118.924
51.3556 14282 119.507
51.4727 13765 117.324
51.5899 13243 115.078
51.707 12780 113.049
51.824 12465 111.647
51.9411 12542 111.991
52.0581 12999 114.013
52.175 13342 115.508
52.2919 13763 117.316
52.4088 14042 118.499
52.5257 15120 122.963
52.6425 15896 126.079
52.7593 16292 127.64
52.876 16908 130.031
52.9927 17449 132.095
53.1094 16903 130.012
53.226 16605 128.86
53.3426 16794 129.592
53.4591 17017 130.449
53.5756 17939 133.937
53.692 18825 137.204
53.8084 20042 141.57
53.9248 20653 143.712
54.0411 21439 146.421
54.1573 21949 148.152
54.2735 0 1
54.3896 0 1
54.5057 0 1
54.6217 0 1
54.7377 0 1
54.8537 0 1
54.9695 0 1
55.0853 0 1
55.2011 0 1
55.3168 0 1
55.4324 0 1
57.824 0 1
57.9396 0 1
58.0553 0 1
58.1711 0 1
58.2869 0 1
58.4028 0 1
58.5187 0 1
58.6347 0 1
58.7508 0 1
58.8669 0 1
58.983 22949 151.489
59.0992 24208 155.589
59.2155 25176 158.669
59.3318 25455 159.546
59.4482 25657 160.178
59.5646 25586 159.956
59.681 25436 159.487
59.7975 24868 157.696
59.9141 24015 154.968
60.0306 22758 150.858
60.1473 21254 145.788
60.2639 20158 141.979
60.3807 18760 136.967
60.4974 17840 133.566
60.6142 17289 131.488
60.731 17302 131.537
60.8479 17626 132.763
60.9648 18380 135.573
61.0818 19094 138.181
61.1987 19667 140.239
61.3158 20118 141.838
61.4328 20263 142.348
61.5499 20067 141.658
61.667 19932 141.181
61.7841 19649 140.175
61.9013 19561 139.861
62.0185 19555 139.839
62.1357 20188 142.084
62.253 20907 144.593
62.3702 21544 146.779
62.4875 22232 149.104
62.6049 23016 151.71
62.7222 23744 154.091
62.8396 23809 154.302
62.9569 24227 155.65
63.0743 24166 155.454
63.1918 24013 154.961
63.3092 23713 153.99
63.4267 23044 151.803
63.5441 21586 146.922
63.6616 20435 142.951
63.7791 19126 138.297
63.8966 18083 134.473
64.0142 17119 130.84
64.1317 16974 130.284
64.2492 17434 132.038
64.3668 17818 133.484
64.4843 18497 136.004
64.6019 19251 138.748
64.7195 20245 142.285
64.837 21185 145.551
64.9546 20832 144.333
65.0722 20930 144.672
65.1898 20665 143.753
65.3074 20319 142.545
65.4249 19820 140.784
65.5425 19787 140.666
65.6601 19997 141.411
65.7777 20694 143.854
65.8952 22028 148.418
66.0128 22262 149.205
66.1304 23167 152.207
66.2479 23931 154.696
66.3655 24693 157.14
66.483 24723 157.235
66.6005 25144 158.569
66.718 24288 155.846
66.8355 24538 156.646
66.953 23635 153.737
67.0705 22828 151.089
67.1879 21116 145.313
67.3054 19897 141.057
67.4228 18507 136.04
67.5402 17183 131.084
67.6576 16422 128.148
67.7749 15871 125.98
67.8923 16273 127.566
68.0096 17060 130.614
68.1269 18064 134.402
68.2442 19152 138.391
68.3614 19827 140.808
68.4787 20604 143.541
68.5958 20425 142.916
68.713 20386 142.78
68.8302 19814 140.762
68.9473 19754 140.549
69.0643 19148 138.376
69.1814 19003 137.851
69.2984 19146 138.369
69.4154 20100 141.774
69.5323 21027 145.007
69.6492 22091 148.63
69.7661 23166 152.204
69.8829 23869 154.496
69.9997 24274 155.801
70.1165 24648 156.997
70.2332 24739 157.286
70.3499 24606 156.863
70.4665 24242 155.698
70.5831 23657 153.808
70.6996 21755 147.496
70.8161 20295 142.461
70.9326 19001 137.844
71.049 18125 134.629
71.1653 16452 128.265
71.2817 15339 123.851
71.3979 14530 120.54
71.5141 14771 121.536
71.6303 14906 122.09
71.7464 14739 121.404
71.8624 0 1
71.9784 0 1
72.0944 0 1
72.2102 0 1
72.3261 0 1
72.4418 0 1
72.5575 0 1
72.6732 0 1
75.1054 0 1
75.2209 0 1
75.3365 0 1
75.4521 0 1
75.5678 0 1
75.6835 0 1
75.7993 0 1
75.9151 0 1
76.031 0 1
76.147 19308 138.953
76.263 19714 140.407
76.3791 18695 136.73
76.4952 17136 130.905
76.6113 16041 126.653
76.7276 15777 125.607
76.8438 15841 125.861
76.9601 16168 127.153
77.0765 17458 132.129
77.1929 18705 136.766
77.3093 20546 143.339
77.4258 21229 145.702
77.5423 21578 146.895
77.6589 21415 146.339
77.7755 21073 145.165
77.8921 20404 142.843
78.0088 19335 139.05
78.1256 19176 138.477
78.2423 18929 137.583
78.3591 19203 138.575
78.4759 19691 140.325
78.5928 21029 145.014
78.7097 22035 148.442
78.8266 22243 149.141
78.9436 24342 156.019
79.0606 23875 154.515
79.1776 23725 154.029
79.2946 23818 154.331
79.4117 24126 155.325
79.5288 23301 152.647
79.6459 22984 151.605
79.7631 21341 146.086
79.8802 18944 137.637
79.9974 17486 132.235
80.1147 15847 125.885
80.2319 14301 119.587
80.3491 13915 117.962
80.4664 13916 117.966
80.5837 14482 120.341
80.701 15109 122.919
80.8183 16153 127.094
80.9357 17284 131.469
81.053 18091 134.503
81.1704 18541 136.165
81.2877 18147 134.711
81.4051 17898 133.783
81.5225 17242 131.309
81.6399 16945 130.173
81.7573 16376 127.969
81.8747 15990 126.452
81.9922 16100 126.886
82.1096 17005 130.403
82.227 18133 134.659
82.3444 18835 137.241
82.4619 19567 139.882
82.5793 20443 142.979
82.6967 20152 141.958
82.8142 20554 143.367
82.9316 20165 142.004
83.049 20133 141.891
83.1664 19430 139.392
83.2838 18072 134.432
83.4012 16695 129.209
83.5186 15517 124.567
83.636 14264 119.432
83.7534 13195 114.869
83.8708 11694 108.139
83.9881 11504 107.257
84.1055 11432 106.921
84.2228 12241 110.639
84.3401 12988 113.965
84.4575 14583 120.76
84.5747 16084 126.823
84.692 16876 129.908
84.8093 17021 130.465
84.9265 16281 127.597
85.0437 16248 127.468
85.1609 16002 126.499
85.2781 15452 124.306
85.3952 14988 122.425
85.5123 15495 124.479
85.6294 15918 126.167
85.7465 17102 130.775
85.8636 18360 135.499
85.9806 19269 138.813
86.0976 20537 143.307
86.2145 21118 145.32
86.3315 22293 149.308
86.4484 21532 146.738
86.5652 22404 149.68
86.682 22145 148.812
86.7988 21742 147.452
86.9156 19971 141.319
87.0323 18547 136.187
87.149 17462 132.144
87.2657 15857 125.925
87.3823 14591 120.793
87.4988 13753 117.273
87.6154 13847 117.673
87.7318 14795 121.635
87.8483 15921 126.178
87.9647 17457 132.125
88.081 19096 138.188
88.1973 20679 143.802
88.3136 21050 145.086
88.4298 20898 144.561
88.546 20342 142.625
88.6621 20084 141.718
88.7781 19530 139.75
88.8942 0 1
89.0101 0 1
89.126 0 1
89.2419 0 1
89.3577 0 1
89.4734 0 1
89.5891 0 1
89.7047 0 1
89.8203 0 1
89.9358 0 1
92.3269 0 1
92.4424 0 1
92.558 0 1
92.6736 0 1
92.7893 0 1
92.905 0 1
93.0208 0 1
93.1366 0 1
93.2525 0 1
93.3685 0 1
93.4845 0 1
93.6005 19681 140.289
93.7167 20415 142.881
93.8328 20534 143.297
93.949 20575 143.44
94.0653 20081 141.707
94.1816 19765 140.588
94.2979 19456 139.485
94.4143 19225 138.654
94.5307 19253 138.755
94.6472 19448 139.456
94.7637 19844 140.869
94.8803 21082 145.196
94.9969 22445 149.817
95.1135 23528 153.388
95.2302 24213 155.605
95.3469 24451 156.368
95.4637 24827 157.566
95.5805 25155 158.603
95.6973 25245 158.887
95.8142 24918 157.854
95.9311 23928 154.687
96.048 22456 149.853
96.1649 21017 144.972
96.2819 19887 141.021
96.3989 18475 135.923
96.516 16855 129.827
96.633 15453 124.31
96.7501 14906 122.09
96.8673 15168 123.158
96.9844 16260 127.515
97.1016 17468 132.167
97.2188 19360 139.14
97.336 20613 143.572
97.4532 21083 145.2
97.5704 21200 145.602
97.6877 20740 144.014
97.805 19930 141.174
97.9223 19818 140.776
98.0396 19157 138.409
98.1569 18990 137.804
98.2743 19236 138.694
98.3916 19480 139.571
98.509 20668 143.764
98.6264 21672 147.214
98.7438 23069 151.885
98.8612 24119 155.303
98.9786 24872 157.709
99.096 25027 158.199
99.2134 25094 158.411
99.3308 25641 160.128
99.4482 25318 159.116
99.5656 24045 155.065
99.6831 22809 151.026
99.8005 21669 147.204
99.9179 20058 141.626
100.035 18718 136.814
100.153 17010 130.422
100.27 15436 124.242
100.388 15727 125.407
100.505 16567 128.713
100.622 17826 133.514
100.74 19456 139.485
100.857 20292 142.45
100.975 21127 145.351
101.092 21508 146.656
101.209 21303 145.955
101.327 20610 143.562
101.444 20356 142.674
101.561 20080 141.704
101.679 19852 140.897
101.796 19818 140.776
101.913 20259 142.334
102.03 21147 145.42
102.148 22883 151.271
102.265 23362 152.846
102.382 26038 161.363
102.499 25860 160.81
102.616 26450 162.635
102.733 26604 163.107
102.851 26659 163.276
102.968 26878 163.945
103.085 25905 160.95
103.202 24458 156.391
103.319 23206 152.335
103.436 22394 149.646
103.552 20434 142.948
103.669 18108 134.566
103.786 17147 130.947
103.903 16856 129.831
104.02 18013 134.213
104.137 19363 139.151
104.253 21004 144.928
104.37 22460 149.867
104.487 23012 151.697
104.603 23348 152.801
104.72 22682 150.605
104.836 22237 149.121
104.953 22313 149.375
105.069 22118 148.721
105.186 22028 148.418
105.302 22238 149.124
105.418 22592 150.306
105.535 23905 154.612
105.651 25694 160.293
105.767 27635 166.238
105.883 28917 170.05
105.999 29246 171.015
106.115 0 1
106.231 0 1
106.347 0 1
106.463 0 1
106.579 0 1
106.694 0 1
106.81 0 1
106.926 0 1
107.041 0 1
107.157 0 1
109.576 0 1
109.692 0 1
109.807 0 1
109.923 0 1
110.039 0 1
110.155 0 1
110.27 0 1
110.386 0 1
110.502 0 1
110.618 22469 149.897
110.735 24675 157.083
110.851 26115 161.601
110.967 26820 163.768
111.083 27579 166.069
111.199 27466 165.729
111.316 27752 166.589
111.432 27811 166.766
111.549 27467 165.732
111.665 26814 163.75
111.782 25193 158.723
111.898 23918 154.654
112.015 21975 148.24
112.132 20462 143.045
112.248 18423 135.731
112.365 17170 131.034
112.482 16745 129.402
112.599 18689 136.708
112.716 19323 139.007
112.832 20426 142.92
112.949 21259 145.805
113.066 21553 146.809
113.183 21223 145.681
113.3 20781 144.156
113.417 20421 142.902
113.534 20415 142.881
113.652 20424 142.913
113.769 20815 144.274
113.886 21068 145.148
114.003 21327 146.038
114.12 22608 150.36
114.238 23961 154.793
114.355 25215 158.792
114.472 25727 160.396
114.589 26685 163.355
114.707 26591 163.067
114.824 26852 163.866
114.942 27220 164.985
115.059 27177 164.854
115.176 26520 162.85
115.294 25177 158.673
115.411 24312 155.923
115.529 23537 153.418
115.646 22004 148.337
115.764 19707 140.382
115.881 18328 135.381
115.999 18306 135.3
116.116 18603 136.393
116.234 20105 141.792
116.351 20913 144.613
116.469 21774 147.56
116.586 22531 150.103
116.704 22368 149.559
116.821 21908 148.014
116.939 21516 146.683
117.056 21740 147.445
117.174 21585 146.918
117.291 21864 147.865
117.409 22640 150.466
117.526 23177 152.24
117.644 24282 155.827
117.761 25304 159.072
117.879 26766 163.603
117.996 27048 164.463
118.114 28094 167.613
118.231 28129 167.717
118.349 29013 170.332
118.466 28684 169.364
118.584 29125 170.66
118.701 28450 168.671
118.819 27563 166.021
118.936 26643 163.227
119.053 25293 159.038
119.171 24030 155.016
119.288 22817 151.053
119.405 20873 144.475
119.523 19600 140
119.64 19161 138.423
119.757 19544 139.8
119.875 20891 144.537
119.992 21237 145.729
120.109 21758 147.506
120.226 22153 148.839
120.343 22059 148.523
120.46 21635 147.088
120.578 21587 146.925
120.695 21502 146.636
120.812 21798 147.641
120.929 22629 150.429
121.046 23248 152.473
121.163 23901 154.599
121.279 24380 156.141
121.396 25257 158.925
121.513 26435 162.588
121.63 27614 166.175
121.747 27710 166.463
121.863 28054 167.493
121.98 28371 168.437
122.097 28729 169.496
122.213 28211 167.961
122.33 28074 167.553
122.446 27415 165.575
122.563 26502 162.794
122.679 25591 159.972
122.795 24788 157.442
122.912 23731 154.049
123.028 22372 149.573
123.144 20668 143.764
123.26 19315 138.978
123.377 0 1
123.493 0 1
123.609 0 1
123.725 0 1
123.84 0 1
123.956 0 1
124.072 0 1
124.188 0 1
124.303 0 1
124.419 0 1
126.852 0 1
126.968 0 1
127.083 0 1
127.199 0 1
127.315 0 1
127.431 0 1
127.547 0 1
127.663 0 1
127.779 0 1
127.895 0 1
128.011 0 1
128.127 0 1
128.243 0 1
128.359 23991 154.89
128.476 22185 148.946
128.592 21458 146.485
128.708 21950 148.155
128.825 23079 151.918
128.941 24205 155.58
129.058 24435 156.317
129.174 24311 155.92
129.291 23990 154.887
129.408 23437 153.091
129.524 23392 152.944
129.641 23645 153.769
129.758 23459 153.163
129.875 24180 155.499
129.992 24845 157.623
130.108 25333 159.163
130.225 25962 161.127
130.342 27299 165.224
130.459 27377 165.46
130.576 29100 170.587
130.693 28716 169.458
130.81 28433 168.621
130.928 29195 170.865
131.045 29096 170.575
131.162 29006 170.311
131.279 29006 170.311
131.396 28486 168.778
131.513 27700 166.433
131.631 26666 163.297
131.748 25591 159.972
131.865 24350 156.045
131.983 22579 150.263
132.1 21931 148.091
132.217 21861 147.855
132.335 23045 151.806
132.452 24267 155.779
132.57 24180 155.499
132.687 23925 154.677
132.804 24496 156.512
132.922 23446 153.121
133.039 23561 153.496
133.157 23490 153.264
133.274 23715 153.997
133.392 23873 154.509
133.509 24561 156.719
133.627 24872 157.709
133.744 25788 160.586
133.862 26544 162.923
133.979 27591 166.105
134.097 27740 166.553
134.214 27789 166.7
134.332 28514 168.861
134.449 28251 168.08
134.567 28238 168.042
134.684 28519 168.876
134.802 28814 169.747
134.919 28505 168.834
135.037 28077 167.562
135.154 27149 164.77
135.272 26526 162.868
135.389 24933 157.902
135.507 23507 153.32
135.624 22271 149.235
135.742 22183 148.94
135.859 22632 150.439
135.977 24022 154.99
136.094 24666 157.054
136.211 24602 156.85
136.329 24562 156.723
136.446 24499 156.522
136.564 23829 154.366
136.681 23743 154.088
136.798 23996 154.906
136.915 24272 155.795
137.033 24226 155.647
137.15 24714 157.207
137.267 25314 159.104
137.384 25812 160.661
137.502 26573 163.012
137.619 27200 164.924
137.736 27422 165.596
137.853 26897 164.003
137.97 27681 166.376
138.087 27562 166.018
138.204 27878 166.967
138.321 28107 167.651
138.438 28402 168.529
138.555 28518 168.873
138.672 28127 167.711
138.788 27111 164.654
138.905 26320 162.234
139.022 25444 159.512
139.139 23791 154.243
139.255 22890 151.294
139.372 22542 150.14
139.488 23023 151.733
139.605 24382 156.147
139.721 25300 159.06
139.838 25335 159.17
139.954 24823 157.553
140.071 24251 155.727
140.187 24432 156.307
140.303 23689 153.912
140.419 23468 153.193
140.535 23708 153.974
140.652 23350 152.807
140.768 0 1
140.884 0 1
141 0 1
141.115 0 1
141.231 0 1
141.347 0 1
141.463 0 1
141.578 0 1
141.694 0 1
144.104 0 1
144.219 0 1
144.335 0 1
144.45 0 1
144.566 0 1
144.682 0 1
144.798 0 1
144.914 0 1
145.03 0 1
145.146 17396 131.894
145.262 18577 136.297
145.378 18768 136.996
145.494 18841 137.263
145.61 18619 136.451
145.726 18890 137.441
145.842 18884 137.419
145.959 19228 138.665
146.075 19650 140.178
146.192 19870 140.961
146.308 20297 142.468
146.425 20536 143.304
146.541 20843 144.371
146.658 20805 144.239
146.774 21290 145.911
146.891 21291 145.914
147.008 21687 147.265
147.125 21169 145.496
147.241 22158 148.856
147.358 22289 149.295
147.475 22072 148.566
147.592 21763 147.523
147.709 21209 145.633
147.826 21279 145.873
147.943 20003 141.432
148.06 18912 137.521
148.177 18003 134.175
148.294 18031 134.28
148.411 18744 136.909
148.528 19570 139.893
148.645 20370 142.724
148.762 20169 142.018
148.88 19832 140.826
148.997 19366 139.162
149.114 20154 141.965
149.231 19832 140.826
149.349 19442 139.435
149.466 19876 140.982
149.583 19781 140.645
149.701 20025 141.51
149.818 20198 142.12
149.935 20145 141.933
150.053 20511 143.217
150.17 21007 144.938
150.287 21124 145.341
150.405 21486 146.581
150.522 21723 147.387
150.64 21901 147.99
150.757 22000 148.324
150.875 22324 149.412
150.992 22415 149.716
151.11 22950 151.493
151.227 22612 150.373
151.344 22491 149.97
151.462 21711 147.347
151.579 21262 145.815
151.697 20601 143.53
151.814 19312 138.968
151.932 18662 136.609
152.049 19140 138.347
152.167 19888 141.025
152.284 21028 145.01
152.402 21021 144.986
152.519 21027 145.007
152.636 20957 144.765
152.754 20958 144.769
152.871 20976 144.831
152.989 21073 145.165
153.106 20616 143.583
153.223 21069 145.152
153.341 21199 145.599
153.458 21286 145.897
153.575 21629 147.068
153.693 21899 147.983
153.81 22290 149.298
153.927 22697 150.655
154.044 23390 152.938
154.162 23343 152.784
154.279 23615 153.672
154.396 23878 154.525
154.513 24618 156.901
154.63 25145 158.572
154.747 25070 158.335
154.864 25117 158.483
154.981 25337 159.176
155.098 24863 157.68
155.215 24021 154.987
155.332 22689 150.629
155.449 21729 147.408
155.566 22036 148.445
155.683 23152 152.158
155.8 24054 155.094
155.917 24130 155.338
156.033 24111 155.277
156.15 0 1
156.267 0 1
156.383 0 1
156.5 0 1
156.617 0 1
156.733 0 1
156.85 0 1
156.966 0 1
157.082 0 1
157.199 0 1
157.315 0 1
157.431 0 1
157.547 0 1
157.664 0 1
157.78 0 1
157.896 0 1
158.012 0 1
158.128 0 1
158.244 0 1
158.359 0 1
158.475 0 1
158.591 0 1
158.706 0 1
