
6.15755 0 1
6.2731 0 1
6.3887 0 1
6.50437 0 1
6.62009 0 1
6.73587 0 1
6.8517 0 1
6.96759 0 1
7.08353 0 1
7.19952 0 1
7.31557 0 1
7.43166 0 1
7.54781 0 1
7.664 0 1
7.78024 0 1
7.89653 0 1
8.01286 0 1
8.12924 0 1
8.24567 0 1
8.36213 0 1
8.47864 0 1
8.59519 0 1
8.71178 0 1
8.82841 0 1
8.94508 0 1
9.06179 0 1
9.17853 0 1
9.29531 0 1
9.41212 0 1
9.52897 0 1
9.64584 0 1
9.76276 0 1
9.8797 0 1
9.99667 0 1
10.1137 0 1
10.2307 0 1
10.3478 0 1
10.4648 0 1
10.5819 0 1
10.6991 0 1
10.8162 0 1
10.9334 0 1
11.0506 0 1
11.1678 0 1
11.285 0 1
11.4023 0 1
11.5196 0 1
11.6369 0 1
11.7542 0 1
11.8715 0 1
11.9888 0 1
12.1062 0 1
12.2235 0 1
12.3409 0 1
12.4582 0 1
12.5756 0 1
12.693 0 1
12.8104 0 1
12.9278 0 1
13.0452 0 1
13.1626 0 1
13.28 0 1
13.3974 0 1
13.5149 0 1
13.6323 0 1
13.7497 0 1
13.8671 0 1
13.9845 0 1
14.1019 0 1
14.2193 0 1
14.3367 0 1
14.4541 0 1
14.5714 0 1
14.6888 0 1
14.8062 0 1
14.9235 0 1
15.0408 0 0
15.1581 0 0
15.2755 0 0
15.3927 0 0
15.51 0 0
15.6273 0 0
15.7445 0 0
15.8617 0 0
15.9789 0 0
16.0961 0 0
16.2132 0 0
16.3304 0 0
16.4475 0 0
16.5646 0 0
16.6816 0 0
16.7986 0 0
16.9156 0 0
17.0326 0 0
17.1496 0 0
17.2665 0 0
17.3833 0 0
17.5002 0 0
17.617 0 0
17.7338 0 0
17.8505 0 0
17.9672 0 0
18.0839 0 0
18.2005 0 0
18.3171 0 0
18.4337 0 0
18.5502 0 0
18.6666 0 0
18.7831 0 0
18.8994 0 0
19.0158 0 0
19.1321 0 0
19.2483 0 0
19.3645 0 0
19.4806 0 0
19.5967 0 0
19.7128 0 0
19.8288 0 0
19.9447 0 0
20.0606 0 1
20.1764 0 1
20.2922 0 1
20.4079 0 1
20.5236 0 1
20.6392 0 1
20.7548 0 1
20.8702 0 1
23.3078 0 1
23.4233 0 1
23.539 0 1
23.6547 0 1
23.7704 0 1
23.8862 0 1
24.0021 0 1
24.118 0 1
24.234 0 1
24.35 0 1
24.4661 5535 74.3976
24.5822 5667 75.2795
24.6984 5961 77.2075
24.8146 5823 76.3086
24.9309 6043 77.7367
25.0472 5976 77.3046
25.1636 6276 79.2212
25.28 6323 79.5173
25.3965 6390 79.9375
25.513 6199 78.7337
25.6296 6278 79.2338
25.7462 6201 78.7464
25.8628 6016 77.5629
25.9795 6094 78.0641
26.0962 5834 76.3806
26.213 5832 76.3675
26.3298 5747 75.809
26.4466 5710 75.5645
26.5635 5631 75.04
26.6804 5606 74.8732
26.7973 5459 73.885
26.9143 5420 73.6206
27.0313 5238 72.374
27.1483 5023 70.8731
27.2653 4704 68.5857
27.3824 4839 69.5629
27.4996 5117 71.5332
27.6167 5197 72.0902
27.7339 5678 75.3525
27.8511 5739 75.7562
27.9683 5818 76.2758
28.0855 6038 77.7046
28.2028 6106 78.1409
28.3201 6011 77.5306
28.4374 5916 76.9155
28.5547 5891 76.7529
28.6721 5862 76.5637
28.7894 5865 76.5833
28.9068 5765 75.9276
29.0242 5600 74.8331
29.1416 5723 75.6505
29.259 5649 75.1598
29.3764 5521 74.3034
29.4939 5385 73.3826
29.6113 5475 73.9932
29.7288 5466 73.9324
29.8463 5389 73.4098
29.9638 5457 73.8715
30.0812 5577 74.6793
30.1987 5560 74.5654
30.3162 5531 74.3707
30.4337 5404 73.5119
30.5512 5219 72.2426
30.6687 5102 71.4283
30.7862 5174 71.9305
30.9037 5082 71.2881
31.0212 5461 73.8986
31.1387 5651 75.1731
31.2562 5997 77.4403
31.3737 5995 77.4274
31.4912 6086 78.0128
31.6087 6217 78.848
31.7262 6154 78.4474
31.8436 5995 77.4274
31.9611 5908 76.8635
32.0785 5737 75.743
32.1959 5734 75.7232
32.3134 5524 74.3236
32.4308 5439 73.7496
32.5482 5395 73.4507
32.6655 5424 73.6478
32.7829 5307 72.8492
32.9002 5172 71.9166
33.0176 5236 72.3602
33.1349 5082 71.2881
33.2522 5163 71.854
33.3694 5224 72.2772
33.4867 5124 71.5821
33.6039 5268 72.581
33.7211 5363 73.2325
33.8383 5501 74.1687
33.9554 5646 75.1399
34.0725 5555 74.5319
34.1896 5689 75.4255
34.3067 5227 72.298
34.4237 4981 70.5762
34.5407 4922 70.157
34.6577 5071 71.211
34.7746 5269 72.5879
34.8915 5373 73.3008
35.0084 5466 73.9324
35.1252 5414 73.5799
35.242 5485 74.0608
35.3587 5506 74.2024
35.4755 5500 74.162
35.5921 5440 73.7564
35.7088 5408 73.5391
35.8254 5273 72.6154
35.9419 5463 73.9121
36.0584 5304 72.8286
36.1749 5288 72.7186
36.2913 5092 71.3583
36.4077 5208 72.1665
36.524 5106 71.4563
36.6403 5121 71.5612
36.7565 5059 71.1266
36.8727 5095 71.3793
36.9889 5047 71.0422
37.1049 5049 71.0563
37.221 0 1
37.3369 0 1
37.4529 0 1
37.5687 0 1
37.6845 0 1
37.8003 0 1
37.916 0 1
38.0316 0 1
38.1472 0 1
40.5851 0 1
40.7008 0 1
40.8164 0 1
40.9322 0 1
41.048 0 1
41.1639 0 1
41.2798 0 1
41.3958 0 1
41.5118 0 1
41.6279 0 1
41.744 4394 66.2873
41.8602 4460 66.7832
41.9765 4608 67.8823
42.0928 4594 67.7791
42.2091 4695 68.5201
42.3255 4611 67.9043
42.4419 4715 68.6659
42.5584 4626 68.0147
42.675 4579 67.6683
42.7915 4519 67.2235
42.9081 4426 66.5282
43.0248 4231 65.0461
43.1415 3950 62.849
43.2582 3780 61.4817
43.375 3710 60.9098
43.4918 3745 61.1964
43.6087 4139 64.3351
43.7256 4102 64.0469
43.8425 4243 65.1383
43.9595 4252 65.2074
44.0765 4216 64.9307
44.1935 4249 65.1844
44.3106 4267 65.3223
44.4277 4187 64.707
44.5448 4213 64.9076
44.6619 4272 65.3605
44.7791 4156 64.467
44.8963 4139 64.3351
45.0136 4095 63.9922
45.1308 4054 63.671
45.2481 4177 64.6297
45.3654 4167 64.5523
45.4827 4147 64.3972
45.6001 3879 62.2816
45.7174 3944 62.8013
45.8348 4000 63.2456
45.9522 3708 60.8933
46.0697 3735 61.1146
46.1871 3608 60.0666
46.3046 3604 60.0333
46.422 3478 58.9746
46.5395 3341 57.8014
46.657 3284 57.3062
46.7745 3027 55.0182
46.892 2738 52.3259
47.0096 2861 53.4883
47.1271 3018 54.9363
47.2446 3149 56.116
47.3622 3117 55.8301
47.4797 3019 54.9454
47.5973 2991 54.69
47.7149 3099 55.6687
47.8324 3009 54.8544
47.95 2997 54.7449
48.0675 2948 54.2955
48.1851 2968 54.4794
48.3027 3091 55.5968
48.4202 2937 54.1941
48.5378 2995 54.7266
48.6554 3124 55.8928
48.7729 3131 55.9553
48.8904 3186 56.4447
49.008 3168 56.285
49.1255 3197 56.542
49.243 3199 56.5597
49.3605 3167 56.2761
49.478 3180 56.3915
49.5955 3170 56.3028
49.713 3269 57.1752
49.8304 3285 57.3149
49.9479 3295 57.4021
50.0653 3277 57.2451
50.1827 3136 56
50.3001 2891 53.768
50.4175 2599 50.9804
50.5348 2641 51.3907
50.6521 2990 54.6809
50.7694 3445 58.6941
50.8867 3493 59.1016
51.004 3609 60.075
51.1212 3847 62.0242
51.2384 3896 62.4179
51.3556 3941 62.7774
51.4727 4082 63.8905
51.5899 4070 63.7966
51.707 4079 63.867
51.824 4111 64.1171
51.9411 4147 64.3972
52.0581 4204 64.8383
52.175 4260 65.2687
52.2919 4242 65.1306
52.4088 4386 66.2269
52.5257 4381 66.1891
52.6425 4397 66.3099
52.7593 4390 66.2571
52.876 4356 66
52.9927 4515 67.1937
53.1094 4448 66.6933
53.226 4543 67.4018
53.3426 4396 66.3023
53.4591 4591 67.7569
53.5756 4484 66.9627
53.692 4438 66.6183
53.8084 4237 65.0922
53.9248 3973 63.0317
54.0411 3610 60.0833
54.1573 3540 59.4979
54.2735 0 1
54.3896 0 1
54.5057 0 1
54.6217 0 1
54.7377 0 1
54.8537 0 1
54.9695 0 1
55.0853 0 1
55.2011 0 1
55.3168 0 1
55.4324 0 1
57.824 0 1
57.9396 0 1
58.0553 0 1
58.1711 0 1
58.2869 0 1
58.4028 0 1
58.5187 0 1
58.6347 0 1
58.7508 0 1
58.8669 0 1
58.983 4720 68.7023
59.0992 4488 66.9925
59.2155 4439 66.6258
59.3318 4441 66.6408
59.4482 4709 68.6222
59.5646 5028 70.9084
59.681 5099 71.4073
59.7975 5346 73.1163
59.9141 5336 73.0479
60.0306 5387 73.3962
60.1473 5499 74.1552
60.2639 5353 73.1642
60.3807 5263 72.5465
60.4974 5347 73.1232
60.6142 5364 73.2393
60.731 5215 72.215
60.8479 5434 73.7157
60.9648 5654 75.1931
61.0818 5447 73.8038
61.1987 5453 73.8444
61.3158 5435 73.7225
61.4328 5451 73.8309
61.5499 5415 73.5867
61.667 5455 73.858
61.7841 5274 72.6223
61.9013 5405 73.5187
62.0185 5306 72.8423
62.1357 5275 72.6292
62.253 5199 72.1041
62.3702 5083 71.2952
62.4875 4832 69.5126
62.6049 4544 67.4092
62.7222 4399 66.325
62.8396 4647 68.1689
62.9569 4810 69.3542
63.0743 4950 70.3562
63.1918 4956 70.3989
63.3092 5103 71.4353
63.4267 5235 72.3533
63.5441 5188 72.0278
63.6616 5258 72.5121
63.7791 5225 72.2842
63.8966 5145 71.7287
64.0142 5152 71.7774
64.1317 5241 72.3948
64.2492 5259 72.519
64.3668 5359 73.2052
64.4843 5225 72.2842
64.6019 5285 72.698
64.7195 5165 71.8679
64.837 5255 72.4914
64.9546 5192 72.0555
65.0722 5203 72.1318
65.1898 5013 70.8025
65.3074 5124 71.5821
65.4249 5145 71.7287
65.5425 5087 71.3232
65.6601 5136 71.6659
65.7777 5063 71.1548
65.8952 4978 70.5549
66.0128 4774 69.0941
66.1304 4423 66.5056
66.2479 4101 64.0391
66.3655 4045 63.6003
66.483 4332 65.8179
66.6005 4526 67.2756
66.718 4758 68.9783
66.8355 4843 69.5917
66.953 5069 71.1969
67.0705 5088 71.3302
67.1879 5115 71.5192
67.3054 4992 70.6541
67.4228 5156 71.8053
67.5402 5136 71.6659
67.6576 5069 71.1969
67.7749 5144 71.7217
67.8923 5127 71.6031
68.0096 5022 70.8661
68.1269 5210 72.1803
68.2442 5131 71.631
68.3614 5119 71.5472
68.4787 5240 72.3878
68.5958 5268 72.581
68.713 5301 72.808
68.8302 5296 72.7736
68.9473 5135 71.6589
69.0643 5088 71.3302
69.1814 5230 72.3187
69.2984 4972 70.5124
69.4154 5188 72.0278
69.5323 5035 70.9577
69.6492 4891 69.9357
69.7661 4639 68.1102
69.8829 4283 65.4446
69.9997 4198 64.792
70.1165 4441 66.6408
70.2332 4624 68
70.3499 4728 68.7605
70.4665 4748 68.9057
70.5831 4937 70.2638
70.6996 5010 70.7814
70.8161 5005 70.746
70.9326 5020 70.852
71.049 5041 71
71.1653 5090 71.3442
71.2817 5109 71.4773
71.3979 5068 71.1899
71.5141 4968 70.484
71.6303 5011 70.7884
71.7464 4446 66.6783
71.8624 0 1
71.9784 0 1
72.0944 0 1
72.2102 0 1
72.3261 0 1
72.4418 0 1
72.5575 0 1
72.6732 0 1
75.1054 0 1
75.2209 0 1
75.3365 0 1
75.4521 0 1
75.5678 0 1
75.6835 0 1
75.7993 0 1
75.9151 0 1
76.031 0 1
76.147 4407 66.3852
76.263 4804 69.3109
76.3791 5000 70.7107
76.4952 4884 69.8856
76.6113 4995 70.6753
76.7276 5050 71.0634
76.8438 5034 70.9507
76.9601 5086 71.3162
77.0765 5150 71.7635
77.1929 5154 71.7914
77.3093 5065 71.1688
77.4258 5071 71.211
77.5423 5082 71.2881
77.6589 5044 71.0211
77.7755 5116 71.5262
77.8921 5224 72.2772
78.0088 5149 71.7565
78.1256 5178 71.9583
78.2423 5061 71.1407
78.3591 5110 71.4843
78.4759 5113 71.5052
78.5928 5091 71.3512
78.7097 4720 68.7023
78.8266 4772 69.0797
78.9436 3980 63.0872
79.0606 3726 61.041
79.1776 3808 61.709
79.2946 4285 65.4599
79.4117 4577 67.6535
79.5288 4645 68.1542
79.6459 4773 69.0869
79.7631 4857 69.6922
79.8802 5066 71.1758
79.9974 5010 70.7814
80.1147 5007 70.7602
80.2319 5077 71.2531
80.3491 5048 71.0493
80.4664 5019 70.8449
80.5837 5043 71.0141
80.701 5060 71.1337
80.8183 5127 71.6031
80.9357 5122 71.5681
81.053 5160 71.8331
81.1704 5025 70.8872
81.2877 5076 71.2461
81.4051 5142 71.7077
81.5225 5075 71.239
81.6399 4857 69.6922
81.7573 5190 72.0417
81.8747 4875 69.8212
81.9922 4882 69.8713
82.1096 5087 71.3232
82.227 4982 70.5833
82.3444 4744 68.8767
82.4619 4799 69.2748
82.5793 4300 65.5744
82.6967 3950 62.849
82.8142 3887 62.3458
82.9316 4142 64.3584
83.049 4390 66.2571
83.1664 4480 66.9328
83.2838 4576 67.6461
83.4012 4811 69.3614
83.5186 4770 69.0652
83.636 4835 69.5342
83.7534 4881 69.8642
83.8708 4973 70.5195
83.9881 4923 70.1641
84.1055 4857 69.6922
84.2228 4828 69.4838
84.3401 4864 69.7424
84.4575 4955 70.3918
84.5747 4873 69.8069
84.692 4905 70.0357
84.8093 4924 70.1712
84.9265 4922 70.157
85.0437 5019 70.8449
85.1609 4947 70.3349
85.2781 4935 70.2496
85.3952 4847 69.6204
85.5123 4993 70.6612
85.6294 4843 69.5917
85.7465 4926 70.1855
85.8636 4899 69.9929
85.9806 4771 69.0724
86.0976 4551 67.4611
86.2145 4154 64.4515
86.3315 3986 63.1348
86.4484 4256 65.238
86.5652 4573 67.624
86.682 4796 69.2532
86.7988 4944 70.3136
86.9156 4985 70.6045
87.0323 4991 70.647
87.149 5135 71.6589
87.2657 5145 71.7287
87.3823 5338 73.0616
87.4988 5052 71.0774
87.6154 5118 71.5402
87.7318 5312 72.8835
87.8483 5302 72.8148
87.9647 5230 72.3187
88.081 5260 72.5259
88.1973 5329 73
88.3136 5386 73.3894
88.4298 5372 73.2939
88.546 5235 72.3533
88.6621 5348 73.13
88.7781 5107 71.4633
88.8942 0 1
89.0101 0 1
89.126 0 1
89.2419 0 1
89.3577 0 1
89.4734 0 1
89.5891 0 1
89.7047 0 1
89.8203 0 1
89.9358 0 1
92.3269 0 1
92.4424 0 1
92.558 0 1
92.6736 0 1
92.7893 0 1
92.905 0 1
93.0208 0 1
93.1366 0 1
93.2525 0 1
93.3685 0 1
93.4845 0 1
93.6005 5153 71.7844
93.7167 5236 72.3602
93.8328 5264 72.5534
93.949 5177 71.9514
94.0653 5270 72.5948
94.1816 5253 72.4776
94.2979 5125 71.5891
94.4143 5100 71.4143
94.5307 5085 71.3092
94.6472 5032 70.9366
94.7637 5065 71.1688
94.8803 5182 71.9861
94.9969 5008 70.7672
95.1135 5016 70.8237
95.2302 4959 70.4202
95.3469 4622 67.9853
95.4637 4458 66.7683
95.5805 4488 66.9925
95.6973 4438 66.6183
95.8142 4809 69.347
95.9311 4777 69.1158
96.048 5034 70.9507
96.1649 5232 72.3326
96.2819 5273 72.6154
96.3989 5258 72.5121
96.516 5592 74.7797
96.633 5640 75.0999
96.7501 5607 74.8799
96.8673 5579 74.6927
96.9844 5705 75.5315
97.1016 5699 75.4917
97.2188 5663 75.2529
97.336 5797 76.138
97.4532 5704 75.5248
97.5704 5598 74.8198
97.6877 5649 75.1598
97.805 5762 75.9078
97.9223 5735 75.7298
98.0396 5622 74.98
98.1569 5570 74.6324
98.2743 5571 74.6391
98.3916 5536 74.4043
98.509 5569 74.6257
98.6264 5419 73.6139
98.7438 5461 73.8986
98.8612 5320 72.9383
98.9786 4917 70.1213
99.096 4784 69.1665
99.2134 4700 68.5565
99.3308 4793 69.2315
99.4482 5034 70.9507
99.5656 5277 72.643
99.6831 5321 72.9452
99.8005 5406 73.5255
99.9179 5552 74.5117
100.035 5557 74.5453
100.153 5573 74.6525
100.27 5715 75.5976
100.388 5719 75.6241
100.505 5670 75.2994
100.622 5771 75.9671
100.74 5698 75.4851
100.857 5911 76.883
100.975 5956 77.1751
101.092 5924 76.9675
101.209 5796 76.1315
101.327 5712 75.5778
101.444 5933 77.026
101.561 5797 76.138
101.679 5880 76.6812
101.796 5645 75.1332
101.913 5679 75.3591
102.03 5728 75.6836
102.148 5780 76.0263
102.265 6000 77.4597
102.382 5338 73.0616
102.499 5504 74.1889
102.616 5349 73.1369
102.733 4966 70.4699
102.851 5018 70.8378
102.968 5248 72.4431
103.085 5298 72.7874
103.202 5446 73.797
103.319 5484 74.054
103.436 5602 74.8465
103.552 5796 76.1315
103.669 5772 75.9737
103.786 5906 76.8505
103.903 5849 76.4788
104.02 5981 77.3369
104.137 6005 77.4919
104.253 6201 78.7464
104.37 6170 78.5493
104.487 6156 78.4602
104.603 6170 78.5493
104.72 6171 78.5557
104.836 6127 78.2752
104.953 6171 78.5557
105.069 5977 77.3111
105.186 6230 78.9303
105.302 6069 77.9038
105.418 5963 77.2205
105.535 5977 77.3111
105.651 6122 78.2432
105.767 6054 77.8075
105.883 5772 75.9737
105.999 5586 74.7395
106.115 0 1
106.231 0 1
106.347 0 1
106.463 0 1
106.579 0 1
106.694 0 1
106.81 0 1
106.926 0 1
107.041 0 1
107.157 0 1
109.576 0 1
109.692 0 1
109.807 0 1
109.923 0 1
110.039 0 1
110.155 0 1
110.27 0 1
110.386 0 1
110.502 0 1
110.618 5569 74.6257
110.735 5735 75.7298
110.851 5636 75.0733
110.967 5529 74.3572
111.083 5376 73.3212
111.199 5014 70.8096
111.316 4970 70.4982
111.432 4996 70.6824
111.549 5209 72.1734
111.665 5460 73.8918
111.782 5426 73.6614
111.898 5382 73.3621
112.015 5508 74.2159
112.132 5641 75.1066
112.248 5739 75.7562
112.365 5756 75.8683
112.482 5725 75.6637
112.599 5496 74.135
112.716 5693 75.452
112.832 5923 76.961
112.949 5723 75.6505
113.066 5845 76.4526
113.183 5614 74.9266
113.3 5667 75.2795
113.417 5658 75.2197
113.534 5636 75.0733
113.652 5556 74.5386
113.769 5529 74.3572
113.886 5527 74.3438
114.003 5337 73.0548
114.12 5319 72.9315
114.238 5362 73.2257
114.355 5348 73.13
114.472 5152 71.7774
114.589 4965 70.4628
114.707 4748 68.9057
114.824 4498 67.0671
114.942 4571 67.6092
115.059 4628 68.0294
115.176 4721 68.7095
115.294 4855 69.6778
115.411 4999 70.7036
115.529 5068 71.1899
115.646 5223 72.2703
115.764 5198 72.0972
115.881 5257 72.5052
115.999 5301 72.808
116.116 5308 72.856
116.234 5398 73.4711
116.351 5508 74.2159
116.469 5525 74.3303
116.586 5410 73.5527
116.704 5527 74.3438
116.821 5478 74.0135
116.939 5476 74
117.056 5477 74.0068
117.174 5431 73.6953
117.291 5269 72.5879
117.409 5435 73.7225
117.526 5300 72.8011
117.644 5324 72.9657
117.761 5190 72.0417
117.879 5348 73.13
117.996 5333 73.0274
118.114 5205 72.1457
118.231 5114 71.5122
118.349 4888 69.9142
118.466 4786 69.1809
118.584 4701 68.5638
118.701 4744 68.8767
118.819 4923 70.1641
118.936 4964 70.4557
119.053 4911 70.0785
119.171 5069 71.1969
119.288 5126 71.5961
119.405 5259 72.519
119.523 5299 72.7942
119.64 5393 73.437
119.757 5202 72.1249
119.875 5494 74.1215
119.992 5384 73.3757
120.109 5415 73.5867
120.226 5586 74.7395
120.343 5613 74.92
120.46 5302 72.8148
120.578 5581 74.7061
120.695 5381 73.3553
120.812 5301 72.808
120.929 5389 73.4098
121.046 5465 73.9256
121.163 5365 73.2462
121.279 5475 73.9932
121.396 5365 73.2462
121.513 5376 73.3212
121.63 5262 72.5396
121.747 5202 72.1249
121.863 4982 70.5833
121.98 4924 70.1712
122.097 4613 67.9191
122.213 4428 66.5432
122.33 4533 67.3276
122.446 4535 67.3424
122.563 4587 67.7274
122.679 4752 68.9348
122.795 4800 69.282
122.912 4892 69.9428
123.028 5088 71.3302
123.144 5068 71.1899
123.26 5179 71.9653
123.377 0 1
123.493 0 1
123.609 0 1
123.725 0 1
123.84 0 1
123.956 0 1
124.072 0 1
124.188 0 1
124.303 0 1
124.419 0 1
126.852 0 1
126.968 0 1
127.083 0 1
127.199 0 1
127.315 0 1
127.431 0 1
127.547 0 1
127.663 0 1
127.779 0 1
127.895 0 1
128.011 0 1
128.127 0 1
128.243 0 1
128.359 5758 75.8815
128.476 5674 75.326
128.592 5758 75.8815
128.708 5713 75.5844
128.825 5916 76.9155
128.941 5936 77.0454
129.058 6010 77.5242
129.174 5989 77.3886
129.291 6101 78.1089
129.408 6168 78.5366
129.524 6122 78.2432
129.641 6119 78.224
129.758 6247 79.038
129.875 6006 77.4984
129.992 5911 76.883
130.108 5978 77.3175
130.225 5874 76.642
130.342 5948 77.1233
130.459 5820 76.2889
130.576 5931 77.013
130.693 5877 76.6616
130.81 5719 75.6241
130.928 5406 73.5255
131.045 5121 71.5612
131.162 5023 70.8731
131.279 5184 72
131.396 5286 72.7049
131.513 5353 73.1642
131.631 5336 73.0479
131.748 5495 74.1283
131.865 5723 75.6505
131.983 5838 76.4068
132.1 5994 77.4209
132.217 5823 76.3086
132.335 5952 77.1492
132.452 5950 77.1362
132.57 5896 76.7854
132.687 5835 76.3872
132.804 6141 78.3645
132.922 6033 77.6724
133.039 6151 78.4283
133.157 6046 77.756
133.274 6002 77.4726
133.392 5934 77.0325
133.509 5961 77.2075
133.627 5941 77.0779
133.744 5867 76.5963
133.862 5819 76.2824
133.979 5892 76.7594
134.097 5940 77.0714
134.214 6077 77.9551
134.332 5725 75.6637
134.449 5650 75.1665
134.567 5312 72.8835
134.684 5298 72.7874
134.802 5251 72.4638
134.919 5309 72.8629
135.037 5350 73.1437
135.154 5374 73.3076
135.272 5550 74.4983
135.389 5775 75.9934
135.507 5999 77.4532
135.624 5875 76.6485
135.742 6174 78.5748
135.859 5941 77.0779
135.977 6085 78.0064
136.094 6113 78.1857
136.211 6151 78.4283
136.329 6213 78.8226
136.446 6183 78.6321
136.564 6052 77.7946
136.681 6239 78.9873
136.798 6176 78.5875
136.915 6085 78.0064
137.033 6099 78.0961
137.15 6061 77.8524
137.267 6009 77.5177
137.384 5932 77.0195
137.502 5958 77.1881
137.619 5905 76.844
137.736 5924 76.9675
137.853 5827 76.3348
137.97 5632 75.0467
138.087 5843 76.4395
138.204 5463 73.9121
138.321 5228 72.3049
138.438 5411 73.5595
138.555 5343 73.0958
138.672 5434 73.7157
138.788 5676 75.3392
138.905 5700 75.4983
139.022 5876 76.6551
139.139 5992 77.408
139.255 6094 78.0641
139.372 6098 78.0897
139.488 5799 76.1512
139.605 5853 76.5049
139.721 5847 76.4657
139.838 5867 76.5963
139.954 5873 76.6355
140.071 5799 76.1512
140.187 5868 76.6029
140.303 5951 77.1427
140.419 6057 77.8267
140.535 6074 77.9359
140.652 6179 78.6066
140.768 0 1
140.884 0 1
141 0 1
141.115 0 1
141.231 0 1
141.347 0 1
141.463 0 1
141.578 0 1
141.694 0 1
144.104 0 1
144.219 0 1
144.335 0 1
144.45 0 1
144.566 0 1
144.682 0 1
144.798 0 1
144.914 0 1
145.03 0 1
145.146 4864 69.7424
145.262 5003 70.7319
145.378 5006 70.7531
145.494 5039 70.9859
145.61 5021 70.859
145.726 5009 70.7743
145.842 5240 72.3878
145.959 5226 72.2911
146.075 5432 73.7021
146.192 5417 73.6003
146.308 5632 75.0467
146.425 5728 75.6836
146.541 5826 76.3282
146.658 5795 76.1249
146.774 5682 75.379
146.891 5514 74.2563
147.008 5056 71.1056
147.125 5068 71.1899
147.241 5127 71.6031
147.358 5071 71.211
147.475 5095 71.3793
147.592 5178 71.9583
147.709 5306 72.8423
147.826 5150 71.7635
147.943 5147 71.7426
148.06 4997 70.6895
148.177 4916 70.1142
148.294 4830 69.4982
148.411 4755 68.9565
148.528 4725 68.7386
148.645 4730 68.775
148.762 4695 68.5201
148.88 4773 69.0869
148.997 4644 68.1469
149.114 4990 70.6399
149.231 4917 70.1213
149.349 4896 69.9714
149.466 4984 70.5975
149.583 5058 71.1196
149.701 5141 71.7008
149.818 5124 71.5821
149.935 5125 71.5891
150.053 5263 72.5465
150.17 5260 72.5259
150.287 5078 71.2601
150.405 4752 68.9348
150.522 4789 69.2026
150.64 4557 67.5056
150.757 4386 66.2269
150.875 4465 66.8207
150.992 4469 66.8506
151.11 4360 66.0303
151.227 4520 67.2309
151.344 4741 68.8549
151.462 4716 68.6731
151.579 4798 69.2676
151.697 4818 69.4118
151.814 4772 69.0797
151.932 4765 69.029
152.049 4901 70.0071
152.167 4826 69.4694
152.284 4975 70.5337
152.402 4980 70.5691
152.519 4878 69.8427
152.636 4918 70.1285
152.754 5051 71.0704
152.871 5090 71.3442
152.989 5032 70.9366
153.106 5139 71.6868
153.223 5120 71.5542
153.341 5179 71.9653
153.458 5198 72.0972
153.575 5289 72.7255
153.693 5044 71.0211
153.81 5109 71.4773
153.927 5052 71.0774
154.044 4818 69.4118
154.162 4833 69.5198
154.279 4583 67.6979
154.396 4544 67.4092
154.513 4600 67.8233
154.63 4694 68.5128
154.747 4637 68.0955
154.864 4780 69.1375
154.981 5007 70.7602
155.098 4913 70.0928
155.215 5117 71.5332
155.332 4914 70.0999
155.449 5038 70.9789
155.566 5125 71.5891
155.683 5141 71.7008
155.8 5152 71.7774
155.917 4999 70.7036
156.033 5285 72.698
156.15 0 1
156.267 0 1
156.383 0 1
156.5 0 1
156.617 0 1
156.733 0 1
156.85 0 1
156.966 0 1
157.082 0 1
157.199 0 1
157.315 0 1
157.431 0 1
157.547 0 1
157.664 0 1
157.78 0 1
157.896 0 1
158.012 0 1
158.128 0 1
158.244 0 1
158.359 0 1
158.475 0 1
158.591 0 1
158.706 0 1
