
6.15755 0 1
6.2731 0 1
6.3887 0 1
6.50437 0 1
6.62009 0 1
6.73587 0 1
6.8517 0 1
6.96759 0 1
7.08353 0 1
7.19952 0 1
7.31557 0 1
7.43166 0 1
7.54781 0 1
7.664 0 1
7.78024 0 1
7.89653 0 1
8.01286 0 1
8.12924 0 1
8.24567 0 1
8.36213 0 1
8.47864 0 1
8.59519 0 1
8.71178 0 1
8.82841 0 1
8.94508 0 1
9.06179 0 1
9.17853 0 1
9.29531 0 1
9.41212 0 1
9.52897 0 1
9.64584 0 1
9.76276 0 1
9.8797 0 1
9.99667 0 1
10.1137 0 1
10.2307 0 1
10.3478 0 1
10.4648 0 1
10.5819 0 1
10.6991 0 1
10.8162 0 1
10.9334 0 1
11.0506 0 1
11.1678 0 1
11.285 0 1
11.4023 0 1
11.5196 0 1
11.6369 0 1
11.7542 0 1
11.8715 0 1
11.9888 0 1
12.1062 0 1
12.2235 0 1
12.3409 0 1
12.4582 0 1
12.5756 0 1
12.693 0 1
12.8104 0 1
12.9278 0 1
13.0452 0 1
13.1626 0 1
13.28 0 1
13.3974 0 1
13.5149 0 1
13.6323 0 1
13.7497 0 1
13.8671 0 1
13.9845 0 1
14.1019 0 1
14.2193 0 1
14.3367 0 1
14.4541 0 1
14.5714 0 1
14.6888 0 1
14.8062 0 1
14.9235 0 1
15.0408 2700 51.9615
15.1581 2768 52.6118
15.2755 2831 53.2071
15.3927 2971 54.5069
15.51 3005 54.8179
15.6273 3086 55.5518
15.7445 2932 54.1479
15.8617 2899 53.8424
15.9789 2766 52.5928
16.0961 2684 51.8073
16.2132 2995 54.7266
16.3304 3040 55.1362
16.4475 3157 56.1872
16.5646 3186 56.4447
16.6816 3388 58.2065
16.7986 3240 56.921
16.9156 3373 58.0775
17.0326 3315 57.576
17.1496 3198 56.5509
17.2665 3160 56.2139
17.3833 3032 55.0636
17.5002 3009 54.8544
17.617 2888 53.7401
17.7338 2869 53.563
17.8505 2847 53.3573
17.9672 3053 55.254
18.0839 3093 55.6147
18.2005 3112 55.7853
18.3171 3229 56.8243
18.4337 3214 56.6922
18.5502 3406 58.3609
18.6666 3410 58.3952
18.7831 3311 57.5413
18.8994 3473 58.9322
19.0158 3335 57.7495
19.1321 3177 56.3649
19.2483 3080 55.4977
19.3645 2898 53.8331
19.4806 2877 53.6377
19.5967 2769 52.6213
19.7128 2885 53.7122
19.8288 2905 53.8981
19.9447 2966 54.461
20.0606 0 1
20.1764 0 1
20.2922 0 1
20.4079 0 1
20.5236 0 1
20.6392 0 1
20.7548 0 1
20.8702 0 1
23.3078 0 1
23.4233 0 1
23.539 0 1
23.6547 0 1
23.7704 0 1
23.8862 0 1
24.0021 0 1
24.118 0 1
24.234 0 1
24.35 0 1
24.4661 3010 54.8635
24.5822 2910 53.9444
24.6984 2991 54.69
24.8146 3105 55.7225
24.9309 3273 57.2101
25.0472 3383 58.1636
25.1636 3430 58.5662
25.28 3528 59.397
25.3965 3372 58.0689
25.513 3552 59.5987
25.6296 3526 59.3801
25.7462 3421 58.4893
25.8628 3486 59.0424
25.9795 3412 58.4123
26.0962 3151 56.1338
26.213 3050 55.2268
26.3298 2973 54.5252
26.4466 2998 54.754
26.5635 2886 53.7215
26.6804 3162 56.2317
26.7973 3225 56.7891
26.9143 3300 57.4456
27.0313 3273 57.2101
27.1483 3462 58.8388
27.2653 3510 59.2453
27.3824 3486 59.0424
27.4996 3518 59.3127
27.6167 3491 59.0847
27.7339 3367 58.0259
27.8511 3113 55.7943
27.9683 2955 54.3599
28.0855 2802 52.9339
28.2028 2918 54.0185
28.3201 2845 53.3385
28.4374 3124 55.8928
28.5547 3222 56.7627
28.6721 3430 58.5662
28.7894 3345 57.836
28.9068 3480 58.9915
29.0242 3431 58.5747
29.1416 3371 58.0603
29.259 3402 58.3267
29.3764 3351 57.8878
29.4939 3068 55.3895
29.6113 2944 54.2586
29.7288 2848 53.3667
29.8463 2724 52.192
29.9638 2683 51.7977
30.0812 2678 51.7494
30.1987 2915 53.9907
30.3162 2997 54.7449
30.4337 2906 53.9073
30.5512 3085 55.5428
30.6687 3224 56.7803
30.7862 3274 57.2189
30.9037 3437 58.6259
31.0212 3329 57.6975
31.1387 3346 57.8446
31.2562 3122 55.8749
31.3737 3146 56.0892
31.4912 2928 54.111
31.6087 2775 52.6783
31.7262 2705 52.0096
31.8436 2722 52.1728
31.9611 2890 53.7587
32.0785 3158 56.1961
32.1959 3194 56.5155
32.3134 3343 57.8187
32.4308 3370 58.0517
32.5482 3190 56.4801
32.6655 3370 58.0517
32.7829 3172 56.3205
32.9002 3266 57.1489
33.0176 3239 56.9122
33.1349 3008 54.8452
33.2522 2945 54.2679
33.3694 2734 52.2877
33.4867 2607 51.0588
33.6039 2503 50.03
33.7211 2426 49.2544
33.8383 2749 52.4309
33.9554 2660 51.5752
34.0725 2846 53.3479
34.1896 2936 54.1849
34.3067 3069 55.3986
34.4237 3002 54.7905
34.5407 3163 56.2406
34.6577 3100 55.6776
34.7746 3080 55.4977
34.8915 2971 54.5069
35.0084 2923 54.0648
35.1252 2798 52.8961
35.242 2746 52.4023
35.3587 2568 50.6754
35.4755 2554 50.5371
35.5921 2744 52.3832
35.7088 2782 52.7447
35.8254 2917 54.0093
35.9419 3061 55.3263
36.0584 3032 55.0636
36.1749 3044 55.1725
36.2913 3085 55.5428
36.4077 3062 55.3353
36.524 3033 55.0727
36.6403 3018 54.9363
36.7565 2936 54.1849
36.8727 2792 52.8394
36.9889 2497 49.97
37.1049 2485 49.8498
37.221 0 1
37.3369 0 1
37.4529 0 1
37.5687 0 1
37.6845 0 1
37.8003 0 1
37.916 0 1
38.0316 0 1
38.1472 0 1
40.5851 0 1
40.7008 0 1
40.8164 0 1
40.9322 0 1
41.048 0 1
41.1639 0 1
41.2798 0 1
41.3958 0 1
41.5118 0 1
41.6279 0 1
41.744 2407 49.0612
41.8602 2436 49.3559
41.9765 2477 49.7695
42.0928 2327 48.239
42.2091 2145 46.3141
42.3255 2058 45.3652
42.4419 1928 43.909
42.5584 1894 43.5201
42.675 1934 43.9773
42.7915 2098 45.8039
42.9081 2134 46.1952
43.0248 2203 46.9361
43.1415 2241 47.3392
43.2582 2308 48.0416
43.375 2309 48.0521
43.4918 2311 48.0729
43.6087 2316 48.1248
43.7256 2421 49.2037
43.8425 2276 47.7074
43.9595 2184 46.7333
44.0765 2096 45.7821
44.1935 1991 44.6206
44.3106 1773 42.107
44.4277 1774 42.1189
44.5448 1908 43.6807
44.6619 1913 43.7379
44.7791 1937 44.0114
44.8963 2059 45.3762
45.0136 1969 44.3734
45.1308 1979 44.486
45.2481 1897 43.5546
45.3654 1838 42.8719
45.4827 1861 43.1393
45.6001 1744 41.7612
45.7174 1635 40.4351
45.8348 1553 39.4081
45.9522 1419 37.6696
46.0697 1374 37.0675
46.1871 1345 36.6742
46.3046 1404 37.47
46.422 1505 38.7943
46.5395 1601 40.0125
46.657 1541 39.2556
46.7745 1514 38.9102
46.892 1575 39.6863
47.0096 1619 40.2368
47.1271 1568 39.598
47.2446 1598 39.975
47.3622 1522 39.0128
47.4797 1539 39.2301
47.5973 1530 39.1152
47.7149 1489 38.5876
47.8324 1405 37.4833
47.95 1278 35.7491
48.0675 1320 36.3318
48.1851 1411 37.5633
48.3027 1473 38.3797
48.4202 1486 38.5487
48.5378 1468 38.3145
48.6554 1545 39.3065
48.7729 1473 38.3797
48.8904 1569 39.6106
49.008 1534 39.1663
49.1255 1442 37.9737
49.243 1382 37.1753
49.3605 1364 36.9324
49.478 1291 35.9305
49.5955 1182 34.3802
49.713 1157 34.0147
49.8304 1251 35.3695
49.9479 1396 37.3631
50.0653 1415 37.6165
50.1827 1611 40.1373
50.3001 1653 40.6571
50.4175 1670 40.8656
50.5348 1617 40.2119
50.6521 1838 42.8719
50.7694 1777 42.1545
50.8867 1828 42.7551
51.004 1887 43.4396
51.1212 1847 42.9767
51.2384 1887 43.4396
51.3556 1808 42.5206
51.4727 1779 42.1782
51.5899 1816 42.6146
51.707 1923 43.852
51.824 2104 45.8694
51.9411 2264 47.5815
52.0581 2296 47.9166
52.175 2344 48.4149
52.2919 2357 48.5489
52.4088 2282 47.7703
52.5257 2409 49.0816
52.6425 2433 49.3254
52.7593 2500 50
52.876 2282 47.7703
52.9927 2091 45.7275
53.1094 1981 44.5084
53.226 1873 43.2782
53.3426 1929 43.9204
53.4591 2045 45.2217
53.5756 2342 48.3942
53.692 2474 49.7393
53.8084 2696 51.923
53.9248 2709 52.0481
54.0411 2834 53.2353
54.1573 2857 53.4509
54.2735 0 1
54.3896 0 1
54.5057 0 1
54.6217 0 1
54.7377 0 1
54.8537 0 1
54.9695 0 1
55.0853 0 1
55.2011 0 1
55.3168 0 1
55.4324 0 1
57.824 0 1
57.9396 0 1
58.0553 0 1
58.1711 0 1
58.2869 0 1
58.4028 0 1
58.5187 0 1
58.6347 0 1
58.7508 0 1
58.8669 0 1
58.983 3093 55.6147
59.0992 3299 57.4369
59.2155 3492 59.0931
59.3318 3534 59.4475
59.4482 3608 60.0666
59.5646 3564 59.6992
59.681 3609 60.075
59.7975 3602 60.0167
59.9141 3538 59.4811
60.0306 3624 60.1997
60.1473 3407 58.3695
60.2639 3192 56.4978
60.3807 3250 57.0088
60.4974 3281 57.28
60.6142 3463 58.8473
60.731 3636 60.2993
60.8479 3650 60.4152
60.9648 3602 60.0167
61.0818 3724 61.0246
61.1987 3526 59.3801
61.3158 3561 59.6741
61.4328 3462 58.8388
61.5499 3232 56.8507
61.667 2899 53.8424
61.7841 2741 52.3546
61.9013 2621 51.1957
62.0185 2530 50.2991
62.1357 2633 51.3128
62.253 2888 53.7401
62.3702 3085 55.5428
62.4875 3254 57.0438
62.6049 3324 57.6541
62.7222 3324 57.6541
62.8396 3358 57.9483
62.9569 3468 58.8897
63.0743 3277 57.2451
63.1918 3379 58.1292
63.3092 3423 58.5064
63.4267 3384 58.1722
63.5441 3295 57.4021
63.6616 3096 55.6417
63.7791 3015 54.909
63.8966 2898 53.8331
64.0142 2920 54.037
64.1317 3069 55.3986
64.2492 3171 56.3116
64.3668 3217 56.7186
64.4843 3144 56.0714
64.6019 3051 55.2359
64.7195 3086 55.5518
64.837 3091 55.5968
64.9546 3066 55.3715
65.0722 2951 54.3231
65.1898 2617 51.1566
65.3074 2296 47.9166
65.4249 2185 46.744
65.5425 2062 45.4093
65.6601 2004 44.7661
65.7777 2277 47.7179
65.8952 2497 49.97
66.0128 2634 51.3225
66.1304 2806 52.9717
66.2479 2905 53.8981
66.3655 2922 54.0555
66.483 2866 53.535
66.6005 2908 53.9259
66.718 2891 53.768
66.8355 2930 54.1295
66.953 2937 54.1941
67.0705 2837 53.2635
67.1879 2885 53.7122
67.3054 2801 52.9245
67.4228 2801 52.9245
67.5402 2533 50.3289
67.6576 2646 51.4393
67.7749 2712 52.0769
67.8923 2960 54.4059
68.0096 2937 54.1941
68.1269 2916 54
68.2442 2950 54.3139
68.3614 2948 54.2955
68.4787 2994 54.7175
68.5958 2988 54.6626
68.713 2867 53.5444
68.8302 2615 51.1371
68.9473 2380 48.7852
69.0643 2260 47.5395
69.1814 2049 45.2659
69.2984 2043 45.1996
69.4154 2193 46.8295
69.5323 2463 49.6286
69.6492 2659 51.5655
69.7661 2882 53.6843
69.8829 2903 53.8795
69.9997 3013 54.8908
70.1165 3070 55.4076
70.2332 2981 54.5985
70.3499 3084 55.5338
70.4665 3121 55.8659
70.5831 3072 55.4256
70.6996 3083 55.5248
70.8161 3062 55.3353
70.9326 3107 55.7405
71.049 3028 55.0273
71.1653 2810 53.0094
71.2817 2737 52.3163
71.3979 2646 51.4393
71.5141 2780 52.7257
71.6303 2872 53.591
71.7464 2830 53.1977
71.8624 0 1
71.9784 0 1
72.0944 0 1
72.2102 0 1
72.3261 0 1
72.4418 0 1
72.5575 0 1
72.6732 0 1
75.1054 0 1
75.2209 0 1
75.3365 0 1
75.4521 0 1
75.5678 0 1
75.6835 0 1
75.7993 0 1
75.9151 0 1
76.031 0 1
76.147 2889 53.7494
76.263 2941 54.231
76.3791 2859 53.4696
76.4952 2818 53.0848
76.6113 2812 53.0283
76.7276 2908 53.9259
76.8438 3173 56.3294
76.9601 3147 56.0981
77.0765 3135 55.9911
77.1929 3241 56.9298
77.3093 3232 56.8507
77.4258 3047 55.1996
77.5423 3121 55.8659
77.6589 2855 53.4322
77.7755 2496 49.96
77.8921 2351 48.4871
78.0088 2161 46.4866
78.1256 1985 44.5533
78.2423 2012 44.8553
78.3591 2164 46.5188
78.4759 2504 50.04
78.5928 2691 51.8748
78.7097 2811 53.0189
78.8266 2809 53
78.9436 3021 54.9636
79.0606 2872 53.591
79.1776 2980 54.5894
79.2946 2957 54.3783
79.4117 3107 55.7405
79.5288 3052 55.2449
79.6459 3025 55
79.7631 3109 55.7584
79.8802 3101 55.6866
79.9974 2873 53.6004
80.1147 2786 52.7826
80.2319 2713 52.0865
80.3491 2677 51.7397
80.4664 2974 54.5344
80.5837 3143 56.0625
80.701 3108 55.7494
80.8183 3086 55.5518
80.9357 3220 56.745
81.053 3054 55.263
81.1704 2987 54.6535
81.2877 2961 54.4151
81.4051 2660 51.5752
81.5225 2525 50.2494
81.6399 2201 46.9148
81.7573 2198 46.8828
81.8747 1997 44.6878
81.9922 2027 45.0222
82.1096 2324 48.2079
82.227 2739 52.3355
82.3444 2809 53
82.4619 2834 53.2353
82.5793 2909 53.9351
82.6967 2916 54
82.8142 2987 54.6535
82.9316 3060 55.3173
83.049 3154 56.1605
83.1664 3133 55.9732
83.2838 3153 56.1516
83.4012 3079 55.4887
83.5186 3094 55.6237
83.636 3031 55.0545
83.7534 2765 52.5833
83.8708 2750 52.4404
83.9881 2877 53.6377
84.1055 3073 55.4346
84.2228 3224 56.7803
84.3401 3350 57.8792
84.4575 3244 56.9561
84.5747 3259 57.0877
84.692 3280 57.2713
84.8093 3295 57.4021
84.9265 3058 55.2992
85.0437 2874 53.6097
85.1609 2504 50.04
85.2781 2343 48.4045
85.3952 2235 47.2758
85.5123 2203 46.9361
85.6294 2416 49.1528
85.7465 2791 52.8299
85.8636 2981 54.5985
85.9806 3128 55.9285
86.0976 3273 57.2101
86.2145 3385 58.1808
86.3315 3409 58.3866
86.4484 3696 60.7947
86.5652 3800 61.6441
86.682 3906 62.498
86.7988 3973 63.0317
86.9156 3899 62.442
87.0323 4098 64.0156
87.149 4002 63.2614
87.2657 3949 62.8411
87.3823 3767 61.3759
87.4988 3794 61.5955
87.6154 4044 63.5925
87.7318 4441 66.6408
87.8483 4652 68.2056
87.9647 4744 68.8767
88.081 4889 69.9214
88.1973 4901 70.0071
88.3136 4928 70.1997
88.4298 4825 69.4622
88.546 4654 68.2202
88.6621 4324 65.7571
88.7781 3813 61.7495
88.8942 0 1
89.0101 0 1
89.126 0 1
89.2419 0 1
89.3577 0 1
89.4734 0 1
89.5891 0 1
89.7047 0 1
89.8203 0 1
89.9358 0 1
92.3269 0 1
92.4424 0 1
92.558 0 1
92.6736 0 1
92.7893 0 1
92.905 0 1
93.0208 0 1
93.1366 0 1
93.2525 0 1
93.3685 0 1
93.4845 0 1
93.6005 5235 72.3533
93.7167 5191 72.0486
93.8328 4858 69.6994
93.949 4549 67.4463
94.0653 4085 63.914
94.1816 3822 61.8223
94.2979 3648 60.3987
94.4143 3600 60
94.5307 3777 61.4573
94.6472 4254 65.2227
94.7637 4413 66.4304
94.8803 4529 67.2978
94.9969 4879 69.8498
95.1135 5064 71.1618
95.2302 5154 71.7914
95.3469 5292 72.7461
95.4637 5356 73.1847
95.5805 5434 73.7157
95.6973 5295 72.7668
95.8142 5225 72.2842
95.9311 5389 73.4098
96.048 5138 71.6798
96.1649 5217 72.2288
96.2819 4883 69.8785
96.3989 4658 68.2495
96.516 4625 68.0074
96.633 4535 67.3424
96.7501 4760 68.9928
96.8673 4870 69.7854
96.9844 4793 69.2315
97.1016 4841 69.5773
97.2188 4688 68.469
97.336 4617 67.9485
97.4532 4243 65.1383
97.5704 4146 64.3894
97.6877 3526 59.3801
97.805 3187 56.4535
97.9223 2999 54.7631
98.0396 2799 52.9056
98.1569 2628 51.264
98.2743 2715 52.1057
98.3916 2873 53.6004
98.509 3154 56.1605
98.6264 3221 56.7539
98.7438 3328 57.6888
98.8612 3492 59.0931
98.9786 3493 59.1016
99.096 3497 59.1354
99.2134 3581 59.8415
99.3308 3540 59.4979
99.4482 3499 59.1523
99.5656 3359 57.9569
99.6831 3298 57.4282
99.8005 3407 58.3695
99.9179 3137 56.0089
100.035 2961 54.4151
100.153 2968 54.4794
100.27 3139 56.0268
100.388 3304 57.4804
100.505 3365 58.0086
100.622 3326 57.6715
100.74 3318 57.6021
100.857 3282 57.2887
100.975 3222 56.7627
101.092 3270 57.1839
101.209 3170 56.3028
101.327 2997 54.7449
101.444 2735 52.2972
101.561 2483 49.8297
101.679 2341 48.3839
101.796 2376 48.7442
101.913 2435 49.3457
102.03 2630 51.2835
102.148 2852 53.4041
102.265 2704 52
102.382 3191 56.4889
102.499 3161 56.2228
102.616 3333 57.7321
102.733 3274 57.2189
102.851 3412 58.4123
102.968 3493 59.1016
103.085 3546 59.5483
103.202 3399 58.3009
103.319 3475 58.9491
103.436 3205 56.6127
103.552 3174 56.3383
103.669 3122 55.8749
103.786 3143 56.0625
103.903 3205 56.6127
104.02 3419 58.4722
104.137 3464 58.8558
104.253 3414 58.4294
104.37 3492 59.0931
104.487 3440 58.6515
104.603 3352 57.8965
104.72 3312 57.55
104.836 3029 55.0364
104.953 2695 51.9134
105.069 2601 51
105.186 2403 49.0204
105.302 2348 48.4562
105.418 2575 50.7445
105.535 2688 51.8459
105.651 2769 52.6213
105.767 3034 55.0818
105.883 3134 55.9821
105.999 3139 56.0268
106.115 0 1
106.231 0 1
106.347 0 1
106.463 0 1
106.579 0 1
106.694 0 1
106.81 0 1
106.926 0 1
107.041 0 1
107.157 0 1
109.576 0 1
109.692 0 1
109.807 0 1
109.923 0 1
110.039 0 1
110.155 0 1
110.27 0 1
110.386 0 1
110.502 0 1
110.618 2356 48.5386
110.735 2548 50.4777
110.851 2772 52.6498
110.967 2844 53.3292
111.083 2997 54.7449
111.199 3072 55.4256
111.316 3051 55.2359
111.432 3163 56.2406
111.549 3110 55.7674
111.665 3170 56.3028
111.782 3052 55.2449
111.898 3061 55.3263
112.015 2894 53.7959
112.132 2748 52.4214
112.248 2778 52.7067
112.365 2874 53.6097
112.482 3109 55.7584
112.599 3005 54.8179
112.716 3007 54.8361
112.832 3107 55.7405
112.949 3095 55.6327
113.066 3018 54.9363
113.183 2859 53.4696
113.3 2764 52.5738
113.417 2652 51.4976
113.534 2553 50.5272
113.652 2201 46.9148
113.769 2083 45.6399
113.886 2118 46.0217
114.003 2056 45.3431
114.12 2322 48.1871
114.238 2334 48.3115
114.355 2561 50.6063
114.472 2584 50.8331
114.589 2561 50.6063
114.707 2714 52.0961
114.824 2653 51.5073
114.942 2772 52.6498
115.059 2812 53.0283
115.176 2807 52.9811
115.294 2710 52.0577
115.411 2627 51.2543
115.529 2402 49.0102
115.646 2541 50.4083
115.764 2384 48.8262
115.881 2529 50.2892
115.999 2552 50.5173
116.116 2640 51.3809
116.234 2623 51.2152
116.351 2645 51.4296
116.469 2634 51.3225
116.586 2693 51.8941
116.704 2653 51.5073
116.821 2616 51.1468
116.939 2530 50.2991
117.056 2393 48.9183
117.174 2126 46.1086
117.291 2025 45
117.409 1910 43.7035
117.526 1848 42.9884
117.644 2016 44.8999
117.761 2172 46.6047
117.879 2368 48.6621
117.996 2448 49.4773
118.114 2589 50.8822
118.231 2751 52.45
118.349 2764 52.5738
118.466 2768 52.6118
118.584 2866 53.535
118.701 2780 52.7257
118.819 2914 53.9815
118.936 2850 53.3854
119.053 2771 52.6403
119.171 2827 53.1695
119.288 2796 52.8772
119.405 2690 51.8652
119.523 2680 51.7687
119.64 3013 54.8908
119.757 2968 54.4794
119.875 2989 54.6717
119.992 3103 55.7046
120.109 3077 55.4707
120.226 3009 54.8544
120.343 3076 55.4617
120.46 3040 55.1362
120.578 3018 54.9363
120.695 2836 53.2541
120.812 2750 52.4404
120.929 2456 49.558
121.046 2246 47.392
121.163 2133 46.1844
121.279 2173 46.6154
121.396 2386 48.8467
121.513 2678 51.7494
121.63 2721 52.1632
121.747 2975 54.5436
121.863 3070 55.4076
121.98 3315 57.576
122.097 3238 56.9034
122.213 3267 57.1577
122.33 3235 56.8771
122.446 3296 57.4108
122.563 3404 58.3438
122.679 3222 56.7627
122.795 3133 55.9732
122.912 3136 56
123.028 3137 56.0089
123.144 3128 55.9285
123.26 3169 56.2939
123.377 0 1
123.493 0 1
123.609 0 1
123.725 0 1
123.84 0 1
123.956 0 1
124.072 0 1
124.188 0 1
124.303 0 1
124.419 0 1
126.852 0 1
126.968 0 1
127.083 0 1
127.199 0 1
127.315 0 1
127.431 0 1
127.547 0 1
127.663 0 1
127.779 0 1
127.895 0 1
128.011 0 1
128.127 0 1
128.243 0 1
128.359 3573 59.7746
128.476 3534 59.4475
128.592 3548 59.5651
128.708 3506 59.2115
128.825 3687 60.7207
128.941 3744 61.1882
129.058 3776 61.4492
129.174 3771 61.4085
129.291 3900 62.45
129.408 3735 61.1146
129.524 3713 60.9344
129.641 3714 60.9426
129.758 3439 58.643
129.875 3271 57.1927
129.992 2903 53.8795
130.108 2647 51.449
130.225 2482 49.8197
130.342 2413 49.1223
130.459 2604 51.0294
130.576 2913 53.9722
130.693 3175 56.3471
130.81 3336 57.7581
130.928 3324 57.6541
131.045 3430 58.5662
131.162 3501 59.1692
131.279 3503 59.1861
131.396 3415 58.438
131.513 3458 58.8048
131.631 3300 57.4456
131.748 3190 56.4801
131.865 3210 56.6569
131.983 3142 56.0535
132.1 3200 56.5685
132.217 3165 56.2583
132.335 3183 56.4181
132.452 3145 56.0803
132.57 3178 56.3738
132.687 3081 55.5068
132.804 3196 56.5332
132.922 3028 55.0273
133.039 3050 55.2268
133.157 2969 54.4885
133.274 2957 54.3783
133.392 2636 51.342
133.509 2375 48.734
133.627 2223 47.1487
133.744 1957 44.238
133.862 1959 44.2606
133.979 2012 44.8553
134.097 2162 46.4973
134.214 2302 47.9792
134.332 2312 48.0833
134.449 2412 49.1121
134.567 2487 49.8698
134.684 2456 49.558
134.802 2413 49.1223
134.919 2562 50.6162
135.037 2418 49.1732
135.154 2385 48.8365
135.272 2389 48.8774
135.389 2306 48.0208
135.507 2157 46.4435
135.624 2195 46.8508
135.742 2295 47.9062
135.859 2309 48.0521
135.977 2189 46.7868
136.094 2306 48.0208
136.211 2179 46.6798
136.329 2221 47.1275
136.446 2185 46.744
136.564 2179 46.6798
136.681 2132 46.1736
136.798 2182 46.7119
136.915 2065 45.4423
137.033 1923 43.852
137.15 1770 42.0714
137.267 1634 40.4228
137.384 1645 40.5586
137.502 1463 38.2492
137.619 1595 39.9375
137.736 1857 43.0929
137.853 1842 42.9185
137.97 1916 43.7721
138.087 2110 45.9347
138.204 2070 45.4973
138.321 2193 46.8295
138.438 2319 48.156
138.555 2292 47.8748
138.672 2145 46.3141
138.788 2124 46.0869
138.905 2285 47.8017
139.022 2179 46.6798
139.139 2220 47.1169
139.255 2283 47.7807
139.372 2319 48.156
139.488 2408 49.0714
139.605 2473 49.7293
139.721 2397 48.9592
139.838 2423 49.224
139.954 2481 49.8096
140.071 2409 49.0816
140.187 2544 50.4381
140.303 2539 50.3885
140.419 2501 50.01
140.535 2440 49.3964
140.652 2293 47.8853
140.768 0 1
140.884 0 1
141 0 1
141.115 0 1
141.231 0 1
141.347 0 1
141.463 0 1
141.578 0 1
141.694 0 1
144.104 0 1
144.219 0 1
144.335 0 1
144.45 0 1
144.566 0 1
144.682 0 1
144.798 0 1
144.914 0 1
145.03 0 1
145.146 2040 45.1664
145.262 2137 46.2277
145.378 2113 45.9674
145.494 2160 46.4758
145.61 2176 46.6476
145.726 2065 45.4423
145.842 1896 43.5431
145.959 1729 41.5812
146.075 1676 40.939
146.192 1563 39.5348
146.308 1563 39.5348
146.425 1521 39
146.541 1661 40.7554
146.658 1772 42.0951
146.774 1834 42.8252
146.891 1973 44.4185
147.008 1842 42.9185
147.125 1830 42.7785
147.241 1941 44.0568
147.358 1880 43.359
147.475 1833 42.8135
147.592 1881 43.3705
147.709 1744 41.7612
147.826 1810 42.5441
147.943 1792 42.332
148.06 1729 41.5812
148.177 1732 41.6173
148.294 1806 42.4971
148.411 1740 41.7133
148.528 1821 42.6732
148.645 1827 42.7434
148.762 1750 41.833
148.88 1721 41.4849
148.997 1699 41.2189
149.114 1682 41.0122
149.231 1672 40.8901
149.349 1680 40.9878
149.466 1596 39.95
149.583 1384 37.2022
149.701 1366 36.9594
149.818 1321 36.3456
149.935 1219 34.9142
150.053 1316 36.2767
150.17 1402 37.4433
150.287 1478 38.4448
150.405 1546 39.3192
150.522 1531 39.128
150.64 1706 41.3038
150.757 1624 40.2989
150.875 1645 40.5586
150.992 1600 40
151.11 1722 41.497
151.227 1669 40.8534
151.344 1589 39.8623
151.462 1657 40.7063
151.579 1676 40.939
151.697 1778 42.1663
151.814 1728 41.5692
151.932 1692 41.1339
152.049 1783 42.2256
152.167 1834 42.8252
152.284 1774 42.1189
152.402 1879 43.3474
152.519 1865 43.1856
152.636 1843 42.9302
152.754 1838 42.8719
152.871 1896 43.5431
152.989 1802 42.45
153.106 1810 42.5441
153.223 1601 40.0125
153.341 1543 39.281
153.458 1511 38.8716
153.575 1481 38.4838
153.693 1585 39.8121
153.81 1718 41.4488
153.927 1797 42.391
154.044 1855 43.0697
154.162 1973 44.4185
154.279 1952 44.1814
154.396 2044 45.2106
154.513 2067 45.4643
154.63 2025 45
154.747 2170 46.5833
154.864 2130 46.1519
154.981 2155 46.422
155.098 2055 45.3321
155.215 2120 46.0435
155.332 2160 46.4758
155.449 2278 47.7284
155.566 2263 47.571
155.683 2252 47.4552
155.8 2416 49.1528
155.917 2359 48.5695
156.033 2332 48.2908
156.15 0 1
156.267 0 1
156.383 0 1
156.5 0 1
156.617 0 1
156.733 0 1
156.85 0 1
156.966 0 1
157.082 0 1
157.199 0 1
157.315 0 1
157.431 0 1
157.547 0 1
157.664 0 1
157.78 0 1
157.896 0 1
158.012 0 1
158.128 0 1
158.244 0 1
158.359 0 1
158.475 0 1
158.591 0 1
158.706 0 1
