
6.15755 0 1
6.2731 0 1
6.3887 0 1
6.50437 0 1
6.62009 0 1
6.73587 0 1
6.8517 0 1
6.96759 0 1
7.08353 0 1
7.19952 0 1
7.31557 0 1
7.43166 0 1
7.54781 0 1
7.664 0 1
7.78024 0 1
7.89653 0 1
8.01286 0 1
8.12924 0 1
8.24567 0 1
8.36213 0 1
8.47864 0 1
8.59519 0 1
8.71178 0 1
8.82841 0 1
8.94508 0 1
9.06179 0 1
9.17853 0 1
9.29531 0 1
9.41212 0 1
9.52897 0 1
9.64584 0 1
9.76276 0 1
9.8797 0 1
9.99667 0 1
10.1137 0 1
10.2307 0 1
10.3478 0 1
10.4648 0 1
10.5819 0 1
10.6991 0 1
10.8162 0 1
10.9334 0 1
11.0506 0 1
11.1678 0 1
11.285 0 1
11.4023 0 1
11.5196 0 1
11.6369 0 1
11.7542 0 1
11.8715 0 1
11.9888 0 1
12.1062 0 1
12.2235 0 1
12.3409 0 1
12.4582 0 1
12.5756 0 1
12.693 0 1
12.8104 0 1
12.9278 0 1
13.0452 0 1
13.1626 0 1
13.28 0 1
13.3974 0 1
13.5149 0 1
13.6323 0 1
13.7497 0 1
13.8671 0 1
13.9845 0 1
14.1019 0 1
14.2193 0 1
14.3367 0 1
14.4541 0 1
14.5714 0 1
14.6888 0 1
14.8062 0 1
14.9235 0 1
15.0408 2232 47.244
15.1581 2343 48.4045
15.2755 2458 49.5782
15.3927 2411 49.1019
15.51 2402 49.0102
15.6273 2322 48.1871
15.7445 2416 49.1528
15.8617 2397 48.9592
15.9789 2408 49.0714
16.0961 2449 49.4874
16.2132 2288 47.833
16.3304 2346 48.4355
16.4475 2409 49.0816
16.5646 2493 49.93
16.6816 2421 49.2037
16.7986 2449 49.4874
16.9156 2550 50.4975
17.0326 2437 49.366
17.1496 2523 50.2295
17.2665 2534 50.3389
17.3833 2549 50.4876
17.5002 2549 50.4876
17.617 2538 50.3786
17.7338 2636 51.342
17.8505 2490 49.8999
17.9672 2460 49.5984
18.0839 2450 49.4975
18.2005 2536 50.3587
18.3171 2610 51.0882
18.4337 2657 51.5461
18.5502 2695 51.9134
18.6666 2688 51.8459
18.7831 2718 52.1344
18.8994 2631 51.2933
19.0158 2603 51.0196
19.1321 2526 50.2593
19.2483 2395 48.9387
19.3645 2397 48.9592
19.4806 2286 47.8121
19.5967 2355 48.5283
19.7128 2131 46.1628
19.8288 1930 43.9318
19.9447 1683 41.0244
20.0606 0 1
20.1764 0 1
20.2922 0 1
20.4079 0 1
20.5236 0 1
20.6392 0 1
20.7548 0 1
20.8702 0 1
23.3078 0 1
23.4233 0 1
23.539 0 1
23.6547 0 1
23.7704 0 1
23.8862 0 1
24.0021 0 1
24.118 0 1
24.234 0 1
24.35 0 1
24.4661 1280 35.7771
24.5822 1479 38.4578
24.6984 1633 40.4104
24.8146 1870 43.2435
24.9309 2084 45.6508
25.0472 2134 46.1952
25.1636 2331 48.2804
25.28 2355 48.5283
25.3965 2468 49.679
25.513 2677 51.7397
25.6296 2700 51.9615
25.7462 2642 51.4004
25.8628 2802 52.9339
25.9795 2933 54.1572
26.0962 2809 53
26.213 2921 54.0463
26.3298 2867 53.5444
26.4466 2949 54.3047
26.5635 2857 53.4509
26.6804 2822 53.1225
26.7973 2947 54.2863
26.9143 2887 53.7308
27.0313 3008 54.8452
27.1483 2866 53.535
27.2653 3130 55.9464
27.3824 3047 55.1996
27.4996 3023 54.9818
27.6167 3015 54.909
27.7339 3027 55.0182
27.8511 2971 54.5069
27.9683 2877 53.6377
28.0855 2828 53.1789
28.2028 2860 53.479
28.3201 2944 54.2586
28.4374 3003 54.7996
28.5547 2927 54.1018
28.6721 2679 51.7591
28.7894 2761 52.5452
28.9068 2594 50.9313
29.0242 2606 51.049
29.1416 2737 52.3163
29.259 2640 51.3809
29.3764 2703 51.9904
29.4939 2730 52.2494
29.6113 2837 53.2635
29.7288 2776 52.6878
29.8463 2834 53.2353
29.9638 2821 53.1131
30.0812 2965 54.4518
30.1987 2918 54.0185
30.3162 2831 53.2071
30.4337 2837 53.2635
30.5512 2957 54.3783
30.6687 3038 55.1181
30.7862 3117 55.8301
30.9037 3099 55.6687
31.0212 3234 56.8683
31.1387 3166 56.2672
31.2562 3059 55.3082
31.3737 3056 55.2811
31.4912 2963 54.4334
31.6087 2997 54.7449
31.7262 3008 54.8452
31.8436 2935 54.1756
31.9611 3057 55.2901
32.0785 2898 53.8331
32.1959 2849 53.376
32.3134 2713 52.0865
32.4308 2669 51.6624
32.5482 2666 51.6333
32.6655 2673 51.7011
32.7829 2587 50.8626
32.9002 2773 52.6593
33.0176 2775 52.6783
33.1349 2891 53.768
33.2522 2833 53.2259
33.3694 2839 53.2823
33.4867 2867 53.5444
33.6039 2949 54.3047
33.7211 2830 53.1977
33.8383 2855 53.4322
33.9554 2932 54.1479
34.0725 2792 52.8394
34.1896 3007 54.8361
34.3067 3010 54.8635
34.4237 3079 55.4887
34.5407 3216 56.7098
34.6577 3119 55.848
34.7746 3214 56.6922
34.8915 3047 55.1996
35.0084 3110 55.7674
35.1252 2912 53.963
35.242 3014 54.8999
35.3587 2902 53.8702
35.4755 3091 55.5968
35.5921 2992 54.6992
35.7088 2994 54.7175
35.8254 2817 53.0754
35.9419 2672 51.6914
36.0584 2552 50.5173
36.1749 2414 49.1325
36.2913 2406 49.051
36.4077 2304 48
36.524 2278 47.7284
36.6403 2267 47.613
36.7565 2219 47.1063
36.8727 2182 46.7119
36.9889 2146 46.3249
37.1049 1992 44.6318
37.221 0 1
37.3369 0 1
37.4529 0 1
37.5687 0 1
37.6845 0 1
37.8003 0 1
37.916 0 1
38.0316 0 1
38.1472 0 1
40.5851 0 1
40.7008 0 1
40.8164 0 1
40.9322 0 1
41.048 0 1
41.1639 0 1
41.2798 0 1
41.3958 0 1
41.5118 0 1
41.6279 0 1
41.744 1347 36.7015
41.8602 1495 38.6652
41.9765 1709 41.3401
42.0928 1834 42.8252
42.2091 2020 44.9444
42.3255 2132 46.1736
42.4419 2407 49.0612
42.5584 2500 50
42.675 2620 51.1859
42.7915 2489 49.8899
42.9081 2653 51.5073
43.0248 2737 52.3163
43.1415 2788 52.8015
43.2582 2969 54.4885
43.375 3000 54.7723
43.4918 3100 55.6776
43.6087 3109 55.7584
43.7256 3099 55.6687
43.8425 3065 55.3624
43.9595 3028 55.0273
44.0765 2999 54.7631
44.1935 2946 54.2771
44.3106 2955 54.3599
44.4277 3120 55.857
44.5448 2996 54.7357
44.6619 2754 52.4786
44.7791 2812 53.0283
44.8963 2553 50.5272
45.0136 2448 49.4773
45.1308 2343 48.4045
45.2481 2391 48.8979
45.3654 2338 48.3529
45.4827 2473 49.7293
45.6001 2559 50.5866
45.7174 2663 51.6043
45.8348 2781 52.7352
45.9522 2924 54.074
46.0697 3041 55.1453
46.1871 3008 54.8452
46.3046 2957 54.3783
46.422 3115 55.8122
46.5395 3024 54.9909
46.657 3069 55.3986
46.7745 3196 56.5332
46.892 3244 56.9561
47.0096 3359 57.9569
47.1271 3414 58.4294
47.2446 3366 58.0172
47.3622 3318 57.6021
47.4797 3270 57.1839
47.5973 3236 56.8859
47.7149 3110 55.7674
47.8324 3235 56.8771
47.95 3236 56.8859
48.0675 3103 55.7046
48.1851 3182 56.4092
48.3027 2948 54.2955
48.4202 2771 52.6403
48.5378 2527 50.2693
48.6554 2362 48.6004
48.7729 2321 48.1768
48.8904 2306 48.0208
49.008 2404 49.0306
49.1255 2609 51.0784
49.243 2827 53.1695
49.3605 3108 55.7494
49.478 2992 54.6992
49.5955 3198 56.5509
49.713 3208 56.6392
49.8304 3170 56.3028
49.9479 3121 55.8659
50.0653 3143 56.0625
50.1827 3172 56.3205
50.3001 3328 57.6888
50.4175 3414 58.4294
50.5348 3522 59.3464
50.6521 3514 59.279
50.7694 3488 59.0593
50.8867 3429 58.5577
51.004 3360 57.9655
51.1212 3381 58.1464
51.2384 3394 58.258
51.3556 3348 57.8619
51.4727 3358 57.9483
51.5899 3276 57.2364
51.707 3282 57.2887
51.824 3107 55.7405
51.9411 2955 54.3599
52.0581 2540 50.3984
52.175 2538 50.3786
52.2919 2444 49.4368
52.4088 2459 49.5883
52.5257 2543 50.4282
52.6425 2627 51.2543
52.7593 2801 52.9245
52.876 2973 54.5252
52.9927 2984 54.626
53.1094 2992 54.6992
53.226 3064 55.3534
53.3426 3075 55.4527
53.4591 2917 54.0093
53.5756 2791 52.8299
53.692 2817 53.0754
53.8084 2626 51.2445
53.9248 2670 51.672
54.0411 2559 50.5866
54.1573 2412 49.1121
54.2735 0 1
54.3896 0 1
54.5057 0 1
54.6217 0 1
54.7377 0 1
54.8537 0 1
54.9695 0 1
55.0853 0 1
55.2011 0 1
55.3168 0 1
55.4324 0 1
57.824 0 1
57.9396 0 1
58.0553 0 1
58.1711 0 1
58.2869 0 1
58.4028 0 1
58.5187 0 1
58.6347 0 1
58.7508 0 1
58.8669 0 1
58.983 2678 51.7494
59.0992 3076 55.4617
59.2155 3295 57.4021
59.3318 3651 60.4235
59.4482 3855 62.0886
59.5646 3920 62.6099
59.681 4010 63.3246
59.7975 4093 63.9766
59.9141 4171 64.5833
60.0306 4216 64.9307
60.1473 4337 65.8559
60.2639 4295 65.5362
60.3807 4228 65.0231
60.4974 4100 64.0312
60.6142 4007 63.3009
60.731 3520 59.3296
60.8479 3242 56.9386
60.9648 3036 55.0999
61.0818 3008 54.8452
61.1987 3156 56.1783
61.3158 3271 57.1927
61.4328 3622 60.1831
61.5499 3850 62.0484
61.667 4262 65.284
61.7841 4536 67.3498
61.9013 4644 68.1469
62.0185 4658 68.2495
62.1357 4614 67.9264
62.253 4708 68.6149
62.3702 4666 68.3081
62.4875 4770 69.0652
62.6049 4915 70.1071
62.7222 4969 70.4911
62.8396 5021 70.859
62.9569 5006 70.7531
63.0743 5081 71.2811
63.1918 5079 71.2671
63.3092 5035 70.9577
63.4267 4935 70.2496
63.5441 4922 70.157
63.6616 5051 71.0704
63.7791 4762 69.0072
63.8966 4655 68.2276
64.0142 4573 67.624
64.1317 4221 64.9692
64.2492 3800 61.6441
64.3668 3401 58.3181
64.4843 3082 55.5158
64.6019 3038 55.1181
64.7195 3026 55.0091
64.837 3076 55.4617
64.9546 3601 60.0083
65.0722 4063 63.7417
65.1898 4447 66.6858
65.3074 4705 68.593
65.4249 4880 69.857
65.5425 4903 70.0214
65.6601 4913 70.0928
65.7777 4857 69.6922
65.8952 4997 70.6895
66.0128 5051 71.0704
66.1304 4983 70.5904
66.2479 5093 71.3653
66.3655 5296 72.7736
66.483 5246 72.4293
66.6005 5466 73.9324
66.718 5348 73.13
66.8355 5303 72.8217
66.953 5120 71.5542
67.0705 5091 71.3512
67.1879 5147 71.7426
67.3054 5261 72.5328
67.4228 5081 71.2811
67.5402 4859 69.7065
67.6576 4650 68.1909
67.7749 4244 65.146
67.8923 3864 62.1611
68.0096 3352 57.8965
68.1269 3125 55.9017
68.2442 2959 54.3967
68.3614 3073 55.4346
68.4787 3175 56.3471
68.5958 3542 59.5147
68.713 4032 63.498
68.8302 4579 67.6683
68.9473 4843 69.5917
69.0643 5202 72.1249
69.1814 5271 72.6017
69.2984 5127 71.6031
69.4154 5122 71.5681
69.5323 4855 69.6778
69.6492 4784 69.1665
69.7661 4857 69.6922
69.8829 4847 69.6204
69.9997 4871 69.7925
70.1165 4803 69.3037
70.2332 4816 69.3974
70.3499 4840 69.5701
70.4665 4570 67.6018
70.5831 4257 65.2457
70.6996 4177 64.6297
70.8161 3895 62.4099
70.9326 3777 61.4573
71.049 3550 59.5819
71.1653 3516 59.2959
71.2817 3142 56.0535
71.3979 2779 52.7162
71.5141 2443 49.4267
71.6303 1894 43.5201
71.7464 1386 37.229
71.8624 0 1
71.9784 0 1
72.0944 0 1
72.2102 0 1
72.3261 0 1
72.4418 0 1
72.5575 0 1
72.6732 0 1
75.1054 0 1
75.2209 0 1
75.3365 0 1
75.4521 0 1
75.5678 0 1
75.6835 0 1
75.7993 0 1
75.9151 0 1
76.031 0 1
76.147 3778 61.4654
76.263 4104 64.0625
76.3791 4202 64.8228
76.4952 4194 64.7611
76.6113 4165 64.5368
76.7276 3778 61.4654
76.8438 3520 59.3296
76.9601 3017 54.9272
77.0765 2808 52.9906
77.1929 2824 53.1413
77.3093 2756 52.4976
77.4258 2862 53.4977
77.5423 3137 56.0089
77.6589 3815 61.7657
77.7755 4504 67.1118
77.8921 5008 70.7672
78.0088 5406 73.5255
78.1256 5644 75.1266
78.2423 5787 76.0723
78.3591 5584 74.7262
78.4759 5515 74.263
78.5928 5329 73
78.7097 5355 73.1779
78.8266 5582 74.7128
78.9436 5846 76.4591
79.0606 5917 76.922
79.1776 5925 76.974
79.2946 5999 77.4532
79.4117 6237 78.9747
79.5288 5957 77.1816
79.6459 5918 76.9285
79.7631 5875 76.6485
79.8802 5897 76.7919
79.9974 6061 77.8524
80.1147 5983 77.3499
80.2319 5804 76.184
80.3491 5380 73.3485
80.4664 4783 69.1592
80.5837 4196 64.7765
80.701 3625 60.208
80.8183 3293 57.3847
80.9357 3095 55.6327
81.053 3091 55.5968
81.1704 3394 58.258
81.2877 4019 63.3956
81.4051 4897 69.9786
81.5225 5683 75.3857
81.6399 6025 77.6209
81.7573 6470 80.4363
81.8747 6540 80.8703
81.9922 6580 81.1172
82.1096 6594 81.2034
82.227 6419 80.1187
82.3444 6274 79.2086
82.4619 6403 80.0187
82.5793 6689 81.7863
82.6967 6769 82.2739
82.8142 6918 83.1745
82.9316 6930 83.2466
83.049 6974 83.5105
83.1664 6894 83.0301
83.2838 6845 82.7345
83.4012 6622 81.3757
83.5186 6616 81.3388
83.636 6706 81.8902
83.7534 6643 81.5046
83.8708 6525 80.7775
83.9881 5846 76.4591
84.1055 5367 73.2598
84.2228 4676 68.3813
84.3401 4119 64.1794
84.4575 3597 59.975
84.5747 3382 58.155
84.692 3337 57.7668
84.8093 3786 61.5305
84.9265 4512 67.1714
85.0437 5476 74
85.1609 6305 79.404
85.2781 7052 83.9762
85.3952 7185 84.7644
85.5123 7264 85.2291
85.6294 7439 86.2496
85.7465 7251 85.1528
85.8636 7206 84.8882
85.9806 7053 83.9821
86.0976 7152 84.5695
86.2145 7352 85.7438
86.3315 7669 87.5728
86.4484 7638 87.3957
86.5652 7643 87.4243
86.682 7616 87.2697
86.7988 7373 85.8662
86.9156 7070 84.0833
87.0323 6934 83.2706
87.149 6819 82.5772
87.2657 6767 82.2618
87.3823 6549 80.9259
87.4988 6383 79.8937
87.6154 5766 75.9342
87.7318 5060 71.1337
87.8483 4267 65.3223
87.9647 3476 58.9576
88.081 2923 54.0648
88.1973 2765 52.5833
88.3136 2803 52.9434
88.4298 2926 54.0925
88.546 3452 58.7537
88.6621 3976 63.0555
88.7781 4390 66.2571
88.8942 0 1
89.0101 0 1
89.126 0 1
89.2419 0 1
89.3577 0 1
89.4734 0 1
89.5891 0 1
89.7047 0 1
89.8203 0 1
89.9358 0 1
92.3269 0 1
92.4424 0 1
92.558 0 1
92.6736 0 1
92.7893 0 1
92.905 0 1
93.0208 0 1
93.1366 0 1
93.2525 0 1
93.3685 0 1
93.4845 0 1
93.6005 3133 55.9732
93.7167 3478 58.9746
93.8328 3799 61.636
93.949 4805 69.3181
94.0653 5763 75.9144
94.1816 6862 82.8372
94.2979 7478 86.4754
94.4143 7923 89.0112
94.5307 8471 92.038
94.6472 8690 93.2202
94.7637 8663 93.0752
94.8803 8612 92.8009
94.9969 8574 92.5959
95.1135 8806 93.8403
95.2302 8995 94.842
95.3469 8965 94.6837
95.4637 9152 95.6661
95.5805 9135 95.5772
95.6973 9228 96.0625
95.8142 9010 94.921
95.9311 8865 94.1541
96.048 9029 95.0211
96.1649 8780 93.7017
96.2819 8718 93.3702
96.3989 8759 93.5895
96.516 8471 92.038
96.633 7879 88.7637
96.7501 7085 84.1724
96.8673 6406 80.0375
96.9844 5524 74.3236
97.1016 4963 70.4486
97.2188 4507 67.1342
97.336 4358 66.0151
97.4532 4598 67.8086
97.5704 5284 72.6911
97.6877 5990 77.3951
97.805 7316 85.5336
97.9223 8160 90.3327
98.0396 8813 93.8776
98.1569 9166 95.7392
98.2743 9286 96.3639
98.3916 9150 95.6556
98.509 9000 94.8683
98.6264 8932 94.5093
98.7438 8976 94.7418
98.8612 9145 95.6295
98.9786 9398 96.9433
99.096 9489 97.4115
99.2134 9660 98.2853
99.3308 9524 97.591
99.4482 9663 98.3006
99.5656 9423 97.0721
99.6831 9474 97.3345
99.8005 9291 96.3898
99.9179 9303 96.4521
100.035 9133 95.5667
100.153 8732 93.4452
100.27 7994 89.4092
100.388 7167 84.6581
100.505 6342 79.6367
100.622 5553 74.5185
100.74 5021 70.859
100.857 4866 69.7567
100.975 4709 68.6222
101.092 5186 72.0139
101.209 6005 77.4919
101.327 7271 85.2702
101.444 8247 90.813
101.561 9195 95.8906
101.679 9368 96.7884
101.796 9736 98.6712
101.913 9646 98.2141
102.03 9524 97.591
102.148 9450 97.2111
102.265 9322 96.5505
102.382 9196 95.8958
102.499 9616 98.0612
102.616 9736 98.6712
102.733 9815 99.0707
102.851 9703 98.5038
102.968 9823 99.111
103.085 9669 98.3311
103.202 9593 97.9439
103.319 9636 98.1631
103.436 9336 96.623
103.552 9354 96.7161
103.669 9221 96.026
103.786 9054 95.1525
103.903 8038 89.6549
104.02 7259 85.1998
104.137 6298 79.3599
104.253 5562 74.5788
104.37 4974 70.5266
104.487 4954 70.3847
104.603 4921 70.1498
104.72 5353 73.1642
104.836 6001 77.4661
104.953 6843 82.7224
105.069 7093 84.22
105.186 7561 86.954
105.302 7848 88.5889
105.418 7496 86.5794
105.535 7074 84.1071
105.651 6604 81.265
105.767 6276 79.2212
105.883 5653 75.1864
105.999 5315 72.904
106.115 0 1
106.231 0 1
106.347 0 1
106.463 0 1
106.579 0 1
106.694 0 1
106.81 0 1
106.926 0 1
107.041 0 1
107.157 0 1
109.576 0 1
109.692 0 1
109.807 0 1
109.923 0 1
110.039 0 1
110.155 0 1
110.27 0 1
110.386 0 1
110.502 0 1
110.618 5525 74.3303
110.735 5985 77.3628
110.851 6252 79.0696
110.967 6628 81.4125
111.083 7129 84.4334
111.199 7680 87.6356
111.316 8008 89.4874
111.432 8257 90.868
111.549 8514 92.2713
111.665 8607 92.7739
111.782 8595 92.7092
111.898 8678 93.1558
112.015 8630 92.8978
112.132 8577 92.6121
112.248 8526 92.3363
112.365 8669 93.1075
112.482 8194 90.5207
112.599 7358 85.7788
112.716 6482 80.5109
112.832 5601 74.8398
112.949 4993 70.6612
113.066 4644 68.1469
113.183 4467 66.8356
113.3 4659 68.2569
113.417 5081 71.2811
113.534 5904 76.8375
113.652 7130 84.4393
113.769 7826 88.4647
113.886 8292 91.0604
114.003 8655 93.0323
114.12 8712 93.3381
114.238 8422 91.7715
114.355 8222 90.6752
114.472 8036 89.6437
114.589 8246 90.8075
114.707 8421 91.766
114.824 8349 91.3729
114.942 8529 92.3526
115.059 8652 93.0161
115.176 8520 92.3038
115.294 8338 91.3126
115.411 8237 90.7579
115.529 8354 91.4002
115.646 8052 89.7329
115.764 7946 89.1403
115.881 7961 89.2244
115.999 7761 88.0965
116.116 7420 86.1394
116.234 6666 81.6456
116.351 5783 76.046
116.469 5239 72.3809
116.586 4738 68.8331
116.704 4427 66.5357
116.821 4528 67.2904
116.939 4385 66.2193
117.056 4978 70.5549
117.174 5893 76.7659
117.291 6745 82.1279
117.409 7293 85.3991
117.526 7719 87.8578
117.644 7902 88.8932
117.761 7988 89.3756
117.879 7923 89.0112
117.996 7449 86.3076
118.114 7424 86.1626
118.231 7484 86.5101
118.349 7960 89.2188
118.466 7833 88.5042
118.584 7821 88.4364
118.701 7935 89.0786
118.819 7820 88.4308
118.936 7705 87.7781
119.053 7478 86.4754
119.171 7503 86.6199
119.288 7075 84.113
119.405 7315 85.5278
119.523 7130 84.4393
119.64 7118 84.3682
119.757 6796 82.4379
119.875 6153 78.4411
119.992 5542 74.4446
120.109 4932 70.2282
120.226 4491 67.0149
120.343 4272 65.3605
120.46 4178 64.6375
120.578 4143 64.3661
120.695 4364 66.0606
120.812 4895 69.9643
120.929 5658 75.2197
121.046 6149 78.4156
121.163 6339 79.6178
121.279 6436 80.2247
121.396 6563 81.0123
121.513 6318 79.4858
121.63 6304 79.3977
121.747 5795 76.1249
121.863 5987 77.3757
121.98 5916 76.9155
122.097 5869 76.6094
122.213 5724 75.6571
122.33 5595 74.7997
122.446 5593 74.7864
122.563 5282 72.6774
122.679 5136 71.6659
122.795 4741 68.8549
122.912 4414 66.4379
123.028 4245 65.1537
123.144 3828 61.8708
123.26 3554 59.6154
123.377 0 1
123.493 0 1
123.609 0 1
123.725 0 1
123.84 0 1
123.956 0 1
124.072 0 1
124.188 0 1
124.303 0 1
124.419 0 1
126.852 0 1
126.968 0 1
127.083 0 1
127.199 0 1
127.315 0 1
127.431 0 1
127.547 0 1
127.663 0 1
127.779 0 1
127.895 0 1
128.011 0 1
128.127 0 1
128.243 0 1
128.359 6691 81.7985
128.476 6870 82.8855
128.592 6962 83.4386
128.708 7121 84.386
128.825 7021 83.7914
128.941 6815 82.553
129.058 6234 78.9557
129.174 5883 76.7007
129.291 5383 73.3689
129.408 5201 72.118
129.524 4979 70.562
129.641 4850 69.6419
129.758 5068 71.1899
129.875 5443 73.7767
129.992 5918 76.9285
130.108 6607 81.2835
130.225 6909 83.1204
130.342 7204 84.8764
130.459 7226 85.0059
130.576 7439 86.2496
130.693 7144 84.5222
130.81 6988 83.5943
130.928 7215 84.9412
131.045 7554 86.9138
131.162 7651 87.47
131.279 7728 87.909
131.396 7649 87.4586
131.513 7797 88.3006
131.631 7636 87.3842
131.748 7302 85.4517
131.865 7217 84.9529
131.983 7018 83.7735
132.1 7224 84.9941
132.217 7009 83.7198
132.335 7077 84.1249
132.452 6814 82.547
132.57 6507 80.666
132.687 6058 77.8332
132.804 5883 76.7007
132.922 5301 72.808
133.039 5054 71.0915
133.157 5123 71.5751
133.274 5021 70.859
133.392 5268 72.581
133.509 5623 74.9867
133.627 6075 77.9423
133.744 6607 81.2835
133.862 6902 83.0783
133.979 7086 84.1784
134.097 7172 84.6877
134.214 7028 83.8332
134.332 6813 82.5409
134.449 7015 83.7556
134.567 7130 84.4393
134.684 7245 85.1176
134.802 7440 86.2554
134.919 7573 87.023
135.037 7388 85.9535
135.154 7412 86.093
135.272 7202 84.8646
135.389 6979 83.5404
135.507 7089 84.1962
135.624 6866 82.8613
135.742 6960 83.4266
135.859 6789 82.3954
135.977 7026 83.8212
136.094 6710 81.9146
136.211 6537 80.8517
136.329 6031 77.6595
136.446 5690 75.4321
136.564 5532 74.3774
136.681 5279 72.6567
136.798 5155 71.7983
136.915 5024 70.8802
137.033 5151 71.7705
137.15 5516 74.2698
137.267 5911 76.883
137.384 6169 78.543
137.502 6623 81.3818
137.619 6617 81.3449
137.736 6760 82.2192
137.853 6538 80.8579
137.97 6583 81.1357
138.087 6559 80.9877
138.204 6695 81.823
138.321 6953 83.3847
138.438 6684 81.7557
138.555 6728 82.0244
138.672 6523 80.7651
138.788 6443 80.2683
138.905 6177 78.5939
139.022 6046 77.756
139.139 5696 75.4718
139.255 5407 73.5323
139.372 5190 72.0417
139.488 4902 70.0143
139.605 4885 69.8928
139.721 4690 68.4836
139.838 4354 65.9848
139.954 3978 63.0714
140.071 3404 58.3438
140.187 3228 56.8155
140.303 2891 53.768
140.419 2652 51.4976
140.535 2352 48.4974
140.652 2205 46.9574
140.768 0 1
140.884 0 1
141 0 1
141.115 0 1
141.231 0 1
141.347 0 1
141.463 0 1
141.578 0 1
141.694 0 1
144.104 0 1
144.219 0 1
144.335 0 1
144.45 0 1
144.566 0 1
144.682 0 1
144.798 0 1
144.914 0 1
145.03 0 1
145.146 4131 64.2729
145.262 4168 64.56
145.378 3961 62.9365
145.494 3981 63.0952
145.61 4107 64.0859
145.726 4008 63.3088
145.842 3983 63.111
145.959 3967 62.9841
146.075 4184 64.6838
146.192 4459 66.7757
146.308 4699 68.5493
146.425 4678 68.3959
146.541 4752 68.9348
146.658 4641 68.1249
146.774 4670 68.3374
146.891 4555 67.4907
147.008 4820 69.4262
147.125 4788 69.1954
147.241 4866 69.7567
147.358 5164 71.861
147.475 5202 72.1249
147.592 4963 70.4486
147.709 5017 70.8308
147.826 4873 69.8069
147.943 4945 70.3207
148.06 4659 68.2569
148.177 4734 68.8041
148.294 4630 68.0441
148.411 4924 70.1712
148.528 4836 69.5414
148.645 4701 68.5638
148.762 4532 67.3201
148.88 4494 67.0373
148.997 4519 67.2235
149.114 4177 64.6297
149.231 4109 64.1015
149.349 4244 65.146
149.466 4105 64.0703
149.583 4018 63.3877
149.701 4017 63.3798
149.818 4275 65.3835
149.935 4202 64.8228
150.053 4444 66.6633
150.17 4550 67.4537
150.287 4546 67.424
150.405 4475 66.8954
150.522 4422 66.4981
150.64 4600 67.8233
150.757 4562 67.5426
150.875 4770 69.0652
150.992 4887 69.9071
151.11 4777 69.1158
151.227 4726 68.7459
151.344 4752 68.9348
151.462 4752 68.9348
151.579 4591 67.7569
151.697 4458 66.7683
151.814 4483 66.9552
151.932 4425 66.5207
152.049 4459 66.7757
152.167 4587 67.7274
152.284 4551 67.4611
152.402 4406 66.3777
152.519 4350 65.9545
152.636 4215 64.923
152.754 4194 64.7611
152.871 4084 63.9062
152.989 3997 63.2218
153.106 3978 63.0714
153.223 3910 62.53
153.341 3785 61.5224
153.458 4016 63.3719
153.575 4094 63.9844
153.693 4179 64.6452
153.81 4179 64.6452
153.927 4118 64.1716
154.044 4105 64.0703
154.162 4139 64.3351
154.279 4295 65.5362
154.396 4272 65.3605
154.513 4510 67.1565
154.63 4398 66.3174
154.747 4449 66.7008
154.864 4393 66.2797
154.981 4228 65.0231
155.098 4246 65.1613
155.215 4187 64.707
155.332 4049 63.6318
155.449 4124 64.2184
155.566 4001 63.2535
155.683 4055 63.6789
155.8 4092 63.9687
155.917 4021 63.4114
156.033 3875 62.2495
156.15 0 1
156.267 0 1
156.383 0 1
156.5 0 1
156.617 0 1
156.733 0 1
156.85 0 1
156.966 0 1
157.082 0 1
157.199 0 1
157.315 0 1
157.431 0 1
157.547 0 1
157.664 0 1
157.78 0 1
157.896 0 1
158.012 0 1
158.128 0 1
158.244 0 1
158.359 0 1
158.475 0 1
158.591 0 1
158.706 0 1
