
6.15755 0 1
6.2731 0 1
6.3887 0 1
6.50437 0 1
6.62009 0 1
6.73587 0 1
6.8517 0 1
6.96759 0 1
7.08353 0 1
7.19952 0 1
7.31557 0 1
7.43166 0 1
7.54781 0 1
7.664 0 1
7.78024 0 1
7.89653 0 1
8.01286 0 1
8.12924 0 1
8.24567 0 1
8.36213 0 1
8.47864 0 1
8.59519 0 1
8.71178 0 1
8.82841 0 1
8.94508 0 1
9.06179 0 1
9.17853 0 1
9.29531 0 1
9.41212 0 1
9.52897 0 1
9.64584 0 1
9.76276 0 1
9.8797 0 1
9.99667 0 1
10.1137 0 1
10.2307 0 1
10.3478 0 1
10.4648 0 1
10.5819 0 1
10.6991 0 1
10.8162 0 1
10.9334 0 1
11.0506 0 1
11.1678 0 1
11.285 0 1
11.4023 0 1
11.5196 0 1
11.6369 0 1
11.7542 0 1
11.8715 0 1
11.9888 0 1
12.1062 0 1
12.2235 0 1
12.3409 0 1
12.4582 0 1
12.5756 0 1
12.693 0 1
12.8104 0 1
12.9278 0 1
13.0452 0 1
13.1626 0 1
13.28 0 1
13.3974 0 1
13.5149 0 1
13.6323 0 1
13.7497 0 1
13.8671 0 1
13.9845 0 1
14.1019 0 1
14.2193 0 1
14.3367 0 1
14.4541 0 1
14.5714 0 1
14.6888 0 1
14.8062 0 1
14.9235 0 1
15.0408 4100 64.0312
15.1581 4234 65.0692
15.2755 4383 66.2042
15.3927 4284 65.4523
15.51 4232 65.0538
15.6273 4064 63.7495
15.7445 3985 63.1269
15.8617 3943 62.7933
15.9789 3844 62
16.0961 3834 61.9193
16.2132 3825 61.8466
16.3304 3902 62.466
16.4475 3808 61.709
16.5646 3715 60.9508
16.6816 3631 60.2578
16.7986 3544 59.5315
16.9156 3489 59.0678
17.0326 3464 58.8558
17.1496 3434 58.6003
17.2665 3533 59.439
17.3833 3480 58.9915
17.5002 3461 58.8303
17.617 3462 58.8388
17.7338 3501 59.1692
17.8505 3496 59.127
17.9672 3576 59.7997
18.0839 3319 57.6108
18.2005 3318 57.6021
18.3171 3371 58.0603
18.4337 3542 59.5147
18.5502 3591 59.925
18.6666 3557 59.6406
18.7831 3600 60
18.8994 3483 59.0169
19.0158 3331 57.7148
19.1321 3062 55.3353
19.2483 2919 54.0278
19.3645 2884 53.7029
19.4806 2839 53.2823
19.5967 2770 52.6308
19.7128 2675 51.7204
19.8288 2646 51.4393
19.9447 2355 48.5283
20.0606 0 1
20.1764 0 1
20.2922 0 1
20.4079 0 1
20.5236 0 1
20.6392 0 1
20.7548 0 1
20.8702 0 1
23.3078 0 1
23.4233 0 1
23.539 0 1
23.6547 0 1
23.7704 0 1
23.8862 0 1
24.0021 0 1
24.118 0 1
24.234 0 1
24.35 0 1
24.4661 1423 37.7227
24.5822 1682 41.0122
24.6984 2156 46.4327
24.8146 2372 48.7032
24.9309 2672 51.6914
25.0472 2894 53.7959
25.1636 3066 55.3715
25.28 3301 57.4543
25.3965 3704 60.8605
25.513 3795 61.6036
25.6296 3984 63.1189
25.7462 3963 62.9524
25.8628 3853 62.0725
25.9795 3740 61.1555
26.0962 3726 61.041
26.213 3668 60.564
26.3298 3574 59.7829
26.4466 3367 58.0259
26.5635 3310 57.5326
26.6804 3247 56.9825
26.7973 3066 55.3715
26.9143 3043 55.1634
27.0313 3067 55.3805
27.1483 3233 56.8595
27.2653 3277 57.2451
27.3824 3532 59.4306
27.4996 3323 57.6455
27.6167 3428 58.5491
27.7339 3130 55.9464
27.8511 2750 52.4404
27.9683 3007 54.8361
28.0855 3127 55.9196
28.2028 3269 57.1752
28.3201 3400 58.3095
28.4374 3513 59.2706
28.5547 3600 60
28.6721 3531 59.4222
28.7894 3471 58.9152
28.9068 3434 58.6003
29.0242 3425 58.5235
29.1416 3386 58.1893
29.259 3412 58.4123
29.3764 3208 56.6392
29.4939 3223 56.7715
29.6113 3260 57.0964
29.7288 3134 55.9821
29.8463 3244 56.9561
29.9638 3084 55.5338
30.0812 2943 54.2494
30.1987 3057 55.2901
30.3162 2878 53.647
30.4337 2948 54.2955
30.5512 3099 55.6687
30.6687 3312 57.55
30.7862 3339 57.7841
30.9037 3517 59.3043
31.0212 3448 58.7197
31.1387 3330 57.7062
31.2562 3262 57.1139
31.3737 3082 55.5158
31.4912 3016 54.9181
31.6087 3214 56.6922
31.7262 3369 58.0431
31.8436 3376 58.1034
31.9611 3364 58
32.0785 3387 58.1979
32.1959 3314 57.5674
32.3134 3217 56.7186
32.4308 3191 56.4889
32.5482 3140 56.0357
32.6655 3067 55.3805
32.7829 3052 55.2449
32.9002 2982 54.6077
33.0176 2926 54.0925
33.1349 2955 54.3599
33.2522 2905 53.8981
33.3694 2902 53.8702
33.4867 2872 53.591
33.6039 2892 53.7773
33.7211 2756 52.4976
33.8383 2850 53.3854
33.9554 2876 53.6284
34.0725 2895 53.8052
34.1896 2995 54.7266
34.3067 3180 56.3915
34.4237 3101 55.6866
34.5407 3174 56.3383
34.6577 3162 56.2317
34.7746 3100 55.6776
34.8915 3019 54.9454
35.0084 2791 52.8299
35.1252 2740 52.345
35.242 2671 51.6817
35.3587 2988 54.6626
35.4755 3049 55.2178
35.5921 3072 55.4256
35.7088 3095 55.6327
35.8254 3049 55.2178
35.9419 3041 55.1453
36.0584 3054 55.263
36.1749 2919 54.0278
36.2913 2897 53.8238
36.4077 2730 52.2494
36.524 2553 50.5272
36.6403 2505 50.05
36.7565 2427 49.2646
36.8727 2345 48.4252
36.9889 2112 45.9565
37.1049 1858 43.1045
37.221 0 1
37.3369 0 1
37.4529 0 1
37.5687 0 1
37.6845 0 1
37.8003 0 1
37.916 0 1
38.0316 0 1
38.1472 0 1
40.5851 0 1
40.7008 0 1
40.8164 0 1
40.9322 0 1
41.048 0 1
41.1639 0 1
41.2798 0 1
41.3958 0 1
41.5118 0 1
41.6279 0 1
41.744 1318 36.3043
41.8602 1492 38.6264
41.9765 1683 41.0244
42.0928 1831 42.7902
42.2091 2037 45.1331
42.3255 2141 46.2709
42.4419 2281 47.7598
42.5584 2328 48.2494
42.675 2362 48.6004
42.7915 2303 47.9896
42.9081 2349 48.4665
43.0248 2266 47.6025
43.1415 2239 47.3181
43.2582 2388 48.8672
43.375 2368 48.6621
43.4918 2389 48.8774
43.6087 2310 48.0625
43.7256 2404 49.0306
43.8425 2175 46.6369
43.9595 2051 45.288
44.0765 2031 45.0666
44.1935 2239 47.3181
44.3106 2209 47
44.4277 2404 49.0306
44.5448 2413 49.1223
44.6619 2429 49.2849
44.7791 2480 49.7996
44.8963 2393 48.9183
45.0136 2415 49.1426
45.1308 2494 49.94
45.2481 2494 49.94
45.3654 2523 50.2295
45.4827 2414 49.1325
45.6001 2397 48.9592
45.7174 2469 49.689
45.8348 2451 49.5076
45.9522 2505 50.05
46.0697 2383 48.816
46.1871 2261 47.55
46.3046 2295 47.9062
46.422 2172 46.6047
46.5395 2112 45.9565
46.657 2197 46.8722
46.7745 2211 47.0213
46.892 2323 48.1975
47.0096 2334 48.3115
47.1271 2454 49.5379
47.2446 2382 48.8057
47.3622 2383 48.816
47.4797 2393 48.9183
47.5973 2161 46.4866
47.7149 2173 46.6154
47.8324 2326 48.2286
47.95 2483 49.8297
48.0675 2434 49.3356
48.1851 2377 48.7545
48.3027 2382 48.8057
48.4202 2392 48.9081
48.5378 2386 48.8467
48.6554 2331 48.2804
48.7729 2430 49.295
48.8904 2434 49.3356
49.008 2359 48.5695
49.1255 2482 49.8197
49.243 2403 49.0204
49.3605 2337 48.3425
49.478 2305 48.0104
49.5955 2188 46.7761
49.713 2116 46
49.8304 2032 45.0777
49.9479 1976 44.4522
50.0653 2052 45.299
50.1827 2032 45.0777
50.3001 2103 45.8585
50.4175 2122 46.0652
50.5348 2185 46.744
50.6521 2221 47.1275
50.7694 2282 47.7703
50.8867 2233 47.2546
51.004 2198 46.8828
51.1212 2008 44.8107
51.2384 2091 45.7275
51.3556 2142 46.2817
51.4727 2292 47.8748
51.5899 2279 47.7389
51.707 2270 47.6445
51.824 2389 48.8774
51.9411 2183 46.7226
52.0581 2214 47.0532
52.175 2220 47.1169
52.2919 2219 47.1063
52.4088 2216 47.0744
52.5257 2180 46.6905
52.6425 2241 47.3392
52.7593 2150 46.3681
52.876 2286 47.8121
52.9927 2164 46.5188
53.1094 2146 46.3249
53.226 1986 44.5646
53.3426 2004 44.7661
53.4591 1936 44
53.5756 1830 42.7785
53.692 1736 41.6653
53.8084 1634 40.4228
53.9248 1622 40.2741
54.0411 1572 39.6485
54.1573 1471 38.3536
54.2735 0 1
54.3896 0 1
54.5057 0 1
54.6217 0 1
54.7377 0 1
54.8537 0 1
54.9695 0 1
55.0853 0 1
55.2011 0 1
55.3168 0 1
55.4324 0 1
57.824 0 1
57.9396 0 1
58.0553 0 1
58.1711 0 1
58.2869 0 1
58.4028 0 1
58.5187 0 1
58.6347 0 1
58.7508 0 1
58.8669 0 1
58.983 5018 70.8378
59.0992 6739 82.0914
59.2155 8831 93.9734
59.3318 10932 104.556
59.4482 12378 111.256
59.5646 13043 114.206
59.681 13332 115.464
59.7975 13248 115.1
59.9141 13025 114.127
60.0306 12853 113.371
60.1473 12629 112.379
60.2639 12385 111.288
60.3807 12347 111.117
60.4974 12029 109.677
60.6142 11574 107.583
60.731 11299 106.297
60.8479 10644 103.17
60.9648 10041 100.205
61.0818 9448 97.2008
61.1987 8790 93.755
61.3158 8259 90.879
61.4328 7879 88.7637
61.5499 7244 85.1117
61.667 6618 81.3511
61.7841 6008 77.5113
61.9013 5538 74.4177
62.0185 4997 70.6895
62.1357 4674 68.3667
62.253 4536 67.3498
62.3702 4410 66.4078
62.4875 4333 65.8255
62.6049 4253 65.215
62.7222 4368 66.0908
62.8396 4222 64.9769
62.9569 4163 64.5213
63.0743 3928 62.6738
63.1918 3712 60.9262
63.3092 3470 58.9067
63.4267 3179 56.3826
63.5441 3061 55.3263
63.6616 2978 54.5711
63.7791 2931 54.1387
63.8966 2895 53.8052
64.0142 2879 53.6563
64.1317 2730 52.2494
64.2492 2664 51.614
64.3668 2612 51.1077
64.4843 2563 50.6261
64.6019 2557 50.5668
64.7195 2549 50.4876
64.837 2475 49.7494
64.9546 2434 49.3356
65.0722 2517 50.1697
65.1898 2514 50.1398
65.3074 2529 50.2892
65.4249 2376 48.7442
65.5425 2362 48.6004
65.6601 2399 48.9796
65.7777 2275 47.697
65.8952 2187 46.7654
66.0128 2250 47.4342
66.1304 2340 48.3735
66.2479 2445 49.4469
66.3655 2387 48.8569
66.483 2487 49.8698
66.6005 2590 50.892
66.718 2555 50.547
66.8355 2522 50.2195
66.953 2452 49.5177
67.0705 2278 47.7284
67.1879 2458 49.5782
67.3054 2386 48.8467
67.4228 2515 50.1498
67.5402 2471 49.7092
67.6576 2482 49.8197
67.7749 2571 50.705
67.8923 2634 51.3225
68.0096 2406 49.051
68.1269 2337 48.3425
68.2442 2380 48.7852
68.3614 2410 49.0918
68.4787 2407 49.0612
68.5958 2387 48.8569
68.713 2481 49.8096
68.8302 2400 48.9898
68.9473 2459 49.5883
69.0643 2465 49.6488
69.1814 2353 48.5077
69.2984 2243 47.3603
69.4154 2207 46.9787
69.5323 2225 47.1699
69.6492 2196 46.8615
69.7661 2308 48.0416
69.8829 2308 48.0416
69.9997 2418 49.1732
70.1165 2323 48.1975
70.2332 2364 48.621
70.3499 2289 47.8435
70.4665 2165 46.5296
70.5831 2028 45.0333
70.6996 1867 43.2088
70.8161 1660 40.7431
70.9326 1584 39.7995
71.049 1464 38.2623
71.1653 1480 38.4708
71.2817 1328 36.4417
71.3979 1349 36.7287
71.5141 1156 34
71.6303 1118 33.4365
71.7464 926 30.4302
71.8624 0 1
71.9784 0 1
72.0944 0 1
72.2102 0 1
72.3261 0 1
72.4418 0 1
72.5575 0 1
72.6732 0 1
75.1054 0 1
75.2209 0 1
75.3365 0 1
75.4521 0 1
75.5678 0 1
75.6835 0 1
75.7993 0 1
75.9151 0 1
76.031 0 1
76.147 1557 39.4588
76.263 1669 40.8534
76.3791 1837 42.8602
76.4952 1937 44.0114
76.6113 1951 44.1701
76.7276 2062 45.4093
76.8438 2054 45.3211
76.9601 2110 45.9347
77.0765 2021 44.9555
77.1929 2008 44.8107
77.3093 2074 45.5412
77.4258 2048 45.2548
77.5423 2025 45
77.6589 2117 46.0109
77.7755 2093 45.7493
77.8921 2127 46.1194
78.0088 2062 45.4093
78.1256 2033 45.0888
78.2423 1993 44.643
78.3591 1861 43.1393
78.4759 1798 42.4028
78.5928 1848 42.9884
78.7097 1858 43.1045
78.8266 1870 43.2435
78.9436 2024 44.9889
79.0606 1986 44.5646
79.1776 2050 45.2769
79.2946 2109 45.9239
79.4117 2288 47.833
79.5288 2250 47.4342
79.6459 2171 46.594
79.7631 2247 47.4025
79.8802 2119 46.0326
79.9974 2163 46.5081
80.1147 2179 46.6798
80.2319 2107 45.9021
80.3491 2197 46.8722
80.4664 2186 46.7547
80.5837 2181 46.7012
80.701 2135 46.2061
80.8183 2286 47.8121
80.9357 2130 46.1519
81.053 2122 46.0652
81.1704 2151 46.3789
81.2877 2239 47.3181
81.4051 2227 47.1911
81.5225 2377 48.7545
81.6399 2094 45.7602
81.7573 2189 46.7868
81.8747 2068 45.4753
81.9922 2018 44.9222
82.1096 1877 43.3244
82.227 1957 44.238
82.3444 1920 43.8178
82.4619 2042 45.1885
82.5793 2078 45.5851
82.6967 2145 46.3141
82.8142 2165 46.5296
82.9316 2365 48.6313
83.049 2299 47.9479
83.1664 2335 48.3218
83.2838 2312 48.0833
83.4012 2218 47.0956
83.5186 2171 46.594
83.636 2171 46.594
83.7534 2202 46.9255
83.8708 2183 46.7226
83.9881 2384 48.8262
84.1055 2213 47.0425
84.2228 2295 47.9062
84.3401 2373 48.7134
84.4575 2289 47.8435
84.5747 2300 47.9583
84.692 2218 47.0956
84.8093 2248 47.4131
84.9265 2318 48.1456
85.0437 2330 48.2701
85.1609 2340 48.3735
85.2781 2188 46.7761
85.3952 2217 47.085
85.5123 2198 46.8828
85.6294 2065 45.4423
85.7465 2094 45.7602
85.8636 2080 45.607
85.9806 1995 44.6654
86.0976 2060 45.3872
86.2145 2201 46.9148
86.3315 2312 48.0833
86.4484 2189 46.7868
86.5652 2436 49.3559
86.682 2425 49.2443
86.7988 2398 48.9694
86.9156 2405 49.0408
87.0323 2257 47.5079
87.149 2235 47.2758
87.2657 2276 47.7074
87.3823 2216 47.0744
87.4988 2212 47.0319
87.6154 2101 45.8367
87.7318 2230 47.2229
87.8483 1956 44.2267
87.9647 1872 43.2666
88.081 1735 41.6533
88.1973 1701 41.2432
88.3136 1547 39.3319
88.4298 1457 38.1707
88.546 1380 37.1484
88.6621 1390 37.2827
88.7781 1257 35.4542
88.8942 0 1
89.0101 0 1
89.126 0 1
89.2419 0 1
89.3577 0 1
89.4734 0 1
89.5891 0 1
89.7047 0 1
89.8203 0 1
89.9358 0 1
92.3269 0 1
92.4424 0 1
92.558 0 1
92.6736 0 1
92.7893 0 1
92.905 0 1
93.0208 0 1
93.1366 0 1
93.2525 0 1
93.3685 0 1
93.4845 0 1
93.6005 1912 43.7264
93.7167 2046 45.2327
93.8328 2128 46.1303
93.949 2208 46.9894
94.0653 2421 49.2037
94.1816 2309 48.0521
94.2979 2343 48.4045
94.4143 2279 47.7389
94.5307 2226 47.1805
94.6472 2402 49.0102
94.7637 2201 46.9148
94.8803 2107 45.9021
94.9969 2169 46.5725
95.1135 2231 47.2335
95.2302 2234 47.2652
95.3469 2287 47.8226
95.4637 2268 47.6235
95.5805 2380 48.7852
95.6973 2422 49.2138
95.8142 2443 49.4267
95.9311 2415 49.1426
96.048 2522 50.2195
96.1649 2379 48.775
96.2819 2287 47.8226
96.3989 2394 48.9285
96.516 2375 48.734
96.633 2419 49.1833
96.7501 2360 48.5798
96.8673 2512 50.1199
96.9844 2404 49.0306
97.1016 2408 49.0714
97.2188 2535 50.3488
97.336 2451 49.5076
97.4532 2406 49.051
97.5704 2396 48.949
97.6877 2435 49.3457
97.805 2477 49.7695
97.9223 2306 48.0208
98.0396 2396 48.949
98.1569 2254 47.4763
98.2743 2353 48.5077
98.3916 2342 48.3942
98.509 2260 47.5395
98.6264 2332 48.2908
98.7438 2355 48.5283
98.8612 2534 50.3389
98.9786 2480 49.7996
99.096 2543 50.4282
99.2134 2669 51.6624
99.3308 2577 50.7642
99.4482 2641 51.3907
99.5656 2579 50.7839
99.6831 2632 51.303
99.8005 2590 50.892
99.9179 2467 49.6689
100.035 2548 50.4777
100.153 2561 50.6063
100.27 2642 51.4004
100.388 2610 51.0882
100.505 2586 50.8527
100.622 2548 50.4777
100.74 2475 49.7494
100.857 2443 49.4267
100.975 2509 50.0899
101.092 2522 50.2195
101.209 2421 49.2037
101.327 2570 50.6952
101.444 2466 49.6588
101.561 2460 49.5984
101.679 2472 49.7192
101.796 2578 50.774
101.913 2517 50.1697
102.03 2561 50.6063
102.148 2544 50.4381
102.265 2547 50.4678
102.382 2531 50.309
102.499 2585 50.8429
102.616 2657 51.5461
102.733 2665 51.6236
102.851 2750 52.4404
102.968 2877 53.6377
103.085 2937 54.1941
103.202 2779 52.7162
103.319 2775 52.6783
103.436 2705 52.0096
103.552 2676 51.7301
103.669 2701 51.9711
103.786 2629 51.2738
103.903 2798 52.8961
104.02 2757 52.5071
104.137 2795 52.8678
104.253 2634 51.3225
104.37 2738 52.3259
104.487 2694 51.9038
104.603 2614 51.1273
104.72 2620 51.1859
104.836 2569 50.6853
104.953 2495 49.95
105.069 2365 48.6313
105.186 2345 48.4252
105.302 2163 46.5081
105.418 2111 45.9456
105.535 1933 43.9659
105.651 1851 43.0232
105.767 1664 40.7922
105.883 1456 38.1576
105.999 1432 37.8418
106.115 0 1
106.231 0 1
106.347 0 1
106.463 0 1
106.579 0 1
106.694 0 1
106.81 0 1
106.926 0 1
107.041 0 1
107.157 0 1
109.576 0 1
109.692 0 1
109.807 0 1
109.923 0 1
110.039 0 1
110.155 0 1
110.27 0 1
110.386 0 1
110.502 0 1
110.618 1344 36.6606
110.735 1714 41.4005
110.851 1913 43.7379
110.967 1941 44.0568
111.083 1979 44.486
111.199 2093 45.7493
111.316 2342 48.3942
111.432 2454 49.5379
111.549 2472 49.7192
111.665 2501 50.01
111.782 2502 50.02
111.898 2592 50.9117
112.015 2489 49.8899
112.132 2477 49.7695
112.248 2375 48.734
112.365 2378 48.7647
112.482 2466 49.6588
112.599 2443 49.4267
112.716 2477 49.7695
112.832 2402 49.0102
112.949 2396 48.949
113.066 2370 48.6826
113.183 2295 47.9062
113.3 2268 47.6235
113.417 2271 47.655
113.534 2227 47.1911
113.652 2123 46.076
113.769 2188 46.7761
113.886 2154 46.4112
114.003 2174 46.6262
114.12 2263 47.571
114.238 2343 48.4045
114.355 2316 48.1248
114.472 2252 47.4552
114.589 2269 47.634
114.707 2091 45.7275
114.824 2239 47.3181
114.942 2338 48.3529
115.059 2382 48.8057
115.176 2299 47.9479
115.294 2292 47.8748
115.411 2319 48.156
115.529 2269 47.634
115.646 2239 47.3181
115.764 2241 47.3392
115.881 2259 47.5289
115.999 2281 47.7598
116.116 2230 47.2229
116.234 2276 47.7074
116.351 2158 46.4543
116.469 2150 46.3681
116.586 2200 46.9042
116.704 2198 46.8828
116.821 2055 45.3321
116.939 2103 45.8585
117.056 2048 45.2548
117.174 2002 44.7437
117.291 1960 44.2719
117.409 1987 44.5758
117.526 2014 44.8776
117.644 2059 45.3762
117.761 2221 47.1275
117.879 2241 47.3392
117.996 2119 46.0326
118.114 2092 45.7384
118.231 2008 44.8107
118.349 2051 45.288
118.466 2100 45.8258
118.584 2254 47.4763
118.701 2180 46.6905
118.819 2121 46.0543
118.936 2131 46.1628
119.053 2081 45.618
119.171 2102 45.8476
119.288 2119 46.0326
119.405 2076 45.5631
119.523 2161 46.4866
119.64 1963 44.3058
119.757 2157 46.4435
119.875 2156 46.4327
119.992 2086 45.6727
120.109 1988 44.587
120.226 1986 44.5646
120.343 2032 45.0777
120.46 2006 44.7884
120.578 1936 44
120.695 1861 43.1393
120.812 1759 41.9404
120.929 1771 42.0833
121.046 1729 41.5812
121.163 1708 41.328
121.279 1824 42.7083
121.396 1910 43.7035
121.513 1925 43.8748
121.63 1818 42.638
121.747 1756 41.9047
121.863 1750 41.833
121.98 1703 41.2674
122.097 1690 41.1096
122.213 1616 40.1995
122.33 1666 40.8167
122.446 1576 39.6989
122.563 1440 37.9473
122.679 1337 36.565
122.795 1265 35.5668
122.912 1267 35.5949
123.028 1210 34.7851
123.144 1140 33.7639
123.26 1092 33.0454
123.377 0 1
123.493 0 1
123.609 0 1
123.725 0 1
123.84 0 1
123.956 0 1
124.072 0 1
124.188 0 1
124.303 0 1
124.419 0 1
126.852 0 1
126.968 0 1
127.083 0 1
127.199 0 1
127.315 0 1
127.431 0 1
127.547 0 1
127.663 0 1
127.779 0 1
127.895 0 1
128.011 0 1
128.127 0 1
128.243 0 1
128.359 2067 45.4643
128.476 2187 46.7654
128.592 2174 46.6262
128.708 2232 47.244
128.825 2215 47.0638
128.941 2293 47.8853
129.058 2311 48.0729
129.174 2304 48
129.291 2279 47.7389
129.408 2124 46.0869
129.524 2126 46.1086
129.641 2129 46.1411
129.758 2083 45.6399
129.875 2129 46.1411
129.992 2144 46.3033
130.108 2099 45.8148
130.225 2119 46.0326
130.342 2291 47.8644
130.459 2426 49.2544
130.576 2614 51.1273
130.693 2549 50.4876
130.81 2550 50.4975
130.928 2581 50.8035
131.045 2537 50.3686
131.162 2675 51.7204
131.279 3017 54.9272
131.396 3162 56.2317
131.513 3108 55.7494
131.631 3120 55.857
131.748 3312 57.55
131.865 3595 59.9583
131.983 3749 61.2291
132.1 3972 63.0238
132.217 4236 65.0846
132.335 4404 66.3626
132.452 4583 67.6979
132.57 4567 67.5796
132.687 4560 67.5278
132.804 4784 69.1665
132.922 4815 69.3902
133.039 5012 70.7955
133.157 5011 70.7884
133.274 4892 69.9428
133.392 4905 70.0357
133.509 4812 69.3686
133.627 4763 69.0145
133.744 4596 67.7938
133.862 4793 69.2315
133.979 4867 69.7639
134.097 4845 69.606
134.214 4728 68.7605
134.332 4859 69.7065
134.449 4780 69.1375
134.567 4589 67.7422
134.684 4586 67.72
134.802 4761 69
134.919 4914 70.0999
135.037 4939 70.278
135.154 4547 67.4314
135.272 4343 65.9014
135.389 4447 66.6858
135.507 4591 67.7569
135.624 4869 69.7782
135.742 4796 69.2532
135.859 4914 70.0999
135.977 4958 70.4131
136.094 5005 70.746
136.211 5007 70.7602
136.329 4829 69.491
136.446 4977 70.5479
136.564 4780 69.1375
136.681 4861 69.7209
136.798 4824 69.455
136.915 4781 69.1448
137.033 4656 68.2349
137.15 4592 67.7643
137.267 4731 68.7823
137.384 4489 67
137.502 4568 67.587
137.619 4468 66.8431
137.736 4606 67.8675
137.853 4552 67.4685
137.97 4632 68.0588
138.087 4498 67.0671
138.204 4544 67.4092
138.321 4448 66.6933
138.438 4376 66.1513
138.555 4711 68.6367
138.672 4539 67.3721
138.788 4355 65.9924
138.905 4113 64.1327
139.022 4073 63.8201
139.139 4212 64.8999
139.255 4383 66.2042
139.372 4351 65.9621
139.488 4174 64.6065
139.605 3900 62.45
139.721 3674 60.6135
139.838 3313 57.5587
139.954 3066 55.3715
140.071 2989 54.6717
140.187 2817 53.0754
140.303 2799 52.9056
140.419 2609 51.0784
140.535 2435 49.3457
140.652 2273 47.676
140.768 0 1
140.884 0 1
141 0 1
141.115 0 1
141.231 0 1
141.347 0 1
141.463 0 1
141.578 0 1
141.694 0 1
144.104 0 1
144.219 0 1
144.335 0 1
144.45 0 1
144.566 0 1
144.682 0 1
144.798 0 1
144.914 0 1
145.03 0 1
145.146 3959 62.9206
145.262 4244 65.146
145.378 4245 65.1537
145.494 4150 64.4205
145.61 4365 66.0681
145.726 4346 65.9242
145.842 4603 67.8454
145.959 4461 66.7907
146.075 4361 66.0379
146.192 4335 65.8407
146.308 4355 65.9924
146.425 4440 66.6333
146.541 4554 67.4833
146.658 4743 68.8694
146.774 5022 70.8661
146.891 4791 69.217
147.008 5111 71.4913
147.125 4725 68.7386
147.241 4677 68.3886
147.358 4864 69.7424
147.475 4814 69.383
147.592 4601 67.8307
147.709 4404 66.3626
147.826 4280 65.4217
147.943 4250 65.192
148.06 4579 67.6683
148.177 4756 68.9638
148.294 4844 69.5989
148.411 4709 68.6222
148.528 4721 68.7095
148.645 4572 67.6166
148.762 4550 67.4537
148.88 4661 68.2715
148.997 4650 68.1909
149.114 4501 67.0895
149.231 4644 68.1469
149.349 4516 67.2012
149.466 4365 66.0681
149.583 4324 65.7571
149.701 4357 66.0076
149.818 4196 64.7765
149.935 4101 64.0391
150.053 4065 63.7574
150.17 4154 64.4515
150.287 4273 65.3682
150.405 4397 66.3099
150.522 4351 65.9621
150.64 4176 64.622
150.757 4134 64.2962
150.875 4270 65.3452
150.992 4296 65.5439
151.11 4170 64.5755
151.227 4078 63.8592
151.344 3902 62.466
151.462 3742 61.1719
151.579 3912 62.546
151.697 4038 63.5453
151.814 4257 65.2457
151.932 4430 66.5582
152.049 4463 66.8057
152.167 4334 65.8331
152.284 4421 66.4906
152.402 4341 65.8863
152.519 4279 65.4141
152.636 4341 65.8863
152.754 4267 65.3223
152.871 4348 65.9394
152.989 4345 65.9166
153.106 4218 64.9461
153.223 4044 63.5925
153.341 4086 63.9218
153.458 3942 62.7853
153.575 3773 61.4248
153.693 3891 62.3779
153.81 4044 63.5925
153.927 4112 64.1249
154.044 4112 64.1249
154.162 4116 64.1561
154.279 4145 64.3817
154.396 4004 63.2772
154.513 4102 64.0469
154.63 4149 64.4127
154.747 4005 63.2851
154.864 3754 61.2699
154.981 3430 58.5662
155.098 3436 58.6174
155.215 3705 60.8687
155.332 3934 62.7216
155.449 4138 64.3273
155.566 4226 65.0077
155.683 4144 64.3739
155.8 4088 63.9375
155.917 4077 63.8514
156.033 3910 62.53
156.15 0 1
156.267 0 1
156.383 0 1
156.5 0 1
156.617 0 1
156.733 0 1
156.85 0 1
156.966 0 1
157.082 0 1
157.199 0 1
157.315 0 1
157.431 0 1
157.547 0 1
157.664 0 1
157.78 0 1
157.896 0 1
158.012 0 1
158.128 0 1
158.244 0 1
158.359 0 1
158.475 0 1
158.591 0 1
158.706 0 1
