
6.15755 0 1
6.2731 0 1
6.3887 0 1
6.50437 0 1
6.62009 0 1
6.73587 0 1
6.8517 0 1
6.96759 0 1
7.08353 0 1
7.19952 0 1
7.31557 0 1
7.43166 0 1
7.54781 0 1
7.664 0 1
7.78024 0 1
7.89653 0 1
8.01286 0 1
8.12924 0 1
8.24567 0 1
8.36213 0 1
8.47864 0 1
8.59519 0 1
8.71178 0 1
8.82841 0 1
8.94508 0 1
9.06179 0 1
9.17853 0 1
9.29531 0 1
9.41212 0 1
9.52897 0 1
9.64584 0 1
9.76276 0 1
9.8797 0 1
9.99667 0 1
10.1137 0 1
10.2307 0 1
10.3478 0 1
10.4648 0 1
10.5819 0 1
10.6991 0 1
10.8162 0 1
10.9334 0 1
11.0506 0 1
11.1678 0 1
11.285 0 1
11.4023 0 1
11.5196 0 1
11.6369 0 1
11.7542 0 1
11.8715 0 1
11.9888 0 1
12.1062 0 1
12.2235 0 1
12.3409 0 1
12.4582 0 1
12.5756 0 1
12.693 0 1
12.8104 0 1
12.9278 0 1
13.0452 0 1
13.1626 0 1
13.28 0 1
13.3974 0 1
13.5149 0 1
13.6323 0 1
13.7497 0 1
13.8671 0 1
13.9845 0 1
14.1019 0 1
14.2193 0 1
14.3367 0 1
14.4541 0 1
14.5714 0 1
14.6888 0 1
14.8062 0 1
14.9235 0 1
15.0408 37157 192.762
15.1581 39146 197.853
15.2755 40343 200.856
15.3927 40670 201.668
15.51 40388 200.968
15.6273 40218 200.544
15.7445 40101 200.252
15.8617 39440 198.595
15.9789 39275 198.179
16.0961 39403 198.502
16.2132 39869 199.672
16.3304 40072 200.18
16.4475 41886 204.661
16.5646 43197 207.839
16.6816 44115 210.036
16.7986 45885 214.208
16.9156 47084 216.988
17.0326 48525 220.284
17.1496 49278 221.986
17.2665 49185 221.777
17.3833 49128 221.648
17.5002 49096 221.576
17.617 49176 221.757
17.7338 47742 218.499
17.8505 45151 212.488
17.9672 43218 207.889
18.0839 41770 204.377
18.2005 43319 208.132
18.3171 44637 211.275
18.4337 46094 214.695
18.5502 47435 217.796
18.6666 47975 219.032
18.7831 48652 220.572
18.8994 48530 220.295
19.0158 47443 217.814
19.1321 46881 216.52
19.2483 45437 213.16
19.3645 43253 207.974
19.4806 40884 202.198
19.5967 38656 196.611
19.7128 35804 189.219
19.8288 32255 179.597
19.9447 28374 168.446
20.0606 0 1
20.1764 0 1
20.2922 0 1
20.4079 0 1
20.5236 0 1
20.6392 0 1
20.7548 0 1
20.8702 0 1
23.3078 0 1
23.4233 0 1
23.539 0 1
23.6547 0 1
23.7704 0 1
23.8862 0 1
24.0021 0 1
24.118 0 1
24.234 0 1
24.35 0 1
24.4661 17738 133.184
24.5822 21884 147.932
24.6984 26008 161.27
24.8146 29268 171.079
24.9309 31770 178.241
25.0472 34498 185.736
25.1636 36665 191.481
25.28 40138 200.345
25.3965 42519 206.201
25.513 45597 213.535
25.6296 48640 220.545
25.7462 50150 223.942
25.8628 51458 226.844
25.9795 53110 230.456
26.0962 54333 233.094
26.213 53576 231.465
26.3298 51974 227.978
26.4466 48753 220.801
26.5635 46263 215.088
26.6804 44376 210.656
26.7973 44930 211.967
26.9143 46110 214.732
27.0313 47637 218.259
27.1483 48941 221.226
27.2653 50178 224.004
27.3824 51198 226.27
27.4996 51126 226.111
27.6167 49991 223.587
27.7339 49127 221.646
27.8511 47806 218.646
27.9683 46271 215.107
28.0855 45820 214.056
28.2028 44950 212.014
28.3201 43763 209.196
28.4374 42920 207.171
28.5547 41744 204.313
28.6721 42632 206.475
28.7894 43334 208.168
28.9068 45079 212.318
29.0242 46817 216.372
29.1416 48452 220.118
29.259 50543 224.818
29.3764 51066 225.978
29.4939 51031 225.9
29.6113 50811 225.413
29.7288 50946 225.712
29.8463 48158 219.449
29.9638 45049 212.247
30.0812 41955 204.829
30.1987 41040 202.583
30.3162 41504 203.725
30.4337 43980 209.714
30.5512 45100 212.368
30.6687 46524 215.694
30.7862 47210 217.279
30.9037 48206 219.559
31.0212 48632 220.527
31.1387 48431 220.07
31.2562 47227 217.318
31.3737 46175 214.884
31.4912 45625 213.6
31.6087 44544 211.054
31.7262 43389 208.3
31.8436 42484 206.116
31.9611 41510 203.74
32.0785 40244 200.609
32.1959 40011 200.027
32.3134 41559 203.86
32.4308 43162 207.755
32.5482 44368 210.637
32.6655 46437 215.492
32.7829 47736 218.486
32.9002 48283 219.734
33.0176 48212 219.572
33.1349 48683 220.642
33.2522 48477 220.175
33.3694 47781 218.589
33.4867 45903 214.25
33.6039 43380 208.279
33.7211 40418 201.042
33.8383 38363 195.865
33.9554 38460 196.112
34.0725 40437 201.09
34.1896 42402 205.917
34.3067 44387 210.682
34.4237 44682 211.381
34.5407 45363 212.986
34.6577 46079 214.66
34.7746 46262 215.086
34.8915 45162 212.514
35.0084 44242 210.338
35.1252 43787 209.253
35.242 42820 206.93
35.3587 41957 204.834
35.4755 41290 203.199
35.5921 40193 200.482
35.7088 38879 197.178
35.8254 37786 194.386
35.9419 37691 194.142
36.0584 39209 198.013
36.1749 39714 199.284
36.2913 39479 198.693
36.4077 39679 199.196
36.524 39574 198.932
36.6403 39464 198.655
36.7565 38065 195.103
36.8727 36370 190.709
36.9889 34582 185.962
37.1049 31676 177.978
37.221 0 1
37.3369 0 1
37.4529 0 1
37.5687 0 1
37.6845 0 1
37.8003 0 1
37.916 0 1
38.0316 0 1
38.1472 0 1
40.5851 0 1
40.7008 0 1
40.8164 0 1
40.9322 0 1
41.048 0 1
41.1639 0 1
41.2798 0 1
41.3958 0 1
41.5118 0 1
41.6279 0 1
41.744 21936 148.108
41.8602 24374 156.122
41.9765 26798 163.701
42.0928 28791 169.679
42.2091 29989 173.173
42.3255 29919 172.971
42.4419 28695 169.396
42.5584 27743 166.562
42.675 27525 165.907
42.7915 29437 171.572
42.9081 32816 181.152
43.0248 35270 187.803
43.1415 36348 190.652
43.2582 37542 193.758
43.375 38521 196.268
43.4918 39093 197.719
43.6087 38334 195.791
43.7256 38284 195.663
43.8425 37829 194.497
43.9595 37220 192.925
44.0765 36367 190.701
44.1935 35350 188.016
44.3106 35081 187.299
44.4277 33696 183.565
44.5448 32341 179.836
44.6619 31575 177.694
44.7791 32230 179.527
44.8963 33657 183.458
45.0136 34871 186.738
45.1308 36843 191.945
45.2481 38198 195.443
45.3654 39536 198.837
45.4827 39630 199.073
45.6001 39903 199.757
45.7174 39796 199.489
45.8348 39108 197.757
45.9522 36670 191.494
46.0697 34152 184.803
46.1871 31976 178.818
46.3046 30950 175.926
46.422 32720 180.887
46.5395 34791 186.523
46.657 37063 192.518
46.7745 38105 195.205
46.892 38476 196.153
47.0096 39731 199.326
47.1271 40038 200.095
47.2446 40045 200.112
47.3622 39384 198.454
47.4797 38462 196.117
47.5973 38224 195.51
47.7149 37093 192.595
47.8324 36380 190.735
47.95 35941 189.581
48.0675 33626 183.374
48.1851 32629 180.635
48.3027 32403 180.008
48.4202 33870 184.038
48.5378 35276 187.819
48.6554 37147 192.736
48.7729 39022 197.54
48.8904 39764 199.409
49.008 40378 200.943
49.1255 40545 201.358
49.243 40613 201.527
49.3605 38645 196.583
49.478 35774 189.14
49.5955 33210 182.236
49.713 30903 175.792
49.8304 29948 173.055
49.9479 31406 177.217
50.0653 34143 184.778
50.1827 36763 191.737
50.3001 38068 195.11
50.4175 38953 197.365
50.5348 39573 198.93
50.6521 40096 200.24
50.7694 40426 201.062
50.8867 39877 199.692
51.004 39571 198.925
51.1212 38805 196.99
51.2384 38048 195.059
51.3556 37043 192.466
51.4727 35943 189.586
51.5899 34485 185.701
51.707 33158 182.093
51.824 33191 182.184
51.9411 34855 186.695
52.0581 36509 191.073
52.175 38435 196.048
52.2919 40405 201.01
52.4088 41688 204.176
52.5257 42017 204.98
52.6425 42402 205.917
52.7593 42256 205.563
52.876 41939 204.79
52.9927 40767 201.908
53.1094 37534 193.737
53.226 34583 185.965
53.3426 32128 179.243
53.4591 30667 175.12
53.5756 30459 174.525
53.692 30721 175.274
53.8084 30897 175.775
53.9248 30414 174.396
54.0411 29197 170.871
54.1573 27646 166.271
54.2735 0 1
54.3896 0 1
54.5057 0 1
54.6217 0 1
54.7377 0 1
54.8537 0 1
54.9695 0 1
55.0853 0 1
55.2011 0 1
55.3168 0 1
55.4324 0 1
57.824 0 1
57.9396 0 1
58.0553 0 1
58.1711 0 1
58.2869 0 1
58.4028 0 1
58.5187 0 1
58.6347 0 1
58.7508 0 1
58.8669 0 1
58.983 25435 159.484
59.0992 30568 174.837
59.2155 33963 184.291
59.3318 37228 192.946
59.4482 39352 198.373
59.5646 41215 203.015
59.681 43183 207.805
59.7975 43745 209.153
59.9141 44217 210.278
60.0306 44289 210.45
60.1473 43582 208.763
60.2639 42615 206.434
60.3807 41711 204.233
60.4974 41391 203.448
60.6142 41908 204.714
60.731 43668 208.969
60.8479 45588 213.513
60.9648 47913 218.89
61.0818 49147 221.691
61.1987 50090 223.808
61.3158 50018 223.647
61.4328 49358 222.167
61.5499 47980 219.043
61.667 45063 212.28
61.7841 41709 204.228
61.9013 39070 197.661
62.0185 38337 195.798
62.1357 39410 198.52
62.253 41564 203.873
62.3702 44109 210.021
62.4875 46869 216.492
62.6049 47551 218.062
62.7222 48397 219.993
62.8396 49166 221.734
62.9569 49455 222.385
63.0743 48987 221.33
63.1918 48857 221.036
63.3092 47938 218.947
63.4267 47430 217.784
63.5441 46131 214.781
63.6616 44593 211.171
63.7791 42182 205.383
63.8966 40271 200.676
64.0142 39637 199.09
64.1317 40170 200.425
64.2492 41932 204.773
64.3668 44545 211.057
64.4843 46404 215.416
64.6019 48891 221.113
64.7195 48682 220.64
64.837 48911 221.158
64.9546 48385 219.966
65.0722 47841 218.726
65.1898 45622 213.593
65.3074 42583 206.356
65.4249 38718 196.769
65.5425 36407 190.806
65.6601 36344 190.641
65.7777 38787 196.944
65.8952 41043 202.591
66.0128 43263 207.998
66.1304 45672 213.71
66.2479 47157 217.157
66.3655 47344 217.587
66.483 48638 220.54
66.6005 47938 218.947
66.718 48212 219.572
66.8355 47544 218.046
66.953 46406 215.421
67.0705 45926 214.304
67.1879 44698 211.419
67.3054 42916 207.162
67.4228 40357 200.891
67.5402 38406 195.974
67.6576 37918 194.725
67.7749 38727 196.792
67.8923 40619 201.542
68.0096 42784 206.843
68.1269 45212 212.631
68.2442 46686 216.069
68.3614 47685 218.369
68.4787 47147 217.134
68.5958 47198 217.251
68.713 46051 214.595
68.8302 43550 208.686
68.9473 40268 200.669
69.0643 37094 192.598
69.1814 35388 188.117
69.2984 35212 187.649
69.4154 37085 192.575
69.5323 39807 199.517
69.6492 42277 205.614
69.7661 44003 209.769
69.8829 44457 210.848
69.9997 44579 211.137
70.1165 43378 208.274
70.2332 42028 205.007
70.3499 40377 200.94
70.4665 38605 196.482
70.5831 36432 190.872
70.6996 34349 185.335
70.8161 32295 179.708
70.9326 29336 171.278
71.049 26003 161.254
71.1653 22101 148.664
71.2817 18894 137.455
71.3979 17250 131.339
71.5141 16001 126.495
71.6303 15376 124
71.7464 14054 118.55
71.8624 0 1
71.9784 0 1
72.0944 0 1
72.2102 0 1
72.3261 0 1
72.4418 0 1
72.5575 0 1
72.6732 0 1
75.1054 0 1
75.2209 0 1
75.3365 0 1
75.4521 0 1
75.5678 0 1
75.6835 0 1
75.7993 0 1
75.9151 0 1
76.031 0 1
76.147 27190 164.894
76.263 29369 171.374
76.3791 29868 172.824
76.4952 29010 170.323
76.6113 30275 173.997
76.7276 31426 177.274
76.8438 33940 184.228
76.9601 36973 192.284
77.0765 39546 198.862
77.1929 41247 203.094
77.3093 41075 202.67
77.4258 41397 203.463
77.5423 41044 202.593
77.6589 40308 200.769
77.7755 37969 194.856
77.8921 34301 185.205
78.0088 31725 178.115
78.1256 29612 172.081
78.2423 28932 170.094
78.3591 30232 173.874
78.4759 33642 183.418
78.5928 36023 189.797
78.7097 38050 195.064
78.8266 38339 195.803
78.9436 41572 203.892
79.0606 40751 201.869
79.1776 41265 203.138
79.2946 41500 203.715
79.4117 42258 205.568
79.5288 41032 202.564
79.6459 40768 201.911
79.7631 39680 199.198
79.8802 38084 195.151
79.9974 36483 191.005
80.1147 33936 184.217
80.2319 32060 179.053
80.3491 33211 182.239
80.4664 34751 186.416
80.5837 37350 193.261
80.701 40200 200.499
80.8183 42026 205.002
80.9357 42427 205.978
81.053 42851 207.005
81.1704 42726 206.703
81.2877 42651 206.521
81.4051 41289 203.197
81.5225 38599 196.466
81.6399 34512 185.774
81.7573 32097 179.156
81.8747 29885 172.873
81.9922 30365 174.256
82.1096 33035 181.755
82.227 36456 190.935
82.3444 38880 197.18
82.4619 40617 201.537
82.5793 41258 203.121
82.6967 42432 205.99
82.8142 43019 207.41
82.9316 43339 208.18
83.049 43179 207.796
83.1664 42616 206.436
83.2838 42185 205.39
83.4012 40703 201.75
83.5186 39971 199.927
83.636 38200 195.448
83.7534 35418 188.197
83.8708 33523 183.093
83.9881 33357 182.639
84.1055 34302 185.208
84.2228 36970 192.276
84.3401 39740 199.349
84.4575 42213 205.458
84.5747 43674 208.983
84.692 43695 209.033
84.8093 43457 208.463
84.9265 42664 206.553
85.0437 39993 199.982
85.1609 36662 191.473
85.2781 33563 183.202
85.3952 31549 177.62
85.5123 30233 173.876
85.6294 32078 179.103
85.7465 34953 186.957
85.8636 37887 194.646
85.9806 39814 199.534
86.0976 41241 203.079
86.2145 41837 204.541
86.3315 43432 208.403
86.4484 42436 206
86.5652 43601 208.809
86.682 43816 209.323
86.7988 43087 207.574
86.9156 41984 204.9
87.0323 41622 204.015
87.149 39515 198.784
87.2657 37031 192.434
87.3823 32781 181.055
87.4988 29744 172.464
87.6154 28360 168.404
87.7318 29500 171.756
87.8483 31397 177.192
87.9647 33140 182.044
88.081 33554 183.178
88.1973 32966 181.565
88.3136 31469 177.395
88.4298 29802 172.633
88.546 27275 165.151
88.6621 23261 152.516
88.7781 18087 134.488
88.8942 0 1
89.0101 0 1
89.126 0 1
89.2419 0 1
89.3577 0 1
89.4734 0 1
89.5891 0 1
89.7047 0 1
89.8203 0 1
89.9358 0 1
92.3269 0 1
92.4424 0 1
92.558 0 1
92.6736 0 1
92.7893 0 1
92.905 0 1
93.0208 0 1
93.1366 0 1
93.2525 0 1
93.3685 0 1
93.4845 0 1
93.6005 33527 183.104
93.7167 34856 186.698
93.8328 36458 190.94
93.949 36905 192.107
94.0653 36814 191.87
94.1816 35430 188.229
94.2979 34038 184.494
94.4143 33062 181.83
94.5307 32242 179.561
94.6472 33487 182.995
94.7637 36383 190.743
94.8803 38253 195.584
94.9969 40562 201.4
95.1135 41215 203.015
95.2302 43000 207.364
95.3469 43363 208.238
95.4637 44477 210.896
95.5805 44620 211.234
95.6973 44528 211.017
95.8142 43739 209.139
95.9311 43067 207.526
96.048 42604 206.407
96.1649 41486 203.681
96.2819 39864 199.66
96.3989 37926 194.746
96.516 35737 189.042
96.633 34814 186.585
96.7501 35526 188.483
96.8673 37420 193.442
96.9844 39917 199.792
97.1016 42596 206.388
97.2188 44519 210.995
97.336 44585 211.152
97.4532 44345 210.583
97.5704 43209 207.868
97.6877 40904 202.247
97.805 37738 194.263
97.9223 35020 187.136
98.0396 32947 181.513
98.1569 31995 178.871
98.2743 33528 183.107
98.3916 35676 188.881
98.509 38733 196.807
98.6264 39997 199.992
98.7438 42195 205.414
98.8612 43396 208.317
98.9786 44166 210.157
99.096 45142 212.466
99.2134 45312 212.866
99.3308 45539 213.399
99.4482 45246 212.711
99.5656 44404 210.723
99.6831 43563 208.718
99.8005 42574 206.335
99.9179 40443 201.104
100.035 38544 196.326
100.153 37190 192.847
100.27 37335 193.223
100.388 39708 199.269
100.505 42099 205.18
100.622 44492 210.931
100.74 45006 212.146
100.857 45702 213.78
100.975 45368 212.998
101.092 45481 213.263
101.209 43531 208.641
101.327 40693 201.725
101.444 37225 192.938
101.561 34849 186.679
101.679 32924 181.45
101.796 33516 183.074
101.913 35447 188.274
102.03 38394 195.944
102.148 41155 202.867
102.265 43495 208.555
102.382 43412 208.355
102.499 45009 212.153
102.616 45855 214.138
102.733 46150 214.826
102.851 46084 214.672
102.968 46356 215.304
103.085 45671 213.708
103.202 44856 211.792
103.319 43585 208.77
103.436 41788 204.421
103.552 39557 198.889
103.669 37860 194.576
103.786 37727 194.234
103.903 39093 197.719
104.02 41447 203.585
104.137 44309 210.497
104.253 46536 215.722
104.37 45978 214.425
104.487 47059 216.931
104.603 45401 213.075
104.72 42417 205.954
104.836 39461 198.648
104.953 36014 189.774
105.069 32683 180.784
105.186 30673 175.137
105.302 29351 171.321
105.418 28906 170.018
105.535 29287 171.134
105.651 29516 171.802
105.767 28368 168.428
105.883 27046 164.457
105.999 24384 156.154
106.115 0 1
106.231 0 1
106.347 0 1
106.463 0 1
106.579 0 1
106.694 0 1
106.81 0 1
106.926 0 1
107.041 0 1
107.157 0 1
109.576 0 1
109.692 0 1
109.807 0 1
109.923 0 1
110.039 0 1
110.155 0 1
110.27 0 1
110.386 0 1
110.502 0 1
110.618 20544 143.332
110.735 25785 160.577
110.851 29785 172.583
110.967 32630 180.638
111.083 35831 189.291
111.199 38801 196.98
111.316 40442 201.102
111.432 42007 204.956
111.549 42661 206.545
111.665 43453 208.454
111.782 43504 208.576
111.898 42535 206.24
112.015 41273 203.158
112.132 38741 196.827
112.248 35963 189.639
112.365 35378 188.09
112.482 36760 191.729
112.599 38869 197.152
112.716 41652 204.088
112.832 43540 208.662
112.949 43753 209.172
113.066 43583 208.765
113.183 43559 208.708
113.3 42438 206.005
113.417 40450 201.122
113.534 37022 192.411
113.652 34180 184.878
113.769 32268 179.633
113.886 31070 176.267
114.003 31103 176.36
114.12 34363 185.373
114.238 36960 192.25
114.355 39081 197.689
114.472 40669 201.666
114.589 41257 203.118
114.707 42283 205.628
114.824 42617 206.439
114.942 43117 207.646
115.059 43149 207.723
115.176 42737 206.729
115.294 42616 206.436
115.411 41435 203.556
115.529 40697 201.735
115.646 38609 196.492
115.764 36413 190.822
115.881 34556 185.892
115.999 34817 186.593
116.116 37242 192.982
116.234 40171 200.427
116.351 41674 204.142
116.469 41994 204.924
116.586 42690 206.616
116.704 42139 205.278
116.821 41970 204.866
116.939 40512 201.276
117.056 37702 194.17
117.174 34636 186.107
117.291 32634 180.649
117.409 30731 175.303
117.526 30455 174.514
117.644 32072 179.087
117.761 34682 186.231
117.879 37189 192.844
117.996 38509 196.237
118.114 39701 199.251
118.231 40179 200.447
118.349 41359 203.369
118.466 40971 202.413
118.584 41300 203.224
118.701 41697 204.198
118.819 41041 202.586
118.936 40006 200.015
119.053 39273 198.174
119.171 38075 195.128
119.288 36077 189.939
119.405 33971 184.312
119.523 33120 181.989
119.64 33640 183.412
119.757 36035 189.829
119.875 38248 195.571
119.992 39518 198.791
120.109 40030 200.075
120.226 40468 201.167
120.343 40188 200.469
120.46 39775 199.437
120.578 38419 196.008
120.695 36351 190.659
120.812 33869 184.035
120.929 31720 178.101
121.046 30002 173.211
121.163 28891 169.974
121.279 29220 170.939
121.396 31203 176.644
121.513 31668 177.955
121.63 32821 181.166
121.747 32219 179.497
121.863 32395 179.986
121.98 32847 181.237
122.097 32162 179.338
122.213 31980 178.83
122.33 31089 176.321
122.446 30273 173.991
122.563 28249 168.074
122.679 26721 163.466
122.795 24303 155.894
122.912 21105 145.276
123.028 18524 136.103
123.144 16442 128.226
123.26 15110 122.923
123.377 0 1
123.493 0 1
123.609 0 1
123.725 0 1
123.84 0 1
123.956 0 1
124.072 0 1
124.188 0 1
124.303 0 1
124.419 0 1
126.852 0 1
126.968 0 1
127.083 0 1
127.199 0 1
127.315 0 1
127.431 0 1
127.547 0 1
127.663 0 1
127.779 0 1
127.895 0 1
128.011 0 1
128.127 0 1
128.243 0 1
128.359 37986 194.9
128.476 37220 192.925
128.592 37393 193.373
128.708 38859 197.127
128.825 41057 202.625
128.941 43502 208.571
129.058 44411 210.739
129.174 44829 211.729
129.291 44965 212.05
129.408 45281 212.793
129.524 44435 210.796
129.641 42106 205.197
129.758 39494 198.731
129.875 36963 192.258
129.992 35114 187.387
130.108 33518 183.079
130.225 33785 183.807
130.342 35734 189.034
130.459 37170 192.795
130.576 40141 200.352
130.693 40560 201.395
130.81 41649 204.081
130.928 42117 205.224
131.045 43138 207.697
131.162 43850 209.404
131.279 44316 210.514
131.396 44259 210.378
131.513 44220 210.286
131.631 43589 208.78
131.748 41886 204.661
131.865 40900 202.237
131.983 38849 197.101
132.1 37173 192.803
132.217 38757 196.868
132.335 40574 201.43
132.452 42633 206.478
132.57 43760 209.189
132.687 44041 209.859
132.804 45462 213.218
132.922 44941 211.993
133.039 44453 210.839
133.157 43471 208.497
133.274 40292 200.729
133.392 38435 196.048
133.509 36379 190.733
133.627 34783 186.502
133.744 33745 183.698
133.862 35258 187.771
133.979 37311 193.161
134.097 38654 196.606
134.214 40275 200.686
134.332 41588 203.931
134.449 42046 205.051
134.567 42570 206.325
134.684 43853 209.411
134.802 44167 210.159
134.919 44325 210.535
135.037 44104 210.01
135.154 43124 207.663
135.272 42068 205.105
135.389 41471 203.644
135.507 39583 198.955
135.624 38078 195.136
135.742 37449 193.517
135.859 39030 197.56
135.977 41461 203.62
136.094 42889 207.097
136.211 44257 210.373
136.329 44198 210.233
136.446 44220 210.286
136.564 44169 210.164
136.681 44090 209.976
136.798 42488 206.126
136.915 39826 199.565
137.033 37761 194.322
137.15 35711 188.974
137.267 34236 185.03
137.384 33847 183.976
137.502 34681 186.228
137.619 36372 190.714
137.736 38172 195.377
137.853 37979 194.882
137.97 39957 199.892
138.087 39952 199.88
138.204 41286 203.19
138.321 42164 205.339
138.438 42476 206.097
138.555 42815 206.918
138.672 41464 203.627
138.788 40323 200.806
138.905 37831 194.502
139.022 36277 190.465
139.139 33500 183.03
139.255 30805 175.514
139.372 29355 171.333
139.488 29196 170.868
139.605 29246 171.015
139.721 30222 173.845
139.838 29642 172.169
139.954 27746 166.571
140.071 25248 158.896
140.187 23232 152.42
140.303 21956 148.176
140.419 20483 143.119
140.535 18371 135.54
140.652 16126 126.988
140.768 0 1
140.884 0 1
141 0 1
141.115 0 1
141.231 0 1
141.347 0 1
141.463 0 1
141.578 0 1
141.694 0 1
144.104 0 1
144.219 0 1
144.335 0 1
144.45 0 1
144.566 0 1
144.682 0 1
144.798 0 1
144.914 0 1
145.03 0 1
145.146 31164 176.533
145.262 32821 181.166
145.378 33322 182.543
145.494 32385 179.958
145.61 30884 175.738
145.726 29400 171.464
145.842 28077 167.562
145.959 27267 165.127
146.075 26082 161.499
146.192 26288 162.136
146.308 27341 165.351
146.425 28247 168.068
146.541 28899 169.997
146.658 29579 171.985
146.774 30145 173.623
146.891 30911 175.815
147.008 31886 178.567
147.125 31557 177.643
147.241 32192 179.421
147.358 32753 180.978
147.475 32605 180.569
147.592 32048 179.02
147.709 31044 176.193
147.826 30238 173.891
147.943 29353 171.327
148.06 28107 167.651
148.177 28051 167.484
148.294 29610 172.076
148.411 30846 175.63
148.528 32344 179.844
148.645 32795 181.094
148.762 32788 181.075
148.88 32675 180.762
148.997 33608 183.325
149.114 32390 179.972
149.231 31346 177.048
149.349 30616 174.974
149.466 28465 168.716
149.583 27887 166.994
149.701 26678 163.334
149.818 25804 160.636
149.935 26353 162.336
150.053 27328 165.312
150.17 28296 168.214
150.287 28555 168.982
150.405 29410 171.493
150.522 29988 173.17
150.64 30464 174.539
150.757 31029 176.151
150.875 31275 176.847
150.992 31713 178.081
151.11 31409 177.226
151.227 31098 176.346
151.344 30481 174.588
151.462 29261 171.058
151.579 27943 167.162
151.697 27303 165.236
151.814 27353 165.387
151.932 28240 168.048
152.049 29692 172.314
152.167 31009 176.094
152.284 31564 177.663
152.402 31477 177.418
152.519 31645 177.89
152.636 31323 176.983
152.754 31153 176.502
152.871 29773 172.549
152.989 28181 167.872
153.106 27227 165.006
153.223 26270 162.08
153.341 25340 159.185
153.458 24751 157.325
153.575 25385 159.327
153.693 25998 161.239
153.81 26709 163.429
153.927 27180 164.864
154.044 27468 165.735
154.162 28018 167.386
154.279 28469 168.728
154.396 29024 170.364
154.513 29213 170.918
154.63 29701 172.34
154.747 29376 171.394
154.864 29176 170.81
154.981 27897 167.024
155.098 26917 164.064
155.215 26318 162.228
155.332 25665 160.203
155.449 25634 160.106
155.566 27016 164.365
155.683 27769 166.64
155.8 28066 167.529
155.917 27780 166.673
156.033 26769 163.612
156.15 0 1
156.267 0 1
156.383 0 1
156.5 0 1
156.617 0 1
156.733 0 1
156.85 0 1
156.966 0 1
157.082 0 1
157.199 0 1
157.315 0 1
157.431 0 1
157.547 0 1
157.664 0 1
157.78 0 1
157.896 0 1
158.012 0 1
158.128 0 1
158.244 0 1
158.359 0 1
158.475 0 1
158.591 0 1
158.706 0 1
