
6.15755 0 1
6.2731 0 1
6.3887 0 1
6.50437 0 1
6.62009 0 1
6.73587 0 1
6.8517 0 1
6.96759 0 1
7.08353 0 1
7.19952 0 1
7.31557 0 1
7.43166 0 1
7.54781 0 1
7.664 0 1
7.78024 0 1
7.89653 0 1
8.01286 0 1
8.12924 0 1
8.24567 0 1
8.36213 0 1
8.47864 0 1
8.59519 0 1
8.71178 0 1
8.82841 0 1
8.94508 0 1
9.06179 0 1
9.17853 0 1
9.29531 0 1
9.41212 0 1
9.52897 0 1
9.64584 0 1
9.76276 0 1
9.8797 0 1
9.99667 0 1
10.1137 0 1
10.2307 0 1
10.3478 0 1
10.4648 0 1
10.5819 0 1
10.6991 0 1
10.8162 0 1
10.9334 0 1
11.0506 0 1
11.1678 0 1
11.285 0 1
11.4023 0 1
11.5196 0 1
11.6369 0 1
11.7542 0 1
11.8715 0 1
11.9888 0 1
12.1062 0 1
12.2235 0 1
12.3409 0 1
12.4582 0 1
12.5756 0 1
12.693 0 1
12.8104 0 1
12.9278 0 1
13.0452 0 1
13.1626 0 1
13.28 0 1
13.3974 0 1
13.5149 0 1
13.6323 0 1
13.7497 0 1
13.8671 0 1
13.9845 0 1
14.1019 0 1
14.2193 0 1
14.3367 0 1
14.4541 0 1
14.5714 0 1
14.6888 0 1
14.8062 0 1
14.9235 0 1
15.0408 0 0
15.1581 0 0
15.2755 0 0
15.3927 0 0
15.51 0 0
15.6273 0 0
15.7445 0 0
15.8617 0 0
15.9789 0 0
16.0961 0 0
16.2132 0 0
16.3304 0 0
16.4475 0 0
16.5646 0 0
16.6816 0 0
16.7986 0 0
16.9156 0 0
17.0326 0 0
17.1496 0 0
17.2665 0 0
17.3833 0 0
17.5002 0 0
17.617 0 0
17.7338 0 0
17.8505 0 0
17.9672 0 0
18.0839 0 0
18.2005 0 0
18.3171 0 0
18.4337 0 0
18.5502 0 0
18.6666 0 0
18.7831 0 0
18.8994 0 0
19.0158 0 0
19.1321 0 0
19.2483 0 0
19.3645 0 0
19.4806 0 0
19.5967 0 0
19.7128 0 0
19.8288 0 0
19.9447 0 0
20.0606 0 1
20.1764 0 1
20.2922 0 1
20.4079 0 1
20.5236 0 1
20.6392 0 1
20.7548 0 1
20.8702 0 1
23.3078 0 1
23.4233 0 1
23.539 0 1
23.6547 0 1
23.7704 0 1
23.8862 0 1
24.0021 0 1
24.118 0 1
24.234 0 1
24.35 0 1
24.4661 3597 59.975
24.5822 3808 61.709
24.6984 3714 60.9426
24.8146 3697 60.803
24.9309 3889 62.3618
25.0472 3956 62.8967
25.1636 4013 63.3482
25.28 4102 64.0469
25.3965 4303 65.5973
25.513 4062 63.7338
25.6296 4258 65.2534
25.7462 4254 65.2227
25.8628 4319 65.7191
25.9795 4340 65.8787
26.0962 4369 66.0984
26.213 4236 65.0846
26.3298 4127 64.2417
26.4466 4175 64.6142
26.5635 3958 62.9126
26.6804 4131 64.2729
26.7973 3967 62.9841
26.9143 4025 63.4429
27.0313 3863 62.153
27.1483 3913 62.554
27.2653 4144 64.3739
27.3824 4042 63.5767
27.4996 4031 63.4902
27.6167 3950 62.849
27.7339 3903 62.474
27.8511 3829 61.8789
27.9683 3675 60.6218
28.0855 3715 60.9508
28.2028 3817 61.7819
28.3201 3605 60.0417
28.4374 3805 61.6847
28.5547 3746 61.2046
28.6721 3778 61.4654
28.7894 3881 62.2977
28.9068 3996 63.2139
29.0242 3959 62.9206
29.1416 3887 62.3458
29.259 3911 62.538
29.3764 4074 63.8279
29.4939 3970 63.0079
29.6113 3915 62.57
29.7288 3963 62.9524
29.8463 4051 63.6475
29.9638 4051 63.6475
30.0812 3894 62.4019
30.1987 3841 61.9758
30.3162 3877 62.2656
30.4337 3814 61.7576
30.5512 3627 60.2246
30.6687 3658 60.4814
30.7862 3803 61.6685
30.9037 3920 62.6099
31.0212 3918 62.5939
31.1387 3823 61.8304
31.2562 3878 62.2736
31.3737 3669 60.5723
31.4912 3561 59.6741
31.6087 3644 60.3656
31.7262 3566 59.716
31.8436 3565 59.7076
31.9611 3684 60.696
32.0785 3746 61.2046
32.1959 3787 61.5386
32.3134 3850 62.0484
32.4308 3846 62.0161
32.5482 3831 61.8951
32.6655 3896 62.4179
32.7829 3894 62.4019
32.9002 3923 62.6339
33.0176 3943 62.7933
33.1349 4008 63.3088
33.2522 4116 64.1561
33.3694 3928 62.6738
33.4867 4022 63.4192
33.6039 4029 63.4744
33.7211 3840 61.9677
33.8383 3958 62.9126
33.9554 3868 62.1932
34.0725 3780 61.4817
34.1896 3708 60.8933
34.3067 3800 61.6441
34.4237 3675 60.6218
34.5407 3744 61.1882
34.6577 3812 61.7414
34.7746 3781 61.4898
34.8915 3794 61.5955
35.0084 3770 61.4003
35.1252 3673 60.6053
35.242 3706 60.8769
35.3587 3529 59.4054
35.4755 3726 61.041
35.5921 3837 61.9435
35.7088 3774 61.4329
35.8254 3810 61.7252
35.9419 3773 61.4248
36.0584 3875 62.2495
36.1749 3863 62.153
36.2913 3895 62.4099
36.4077 3779 61.4736
36.524 3893 62.3939
36.6403 3905 62.49
36.7565 3812 61.7414
36.8727 3954 62.8808
36.9889 4001 63.2535
37.1049 3834 61.9193
37.221 0 1
37.3369 0 1
37.4529 0 1
37.5687 0 1
37.6845 0 1
37.8003 0 1
37.916 0 1
38.0316 0 1
38.1472 0 1
40.5851 0 1
40.7008 0 1
40.8164 0 1
40.9322 0 1
41.048 0 1
41.1639 0 1
41.2798 0 1
41.3958 0 1
41.5118 0 1
41.6279 0 1
41.744 3117 55.8301
41.8602 3105 55.7225
41.9765 3351 57.8878
42.0928 3265 57.1402
42.2091 3273 57.2101
42.3255 3360 57.9655
42.4419 3420 58.4808
42.5584 3435 58.6089
42.675 3305 57.4891
42.7915 3331 57.7148
42.9081 3290 57.3585
43.0248 3174 56.3383
43.1415 3124 55.8928
43.2582 3068 55.3895
43.375 3164 56.2494
43.4918 3256 57.0614
43.6087 3254 57.0438
43.7256 3176 56.356
43.8425 3180 56.3915
43.9595 3010 54.8635
44.0765 3014 54.8999
44.1935 3028 55.0273
44.3106 3095 55.6327
44.4277 3283 57.2975
44.5448 3108 55.7494
44.6619 3027 55.0182
44.7791 2924 54.074
44.8963 2845 53.3385
45.0136 2890 53.7587
45.1308 2869 53.563
45.2481 2814 53.0471
45.3654 2749 52.4309
45.4827 2835 53.2447
45.6001 2910 53.9444
45.7174 2896 53.8145
45.8348 2900 53.8516
45.9522 2910 53.9444
46.0697 2866 53.535
46.1871 2890 53.7587
46.3046 2780 52.7257
46.422 2877 53.6377
46.5395 2701 51.9711
46.657 2613 51.1175
46.7745 2705 52.0096
46.892 2720 52.1536
47.0096 2642 51.4004
47.1271 2753 52.469
47.2446 2633 51.3128
47.3622 2534 50.3389
47.4797 2547 50.4678
47.5973 2438 49.3761
47.7149 2473 49.7293
47.8324 2536 50.3587
47.95 2496 49.96
48.0675 2581 50.8035
48.1851 2442 49.4166
48.3027 2382 48.8057
48.4202 2345 48.4252
48.5378 2380 48.7852
48.6554 2239 47.3181
48.7729 2210 47.0106
48.8904 2252 47.4552
49.008 2373 48.7134
49.1255 2381 48.7955
49.243 2486 49.8598
49.3605 2625 51.2348
49.478 2526 50.2593
49.5955 2547 50.4678
49.713 2553 50.5272
49.8304 2684 51.8073
49.9479 2752 52.4595
50.0653 2674 51.7107
50.1827 2575 50.7445
50.3001 2571 50.705
50.4175 2674 51.7107
50.5348 2632 51.303
50.6521 2808 52.9906
50.7694 2765 52.5833
50.8867 2896 53.8145
51.004 2951 54.3231
51.1212 3013 54.8908
51.2384 3121 55.8659
51.3556 3160 56.2139
51.4727 3282 57.2887
51.5899 3473 58.9322
51.707 3323 57.6455
51.824 3246 56.9737
51.9411 3176 56.356
52.0581 3168 56.285
52.175 3116 55.8211
52.2919 3158 56.1961
52.4088 3129 55.9375
52.5257 3172 56.3205
52.6425 3395 58.2666
52.7593 3475 58.9491
52.876 3581 59.8415
52.9927 3607 60.0583
53.1094 3656 60.4649
53.226 3709 60.9016
53.3426 3836 61.9355
53.4591 3878 62.2736
53.5756 3940 62.7694
53.692 3897 62.426
53.8084 3734 61.1065
53.9248 3840 61.9677
54.0411 3761 61.327
54.1573 3853 62.0725
54.2735 0 1
54.3896 0 1
54.5057 0 1
54.6217 0 1
54.7377 0 1
54.8537 0 1
54.9695 0 1
55.0853 0 1
55.2011 0 1
55.3168 0 1
55.4324 0 1
57.824 0 1
57.9396 0 1
58.0553 0 1
58.1711 0 1
58.2869 0 1
58.4028 0 1
58.5187 0 1
58.6347 0 1
58.7508 0 1
58.8669 0 1
58.983 4570 67.6018
59.0992 4465 66.8207
59.2155 4267 65.3223
59.3318 4469 66.8506
59.4482 4541 67.3869
59.5646 4673 68.3593
59.681 4637 68.0955
59.7975 4575 67.6387
59.9141 4748 68.9057
60.0306 4818 69.4118
60.1473 4558 67.513
60.2639 4544 67.4092
60.3807 4457 66.7608
60.4974 4375 66.1438
60.6142 4322 65.7419
60.731 4191 64.7379
60.8479 4068 63.7809
60.9648 4145 64.3817
61.0818 4173 64.5988
61.1987 4065 63.7574
61.3158 4171 64.5833
61.4328 4156 64.467
61.5499 4278 65.4064
61.667 4157 64.4748
61.7841 4247 65.169
61.9013 4244 65.146
62.0185 4242 65.1306
62.1357 4316 65.6963
62.253 4318 65.7115
62.3702 4377 66.1589
62.4875 4292 65.5134
62.6049 4276 65.3911
62.7222 4278 65.4064
62.8396 4292 65.5134
62.9569 4294 65.5286
63.0743 4462 66.7982
63.1918 4312 65.6658
63.3092 4383 66.2042
63.4267 4420 66.4831
63.5441 4492 67.0224
63.6616 4234 65.0692
63.7791 4176 64.622
63.8966 4108 64.0937
64.0142 4055 63.6789
64.1317 3942 62.7853
64.2492 3746 61.2046
64.3668 3695 60.7865
64.4843 3788 61.5467
64.6019 3830 61.887
64.7195 3961 62.9365
64.837 3887 62.3458
64.9546 3910 62.53
65.0722 3901 62.458
65.1898 3870 62.2093
65.3074 3856 62.0967
65.4249 3840 61.9677
65.5425 3867 62.1852
65.6601 4192 64.7457
65.7777 4045 63.6003
65.8952 4151 64.4283
66.0128 4155 64.4593
66.1304 4076 63.8436
66.2479 3880 62.2896
66.3655 4001 63.2535
66.483 3987 63.1427
66.6005 4034 63.5138
66.718 4087 63.9296
66.8355 4143 64.3661
66.953 4387 66.2344
67.0705 4205 64.846
67.1879 4126 64.2339
67.3054 4121 64.195
67.4228 3883 62.3137
67.5402 3766 61.3677
67.6576 3768 61.384
67.7749 3648 60.3987
67.8923 3805 61.6847
68.0096 3768 61.384
68.1269 3714 60.9426
68.2442 3849 62.0403
68.3614 3929 62.6817
68.4787 3902 62.466
68.5958 3916 62.578
68.713 3836 61.9355
68.8302 3965 62.9682
68.9473 3885 62.3298
69.0643 4032 63.498
69.1814 4004 63.2772
69.2984 3992 63.1823
69.4154 4222 64.9769
69.5323 4192 64.7457
69.6492 4299 65.5668
69.7661 4331 65.8103
69.8829 4225 65
69.9997 4170 64.5755
70.1165 4056 63.6867
70.2332 4229 65.0308
70.3499 4225 65
70.4665 4268 65.3299
70.5831 4304 65.6049
70.6996 4186 64.6993
70.8161 4131 64.2729
70.9326 4033 63.5059
71.049 4036 63.5295
71.1653 3882 62.3057
71.2817 3803 61.6685
71.3979 3703 60.8523
71.5141 3498 59.1439
71.6303 3666 60.5475
71.7464 3420 58.4808
71.8624 0 1
71.9784 0 1
72.0944 0 1
72.2102 0 1
72.3261 0 1
72.4418 0 1
72.5575 0 1
72.6732 0 1
75.1054 0 1
75.2209 0 1
75.3365 0 1
75.4521 0 1
75.5678 0 1
75.6835 0 1
75.7993 0 1
75.9151 0 1
76.031 0 1
76.147 3690 60.7454
76.263 3959 62.9206
76.3791 3759 61.3107
76.4952 3889 62.3618
76.6113 4045 63.6003
76.7276 4024 63.435
76.8438 4015 63.364
76.9601 3883 62.3137
77.0765 4020 63.4035
77.1929 4109 64.1015
77.3093 4228 65.0231
77.4258 4342 65.8939
77.5423 4342 65.8939
77.6589 4459 66.7757
77.7755 4284 65.4523
77.8921 4353 65.9773
78.0088 4424 66.5132
78.1256 4382 66.1967
78.2423 4387 66.2344
78.3591 4388 66.242
78.4759 4555 67.4907
78.5928 4575 67.6387
78.7097 4617 67.9485
78.8266 4996 70.6824
78.9436 4433 66.5808
79.0606 4226 65.0077
79.1776 3960 62.9285
79.2946 4137 64.3195
79.4117 4564 67.5574
79.5288 5010 70.7814
79.6459 4926 70.1855
79.7631 4716 68.6731
79.8802 4467 66.8356
79.9974 4371 66.1135
80.1147 4250 65.192
80.2319 4328 65.7875
80.3491 4186 64.6993
80.4664 4173 64.5988
80.5837 4140 64.3428
80.701 4141 64.3506
80.8183 4116 64.1561
80.9357 4285 65.4599
81.053 4423 66.5056
81.1704 4305 65.6125
81.2877 4317 65.7039
81.4051 4139 64.3351
81.5225 4148 64.405
81.6399 3890 62.3699
81.7573 3992 63.1823
81.8747 3932 62.7057
81.9922 4016 63.3719
82.1096 4002 63.2614
82.227 4048 63.6239
82.3444 4032 63.498
82.4619 4191 64.7379
82.5793 4078 63.8592
82.6967 3799 61.636
82.8142 3276 57.2364
82.9316 3499 59.1523
83.049 3968 62.9921
83.1664 3971 63.0159
83.2838 3892 62.3859
83.4012 3625 60.208
83.5186 3617 60.1415
83.636 3447 58.7112
83.7534 3399 58.3009
83.8708 3253 57.0351
83.9881 3138 56.0179
84.1055 3339 57.7841
84.2228 3185 56.4358
84.3401 3170 56.3028
84.4575 3206 56.6216
84.5747 3519 59.3212
84.692 3426 58.532
84.8093 3473 58.9322
84.9265 3274 57.2189
85.0437 3105 55.7225
85.1609 3107 55.7405
85.2781 3003 54.7996
85.3952 3040 55.1362
85.5123 3040 55.1362
85.6294 2957 54.3783
85.7465 3097 55.6507
85.8636 3061 55.3263
85.9806 3089 55.5788
86.0976 3394 58.258
86.2145 3314 57.5674
86.3315 2883 53.6936
86.4484 2858 53.4603
86.5652 3129 55.9375
86.682 3371 58.0603
86.7988 3374 58.0861
86.9156 3097 55.6507
87.0323 2908 53.9259
87.149 2909 53.9351
87.2657 2725 52.2015
87.3823 2773 52.6593
87.4988 2756 52.4976
87.6154 2687 51.8363
87.7318 2630 51.2835
87.8483 2650 51.4782
87.9647 2845 53.3385
88.081 2983 54.6168
88.1973 3127 55.9196
88.3136 3251 57.0175
88.4298 3052 55.2449
88.546 2915 53.9907
88.6621 2772 52.6498
88.7781 2742 52.3641
88.8942 0 1
89.0101 0 1
89.126 0 1
89.2419 0 1
89.3577 0 1
89.4734 0 1
89.5891 0 1
89.7047 0 1
89.8203 0 1
89.9358 0 1
92.3269 0 1
92.4424 0 1
92.558 0 1
92.6736 0 1
92.7893 0 1
92.905 0 1
93.0208 0 1
93.1366 0 1
93.2525 0 1
93.3685 0 1
93.4845 0 1
93.6005 3581 59.8415
93.7167 3683 60.6877
93.8328 3756 61.2862
93.949 3775 61.441
94.0653 3511 59.2537
94.1816 3544 59.5315
94.2979 3587 59.8916
94.4143 3511 59.2537
94.5307 3630 60.2495
94.6472 3583 59.8582
94.7637 3540 59.4979
94.8803 3831 61.8951
94.9969 3919 62.6019
95.1135 3958 62.9126
95.2302 4065 63.7574
95.3469 4069 63.7887
95.4637 3957 62.9047
95.5805 3744 61.1882
95.6973 3749 61.2291
95.8142 4035 63.5216
95.9311 4258 65.2534
96.048 4269 65.3376
96.1649 4033 63.5059
96.2819 4067 63.773
96.3989 3988 63.1506
96.516 3908 62.514
96.633 3895 62.4099
96.7501 3821 61.8142
96.8673 3836 61.9355
96.9844 3778 61.4654
97.1016 3845 62.0081
97.2188 3926 62.6578
97.336 4016 63.3719
97.4532 4304 65.6049
97.5704 4147 64.3972
97.6877 4311 65.6582
97.805 4118 64.1716
97.9223 3973 63.0317
98.0396 3900 62.45
98.1569 3854 62.0806
98.2743 3894 62.4019
98.3916 3963 62.9524
98.509 4152 64.436
98.6264 3949 62.8411
98.7438 4250 65.192
98.8612 4321 65.7343
98.9786 4261 65.2763
99.096 4058 63.7024
99.2134 3913 62.554
99.3308 4072 63.8122
99.4482 4328 65.7875
99.5656 4576 67.6461
99.6831 4354 65.9848
99.8005 4231 65.0461
99.9179 4122 64.2028
100.035 4157 64.4748
100.153 3937 62.7455
100.27 3916 62.578
100.388 3846 62.0161
100.505 3788 61.5467
100.622 3907 62.506
100.74 3889 62.3618
100.857 3985 63.1269
100.975 4156 64.467
101.092 4177 64.6297
101.209 4314 65.681
101.327 4281 65.4294
101.444 4079 63.867
101.561 3942 62.7853
101.679 4164 64.5291
101.796 4121 64.195
101.913 4248 65.1767
102.03 4292 65.5134
102.148 4200 64.8074
102.265 4541 67.3869
102.382 4313 65.6734
102.499 4466 66.8281
102.616 4204 64.8383
102.733 4145 64.3817
102.851 4296 65.5439
102.968 4379 66.174
103.085 4535 67.3424
103.202 4454 66.7383
103.319 4351 65.9621
103.436 4140 64.3428
103.552 4003 63.2693
103.669 3978 63.0714
103.786 3785 61.5224
103.903 3828 61.8708
104.02 3832 61.9032
104.137 3604 60.0333
104.253 3868 62.1932
104.37 3836 61.9355
104.487 4081 63.8827
104.603 4040 63.561
104.72 4079 63.867
104.836 3890 62.3699
104.953 3744 61.1882
105.069 3713 60.9344
105.186 3851 62.0564
105.302 3764 61.3514
105.418 3828 61.8708
105.535 3694 60.7783
105.651 3854 62.0806
105.767 4082 63.8905
105.883 4089 63.9453
105.999 4053 63.6632
106.115 0 1
106.231 0 1
106.347 0 1
106.463 0 1
106.579 0 1
106.694 0 1
106.81 0 1
106.926 0 1
107.041 0 1
107.157 0 1
109.576 0 1
109.692 0 1
109.807 0 1
109.923 0 1
110.039 0 1
110.155 0 1
110.27 0 1
110.386 0 1
110.502 0 1
110.618 2690 51.8652
110.735 2895 53.8052
110.851 2976 54.5527
110.967 3000 54.7723
111.083 3285 57.3149
111.199 3248 56.9912
111.316 3101 55.6866
111.432 3010 54.8635
111.549 2852 53.4041
111.665 2792 52.8394
111.782 2778 52.7067
111.898 2688 51.8459
112.015 2552 50.5173
112.132 2407 49.0612
112.248 2362 48.6004
112.365 2256 47.4974
112.482 2207 46.9787
112.599 1998 44.699
112.716 2057 45.3542
112.832 2047 45.2438
112.949 2028 45.0333
113.066 2021 44.9555
113.183 1995 44.6654
113.3 1884 43.4051
113.417 1967 44.3509
113.534 1852 43.0349
113.652 1886 43.4281
113.769 1987 44.5758
113.886 1928 43.909
114.003 1979 44.486
114.12 2055 45.3321
114.238 2103 45.8585
114.355 2172 46.6047
114.472 2352 48.4974
114.589 2439 49.3862
114.707 2414 49.1325
114.824 2454 49.5379
114.942 2342 48.3942
115.059 2414 49.1325
115.176 2377 48.7545
115.294 2214 47.0532
115.411 2164 46.5188
115.529 2095 45.7712
115.646 1940 44.0454
115.764 1876 43.3128
115.881 1887 43.4396
115.999 1724 41.5211
116.116 1782 42.2137
116.234 1722 41.497
116.351 1582 39.7744
116.469 1627 40.3361
116.586 1734 41.6413
116.704 1699 41.2189
116.821 1659 40.7308
116.939 1621 40.2616
117.056 1661 40.7554
117.174 1646 40.5709
117.291 1777 42.1545
117.409 1891 43.4856
117.526 1860 43.1277
117.644 2022 44.9667
117.761 2020 44.9444
117.879 2143 46.2925
117.996 2168 46.5618
118.114 2182 46.7119
118.231 2263 47.571
118.349 2371 48.6929
118.466 2443 49.4267
118.584 2514 50.1398
118.701 2463 49.6286
118.819 2427 49.2646
118.936 2246 47.392
119.053 2230 47.2229
119.171 2171 46.594
119.288 2144 46.3033
119.405 2130 46.1519
119.523 2044 45.2106
119.64 1867 43.2088
119.757 1888 43.4511
119.875 1837 42.8602
119.992 1779 42.1782
120.109 1718 41.4488
120.226 1704 41.2795
120.343 1685 41.0488
120.46 1674 40.9145
120.578 1640 40.4969
120.695 1726 41.5452
120.812 1872 43.2666
120.929 1860 43.1277
121.046 1937 44.0114
121.163 2104 45.8694
121.279 2138 46.2385
121.396 2241 47.3392
121.513 2117 46.0109
121.63 2134 46.1952
121.747 2082 45.6289
121.863 2122 46.0652
121.98 2257 47.5079
122.097 2357 48.5489
122.213 2531 50.309
122.33 2525 50.2494
122.446 2597 50.9608
122.563 2520 50.1996
122.679 2452 49.5177
122.795 2339 48.3632
122.912 2360 48.5798
123.028 2309 48.0521
123.144 2248 47.4131
123.26 2193 46.8295
123.377 0 1
123.493 0 1
123.609 0 1
123.725 0 1
123.84 0 1
123.956 0 1
124.072 0 1
124.188 0 1
124.303 0 1
124.419 0 1
126.852 0 1
126.968 0 1
127.083 0 1
127.199 0 1
127.315 0 1
127.431 0 1
127.547 0 1
127.663 0 1
127.779 0 1
127.895 0 1
128.011 0 1
128.127 0 1
128.243 0 1
128.359 2790 52.8205
128.476 2840 53.2917
128.592 2765 52.5833
128.708 2738 52.3259
128.825 2696 51.923
128.941 2519 50.1896
129.058 2531 50.309
129.174 2377 48.7545
129.291 2368 48.6621
129.408 2306 48.0208
129.524 2307 48.0312
129.641 2411 49.1019
129.758 2557 50.5668
129.875 2721 52.1632
129.992 2752 52.4595
130.108 2772 52.6498
130.225 2931 54.1387
130.342 2911 53.9537
130.459 2758 52.5167
130.576 2822 53.1225
130.693 2594 50.9313
130.81 2654 51.517
130.928 2669 51.6624
131.045 2826 53.1601
131.162 3170 56.3028
131.279 3345 57.836
131.396 3316 57.5847
131.513 3273 57.2101
131.631 3235 56.8771
131.748 3316 57.5847
131.865 3212 56.6745
131.983 3177 56.3649
132.1 3127 55.9196
132.217 2964 54.4426
132.335 3075 55.4527
132.452 2952 54.3323
132.57 2891 53.768
132.687 2684 51.8073
132.804 2677 51.7397
132.922 2562 50.6162
133.039 2686 51.8266
133.157 2753 52.469
133.274 2831 53.2071
133.392 2925 54.0833
133.509 2988 54.6626
133.627 3155 56.1694
133.744 3227 56.8067
133.862 3173 56.3294
133.979 3244 56.9561
134.097 3059 55.3082
134.214 2993 54.7083
134.332 2911 53.9537
134.449 3015 54.909
134.567 3076 55.4617
134.684 3326 57.6715
134.802 3456 58.7878
134.919 3639 60.3241
135.037 3553 59.607
135.154 3591 59.925
135.272 3681 60.6712
135.389 3654 60.4483
135.507 3614 60.1166
135.624 3562 59.6825
135.742 3510 59.2453
135.859 3513 59.2706
135.977 3337 57.7668
136.094 3376 58.1034
136.211 3354 57.9137
136.329 3153 56.1516
136.446 3087 55.5608
136.564 3092 55.6058
136.681 3063 55.3444
136.798 3106 55.7315
136.915 3295 57.4021
137.033 3398 58.2924
137.15 3549 59.5735
137.267 3735 61.1146
137.384 3784 61.5142
137.502 3820 61.8061
137.619 3695 60.7865
137.736 3611 60.0916
137.853 3565 59.7076
137.97 3403 58.3352
138.087 3592 59.9333
138.204 3747 61.2127
138.321 3736 61.1228
138.438 3863 62.153
138.555 4074 63.8279
138.672 4205 64.846
138.788 4261 65.2763
138.905 4343 65.9014
139.022 4189 64.7225
139.139 4260 65.2687
139.255 4269 65.3376
139.372 4198 64.792
139.488 4108 64.0937
139.605 4044 63.5925
139.721 3992 63.1823
139.838 3990 63.1664
139.954 3783 61.5061
140.071 3626 60.2163
140.187 3664 60.531
140.303 3651 60.4235
140.419 3596 59.9667
140.535 3721 61
140.652 3825 61.8466
140.768 0 1
140.884 0 1
141 0 1
141.115 0 1
141.231 0 1
141.347 0 1
141.463 0 1
141.578 0 1
141.694 0 1
144.104 0 1
144.219 0 1
144.335 0 1
144.45 0 1
144.566 0 1
144.682 0 1
144.798 0 1
144.914 0 1
145.03 0 1
145.146 3479 58.983
145.262 3588 59.8999
145.378 3645 60.3738
145.494 3586 59.8832
145.61 3624 60.1997
145.726 3764 61.3514
145.842 3811 61.7333
145.959 3683 60.6877
146.075 3861 62.1369
146.192 3724 61.0246
146.308 3566 59.716
146.425 3600 60
146.541 3413 58.4209
146.658 3589 59.9083
146.774 3635 60.291
146.891 3707 60.8851
147.008 3852 62.0645
147.125 3797 61.6198
147.241 3982 63.1031
147.358 3986 63.1348
147.475 3917 62.5859
147.592 4038 63.5453
147.709 4045 63.6003
147.826 4106 64.0781
147.943 4081 63.8827
148.06 3961 62.9365
148.177 4000 63.2456
148.294 3949 62.8411
148.411 3825 61.8466
148.528 3811 61.7333
148.645 3657 60.4731
148.762 3656 60.4649
148.88 3652 60.4318
148.997 3451 58.7452
149.114 3673 60.6053
149.231 3605 60.0417
149.349 3616 60.1332
149.466 3756 61.2862
149.583 3670 60.5805
149.701 3766 61.3677
149.818 3542 59.5147
149.935 3424 58.515
150.053 3359 57.9569
150.17 3488 59.0593
150.287 3571 59.7578
150.405 3659 60.4897
150.522 3701 60.8358
150.64 3879 62.2816
150.757 3969 63
150.875 3786 61.5305
150.992 3865 62.1691
151.11 3937 62.7455
151.227 3840 61.9677
151.344 4054 63.671
151.462 3969 63
151.579 4148 64.405
151.697 4019 63.3956
151.814 4011 63.3325
151.932 3932 62.7057
152.049 3872 62.2254
152.167 3841 61.9758
152.284 3796 61.6117
152.402 3755 61.2781
152.519 3688 60.7289
152.636 3831 61.8951
152.754 3822 61.8223
152.871 3677 60.6383
152.989 3806 61.6928
153.106 3819 61.7981
153.223 3733 61.0983
153.341 3746 61.2046
153.458 3681 60.6712
153.575 3702 60.8441
153.693 3607 60.0583
153.81 3736 61.1228
153.927 3644 60.3656
154.044 3865 62.1691
154.162 4014 63.3561
154.279 4118 64.1716
154.396 4349 65.9469
154.513 4266 65.3146
154.63 4338 65.8635
154.747 4159 64.4903
154.864 4237 65.0922
154.981 4320 65.7267
155.098 4410 66.4078
155.215 4293 65.521
155.332 4413 66.4304
155.449 4397 66.3099
155.566 4332 65.8179
155.683 4305 65.6125
155.8 4442 66.6483
155.917 4209 64.8768
156.033 4103 64.0547
156.15 0 1
156.267 0 1
156.383 0 1
156.5 0 1
156.617 0 1
156.733 0 1
156.85 0 1
156.966 0 1
157.082 0 1
157.199 0 1
157.315 0 1
157.431 0 1
157.547 0 1
157.664 0 1
157.78 0 1
157.896 0 1
158.012 0 1
158.128 0 1
158.244 0 1
158.359 0 1
158.475 0 1
158.591 0 1
158.706 0 1
