
6.15755 0 1
6.2731 0 1
6.3887 0 1
6.50437 0 1
6.62009 0 1
6.73587 0 1
6.8517 0 1
6.96759 0 1
7.08353 0 1
7.19952 0 1
7.31557 0 1
7.43166 0 1
7.54781 0 1
7.664 0 1
7.78024 0 1
7.89653 0 1
8.01286 0 1
8.12924 0 1
8.24567 0 1
8.36213 0 1
8.47864 0 1
8.59519 0 1
8.71178 0 1
8.82841 0 1
8.94508 0 1
9.06179 0 1
9.17853 0 1
9.29531 0 1
9.41212 0 1
9.52897 0 1
9.64584 0 1
9.76276 0 1
9.8797 0 1
9.99667 0 1
10.1137 0 1
10.2307 0 1
10.3478 0 1
10.4648 0 1
10.5819 0 1
10.6991 0 1
10.8162 0 1
10.9334 0 1
11.0506 0 1
11.1678 0 1
11.285 0 1
11.4023 0 1
11.5196 0 1
11.6369 0 1
11.7542 0 1
11.8715 0 1
11.9888 0 1
12.1062 0 1
12.2235 0 1
12.3409 0 1
12.4582 0 1
12.5756 0 1
12.693 0 1
12.8104 0 1
12.9278 0 1
13.0452 0 1
13.1626 0 1
13.28 0 1
13.3974 0 1
13.5149 0 1
13.6323 0 1
13.7497 0 1
13.8671 0 1
13.9845 0 1
14.1019 0 1
14.2193 0 1
14.3367 0 1
14.4541 0 1
14.5714 0 1
14.6888 0 1
14.8062 0 1
14.9235 0 1
15.0408 0 0
15.1581 0 0
15.2755 0 0
15.3927 0 0
15.51 0 0
15.6273 0 0
15.7445 0 0
15.8617 0 0
15.9789 0 0
16.0961 0 0
16.2132 0 0
16.3304 0 0
16.4475 0 0
16.5646 0 0
16.6816 0 0
16.7986 0 0
16.9156 0 0
17.0326 0 0
17.1496 0 0
17.2665 0 0
17.3833 0 0
17.5002 0 0
17.617 0 0
17.7338 0 0
17.8505 0 0
17.9672 0 0
18.0839 0 0
18.2005 0 0
18.3171 0 0
18.4337 0 0
18.5502 0 0
18.6666 0 0
18.7831 0 0
18.8994 0 0
19.0158 0 0
19.1321 0 0
19.2483 0 0
19.3645 0 0
19.4806 0 0
19.5967 0 0
19.7128 0 0
19.8288 0 0
19.9447 0 0
20.0606 0 1
20.1764 0 1
20.2922 0 1
20.4079 0 1
20.5236 0 1
20.6392 0 1
20.7548 0 1
20.8702 0 1
23.3078 0 1
23.4233 0 1
23.539 0 1
23.6547 0 1
23.7704 0 1
23.8862 0 1
24.0021 0 1
24.118 0 1
24.234 0 1
24.35 0 1
24.4661 21589 146.932
24.5822 21731 147.414
24.6984 21252 145.781
24.8146 21377 146.209
24.9309 21304 145.959
25.0472 20791 144.191
25.1636 20825 144.309
25.28 20785 144.17
25.3965 21215 145.654
25.513 21350 146.116
25.6296 21872 147.892
25.7462 22552 150.173
25.8628 22928 151.42
25.9795 23507 153.32
26.0962 23113 152.03
26.213 23039 151.786
26.3298 23217 152.371
26.4466 23113 152.03
26.5635 22796 150.983
26.6804 21765 147.53
26.7973 21922 148.061
26.9143 22329 149.429
27.0313 23148 152.145
27.1483 23252 152.486
27.2653 23826 154.357
27.3824 23746 154.097
27.4996 23456 153.154
27.6167 23636 153.74
27.7339 23514 153.343
27.8511 22925 151.41
27.9683 22542 150.14
28.0855 22567 150.223
28.2028 21907 148.01
28.3201 20937 144.696
28.4374 20513 143.224
28.5547 20041 141.566
28.6721 19556 139.843
28.7894 19204 138.578
28.9068 19351 139.108
29.0242 19415 139.338
29.1416 19420 139.356
29.259 19723 140.439
29.3764 20281 142.411
29.4939 20720 143.944
29.6113 20736 144
29.7288 21011 144.952
29.8463 21211 145.64
29.9638 20766 144.104
30.0812 20474 143.087
30.1987 20537 143.307
30.3162 20174 142.035
30.4337 20524 143.262
30.5512 21586 146.922
30.6687 21928 148.081
30.7862 22479 149.93
30.9037 21843 147.794
31.0212 22606 150.353
31.1387 22519 150.063
31.2562 22510 150.033
31.3737 21944 148.135
31.4912 21663 147.184
31.6087 21251 145.777
31.7262 20873 144.475
31.8436 20455 143.021
31.9611 19915 141.121
32.0785 19369 139.173
32.1959 18744 136.909
32.3134 18609 136.415
32.4308 18407 135.672
32.5482 18424 135.735
32.6655 18648 136.558
32.7829 19224 138.651
32.9002 19350 139.104
33.0176 19535 139.768
33.1349 19836 140.84
33.2522 20458 143.031
33.3694 19971 141.319
33.4867 20469 143.07
33.6039 20965 144.793
33.7211 20380 142.759
33.8383 20037 141.552
33.9554 19736 140.485
34.0725 20049 141.594
34.1896 21027 145.007
34.3067 21337 146.072
34.4237 21580 146.901
34.5407 21600 146.969
34.6577 21876 147.905
34.7746 21709 147.34
34.8915 21361 146.154
35.0084 21427 146.38
35.1252 20959 144.772
35.242 20612 143.569
35.3587 20600 143.527
35.4755 20130 141.88
35.5921 19606 140.021
35.7088 18952 137.666
35.8254 18119 134.607
35.9419 17353 131.731
36.0584 17340 131.681
36.1749 17574 132.567
36.2913 17271 131.419
36.4077 17533 132.412
36.524 17657 132.88
36.6403 18523 136.099
36.7565 18733 136.869
36.8727 19387 139.237
36.9889 19293 138.899
37.1049 19434 139.406
37.221 0 1
37.3369 0 1
37.4529 0 1
37.5687 0 1
37.6845 0 1
37.8003 0 1
37.916 0 1
38.0316 0 1
38.1472 0 1
40.5851 0 1
40.7008 0 1
40.8164 0 1
40.9322 0 1
41.048 0 1
41.1639 0 1
41.2798 0 1
41.3958 0 1
41.5118 0 1
41.6279 0 1
41.744 13364 115.603
41.8602 14356 119.817
41.9765 14914 122.123
42.0928 15266 123.556
42.2091 15515 124.559
42.3255 15988 126.444
42.4419 15794 125.674
42.5584 15621 124.984
42.675 15036 122.621
42.7915 14970 122.352
42.9081 14706 121.268
43.0248 15042 122.646
43.1415 15351 123.899
43.2582 15471 124.382
43.375 15744 125.475
43.4918 15806 125.722
43.6087 15742 125.467
43.7256 15280 123.612
43.8425 15307 123.721
43.9595 14599 120.826
44.0765 14594 120.806
44.1935 14191 119.126
44.3106 13708 117.081
44.4277 13115 114.521
44.5448 12459 111.62
44.6619 11516 107.313
44.7791 10780 103.827
44.8963 10523 102.582
45.0136 10362 101.794
45.1308 10229 101.139
45.2481 10310 101.538
45.3654 10581 102.864
45.4827 10796 103.904
45.6001 11221 105.929
45.7174 11244 106.038
45.8348 11351 106.541
45.9522 11238 106.009
46.0697 11108 105.394
46.1871 10790 103.875
46.3046 10579 102.854
46.422 10627 103.087
46.5395 10555 102.738
46.657 10648 103.189
46.7745 10920 104.499
46.892 10945 104.618
47.0096 11236 106
47.1271 10929 104.542
47.2446 10986 104.814
47.3622 10760 103.73
47.4797 10536 102.645
47.5973 10280 101.39
47.7149 10192 100.955
47.8324 9531 97.6268
47.95 9250 96.1769
48.0675 8702 93.2845
48.1851 8192 90.5097
48.3027 7542 86.8447
48.4202 7411 86.0872
48.5378 7277 85.3053
48.6554 7199 84.8469
48.7729 7495 86.5737
48.8904 7924 89.0169
49.008 8100 90
49.1255 8252 90.8405
49.243 8536 92.3905
49.3605 8502 92.2063
49.478 8441 91.8749
49.5955 8524 92.3255
49.713 8572 92.5851
49.8304 8560 92.5203
49.9479 8442 91.8804
50.0653 8841 94.0266
50.1827 9220 96.0208
50.3001 9552 97.7343
50.4175 10106 100.529
50.5348 10265 101.316
50.6521 10675 103.32
50.7694 10912 104.461
50.8867 10867 104.245
51.004 11025 105
51.1212 11202 105.84
51.2384 11419 106.86
51.3556 11323 106.41
51.4727 11165 105.665
51.5899 10713 103.504
51.707 10335 101.661
51.824 9992 99.96
51.9411 10077 100.384
52.0581 10242 101.203
52.175 10594 102.927
52.2919 10984 104.805
52.4088 11739 108.347
52.5257 12205 110.476
52.6425 12758 112.951
52.7593 13229 115.017
52.876 13744 117.235
52.9927 13875 117.792
53.1094 14166 119.021
53.226 14418 120.075
53.3426 14385 119.937
53.4591 14518 120.491
53.5756 14418 120.075
53.692 15031 122.601
53.8084 15768 125.571
53.9248 16416 128.125
54.0411 17057 130.602
54.1573 17618 132.733
54.2735 0 1
54.3896 0 1
54.5057 0 1
54.6217 0 1
54.7377 0 1
54.8537 0 1
54.9695 0 1
55.0853 0 1
55.2011 0 1
55.3168 0 1
55.4324 0 1
57.824 0 1
57.9396 0 1
58.0553 0 1
58.1711 0 1
58.2869 0 1
58.4028 0 1
58.5187 0 1
58.6347 0 1
58.7508 0 1
58.8669 0 1
58.983 17984 134.104
59.0992 19111 138.243
59.2155 20076 141.69
59.3318 20403 142.839
59.4482 20631 143.635
59.5646 20821 144.295
59.681 20576 143.443
59.7975 20130 141.88
59.9141 19950 141.244
60.0306 18791 137.08
60.1473 17658 132.883
60.2639 16637 128.984
60.3807 15366 123.96
60.4974 14668 121.112
60.6142 13978 118.229
60.731 13937 118.055
60.8479 14111 118.79
60.9648 14775 121.552
61.0818 15033 122.609
61.1987 16019 126.566
61.3158 16308 127.703
61.4328 16339 127.824
61.5499 16494 128.429
61.667 16782 129.545
61.7841 16868 129.877
61.9013 16541 128.612
62.0185 16414 128.117
62.1357 16569 128.721
62.253 17078 130.683
62.3702 17381 131.837
62.4875 18161 134.763
62.6049 18690 136.711
62.7222 18957 137.684
62.8396 19727 140.453
62.9569 19917 141.128
63.0743 19771 140.609
63.1918 19837 140.844
63.3092 19316 138.982
63.4267 19276 138.838
63.5441 18177 134.822
63.6616 16972 130.277
63.7791 16057 126.716
63.8966 14779 121.569
64.0142 14110 118.786
64.1317 13830 117.601
64.2492 13685 116.983
64.3668 14189 119.118
64.4843 15134 123.02
64.6019 15666 125.164
64.7195 16366 127.93
64.837 16714 129.283
64.9546 16912 130.046
65.0722 17285 131.472
65.1898 17225 131.244
65.3074 17623 132.752
65.4249 17190 131.111
65.5425 16973 130.28
65.6601 16814 129.669
65.7777 16589 128.798
65.8952 17121 130.847
66.0128 17836 133.551
66.1304 18482 135.949
66.2479 19355 139.122
66.3655 19663 140.225
66.483 20007 141.446
66.6005 20100 141.774
66.718 19876 140.982
66.8355 19929 141.17
66.953 19198 138.557
67.0705 18530 136.125
67.1879 17835 133.548
67.3054 16324 127.765
67.4228 15194 123.264
67.5402 13996 118.305
67.6576 13152 114.682
67.7749 12643 112.441
67.8923 12972 113.895
68.0096 13307 115.356
68.1269 14108 118.777
68.2442 15143 123.057
68.3614 16159 127.118
68.4787 16258 127.507
68.5958 15902 126.103
68.713 16263 127.526
68.8302 16278 127.585
68.9473 16501 128.456
69.0643 16205 127.299
69.1814 15765 125.559
69.2984 15822 125.786
69.4154 15890 126.056
69.5323 16339 127.824
69.6492 17284 131.469
69.7661 18081 134.466
69.8829 19160 138.42
69.9997 19765 140.588
70.1165 19985 141.368
70.2332 19813 140.759
70.3499 19825 140.801
70.4665 19853 140.901
70.5831 19151 138.387
70.6996 17920 133.866
70.8161 17008 130.415
70.9326 15910 126.135
71.049 14941 122.233
71.1653 13679 116.957
71.2817 12636 112.41
71.3979 12029 109.677
71.5141 11877 108.982
71.6303 11964 109.38
71.7464 11622 107.805
71.8624 0 1
71.9784 0 1
72.0944 0 1
72.2102 0 1
72.3261 0 1
72.4418 0 1
72.5575 0 1
72.6732 0 1
75.1054 0 1
75.2209 0 1
75.3365 0 1
75.4521 0 1
75.5678 0 1
75.6835 0 1
75.7993 0 1
75.9151 0 1
76.031 0 1
76.147 15934 126.23
76.263 16212 127.326
76.3791 15833 125.829
76.4952 14740 121.408
76.6113 13145 114.652
76.7276 12627 112.37
76.8438 12493 111.772
76.9601 13157 114.704
77.0765 14057 118.562
77.1929 15210 123.329
77.3093 16674 129.128
77.4258 17188 131.103
77.5423 17435 132.042
77.6589 16928 130.108
77.7755 16833 129.742
77.8921 16620 128.919
78.0088 15967 126.361
78.1256 15552 124.708
78.2423 15408 124.129
78.3591 15320 123.774
78.4759 15918 126.167
78.5928 16483 128.386
78.7097 17499 132.284
78.8266 17728 133.147
78.9436 19768 140.599
79.0606 19464 139.513
79.1776 19441 139.431
79.2946 19599 139.996
79.4117 19493 139.617
79.5288 19304 138.939
79.6459 18707 136.774
79.7631 17337 131.67
79.8802 15511 124.543
79.9974 14767 121.52
80.1147 13300 115.326
80.2319 12035 109.704
80.3491 11116 105.432
80.4664 11349 106.532
80.5837 11797 108.614
80.701 12593 112.219
80.8183 13211 114.939
80.9357 14158 118.987
81.053 14806 121.68
81.1704 14900 122.066
81.2877 14291 119.545
81.4051 14201 119.168
81.5225 13926 118.008
81.6399 13572 116.499
81.7573 13447 115.961
81.8747 12969 113.882
81.9922 13124 114.56
82.1096 13943 118.08
82.227 14320 119.666
82.3444 15169 123.162
82.4619 15865 125.956
82.5793 16367 127.934
82.6967 16005 126.511
82.8142 16185 127.22
82.9316 16408 128.094
83.049 16343 127.84
83.1664 16055 126.708
83.2838 15105 122.902
83.4012 13915 117.962
83.5186 12975 113.908
83.636 11995 109.522
83.7534 10913 104.465
83.8708 9856 99.2774
83.9881 9303 96.4521
84.1055 9509 97.5141
84.2228 10004 100.02
84.3401 10638 103.141
84.4575 11530 107.378
84.5747 12888 113.525
84.692 13540 116.362
84.8093 13338 115.49
84.9265 13027 114.136
85.0437 12905 113.6
85.1609 12636 112.41
85.2781 12279 110.811
85.3952 12133 110.15
85.5123 12330 111.041
85.6294 13031 114.153
85.7465 13644 116.808
85.8636 14518 120.491
85.9806 15539 124.656
86.0976 16571 128.728
86.2145 16852 129.815
86.3315 17957 134.004
86.4484 17517 132.352
86.5652 18377 135.562
86.682 18199 134.904
86.7988 17573 132.563
86.9156 16443 128.23
87.0323 15523 124.591
87.149 14747 121.437
87.2657 13488 116.138
87.3823 12368 111.212
87.4988 11579 107.606
87.6154 11725 108.282
87.7318 12188 110.399
87.8483 13130 114.586
87.9647 14271 119.461
88.081 15759 125.535
88.1973 16504 128.468
88.3136 16982 130.315
88.4298 16204 127.295
88.546 16094 126.862
88.6621 15687 125.248
88.7781 15170 123.167
88.8942 0 1
89.0101 0 1
89.126 0 1
89.2419 0 1
89.3577 0 1
89.4734 0 1
89.5891 0 1
89.7047 0 1
89.8203 0 1
89.9358 0 1
92.3269 0 1
92.4424 0 1
92.558 0 1
92.6736 0 1
92.7893 0 1
92.905 0 1
93.0208 0 1
93.1366 0 1
93.2525 0 1
93.3685 0 1
93.4845 0 1
93.6005 15914 126.151
93.7167 16710 129.267
93.8328 16664 129.089
93.949 16214 127.334
94.0653 15737 125.447
94.1816 15266 123.556
94.2979 14886 122.008
94.4143 14858 121.893
94.5307 14888 122.016
94.6472 15459 124.334
94.7637 15892 126.063
94.8803 16914 130.054
94.9969 18095 134.518
95.1135 18822 137.193
95.2302 19384 139.226
95.3469 19779 140.638
95.4637 20198 142.12
95.5805 20179 142.053
95.6973 20155 141.968
95.8142 20273 142.383
95.9311 19510 139.678
96.048 18524 136.103
96.1649 17615 132.722
96.2819 16097 126.874
96.3989 15508 124.531
96.516 14236 119.315
96.633 13123 114.556
96.7501 12422 111.454
96.8673 12870 113.446
96.9844 13302 115.334
97.1016 14359 119.829
97.2188 15917 126.163
97.336 16918 130.069
97.4532 17235 131.282
97.5704 16978 130.3
97.6877 16235 127.417
97.805 15633 125.032
97.9223 15108 122.915
98.0396 14955 122.291
98.1569 14761 121.495
98.2743 14913 122.119
98.3916 15655 125.12
98.509 16689 129.186
98.6264 17563 132.525
98.7438 18434 135.772
98.8612 19239 138.705
98.9786 19910 141.103
99.096 20008 141.45
99.2134 20264 142.352
99.3308 20394 142.808
99.4482 20393 142.804
99.5656 19597 139.989
99.6831 18672 136.646
99.8005 17529 132.397
99.9179 16652 129.043
100.035 15332 123.822
100.153 14049 118.528
100.27 13110 114.499
100.388 13098 114.446
100.505 13709 117.085
100.622 14960 122.311
100.74 15833 125.829
100.857 16731 129.348
100.975 17441 132.064
101.092 17427 132.011
101.209 16624 128.934
101.327 16019 126.566
101.444 15722 125.387
101.561 15087 122.829
101.679 15406 124.121
101.796 15582 124.828
101.913 16228 127.389
102.03 17227 131.252
102.148 18761 136.971
102.265 19032 137.957
102.382 21041 145.055
102.499 20932 144.679
102.616 21647 147.129
102.733 21676 147.228
102.851 21868 147.878
102.968 21787 147.604
103.085 20946 144.727
103.202 20129 141.877
103.319 19112 138.246
103.436 18023 134.25
103.552 16955 130.211
103.669 15420 124.177
103.786 14172 119.046
103.903 14195 119.143
104.02 15105 122.902
104.137 16288 127.624
104.253 17673 132.94
104.37 18630 136.492
104.487 18953 137.67
104.603 18996 137.826
104.72 18335 135.407
104.836 17628 132.77
104.953 17097 130.755
105.069 16942 130.161
105.186 16920 130.077
105.302 17362 131.765
105.418 18200 134.907
105.535 19701 140.36
105.651 21517 146.687
105.767 22844 151.142
105.883 23766 154.162
105.999 23851 154.438
106.115 0 1
106.231 0 1
106.347 0 1
106.463 0 1
106.579 0 1
106.694 0 1
106.81 0 1
106.926 0 1
107.041 0 1
107.157 0 1
109.576 0 1
109.692 0 1
109.807 0 1
109.923 0 1
110.039 0 1
110.155 0 1
110.27 0 1
110.386 0 1
110.502 0 1
110.618 18733 136.869
110.735 20388 142.787
110.851 21722 147.384
110.967 22183 148.94
111.083 22210 149.03
111.199 22322 149.405
111.316 22596 150.32
111.432 22741 150.801
111.549 22396 149.653
111.665 21635 147.088
111.782 20733 143.99
111.898 19474 139.549
112.015 18424 135.735
112.132 17054 130.591
112.248 15498 124.491
112.365 14518 120.491
112.482 14221 119.252
112.599 15773 125.591
112.716 16588 128.794
112.832 17202 131.156
112.949 17740 133.192
113.066 17751 133.233
113.183 17260 131.377
113.3 16776 129.522
113.417 16078 126.799
113.534 15561 124.744
113.652 15614 124.956
113.769 15841 125.861
113.886 16274 127.57
114.003 16952 130.2
114.12 18781 137.044
114.238 20109 141.806
114.355 21021 144.986
114.472 20929 144.669
114.589 21963 148.199
114.707 21899 147.983
114.824 22261 149.201
114.942 22131 148.765
115.059 22096 148.647
115.176 21587 146.925
115.294 20677 143.795
115.411 20066 141.655
115.529 19208 138.593
115.646 18110 134.573
115.764 16637 128.984
115.881 15533 124.631
115.999 15475 124.399
116.116 15955 126.313
116.234 17051 130.579
116.351 17821 133.495
116.469 18410 135.683
116.586 18861 137.335
116.704 18485 135.96
116.821 18112 134.581
116.939 17491 132.254
117.056 16910 130.038
117.174 16556 128.67
117.291 16868 129.877
117.409 17474 132.189
117.526 17942 133.948
117.644 19346 139.09
117.761 20780 144.153
117.879 22460 149.867
117.996 22949 151.489
118.114 23278 152.571
118.231 23440 153.101
118.349 23582 153.564
118.466 23882 154.538
118.584 23821 154.341
118.701 23386 152.925
118.819 22671 150.569
118.936 21713 147.353
119.053 20856 144.416
119.171 19896 141.053
119.288 18968 137.724
119.405 17584 132.605
119.523 16541 128.612
119.64 16409 128.098
119.757 16839 129.765
119.875 17728 133.147
119.992 18269 135.163
120.109 18480 135.941
120.226 18788 137.069
120.343 18396 135.632
120.46 18023 134.25
120.578 17333 131.655
120.695 17376 131.818
120.812 16930 130.115
120.929 17334 131.659
121.046 17719 133.113
121.163 18247 135.081
121.279 19295 138.906
121.396 20709 143.906
121.513 22108 148.688
121.63 23068 151.882
121.747 22879 151.258
121.863 23263 152.522
121.98 23139 152.115
122.097 23339 152.771
122.213 23277 152.568
122.33 22939 151.456
122.446 22290 149.298
122.563 21455 146.475
122.679 21047 145.076
122.795 20214 142.176
122.912 19522 139.721
123.028 18309 135.311
123.144 17210 131.187
123.26 16113 126.937
123.377 0 1
123.493 0 1
123.609 0 1
123.725 0 1
123.84 0 1
123.956 0 1
124.072 0 1
124.188 0 1
124.303 0 1
124.419 0 1
126.852 0 1
126.968 0 1
127.083 0 1
127.199 0 1
127.315 0 1
127.431 0 1
127.547 0 1
127.663 0 1
127.779 0 1
127.895 0 1
128.011 0 1
128.127 0 1
128.243 0 1
128.359 19758 140.563
128.476 18575 136.29
128.592 18129 134.644
128.708 18834 137.237
128.825 19923 141.149
128.941 20356 142.674
129.058 20356 142.674
129.174 20412 142.871
129.291 20019 141.489
129.408 19653 140.189
129.524 19180 138.492
129.641 18902 137.485
129.758 19138 138.34
129.875 18916 137.535
129.992 19536 139.771
130.108 19714 140.407
130.225 20672 143.778
130.342 22102 148.667
130.459 23058 151.849
130.576 24187 155.522
130.693 23885 154.548
130.81 23913 154.638
130.928 23767 154.165
131.045 23824 154.35
131.162 23474 153.212
131.279 23355 152.823
131.396 23258 152.506
131.513 22537 150.123
131.631 21913 148.03
131.748 20956 144.762
131.865 20247 142.292
131.983 19124 138.29
132.1 18299 135.274
132.217 18720 136.821
132.335 19414 139.334
132.452 20195 142.109
132.57 20340 142.618
132.687 20154 141.965
132.804 20419 142.895
132.922 19611 140.039
133.039 19118 138.268
133.157 18861 137.335
133.274 18481 135.945
133.392 18787 137.066
133.509 18683 136.686
133.627 19185 138.51
133.744 19966 141.301
133.862 21304 145.959
133.979 22288 149.292
134.097 22812 151.036
134.214 22965 151.542
134.332 23491 153.268
134.449 23214 152.361
134.567 23349 152.804
134.684 23201 152.319
134.802 23548 153.454
134.919 23002 151.664
135.037 22757 150.854
135.154 21772 147.553
135.272 21232 145.712
135.389 20171 142.025
135.507 19271 138.82
135.624 18823 137.197
135.742 18923 137.561
135.859 19775 140.624
135.977 20427 142.923
136.094 20539 143.314
136.211 20446 142.99
136.329 20265 142.355
136.446 20253 142.313
136.564 20066 141.655
136.681 19226 138.658
136.798 19173 138.467
136.915 18956 137.681
137.033 18838 137.252
137.15 19198 138.557
137.267 19271 138.82
137.384 20343 142.629
137.502 21539 146.762
137.619 21870 147.885
137.736 22601 150.336
137.853 22096 148.647
137.97 22824 151.076
138.087 22518 150.06
138.204 22919 151.39
138.321 23333 152.751
138.438 22898 151.321
138.555 22849 151.159
138.672 22688 150.625
138.788 21848 147.811
138.905 21098 145.252
139.022 20802 144.229
139.139 19602 140.007
139.255 18999 137.837
139.372 19192 138.535
139.488 20035 141.545
139.605 20902 144.575
139.721 20746 144.035
139.838 20589 143.489
139.954 20587 143.482
140.071 19754 140.549
140.187 19772 140.613
140.303 19244 138.723
140.419 18991 137.808
140.535 18381 135.577
140.652 18257 135.118
140.768 0 1
140.884 0 1
141 0 1
141.115 0 1
141.231 0 1
141.347 0 1
141.463 0 1
141.578 0 1
141.694 0 1
144.104 0 1
144.219 0 1
144.335 0 1
144.45 0 1
144.566 0 1
144.682 0 1
144.798 0 1
144.914 0 1
145.03 0 1
145.146 14054 118.55
145.262 15254 123.507
145.378 15159 123.122
145.494 15131 123.008
145.61 14982 122.401
145.726 15120 122.963
145.842 14693 121.215
145.959 14735 121.388
146.075 15180 123.207
146.192 15491 124.463
146.308 16059 126.724
146.425 16715 129.287
146.541 16849 129.804
146.658 17335 131.662
146.774 17261 131.381
146.891 17402 131.917
147.008 17939 133.937
147.125 17567 132.541
147.241 17777 133.33
147.358 17851 133.608
147.475 18057 134.376
147.592 17872 133.686
147.709 17248 131.332
147.826 16782 129.545
147.943 16058 126.72
148.06 15379 124.012
148.177 15324 123.79
148.294 15414 124.153
148.411 16181 127.205
148.528 16659 129.07
148.645 16845 129.788
148.762 16618 128.911
148.88 16507 128.48
148.997 16325 127.769
149.114 16653 129.047
149.231 15949 126.289
149.349 15486 124.443
149.466 15977 126.4
149.583 15570 124.78
149.701 15424 124.193
149.818 15539 124.656
149.935 15835 125.837
150.053 16165 127.142
150.17 16732 129.352
150.287 17156 130.981
150.405 17405 131.928
150.522 18004 134.179
150.64 17657 132.88
150.757 18412 135.691
150.875 18329 135.385
150.992 18371 135.54
151.11 18731 136.861
151.227 18631 136.495
151.344 18315 135.333
151.462 17959 134.011
151.579 17495 132.269
151.697 16397 128.051
151.814 16009 126.527
151.932 16124 126.98
152.049 16248 127.468
152.167 17187 131.099
152.284 17432 132.03
152.402 17344 131.697
152.519 17229 131.259
152.636 17346 131.704
152.754 17251 131.343
152.871 17196 131.134
152.989 16756 129.445
153.106 16683 129.163
153.223 16623 128.93
153.341 16554 128.662
153.458 16473 128.347
153.575 17068 130.645
153.693 17476 132.197
153.81 17742 133.199
153.927 18294 135.255
154.044 18977 137.757
154.162 19357 139.129
154.279 19561 139.861
154.396 20089 141.736
154.513 20207 142.151
154.63 21111 145.296
154.747 21236 145.726
154.864 20956 144.762
154.981 20999 144.91
155.098 20422 142.906
155.215 19742 140.506
155.332 18966 137.717
155.449 19036 137.971
155.566 19534 139.764
155.683 20131 141.884
155.8 20232 142.239
155.917 20341 142.622
156.033 20084 141.718
156.15 0 1
156.267 0 1
156.383 0 1
156.5 0 1
156.617 0 1
156.733 0 1
156.85 0 1
156.966 0 1
157.082 0 1
157.199 0 1
157.315 0 1
157.431 0 1
157.547 0 1
157.664 0 1
157.78 0 1
157.896 0 1
158.012 0 1
158.128 0 1
158.244 0 1
158.359 0 1
158.475 0 1
158.591 0 1
158.706 0 1
