
6.15755 0 1
6.2731 0 1
6.3887 0 1
6.50437 0 1
6.62009 0 1
6.73587 0 1
6.8517 0 1
6.96759 0 1
7.08353 0 1
7.19952 0 1
7.31557 0 1
7.43166 0 1
7.54781 0 1
7.664 0 1
7.78024 0 1
7.89653 0 1
8.01286 0 1
8.12924 0 1
8.24567 0 1
8.36213 0 1
8.47864 0 1
8.59519 0 1
8.71178 0 1
8.82841 0 1
8.94508 0 1
9.06179 0 1
9.17853 0 1
9.29531 0 1
9.41212 0 1
9.52897 0 1
9.64584 0 1
9.76276 0 1
9.8797 0 1
9.99667 0 1
10.1137 0 1
10.2307 0 1
10.3478 0 1
10.4648 0 1
10.5819 0 1
10.6991 0 1
10.8162 0 1
10.9334 0 1
11.0506 0 1
11.1678 0 1
11.285 0 1
11.4023 0 1
11.5196 0 1
11.6369 0 1
11.7542 0 1
11.8715 0 1
11.9888 0 1
12.1062 0 1
12.2235 0 1
12.3409 0 1
12.4582 0 1
12.5756 0 1
12.693 0 1
12.8104 0 1
12.9278 0 1
13.0452 0 1
13.1626 0 1
13.28 0 1
13.3974 0 1
13.5149 0 1
13.6323 0 1
13.7497 0 1
13.8671 0 1
13.9845 0 1
14.1019 0 1
14.2193 0 1
14.3367 0 1
14.4541 0 1
14.5714 0 1
14.6888 0 1
14.8062 0 1
14.9235 0 1
15.0408 0 0
15.1581 0 0
15.2755 0 0
15.3927 0 0
15.51 0 0
15.6273 0 0
15.7445 0 0
15.8617 0 0
15.9789 0 0
16.0961 0 0
16.2132 0 0
16.3304 0 0
16.4475 0 0
16.5646 0 0
16.6816 0 0
16.7986 0 0
16.9156 0 0
17.0326 0 0
17.1496 0 0
17.2665 0 0
17.3833 0 0
17.5002 0 0
17.617 0 0
17.7338 0 0
17.8505 0 0
17.9672 0 0
18.0839 0 0
18.2005 0 0
18.3171 0 0
18.4337 0 0
18.5502 0 0
18.6666 0 0
18.7831 0 0
18.8994 0 0
19.0158 0 0
19.1321 0 0
19.2483 0 0
19.3645 0 0
19.4806 0 0
19.5967 0 0
19.7128 0 0
19.8288 0 0
19.9447 0 0
20.0606 0 1
20.1764 0 1
20.2922 0 1
20.4079 0 1
20.5236 0 1
20.6392 0 1
20.7548 0 1
20.8702 0 1
23.3078 0 1
23.4233 0 1
23.539 0 1
23.6547 0 1
23.7704 0 1
23.8862 0 1
24.0021 0 1
24.118 0 1
24.234 0 1
24.35 0 1
24.4661 1164 34.1174
24.5822 1222 34.9571
24.6984 1173 34.2491
24.8146 1293 35.9583
24.9309 1393 37.3229
25.0472 1545 39.3065
25.1636 1663 40.7799
25.28 1974 44.4297
25.3965 2054 45.3211
25.513 2169 46.5725
25.6296 2351 48.4871
25.7462 2589 50.8822
25.8628 2665 51.6236
25.9795 2825 53.1507
26.0962 2751 52.45
26.213 2574 50.7346
26.3298 2513 50.1298
26.4466 2563 50.6261
26.5635 2588 50.8724
26.6804 2488 49.8799
26.7973 2478 49.7795
26.9143 2524 50.2394
27.0313 2503 50.03
27.1483 2567 50.6656
27.2653 2544 50.4381
27.3824 2588 50.8724
27.4996 2491 49.9099
27.6167 2538 50.3786
27.7339 2475 49.7494
27.8511 2445 49.4469
27.9683 2314 48.1041
28.0855 2136 46.2169
28.2028 2041 45.1774
28.3201 1908 43.6807
28.4374 1886 43.4281
28.5547 1978 44.4747
28.6721 1994 44.6542
28.7894 2280 47.7493
28.9068 2345 48.4252
29.0242 2444 49.4368
29.1416 2296 47.9166
29.259 2346 48.4355
29.3764 2272 47.6655
29.4939 2286 47.8121
29.6113 2342 48.3942
29.7288 2343 48.4045
29.8463 2300 47.9583
29.9638 2358 48.5592
30.0812 2421 49.2037
30.1987 2385 48.8365
30.3162 2369 48.6724
30.4337 2355 48.5283
30.5512 2317 48.1352
30.6687 2404 49.0306
30.7862 2340 48.3735
30.9037 2445 49.4469
31.0212 2489 49.8899
31.1387 2482 49.8197
31.2562 2385 48.8365
31.3737 2252 47.4552
31.4912 2191 46.8081
31.6087 2137 46.2277
31.7262 1882 43.382
31.8436 1796 42.3792
31.9611 1813 42.5793
32.0785 1912 43.7264
32.1959 1999 44.7102
32.3134 2102 45.8476
32.4308 2183 46.7226
32.5482 2218 47.0956
32.6655 2188 46.7761
32.7829 2181 46.7012
32.9002 2222 47.1381
33.0176 2188 46.7761
33.1349 2129 46.1411
33.2522 2127 46.1194
33.3694 2207 46.9787
33.4867 2204 46.9468
33.6039 2414 49.1325
33.7211 2376 48.7442
33.8383 2344 48.4149
33.9554 2322 48.1871
34.0725 2242 47.3498
34.1896 2400 48.9898
34.3067 2292 47.8748
34.4237 2310 48.0625
34.5407 2300 47.9583
34.6577 2302 47.9792
34.7746 2362 48.6004
34.8915 2331 48.2804
35.0084 2224 47.1593
35.1252 2182 46.7119
35.242 2084 45.6508
35.3587 1968 44.3621
35.4755 1782 42.2137
35.5921 1744 41.7612
35.7088 1764 42
35.8254 1763 41.9881
35.9419 1899 43.5775
36.0584 2023 44.9778
36.1749 2034 45.0999
36.2913 1990 44.6094
36.4077 1937 44.0114
36.524 1935 43.9886
36.6403 1935 43.9886
36.7565 1867 43.2088
36.8727 1750 41.833
36.9889 1784 42.2374
37.1049 1658 40.7185
37.221 0 1
37.3369 0 1
37.4529 0 1
37.5687 0 1
37.6845 0 1
37.8003 0 1
37.916 0 1
38.0316 0 1
38.1472 0 1
40.5851 0 1
40.7008 0 1
40.8164 0 1
40.9322 0 1
41.048 0 1
41.1639 0 1
41.2798 0 1
41.3958 0 1
41.5118 0 1
41.6279 0 1
41.744 1007 31.7333
41.8602 1085 32.9393
41.9765 1238 35.1852
42.0928 1293 35.9583
42.2091 1362 36.9053
42.3255 1416 37.6298
42.4419 1474 38.3927
42.5584 1515 38.923
42.675 1663 40.7799
42.7915 1698 41.2068
42.9081 1811 42.5558
43.0248 1869 43.2319
43.1415 2000 44.7214
43.2582 1979 44.486
43.375 1868 43.2204
43.4918 1937 44.0114
43.6087 1951 44.1701
43.7256 1944 44.0908
43.8425 1986 44.5646
43.9595 1919 43.8064
44.0765 1815 42.6028
44.1935 1844 42.9418
44.3106 1707 41.3159
44.4277 1620 40.2492
44.5448 1638 40.4722
44.6619 1693 41.1461
44.7791 1788 42.2847
44.8963 1877 43.3244
45.0136 1861 43.1393
45.1308 2011 44.8442
45.2481 1866 43.1972
45.3654 1832 42.8019
45.4827 1838 42.8719
45.6001 1806 42.4971
45.7174 1840 42.8952
45.8348 1884 43.4051
45.9522 1781 42.2019
46.0697 1888 43.4511
46.1871 1839 42.8836
46.3046 1764 42
46.422 1946 44.1135
46.5395 1947 44.1248
46.657 1966 44.3396
46.7745 2049 45.2659
46.892 2067 45.4643
47.0096 2025 45
47.1271 2115 45.9891
47.2446 2038 45.1442
47.3622 2061 45.3982
47.4797 2142 46.2817
47.5973 2098 45.8039
47.7149 2077 45.5741
47.8324 1937 44.0114
47.95 1744 41.7612
48.0675 1672 40.8901
48.1851 1674 40.9145
48.3027 1764 42
48.4202 1875 43.3013
48.5378 1967 44.3509
48.6554 1907 43.6692
48.7729 1896 43.5431
48.8904 1877 43.3244
49.008 1870 43.2435
49.1255 1806 42.4971
49.243 1772 42.0951
49.3605 1794 42.3556
49.478 1852 43.0349
49.5955 1813 42.5793
49.713 1778 42.1663
49.8304 1831 42.7902
49.9479 1899 43.5775
50.0653 2014 44.8776
50.1827 2046 45.2327
50.3001 2007 44.7996
50.4175 2084 45.6508
50.5348 2044 45.2106
50.6521 2173 46.6154
50.7694 2233 47.2546
50.8867 2182 46.7119
51.004 2134 46.1952
51.1212 2204 46.9468
51.2384 2014 44.8776
51.3556 1927 43.8976
51.4727 1792 42.332
51.5899 1655 40.6817
51.707 1762 41.9762
51.824 1797 42.391
51.9411 1815 42.6028
52.0581 1882 43.382
52.175 1807 42.5088
52.2919 1788 42.2847
52.4088 1779 42.1782
52.5257 1674 40.9145
52.6425 1673 40.9023
52.7593 1663 40.7799
52.876 1644 40.5463
52.9927 1694 41.1582
53.1094 1635 40.4351
53.226 1568 39.598
53.3426 1619 40.2368
53.4591 1620 40.2492
53.5756 1636 40.4475
53.692 1701 41.2432
53.8084 1828 42.7551
53.9248 1673 40.9023
54.0411 1734 41.6413
54.1573 1604 40.05
54.2735 0 1
54.3896 0 1
54.5057 0 1
54.6217 0 1
54.7377 0 1
54.8537 0 1
54.9695 0 1
55.0853 0 1
55.2011 0 1
55.3168 0 1
55.4324 0 1
57.824 0 1
57.9396 0 1
58.0553 0 1
58.1711 0 1
58.2869 0 1
58.4028 0 1
58.5187 0 1
58.6347 0 1
58.7508 0 1
58.8669 0 1
58.983 1271 35.6511
59.0992 1440 37.9473
59.2155 1584 39.7995
59.3318 1776 42.1426
59.4482 1969 44.3734
59.5646 2037 45.1331
59.681 2134 46.1952
59.7975 2237 47.2969
59.9141 2173 46.6154
60.0306 2151 46.3789
60.1473 2166 46.5403
60.2639 1980 44.4972
60.3807 2005 44.7772
60.4974 1995 44.6654
60.6142 2120 46.0435
60.731 2072 45.5192
60.8479 2109 45.9239
60.9648 2105 45.8803
61.0818 2120 46.0435
61.1987 2151 46.3789
61.3158 2073 45.5302
61.4328 1983 44.5309
61.5499 1988 44.587
61.667 1972 44.4072
61.7841 2070 45.4973
61.9013 2141 46.2709
62.0185 2055 45.3321
62.1357 2139 46.2493
62.253 2160 46.4758
62.3702 2503 50.03
62.4875 2539 50.3885
62.6049 2599 50.9804
62.7222 2714 52.0961
62.8396 2613 51.1175
62.9569 2784 52.7636
63.0743 2786 52.7826
63.1918 2806 52.9717
63.3092 2821 53.1131
63.4267 2616 51.1468
63.5441 2577 50.7642
63.6616 2411 49.1019
63.7791 2164 46.5188
63.8966 2231 47.2335
64.0142 2044 45.2106
64.1317 2034 45.0999
64.2492 2006 44.7884
64.3668 2061 45.3982
64.4843 2033 45.0888
64.6019 2076 45.5631
64.7195 2022 44.9667
64.837 2014 44.8776
64.9546 1973 44.4185
65.0722 1920 43.8178
65.1898 1902 43.6119
65.3074 1890 43.4741
65.4249 1959 44.2606
65.5425 1991 44.6206
65.6601 2058 45.3652
65.7777 2129 46.1411
65.8952 2219 47.1063
66.0128 2404 49.0306
66.1304 2541 50.4083
66.2479 2538 50.3786
66.3655 2672 51.6914
66.483 2763 52.5642
66.6005 2817 53.0754
66.718 2766 52.5928
66.8355 2788 52.8015
66.953 2765 52.5833
67.0705 2617 51.1566
67.1879 2358 48.5592
67.3054 2270 47.6445
67.4228 2174 46.6262
67.5402 2024 44.9889
67.6576 1901 43.6005
67.7749 1827 42.7434
67.8923 1895 43.5316
68.0096 1909 43.6921
68.1269 1974 44.4297
68.2442 1979 44.486
68.3614 1860 43.1277
68.4787 2080 45.607
68.5958 1936 44
68.713 1901 43.6005
68.8302 1808 42.5206
68.9473 1909 43.6921
69.0643 1772 42.0951
69.1814 1801 42.4382
69.2984 1766 42.0238
69.4154 1785 42.2493
69.5323 1864 43.1741
69.6492 1986 44.5646
69.7661 2088 45.6946
69.8829 2335 48.3218
69.9997 2402 49.0102
70.1165 2349 48.4665
70.2332 2380 48.7852
70.3499 2245 47.3814
70.4665 2193 46.8295
70.5831 2129 46.1411
70.6996 1922 43.8406
70.8161 1884 43.4051
70.9326 1768 42.0476
71.049 1573 39.6611
71.1653 1319 36.318
71.2817 1269 35.623
71.3979 1194 34.5543
71.5141 1041 32.2645
71.6303 1064 32.619
71.7464 945 30.7409
71.8624 0 1
71.9784 0 1
72.0944 0 1
72.2102 0 1
72.3261 0 1
72.4418 0 1
72.5575 0 1
72.6732 0 1
75.1054 0 1
75.2209 0 1
75.3365 0 1
75.4521 0 1
75.5678 0 1
75.6835 0 1
75.7993 0 1
75.9151 0 1
76.031 0 1
76.147 1369 37
76.263 1458 38.1838
76.3791 1384 37.2022
76.4952 1273 35.6791
76.6113 1261 35.5106
76.7276 1316 36.2767
76.8438 1237 35.171
76.9601 1475 38.4057
77.0765 1300 36.0555
77.1929 1579 39.7366
77.3093 1590 39.8748
77.4258 1708 41.328
77.5423 1734 41.6413
77.6589 1669 40.8534
77.7755 1608 40.0999
77.8921 1640 40.4969
78.0088 1617 40.2119
78.1256 1641 40.5093
78.2423 1615 40.1871
78.3591 1652 40.6448
78.4759 1717 41.4367
78.5928 1809 42.5323
78.7097 1958 44.2493
78.8266 2244 47.3709
78.9436 2278 47.7284
79.0606 2407 49.0612
79.1776 2507 50.07
79.2946 2466 49.6588
79.4117 2524 50.2394
79.5288 2442 49.4166
79.6459 2432 49.3153
79.7631 2291 47.8644
79.8802 2132 46.1736
79.9974 1893 43.5086
80.1147 1835 42.8369
80.2319 1646 40.5709
80.3491 1617 40.2119
80.4664 1591 39.8873
80.5837 1621 40.2616
80.701 1682 41.0122
80.8183 1668 40.8412
80.9357 1832 42.8019
81.053 1935 43.9886
81.1704 1856 43.0813
81.2877 1800 42.4264
81.4051 1751 41.845
81.5225 1742 41.7373
81.6399 1665 40.8044
81.7573 1621 40.2616
81.8747 1582 39.7744
81.9922 1645 40.5586
82.1096 1656 40.694
82.227 1874 43.2897
82.3444 2028 45.0333
82.4619 2265 47.592
82.5793 2380 48.7852
82.6967 2519 50.1896
82.8142 2455 49.548
82.9316 2558 50.5767
83.049 2552 50.5173
83.1664 2534 50.3389
83.2838 2391 48.8979
83.4012 2237 47.2969
83.5186 2060 45.3872
83.636 1953 44.1928
83.7534 1842 42.9185
83.8708 1702 41.2553
83.9881 1687 41.0731
84.1055 1559 39.4842
84.2228 1615 40.1871
84.3401 1637 40.4599
84.4575 1720 41.4729
84.5747 1863 43.1625
84.692 2071 45.5082
84.8093 1946 44.1135
84.9265 1963 44.3058
85.0437 1767 42.0357
85.1609 1649 40.6079
85.2781 1651 40.6325
85.3952 1618 40.2244
85.5123 1573 39.6611
85.6294 1587 39.8372
85.7465 1788 42.2847
85.8636 1945 44.1022
85.9806 2009 44.8219
86.0976 2157 46.4435
86.2145 2394 48.9285
86.3315 2465 49.6488
86.4484 2452 49.5177
86.5652 2423 49.224
86.682 2367 48.6518
86.7988 2401 49
86.9156 2272 47.6655
87.0323 2153 46.4004
87.149 2022 44.9667
87.2657 1905 43.6463
87.3823 1843 42.9302
87.4988 1662 40.7676
87.6154 1571 39.6358
87.7318 1516 38.9358
87.8483 1509 38.8458
87.9647 1486 38.5487
88.081 1502 38.7556
88.1973 1524 39.0384
88.3136 1549 39.3573
88.4298 1397 37.3765
88.546 1229 35.0571
88.6621 1029 32.078
88.7781 853 29.2062
88.8942 0 1
89.0101 0 1
89.126 0 1
89.2419 0 1
89.3577 0 1
89.4734 0 1
89.5891 0 1
89.7047 0 1
89.8203 0 1
89.9358 0 1
92.3269 0 1
92.4424 0 1
92.558 0 1
92.6736 0 1
92.7893 0 1
92.905 0 1
93.0208 0 1
93.1366 0 1
93.2525 0 1
93.3685 0 1
93.4845 0 1
93.6005 1145 33.8378
93.7167 1368 36.9865
93.8328 1616 40.1995
93.949 1665 40.8044
94.0653 1732 41.6173
94.1816 1855 43.0697
94.2979 1806 42.4971
94.4143 1761 41.9643
94.5307 1672 40.8901
94.6472 1744 41.7612
94.7637 1732 41.6173
94.8803 1804 42.4735
94.9969 1950 44.1588
95.1135 2123 46.076
95.2302 2299 47.9479
95.3469 2542 50.4183
95.4637 2610 51.0882
95.5805 2621 51.1957
95.6973 2562 50.6162
95.8142 2688 51.8459
95.9311 2681 51.7784
96.048 2553 50.5272
96.1649 2459 49.5883
96.2819 2293 47.8853
96.3989 2176 46.6476
96.516 2094 45.7602
96.633 1915 43.7607
96.7501 1798 42.4028
96.8673 1707 41.3159
96.9844 1689 41.0974
97.1016 1550 39.37
97.2188 1670 40.8656
97.336 1701 41.2432
97.4532 1985 44.5533
97.5704 2104 45.8694
97.6877 2176 46.6476
97.805 1992 44.6318
97.9223 1916 43.7721
98.0396 1858 43.1045
98.1569 1808 42.5206
98.2743 1679 40.9756
98.3916 1750 41.833
98.509 1761 41.9643
98.6264 1915 43.7607
98.7438 2099 45.8148
98.8612 2221 47.1275
98.9786 2391 48.8979
99.096 2465 49.6488
99.2134 2636 51.342
99.3308 2659 51.5655
99.4482 2679 51.7591
99.5656 2723 52.1824
99.6831 2803 52.9434
99.8005 2571 50.705
99.9179 2459 49.5883
100.035 2335 48.3218
100.153 2084 45.6508
100.27 2000 44.7214
100.388 1812 42.5676
100.505 1645 40.5586
100.622 1659 40.7308
100.74 1696 41.1825
100.857 1776 42.1426
100.975 1906 43.6578
101.092 2151 46.3789
101.209 2077 45.5741
101.327 2083 45.6399
101.444 2020 44.9444
101.561 1928 43.909
101.679 1856 43.0813
101.796 1854 43.0581
101.913 1828 42.7551
102.03 1876 43.3128
102.148 1912 43.7264
102.265 2055 45.3321
102.382 2439 49.3862
102.499 2534 50.3389
102.616 2655 51.5267
102.733 2758 52.5167
102.851 2783 52.7541
102.968 2855 53.4322
103.085 2804 52.9528
103.202 3008 54.8452
103.319 2863 53.507
103.436 2602 51.0098
103.552 2444 49.4368
103.669 2315 48.1144
103.786 2207 46.9787
103.903 1977 44.4635
104.02 1780 42.19
104.137 1841 42.9069
104.253 1865 43.1856
104.37 1917 43.7836
104.487 1938 44.0227
104.603 2152 46.3897
104.72 2041 45.1774
104.836 1859 43.1161
104.953 1743 41.7493
105.069 1671 40.8779
105.186 1609 40.1123
105.302 1464 38.2623
105.418 1386 37.229
105.535 1366 36.9594
105.651 1371 37.027
105.767 1380 37.1484
105.883 1433 37.855
105.999 1501 38.7427
106.115 0 1
106.231 0 1
106.347 0 1
106.463 0 1
106.579 0 1
106.694 0 1
106.81 0 1
106.926 0 1
107.041 0 1
107.157 0 1
109.576 0 1
109.692 0 1
109.807 0 1
109.923 0 1
110.039 0 1
110.155 0 1
110.27 0 1
110.386 0 1
110.502 0 1
110.618 1091 33.0303
110.735 1314 36.2491
110.851 1473 38.3797
110.967 1637 40.4599
111.083 1773 42.107
111.199 1959 44.2606
111.316 2102 45.8476
111.432 2119 46.0326
111.549 2213 47.0425
111.665 2277 47.7179
111.782 2298 47.9375
111.898 2205 46.9574
112.015 2185 46.744
112.132 1889 43.4626
112.248 1945 44.1022
112.365 1797 42.391
112.482 1812 42.5676
112.599 1658 40.7185
112.716 1712 41.3763
112.832 1661 40.7554
112.949 1636 40.4475
113.066 1707 41.3159
113.183 1785 42.2493
113.3 1868 43.2204
113.417 1870 43.2435
113.534 1780 42.19
113.652 1741 41.7253
113.769 1750 41.833
113.886 1703 41.2674
114.003 1767 42.0357
114.12 1685 41.0488
114.238 1761 41.9643
114.355 2033 45.0888
114.472 2290 47.8539
114.589 2317 48.1352
114.707 2604 51.0294
114.824 2730 52.2494
114.942 2784 52.7636
115.059 2821 53.1131
115.176 2866 53.535
115.294 2766 52.5928
115.411 2762 52.5547
115.529 2549 50.4876
115.646 2317 48.1352
115.764 2090 45.7165
115.881 2043 45.1996
115.999 1890 43.4741
116.116 1872 43.2666
116.234 1775 42.1307
116.351 1744 41.7612
116.469 1686 41.0609
116.586 1685 41.0488
116.704 1854 43.0581
116.821 1931 43.9431
116.939 1915 43.7607
117.056 2002 44.7437
117.174 1882 43.382
117.291 1977 44.4635
117.409 1934 43.9773
117.526 1765 42.0119
117.644 1895 43.5316
117.761 1946 44.1135
117.879 2114 45.9783
117.996 2270 47.6445
118.114 2453 49.5278
118.231 2661 51.5849
118.349 2668 51.6527
118.466 2749 52.4309
118.584 2726 52.2111
118.701 2855 53.4322
118.819 2859 53.4696
118.936 2817 53.0754
119.053 2728 52.2303
119.171 2500 50
119.288 2344 48.4149
119.405 2139 46.2493
119.523 2018 44.9222
119.64 1902 43.6119
119.757 1880 43.359
119.875 1801 42.4382
119.992 1715 41.4126
120.109 1714 41.4005
120.226 1598 39.975
120.343 1759 41.9404
120.46 1925 43.8748
120.578 1862 43.1509
120.695 1794 42.3556
120.812 1797 42.391
120.929 1838 42.8719
121.046 1773 42.107
121.163 1814 42.5911
121.279 1741 41.7253
121.396 1741 41.7253
121.513 1819 42.6497
121.63 1949 44.1475
121.747 2034 45.0999
121.863 2225 47.1699
121.98 2229 47.2123
122.097 2250 47.4342
122.213 2188 46.7761
122.33 2132 46.1736
122.446 2079 45.5961
122.563 2024 44.9889
122.679 1889 43.4626
122.795 1768 42.0476
122.912 1576 39.6989
123.028 1438 37.921
123.144 1402 37.4433
123.26 1192 34.5254
123.377 0 1
123.493 0 1
123.609 0 1
123.725 0 1
123.84 0 1
123.956 0 1
124.072 0 1
124.188 0 1
124.303 0 1
124.419 0 1
126.852 0 1
126.968 0 1
127.083 0 1
127.199 0 1
127.315 0 1
127.431 0 1
127.547 0 1
127.663 0 1
127.779 0 1
127.895 0 1
128.011 0 1
128.127 0 1
128.243 0 1
128.359 2185 46.744
128.476 2161 46.4866
128.592 2043 45.1996
128.708 2106 45.8912
128.825 2035 45.111
128.941 1977 44.4635
129.058 1954 44.2041
129.174 1861 43.1393
129.291 1920 43.8178
129.408 1840 42.8952
129.524 1944 44.0908
129.641 2029 45.0444
129.758 2119 46.0326
129.875 2132 46.1736
129.992 2259 47.5289
130.108 2115 45.9891
130.225 2120 46.0435
130.342 2140 46.2601
130.459 2111 45.9456
130.576 2065 45.4423
130.693 2345 48.4252
130.81 2405 49.0408
130.928 2499 49.99
131.045 2607 51.0588
131.162 2519 50.1896
131.279 2587 50.8626
131.396 2457 49.5681
131.513 2513 50.1298
131.631 2427 49.2646
131.748 2431 49.3052
131.865 2367 48.6518
131.983 2333 48.3011
132.1 2140 46.2601
132.217 2127 46.1194
132.335 2079 45.5961
132.452 1970 44.3847
132.57 1962 44.2945
132.687 1875 43.3013
132.804 1831 42.7902
132.922 1858 43.1045
133.039 1871 43.2551
133.157 1962 44.2945
133.274 2015 44.8888
133.392 2006 44.7884
133.509 2116 46
133.627 2233 47.2546
133.744 2118 46.0217
133.862 2025 45
133.979 2054 45.3211
134.097 2093 45.7493
134.214 2166 46.5403
134.332 2203 46.9361
134.449 2403 49.0204
134.567 2375 48.734
134.684 2411 49.1019
134.802 2391 48.8979
134.919 2422 49.2138
135.037 2416 49.1528
135.154 2437 49.366
135.272 2348 48.4562
135.389 2399 48.9796
135.507 2316 48.1248
135.624 2351 48.4871
135.742 2165 46.5296
135.859 2155 46.422
135.977 2015 44.8888
136.094 2048 45.2548
136.211 2038 45.1442
136.329 1910 43.7035
136.446 2008 44.8107
136.564 1971 44.3959
136.681 2090 45.7165
136.798 2036 45.1221
136.915 2017 44.911
137.033 2121 46.0543
137.15 2204 46.9468
137.267 2191 46.8081
137.384 2131 46.1628
137.502 2136 46.2169
137.619 2113 45.9674
137.736 2065 45.4423
137.853 2132 46.1736
137.97 2075 45.5522
138.087 2250 47.4342
138.204 2287 47.8226
138.321 2265 47.592
138.438 2185 46.744
138.555 2188 46.7761
138.672 2243 47.3603
138.788 2143 46.2925
138.905 2139 46.2493
139.022 1960 44.2719
139.139 2003 44.7549
139.255 1894 43.5201
139.372 1880 43.359
139.488 1562 39.5221
139.605 1512 38.8844
139.721 1430 37.8153
139.838 1377 37.108
139.954 1304 36.1109
140.071 1278 35.7491
140.187 1237 35.171
140.303 1197 34.5977
140.419 1164 34.1174
140.535 1061 32.573
140.652 1051 32.4191
140.768 0 1
140.884 0 1
141 0 1
141.115 0 1
141.231 0 1
141.347 0 1
141.463 0 1
141.578 0 1
141.694 0 1
144.104 0 1
144.219 0 1
144.335 0 1
144.45 0 1
144.566 0 1
144.682 0 1
144.798 0 1
144.914 0 1
145.03 0 1
145.146 1568 39.598
145.262 1478 38.4448
145.378 1589 39.8623
145.494 1572 39.6485
145.61 1688 41.0853
145.726 1714 41.4005
145.842 1779 42.1782
145.959 1772 42.0951
146.075 1723 41.509
146.192 1763 41.9881
146.308 1710 41.3521
146.425 1646 40.5709
146.541 1660 40.7431
146.658 1715 41.4126
146.774 1734 41.6413
146.891 1827 42.7434
147.008 1894 43.5201
147.125 1915 43.7607
147.241 1928 43.909
147.358 1916 43.7721
147.475 1982 44.5197
147.592 1935 43.9886
147.709 1887 43.4396
147.826 1806 42.4971
147.943 1776 42.1426
148.06 1923 43.852
148.177 1835 42.8369
148.294 1847 42.9767
148.411 1767 42.0357
148.528 1659 40.7308
148.645 1745 41.7732
148.762 1683 41.0244
148.88 1670 40.8656
148.997 1699 41.2189
149.114 1616 40.1995
149.231 1729 41.5812
149.349 1793 42.3438
149.466 1716 41.4246
149.583 1821 42.6732
149.701 1698 41.2068
149.818 1763 41.9881
149.935 1682 41.0122
150.053 1643 40.5339
150.17 1631 40.3856
150.287 1724 41.5211
150.405 1780 42.19
150.522 1791 42.3202
150.64 1907 43.6692
150.757 1885 43.4166
150.875 1893 43.5086
150.992 1996 44.6766
151.11 1941 44.0568
151.227 1993 44.643
151.344 1942 44.0681
151.462 1933 43.9659
151.579 2048 45.2548
151.697 1926 43.8862
151.814 1926 43.8862
151.932 1851 43.0232
152.049 1820 42.6615
152.167 1785 42.2493
152.284 1744 41.7612
152.402 1776 42.1426
152.519 1872 43.2666
152.636 1814 42.5911
152.754 1725 41.5331
152.871 1755 41.8927
152.989 1854 43.0581
153.106 1880 43.359
153.223 1890 43.4741
153.341 1932 43.9545
153.458 1823 42.6966
153.575 1776 42.1426
153.693 1725 41.5331
153.81 1800 42.4264
153.927 1846 42.9651
154.044 2058 45.3652
154.162 1987 44.5758
154.279 2041 45.1774
154.396 2081 45.618
154.513 2191 46.8081
154.63 2233 47.2546
154.747 2187 46.7654
154.864 2218 47.0956
154.981 2251 47.4447
155.098 2068 45.4753
155.215 2138 46.2385
155.332 2106 45.8912
155.449 2082 45.6289
155.566 1974 44.4297
155.683 1958 44.2493
155.8 1848 42.9884
155.917 1752 41.8569
156.033 1709 41.3401
156.15 0 1
156.267 0 1
156.383 0 1
156.5 0 1
156.617 0 1
156.733 0 1
156.85 0 1
156.966 0 1
157.082 0 1
157.199 0 1
157.315 0 1
157.431 0 1
157.547 0 1
157.664 0 1
157.78 0 1
157.896 0 1
158.012 0 1
158.128 0 1
158.244 0 1
158.359 0 1
158.475 0 1
158.591 0 1
158.706 0 1
