
6.15755 0 1
6.2731 0 1
6.3887 0 1
6.50437 0 1
6.62009 0 1
6.73587 0 1
6.8517 0 1
6.96759 0 1
7.08353 0 1
7.19952 0 1
7.31557 0 1
7.43166 0 1
7.54781 0 1
7.664 0 1
7.78024 0 1
7.89653 0 1
8.01286 0 1
8.12924 0 1
8.24567 0 1
8.36213 0 1
8.47864 0 1
8.59519 0 1
8.71178 0 1
8.82841 0 1
8.94508 0 1
9.06179 0 1
9.17853 0 1
9.29531 0 1
9.41212 0 1
9.52897 0 1
9.64584 0 1
9.76276 0 1
9.8797 0 1
9.99667 0 1
10.1137 0 1
10.2307 0 1
10.3478 0 1
10.4648 0 1
10.5819 0 1
10.6991 0 1
10.8162 0 1
10.9334 0 1
11.0506 0 1
11.1678 0 1
11.285 0 1
11.4023 0 1
11.5196 0 1
11.6369 0 1
11.7542 0 1
11.8715 0 1
11.9888 0 1
12.1062 0 1
12.2235 0 1
12.3409 0 1
12.4582 0 1
12.5756 0 1
12.693 0 1
12.8104 0 1
12.9278 0 1
13.0452 0 1
13.1626 0 1
13.28 0 1
13.3974 0 1
13.5149 0 1
13.6323 0 1
13.7497 0 1
13.8671 0 1
13.9845 0 1
14.1019 0 1
14.2193 0 1
14.3367 0 1
14.4541 0 1
14.5714 0 1
14.6888 0 1
14.8062 0 1
14.9235 0 1
15.0408 94396 307.239
15.1581 98459 313.782
15.2755 101273 318.234
15.3927 101941 319.282
15.51 100976 317.767
15.6273 101101 317.964
15.7445 101201 318.121
15.8617 101414 318.456
15.9789 100706 317.342
16.0961 104018 322.518
16.2132 104764 323.673
16.3304 107642 328.088
16.4475 111155 333.399
16.5646 115395 339.698
16.6816 119431 345.588
16.7986 121686 348.835
16.9156 124875 353.377
17.0326 129169 359.401
17.1496 130758 361.605
17.2665 133792 365.776
17.3833 135923 368.677
17.5002 137028 370.173
17.617 138161 371.7
17.7338 139473 373.461
17.8505 140299 374.565
17.9672 138461 372.103
18.0839 132131 363.498
18.2005 127751 357.423
18.3171 127866 357.584
18.4337 132840 364.472
18.5502 138262 371.836
18.6666 141091 375.621
18.7831 142852 377.958
18.8994 143218 378.442
19.0158 139476 373.465
19.1321 137895 371.342
19.2483 134416 366.628
19.3645 132864 364.505
19.4806 130370 361.068
19.5967 128056 357.849
19.7128 126842 356.149
19.8288 123048 350.782
19.9447 112706 335.717
20.0606 0 1
20.1764 0 1
20.2922 0 1
20.4079 0 1
20.5236 0 1
20.6392 0 1
20.7548 0 1
20.8702 0 1
23.3078 0 1
23.4233 0 1
23.539 0 1
23.6547 0 1
23.7704 0 1
23.8862 0 1
24.0021 0 1
24.118 0 1
24.234 0 1
24.35 0 1
24.4661 128034 357.818
24.5822 127808 357.502
24.6984 127716 357.374
24.8146 127838 357.544
24.9309 126131 355.149
25.0472 126009 354.977
25.1636 126579 355.779
25.28 128954 359.102
25.3965 131897 363.176
25.513 136775 369.831
25.6296 142654 377.696
25.7462 145021 380.816
25.8628 148022 384.736
25.9795 149335 386.439
26.0962 151493 389.221
26.213 150862 388.41
26.3298 153064 391.234
26.4466 151316 388.994
26.5635 148278 385.069
26.6804 142691 377.745
26.7973 134641 366.935
26.9143 133418 365.264
27.0313 137347 370.604
27.1483 144091 379.593
27.2653 146061 382.179
27.3824 147555 384.129
27.4996 148071 384.8
27.6167 143917 379.364
27.7339 141080 375.606
27.8511 139482 373.473
27.9683 136632 369.638
28.0855 134055 366.135
28.2028 132820 364.445
28.3201 129534 359.908
28.4374 129028 359.205
28.5547 127520 357.099
28.6721 127451 357.003
28.7894 126275 355.352
28.9068 128669 358.705
29.0242 131117 362.101
29.1416 134465 366.695
29.259 137552 370.88
29.3764 141547 376.227
29.4939 142311 377.241
29.6113 145193 381.042
29.7288 146131 382.271
29.8463 146478 382.724
29.9638 146118 382.254
30.0812 144425 380.033
30.1987 138546 372.218
30.3162 130359 361.053
30.4337 124397 352.7
30.5512 127131 356.554
30.6687 132118 363.48
30.7862 139184 373.074
30.9037 139527 373.533
31.0212 141859 376.642
31.1387 141540 376.218
31.2562 139355 373.303
31.3737 137579 370.916
31.4912 134577 366.847
31.6087 132041 363.374
31.7262 130410 361.123
31.8436 128008 357.782
31.9611 126853 356.164
32.0785 125256 353.915
32.1959 123503 351.43
32.3134 123036 350.765
32.4308 123324 351.175
32.5482 126359 355.47
32.6655 129523 359.893
32.7829 132606 364.151
32.9002 134757 367.093
33.0176 138135 371.665
33.1349 140694 375.092
33.2522 143973 379.438
33.3694 141415 376.052
33.4867 142761 377.837
33.6039 141876 376.664
33.7211 141710 376.444
33.8383 136365 369.276
33.9554 128812 358.904
34.0725 120860 347.649
34.1896 118662 344.474
34.3067 122506 350.009
34.4237 127538 357.125
34.5407 131814 363.062
34.6577 134200 366.333
34.7746 134139 366.25
34.8915 133421 365.268
35.0084 132776 364.384
35.1252 129751 360.21
35.242 129385 359.701
35.3587 125608 354.412
35.4755 124473 352.807
35.5921 123094 350.848
35.7088 120798 347.56
35.8254 120253 346.775
35.9419 118696 344.523
36.0584 116608 341.479
36.1749 117475 342.746
36.2913 119650 345.905
36.4077 122435 349.907
36.524 124364 352.653
36.6403 126647 355.875
36.7565 131050 362.008
36.8727 132995 364.685
36.9889 134428 366.644
37.1049 133555 365.452
37.221 0 1
37.3369 0 1
37.4529 0 1
37.5687 0 1
37.6845 0 1
37.8003 0 1
37.916 0 1
38.0316 0 1
38.1472 0 1
40.5851 0 1
40.7008 0 1
40.8164 0 1
40.9322 0 1
41.048 0 1
41.1639 0 1
41.2798 0 1
41.3958 0 1
41.5118 0 1
41.6279 0 1
41.744 96792 311.114
41.8602 105309 324.513
41.9765 109764 331.307
42.0928 113041 336.216
42.2091 114288 338.065
42.3255 114470 338.334
42.4419 113672 337.153
42.5584 113356 336.684
42.675 109853 331.441
42.7915 104087 322.625
42.9081 96875 311.247
43.0248 92932 304.848
43.1415 95992 309.826
43.2582 100217 316.571
43.375 104162 322.741
43.4918 105976 325.54
43.6087 107237 327.471
43.7256 105527 324.849
43.8425 103943 322.402
43.9595 101821 319.094
44.0765 100208 316.556
44.1935 96944 311.358
44.3106 95313 308.728
44.4277 92086 303.457
44.5448 89578 299.296
44.6619 87476 295.763
44.7791 84986 291.524
44.8963 81885 286.156
45.0136 81221 284.993
45.1308 81243 285.032
45.2481 83197 288.439
45.3654 83951 289.743
45.4827 85689 292.727
45.6001 88092 296.803
45.7174 88985 298.304
45.8348 89006 298.339
45.9522 88450 297.405
46.0697 87941 296.548
46.1871 85940 293.155
46.3046 82274 286.834
46.422 76087 275.839
46.5395 71744 267.851
46.657 70959 266.381
46.7745 73254 270.655
46.892 76617 276.798
47.0096 78760 280.642
47.1271 79262 281.535
47.2446 79867 282.608
47.3622 79147 281.331
47.4797 78923 280.932
47.5973 77403 278.214
47.7149 75825 275.363
47.8324 74682 273.28
47.95 72946 270.085
48.0675 71038 266.53
48.1851 69416 263.469
48.3027 67392 259.6
48.4202 66286 257.461
48.5378 64985 254.922
48.6554 65285 255.509
48.7729 67215 259.259
48.8904 68977 262.635
49.008 70818 266.117
49.1255 73583 271.262
49.243 76052 275.775
49.3605 77213 277.872
49.478 78229 279.694
49.5955 78178 279.603
49.713 76833 277.188
49.8304 73157 270.476
49.9479 69110 262.888
50.0653 65274 255.488
50.1827 64743 254.446
50.3001 68689 262.086
50.4175 73259 270.664
50.5348 76742 277.023
50.6521 81578 285.619
50.7694 83309 288.633
50.8867 84978 291.51
51.004 85715 292.771
51.1212 85978 293.22
51.2384 86496 294.102
51.3556 87278 295.429
51.4727 87332 295.52
51.5899 86656 294.374
51.707 86207 293.61
51.824 84592 290.847
51.9411 83428 288.839
52.0581 83188 288.423
52.175 84931 291.429
52.2919 87988 296.628
52.4088 91937 303.211
52.5257 96253 310.247
52.6425 99369 315.228
52.7593 103049 321.012
52.876 104265 322.901
52.9927 105511 324.825
53.1094 106783 326.777
53.226 107136 327.316
53.3426 106864 326.901
53.4591 102548 320.231
53.5756 96736 311.024
53.692 90642 301.068
53.8084 89051 298.414
53.9248 93406 305.624
54.0411 99801 315.913
54.1573 104606 323.429
54.2735 0 1
54.3896 0 1
54.5057 0 1
54.6217 0 1
54.7377 0 1
54.8537 0 1
54.9695 0 1
55.0853 0 1
55.2011 0 1
55.3168 0 1
55.4324 0 1
57.824 0 1
57.9396 0 1
58.0553 0 1
58.1711 0 1
58.2869 0 1
58.4028 0 1
58.5187 0 1
58.6347 0 1
58.7508 0 1
58.8669 0 1
58.983 104413 323.13
59.0992 113683 337.169
59.2155 119835 346.172
59.3318 126302 355.39
59.4482 132104 363.461
59.5646 134749 367.082
59.681 136050 368.85
59.7975 135284 367.81
59.9141 134790 367.138
60.0306 132916 364.576
60.1473 130577 361.354
60.2639 128172 358.011
60.3807 125036 353.604
60.4974 121142 348.055
60.6142 117321 342.522
60.731 113855 337.424
60.8479 112196 334.957
60.9648 114057 337.723
61.0818 117642 342.99
61.1987 119761 346.065
61.3158 125205 353.843
61.4328 129059 359.248
61.5499 131268 362.309
61.667 131094 362.069
61.7841 130777 361.631
61.9013 127963 357.719
62.0185 123101 350.858
62.1357 115679 340.116
62.253 108509 329.407
62.3702 105341 324.563
62.4875 107951 328.559
62.6049 113626 337.085
62.7222 118650 344.456
62.8396 124894 353.403
62.9569 127775 357.456
63.0743 129258 359.525
63.1918 130747 361.59
63.3092 130908 361.812
63.4267 128920 359.054
63.5441 127388 356.915
63.6616 126366 355.48
63.7791 123258 351.081
63.8966 119611 345.848
64.0142 116117 340.759
64.1317 112262 335.055
64.2492 106338 326.095
64.3668 104376 323.073
64.4843 106119 325.759
64.6019 108519 329.422
64.7195 112929 336.049
64.837 117619 342.956
64.9546 122469 349.956
65.0722 124789 353.255
65.1898 124530 352.888
65.3074 127536 357.122
65.4249 123679 351.68
65.5425 122817 350.453
65.6601 115286 339.538
65.7777 107905 328.489
65.8952 100714 317.355
66.0128 99381 315.248
66.1304 103332 321.453
66.2479 109785 331.338
66.3655 115227 339.451
66.483 120679 347.389
66.6005 124061 352.223
66.718 127599 357.21
66.8355 127944 357.693
66.953 126988 356.354
67.0705 126075 355.07
67.1879 125032 353.599
67.3054 123240 351.056
67.4228 122058 349.368
67.5402 118713 344.548
67.6576 114654 338.606
67.7749 108265 329.036
67.8923 104993 324.026
68.0096 102017 319.401
68.1269 103289 321.386
68.2442 107148 327.335
68.3614 110919 333.045
68.4787 116630 341.511
68.5958 123432 351.329
68.713 126824 356.124
68.8302 128196 358.045
68.9473 128488 358.452
69.0643 129564 359.95
69.1814 127043 356.431
69.2984 121397 348.421
69.4154 113902 337.494
69.5323 106423 326.225
69.6492 102205 319.695
69.7661 107071 327.217
69.8829 112979 336.123
69.9997 121424 348.459
70.1165 126000 354.965
70.2332 131012 361.956
70.3499 133140 364.884
70.4665 134792 367.14
70.5831 136401 369.325
70.6996 135982 368.757
70.8161 135078 367.53
70.9326 132708 364.291
71.049 129803 360.282
71.1653 126386 355.508
71.2817 122778 350.397
71.3979 117338 342.546
71.5141 109877 331.477
71.6303 102321 319.877
71.7464 94638 307.633
71.8624 0 1
71.9784 0 1
72.0944 0 1
72.2102 0 1
72.3261 0 1
72.4418 0 1
72.5575 0 1
72.6732 0 1
75.1054 0 1
75.2209 0 1
75.3365 0 1
75.4521 0 1
75.5678 0 1
75.6835 0 1
75.7993 0 1
75.9151 0 1
76.031 0 1
76.147 121583 348.688
76.263 125990 354.951
76.3791 126547 355.734
76.4952 121564 348.66
76.6113 118004 343.517
76.7276 110896 333.011
76.8438 107296 327.561
76.9601 107941 328.544
77.0765 112285 335.09
77.1929 118464 344.186
77.3093 124977 353.521
77.4258 132675 364.246
77.5423 136156 368.993
77.6589 136120 368.944
77.7755 136880 369.973
77.8921 135163 367.645
78.0088 131150 362.146
78.1256 122038 349.339
78.2423 111863 334.459
78.3591 103890 322.32
78.4759 99850 315.991
78.5928 102360 319.937
78.7097 111558 334.003
78.8266 117542 342.844
78.9436 129008 359.177
79.0606 130669 361.482
79.1776 133957 366.001
79.2946 135274 367.796
79.4117 137939 371.401
79.5288 137403 370.679
79.6459 136475 369.425
79.7631 133694 365.642
79.8802 132672 364.242
79.9974 128686 358.728
80.1147 124607 352.997
80.2319 118684 344.505
80.3491 111954 334.595
80.4664 105959 325.513
80.5837 106309 326.051
80.701 110291 332.101
80.8183 116869 341.861
80.9357 125670 354.5
81.053 130823 361.695
81.1704 134303 366.474
81.2877 135652 368.31
81.4051 135316 367.853
81.5225 135705 368.382
81.6399 130260 360.916
81.7573 126169 355.203
81.8747 113122 336.336
81.9922 106038 325.635
82.1096 101122 317.997
82.227 103191 321.234
82.3444 111411 333.783
82.4619 121503 348.573
82.5793 129299 359.582
82.6967 128770 358.845
82.8142 133677 365.619
82.9316 135962 368.73
83.049 137703 371.084
83.1664 137370 370.635
83.2838 137006 370.143
83.4012 135888 368.63
83.5186 132136 363.505
83.636 129898 360.414
83.7534 126007 354.975
83.8708 121180 348.109
83.9881 113168 336.405
84.1055 106616 326.521
84.2228 108399 329.24
84.3401 110281 332.086
84.4575 117184 342.321
84.5747 125510 354.274
84.692 133266 365.056
84.8093 138991 372.815
84.9265 139465 373.45
85.0437 140067 374.255
85.1609 137437 370.725
85.2781 130972 361.901
85.3952 120516 347.154
85.5123 112078 334.781
85.6294 105757 325.203
85.7465 103698 322.022
85.8636 110380 332.235
85.9806 120580 347.246
86.0976 128527 358.507
86.2145 134449 366.673
86.3315 139459 373.442
86.4484 142016 376.85
86.5652 144749 380.459
86.682 145775 381.805
86.7988 146612 382.899
86.9156 145277 381.152
87.0323 143923 379.372
87.149 140770 375.193
87.2657 137267 370.496
87.3823 132741 364.336
87.4988 126736 356
87.6154 117799 343.219
87.7318 115155 339.345
87.8483 116688 341.596
87.9647 122965 350.664
88.081 131751 362.975
88.1973 141159 375.711
88.3136 145129 380.958
88.4298 146811 383.159
88.546 145532 381.487
88.6621 143407 378.691
88.7781 138801 372.56
88.8942 0 1
89.0101 0 1
89.126 0 1
89.2419 0 1
89.3577 0 1
89.4734 0 1
89.5891 0 1
89.7047 0 1
89.8203 0 1
89.9358 0 1
92.3269 0 1
92.4424 0 1
92.558 0 1
92.6736 0 1
92.7893 0 1
92.905 0 1
93.0208 0 1
93.1366 0 1
93.2525 0 1
93.3685 0 1
93.4845 0 1
93.6005 137706 371.088
93.7167 139280 373.202
93.8328 138286 371.868
93.949 136138 368.969
94.0653 129533 359.907
94.1816 121843 349.06
94.2979 115080 339.234
94.4143 111216 333.491
94.5307 110001 331.664
94.6472 113377 336.715
94.7637 120325 346.879
94.8803 126702 355.952
94.9969 132295 363.724
95.1135 136820 369.892
95.2302 139719 373.79
95.3469 142384 377.338
95.4637 143809 379.222
95.5805 145964 382.052
95.6973 147676 384.286
95.8142 147403 383.931
95.9311 145695 381.7
96.048 143020 378.18
96.1649 139833 373.943
96.2819 135195 367.689
96.3989 128499 358.468
96.516 121317 348.306
96.633 115435 339.757
96.7501 115815 340.316
96.8673 120547 347.199
96.9844 126939 356.285
97.1016 134778 367.121
97.2188 141218 375.79
97.336 145367 381.27
97.4532 144533 380.175
97.5704 143668 379.036
97.6877 138650 372.357
97.805 131383 362.468
97.9223 122521 350.03
98.0396 115510 339.868
98.1569 110844 332.932
98.2743 110310 332.129
98.3916 114229 337.978
98.509 122247 349.638
98.6264 128557 358.548
98.7438 133472 365.338
98.8612 137645 371.005
98.9786 141033 375.544
99.096 141512 376.181
99.2134 143222 378.447
99.3308 144507 380.141
99.4482 143441 378.736
99.5656 141535 376.211
99.6831 140083 374.277
99.8005 136371 369.284
99.9179 132943 364.613
100.035 125573 354.363
100.153 118119 343.684
100.27 112474 335.371
100.388 114105 337.794
100.505 120119 346.582
100.622 129530 359.903
100.74 137866 371.303
100.857 141269 375.858
100.975 143042 378.209
101.092 141648 376.362
101.209 142704 377.762
101.327 137589 370.93
101.444 130254 360.907
101.561 121350 348.353
101.679 116042 340.649
101.796 112169 334.916
101.913 112151 334.89
102.03 118885 344.797
102.148 128168 358.006
102.265 125063 353.642
102.382 150080 387.402
102.499 143615 378.966
102.616 147373 383.892
102.733 149142 386.189
102.851 150147 387.488
102.968 152036 389.918
103.085 150718 388.224
103.202 149509 386.664
103.319 146868 383.234
103.436 143084 378.264
103.552 136370 369.283
103.669 127986 357.751
103.786 122064 349.377
103.903 122707 350.296
104.02 129481 359.835
104.137 140010 374.179
104.253 147807 384.457
104.37 151902 389.746
104.487 153948 392.362
104.603 153456 391.735
104.72 151015 388.606
104.836 145443 381.37
104.953 136379 369.295
105.069 127889 357.616
105.186 121522 348.6
105.302 119087 345.09
105.418 122708 350.297
105.535 131231 362.258
105.651 137833 371.259
105.767 143887 379.324
105.883 148095 384.831
105.999 150589 388.058
106.115 0 1
106.231 0 1
106.347 0 1
106.463 0 1
106.579 0 1
106.694 0 1
106.81 0 1
106.926 0 1
107.041 0 1
107.157 0 1
109.576 0 1
109.692 0 1
109.807 0 1
109.923 0 1
110.039 0 1
110.155 0 1
110.27 0 1
110.386 0 1
110.502 0 1
110.618 116644 341.532
110.735 124982 353.528
110.851 128723 358.78
110.967 132702 364.283
111.083 133540 365.431
111.199 136216 369.075
111.316 137320 370.567
111.432 137750 371.147
111.549 136261 369.135
111.665 134652 366.95
111.782 131022 361.97
111.898 126524 355.702
112.015 120121 346.585
112.132 110979 333.135
112.248 105169 324.298
112.365 105571 324.917
112.482 113534 336.948
112.599 117869 343.321
112.716 125402 354.121
112.832 126143 355.166
112.949 125403 354.123
113.066 124420 352.732
113.183 122739 350.341
113.3 116226 340.919
113.417 109560 330.998
113.534 102254 319.772
113.652 97487 312.229
113.769 93631 305.992
113.886 92611 304.321
114.003 97438 312.151
114.12 102044 319.443
114.238 105439 324.714
114.355 108837 329.905
114.472 111920 334.544
114.589 109742 331.273
114.707 112169 334.916
114.824 112586 335.538
114.942 112529 335.453
115.059 110692 332.704
115.176 108738 329.754
115.294 105429 324.698
115.411 102450 320.078
115.529 97520 312.282
115.646 90827 301.375
115.764 83529 289.014
115.881 82322 286.918
115.999 86027 293.304
116.116 90897 301.491
116.234 95232 308.597
116.351 96861 311.225
116.469 96151 310.082
116.586 95780 309.483
116.704 94870 308.01
116.821 90987 301.641
116.939 86319 293.801
117.056 82056 286.454
117.174 77537 278.455
117.291 74717 273.344
117.409 73361 270.852
117.526 74282 272.547
117.644 79045 281.149
117.761 82351 286.969
117.879 86032 293.312
117.996 87066 295.069
118.114 89295 298.823
118.231 91225 302.035
118.349 90671 301.116
118.466 92121 303.514
118.584 93697 306.1
118.701 92788 304.611
118.819 91833 303.04
118.936 90761 301.266
119.053 88540 297.557
119.171 85746 292.824
119.288 81164 284.893
119.405 77427 278.257
119.523 77867 279.047
119.64 81467 285.424
119.757 87691 296.127
119.875 91057 301.757
119.992 94410 307.262
120.109 95340 308.772
120.226 95860 309.613
120.343 95551 309.113
120.46 94923 308.096
120.578 91041 301.73
120.695 87602 295.976
120.812 84191 290.157
120.929 80971 284.554
121.046 79548 282.043
121.163 79727 282.36
121.279 84534 290.747
121.396 89898 299.83
121.513 93705 306.113
121.63 97253 311.854
121.747 99899 316.068
121.863 101999 319.373
121.98 105381 324.624
122.097 105890 325.407
122.213 106975 327.07
122.33 108093 328.775
122.446 107733 328.227
122.563 107178 327.381
122.679 106433 326.241
122.795 104181 322.771
122.912 101075 317.923
123.028 96087 309.979
123.144 91480 302.457
123.26 91147 301.906
123.377 0 1
123.493 0 1
123.609 0 1
123.725 0 1
123.84 0 1
123.956 0 1
124.072 0 1
124.188 0 1
124.303 0 1
124.419 0 1
126.852 0 1
126.968 0 1
127.083 0 1
127.199 0 1
127.315 0 1
127.431 0 1
127.547 0 1
127.663 0 1
127.779 0 1
127.895 0 1
128.011 0 1
128.127 0 1
128.243 0 1
128.359 109581 331.03
128.476 106504 326.35
128.592 110569 332.519
128.708 117539 342.84
128.825 125150 353.765
128.941 128177 358.018
129.058 128545 358.532
129.174 128457 358.409
129.291 126662 355.896
129.408 125525 354.295
129.524 119160 345.196
129.641 113321 336.632
129.758 108661 329.638
129.875 104128 322.689
129.992 101245 318.19
130.108 99990 316.212
130.225 103327 321.445
130.342 107536 327.927
130.459 110208 331.976
130.576 110769 332.82
130.693 112809 335.871
130.81 114860 338.91
130.928 116035 340.639
131.045 115948 340.511
131.162 117051 342.127
131.279 117908 343.377
131.396 116440 341.233
131.513 115610 340.015
131.631 111857 334.45
131.748 107700 328.177
131.865 102374 319.959
131.983 97746 312.644
132.1 98737 314.224
132.217 104767 323.677
132.335 110016 331.687
132.452 112112 334.831
132.57 112512 335.428
132.687 108470 329.348
132.804 113875 337.454
132.922 108971 330.108
133.039 104001 322.492
133.157 98862 314.423
133.274 94325 307.124
133.392 91233 302.048
133.509 87017 294.986
133.627 86345 293.845
133.744 86502 294.112
133.862 90071 300.118
133.979 90627 301.043
134.097 92790 304.615
134.214 94784 307.87
134.332 92745 304.541
134.449 94681 307.703
134.567 94707 307.745
134.684 94432 307.298
134.802 95471 308.984
134.919 93987 306.573
135.037 92780 304.598
135.154 89850 299.75
135.272 85849 293
135.389 82728 287.625
135.507 77869 279.05
135.624 77145 277.75
135.742 79251 281.516
135.859 83173 288.397
135.977 84908 291.39
136.094 86039 293.324
136.211 84500 290.689
136.329 83719 289.342
136.446 83127 288.318
136.564 80237 283.261
136.681 75737 275.204
136.798 74705 273.322
136.915 71216 266.863
137.033 68511 261.746
137.15 67530 259.865
137.267 66635 258.138
137.384 68048 260.86
137.502 70169 264.894
137.619 71690 267.75
137.736 73654 271.393
137.853 74388 272.742
137.97 76306 276.235
138.087 78492 280.164
138.204 79748 282.397
138.321 80451 283.639
138.438 82677 287.536
138.555 83444 288.867
138.672 83905 289.664
138.788 82677 287.536
138.905 81795 285.998
139.022 78790 280.696
139.139 76678 276.908
139.255 78131 279.519
139.372 83075 288.227
139.488 88035 296.707
139.605 91825 303.026
139.721 93374 305.572
139.838 94205 306.928
139.954 95365 308.812
140.071 93419 305.645
140.187 94584 307.545
140.303 90136 300.227
140.419 87440 295.703
140.535 84778 291.167
140.652 82917 287.953
140.768 0 1
140.884 0 1
141 0 1
141.115 0 1
141.231 0 1
141.347 0 1
141.463 0 1
141.578 0 1
141.694 0 1
144.104 0 1
144.219 0 1
144.335 0 1
144.45 0 1
144.566 0 1
144.682 0 1
144.798 0 1
144.914 0 1
145.03 0 1
145.146 80486 283.701
145.262 79983 282.813
145.378 77870 279.052
145.494 75677 275.095
145.61 72387 269.048
145.726 69667 263.945
145.842 68398 261.53
145.959 66671 258.207
146.075 67470 259.75
146.192 68651 262.013
146.308 68852 262.397
146.425 69085 262.84
146.541 69744 264.091
146.658 70301 265.143
146.774 69755 264.112
146.891 69984 264.545
147.008 70455 265.434
147.125 71158 266.755
147.241 70124 264.809
147.358 69485 263.6
147.475 67902 260.58
147.592 65618 256.16
147.709 62664 250.328
147.826 60045 245.041
147.943 61607 248.208
148.06 63096 251.189
148.177 65416 255.766
148.294 66613 258.095
148.411 66745 258.351
148.528 66349 257.583
148.645 65605 256.135
148.762 63843 252.672
148.88 62436 249.872
148.997 62467 249.934
149.114 55328 235.219
149.231 56190 237.044
149.349 53646 231.616
149.466 54209 232.828
149.583 53047 230.319
149.701 53239 230.736
149.818 54374 233.182
149.935 55500 235.584
150.053 55797 236.214
150.17 56618 237.945
150.287 57659 240.123
150.405 58121 241.083
150.522 58838 242.565
150.64 60006 244.961
150.757 60380 245.723
150.875 60828 246.633
150.992 60177 245.31
151.11 60720 246.414
151.227 58378 241.615
151.344 56564 237.832
151.462 55921 236.476
151.579 56985 238.715
151.697 60019 244.988
151.814 62678 250.356
151.932 64656 254.275
152.049 65531 255.99
152.167 65259 255.458
152.284 65748 256.414
152.402 64850 254.657
152.519 63290 251.575
152.636 61555 248.103
152.754 61008 246.998
152.871 59979 244.906
152.989 58780 242.446
153.106 58323 241.502
153.223 57562 239.921
153.341 59434 243.791
153.458 60639 246.25
153.575 61877 248.751
153.693 62837 250.673
153.81 63626 252.242
153.927 64861 254.678
154.044 66431 257.742
154.162 67248 259.322
154.279 68810 262.317
154.396 70875 266.224
154.513 71528 267.447
154.63 72600 269.444
154.747 72031 268.386
154.864 71388 267.185
154.981 68993 262.665
155.098 68958 262.599
155.215 70857 266.19
155.332 73784 271.632
155.449 77060 277.597
155.566 77563 278.501
155.683 78466 280.118
155.8 78545 280.259
155.917 79210 281.443
156.033 78580 280.321
156.15 0 1
156.267 0 1
156.383 0 1
156.5 0 1
156.617 0 1
156.733 0 1
156.85 0 1
156.966 0 1
157.082 0 1
157.199 0 1
157.315 0 1
157.431 0 1
157.547 0 1
157.664 0 1
157.78 0 1
157.896 0 1
158.012 0 1
158.128 0 1
158.244 0 1
158.359 0 1
158.475 0 1
158.591 0 1
158.706 0 1
