
6.15755 0 1
6.2731 0 1
6.3887 0 1
6.50437 0 1
6.62009 0 1
6.73587 0 1
6.8517 0 1
6.96759 0 1
7.08353 0 1
7.19952 0 1
7.31557 0 1
7.43166 0 1
7.54781 0 1
7.664 0 1
7.78024 0 1
7.89653 0 1
8.01286 0 1
8.12924 0 1
8.24567 0 1
8.36213 0 1
8.47864 0 1
8.59519 0 1
8.71178 0 1
8.82841 0 1
8.94508 0 1
9.06179 0 1
9.17853 0 1
9.29531 0 1
9.41212 0 1
9.52897 0 1
9.64584 0 1
9.76276 0 1
9.8797 0 1
9.99667 0 1
10.1137 0 1
10.2307 0 1
10.3478 0 1
10.4648 0 1
10.5819 0 1
10.6991 0 1
10.8162 0 1
10.9334 0 1
11.0506 0 1
11.1678 0 1
11.285 0 1
11.4023 0 1
11.5196 0 1
11.6369 0 1
11.7542 0 1
11.8715 0 1
11.9888 0 1
12.1062 0 1
12.2235 0 1
12.3409 0 1
12.4582 0 1
12.5756 0 1
12.693 0 1
12.8104 0 1
12.9278 0 1
13.0452 0 1
13.1626 0 1
13.28 0 1
13.3974 0 1
13.5149 0 1
13.6323 0 1
13.7497 0 1
13.8671 0 1
13.9845 0 1
14.1019 0 1
14.2193 0 1
14.3367 0 1
14.4541 0 1
14.5714 0 1
14.6888 0 1
14.8062 0 1
14.9235 0 1
15.0408 0 0
15.1581 0 0
15.2755 0 0
15.3927 0 0
15.51 0 0
15.6273 0 0
15.7445 0 0
15.8617 0 0
15.9789 0 0
16.0961 0 0
16.2132 0 0
16.3304 0 0
16.4475 0 0
16.5646 0 0
16.6816 0 0
16.7986 0 0
16.9156 0 0
17.0326 0 0
17.1496 0 0
17.2665 0 0
17.3833 0 0
17.5002 0 0
17.617 0 0
17.7338 0 0
17.8505 0 0
17.9672 0 0
18.0839 0 0
18.2005 0 0
18.3171 0 0
18.4337 0 0
18.5502 0 0
18.6666 0 0
18.7831 0 0
18.8994 0 0
19.0158 0 0
19.1321 0 0
19.2483 0 0
19.3645 0 0
19.4806 0 0
19.5967 0 0
19.7128 0 0
19.8288 0 0
19.9447 0 0
20.0606 0 1
20.1764 0 1
20.2922 0 1
20.4079 0 1
20.5236 0 1
20.6392 0 1
20.7548 0 1
20.8702 0 1
23.3078 0 1
23.4233 0 1
23.539 0 1
23.6547 0 1
23.7704 0 1
23.8862 0 1
24.0021 0 1
24.118 0 1
24.234 0 1
24.35 0 1
24.4661 50863 225.528
24.5822 50869 225.542
24.6984 50626 225.002
24.8146 50420 224.544
24.9309 50068 223.759
25.0472 50033 223.681
25.1636 49238 221.896
25.28 49333 222.11
25.3965 50488 224.695
25.513 51777 227.546
25.6296 54159 232.721
25.7462 55871 236.37
25.8628 56785 238.296
25.9795 57769 240.352
26.0962 57562 239.921
26.213 58132 241.106
26.3298 57140 239.04
26.4466 56250 237.171
26.5635 53940 232.25
26.6804 51390 226.694
26.7973 49337 222.119
26.9143 50270 224.21
27.0313 51882 227.776
27.1483 54303 233.03
27.2653 55777 236.172
27.3824 56657 238.027
27.4996 56822 238.374
27.6167 56332 237.344
27.7339 55942 236.521
27.8511 54855 234.211
27.9683 53623 231.566
28.0855 52795 229.772
28.2028 51576 227.104
28.3201 51935 227.893
28.4374 50118 223.87
28.5547 49321 222.083
28.6721 48143 219.415
28.7894 49010 221.382
28.9068 49233 221.885
29.0242 50252 224.17
29.1416 51113 226.082
29.259 52750 229.674
29.3764 54140 232.68
29.4939 55412 235.398
29.6113 55717 236.044
29.7288 55632 235.864
29.8463 55232 235.015
29.9638 54045 232.476
30.0812 51426 226.773
30.1987 48366 219.923
30.3162 46899 216.562
30.4337 47512 217.972
30.5512 49756 223.061
30.6687 52497 229.122
30.7862 52991 230.198
30.9037 55182 234.908
31.0212 55337 235.238
31.1387 55701 236.011
31.2562 54952 234.418
31.3737 54387 233.21
31.4912 53616 231.551
31.6087 53167 230.58
31.7262 51926 227.873
31.8436 51430 226.782
31.9611 50281 224.234
32.0785 49266 221.959
32.1959 48000 219.089
32.3134 48296 219.764
32.4308 48859 221.041
32.5482 49751 223.049
32.6655 50865 225.533
32.7829 51898 227.811
32.9002 54126 232.65
33.0176 54595 233.656
33.1349 54911 234.331
33.2522 54216 232.843
33.3694 55704 236.017
33.4867 55227 235.004
33.6039 53743 231.825
33.7211 50557 224.849
33.8383 47774 218.573
33.9554 45881 214.199
34.0725 46020 214.523
34.1896 48860 221.043
34.3067 50569 224.876
34.4237 52314 228.723
34.5407 53815 231.981
34.6577 54402 233.242
34.7746 54573 233.609
34.8915 54000 232.379
35.0084 53401 231.087
35.1252 53074 230.378
35.242 52382 228.871
35.3587 51199 226.272
35.4755 51072 225.991
35.5921 49936 223.464
35.7088 49158 221.716
35.8254 47767 218.557
35.9419 47294 217.472
36.0584 47235 217.336
36.1749 48217 219.584
36.2913 48852 221.025
36.4077 49512 222.513
36.524 51213 226.303
36.6403 52284 228.657
36.7565 53342 230.959
36.8727 53860 232.078
36.9889 53486 231.27
37.1049 53264 230.79
37.221 0 1
37.3369 0 1
37.4529 0 1
37.5687 0 1
37.6845 0 1
37.8003 0 1
37.916 0 1
38.0316 0 1
38.1472 0 1
40.5851 0 1
40.7008 0 1
40.8164 0 1
40.9322 0 1
41.048 0 1
41.1639 0 1
41.2798 0 1
41.3958 0 1
41.5118 0 1
41.6279 0 1
41.744 41548 203.833
41.8602 43703 209.053
41.9765 45408 213.092
42.0928 45381 213.028
42.2091 46030 214.546
42.3255 45827 214.072
42.4419 44066 209.919
42.5584 40983 202.443
42.675 38272 195.632
42.7915 37526 193.716
42.9081 39005 197.497
43.0248 41074 202.667
43.1415 42575 206.337
43.2582 42902 207.128
43.375 44238 210.328
43.4918 44440 210.808
43.6087 43933 209.602
43.7256 43422 208.379
43.8425 42748 206.756
43.9595 41981 204.893
44.0765 41129 202.803
44.1935 39949 199.872
44.3106 38843 197.086
44.4277 37531 193.729
44.5448 36038 189.837
44.6619 34228 185.008
44.7791 33901 184.122
44.8963 34059 184.551
45.0136 34165 184.838
45.1308 34585 185.97
45.2481 35660 188.839
45.3654 36273 190.455
45.4827 36960 192.25
45.6001 36083 189.955
45.7174 36289 190.497
45.8348 35719 188.995
45.9522 34447 185.599
46.0697 31806 178.342
46.1871 29531 171.846
46.3046 28423 168.591
46.422 28288 168.19
46.5395 30106 173.511
46.657 31261 176.808
46.7745 31755 178.199
46.892 32567 180.463
47.0096 32895 181.37
47.1271 32643 180.674
47.2446 32594 180.538
47.3622 32022 178.947
47.4797 31284 176.873
47.5973 30115 173.537
47.7149 29334 171.272
47.8324 28500 168.819
47.95 27502 165.837
48.0675 27261 165.109
48.1851 25109 158.458
48.3027 24901 157.801
48.4202 24901 157.801
48.5378 25397 159.364
48.6554 25982 161.189
48.7729 26533 162.89
48.8904 27699 166.43
49.008 27434 165.632
49.1255 28393 168.502
49.243 27763 166.622
49.3605 27649 166.28
49.478 26327 162.256
49.5955 24712 157.201
49.713 23530 153.395
49.8304 22849 151.159
49.9479 23936 154.713
50.0653 25523 159.759
50.1827 27394 165.511
50.3001 29118 170.64
50.4175 30141 173.612
50.5348 31409 177.226
50.6521 32034 178.98
50.7694 32973 181.585
50.8867 33333 182.573
51.004 33597 183.295
51.1212 33893 184.101
51.2384 34481 185.691
51.3556 33997 184.383
51.4727 34077 184.6
51.5899 33473 182.956
51.707 32881 181.331
51.824 33417 182.803
51.9411 33857 184.003
52.0581 35558 188.568
52.175 37489 193.621
52.2919 39416 198.535
52.4088 40797 201.983
52.5257 42338 205.762
52.6425 42073 205.117
52.7593 43272 208.019
52.876 43699 209.043
52.9927 43379 208.276
53.1094 41094 202.717
53.226 38364 195.867
53.3426 36800 191.833
53.4591 36137 190.097
53.5756 38806 196.992
53.692 41946 204.807
53.8084 44624 211.244
53.9248 46544 215.741
54.0411 47917 218.9
54.1573 49322 222.086
54.2735 0 1
54.3896 0 1
54.5057 0 1
54.6217 0 1
54.7377 0 1
54.8537 0 1
54.9695 0 1
55.0853 0 1
55.2011 0 1
55.3168 0 1
55.4324 0 1
57.824 0 1
57.9396 0 1
58.0553 0 1
58.1711 0 1
58.2869 0 1
58.4028 0 1
58.5187 0 1
58.6347 0 1
58.7508 0 1
58.8669 0 1
58.983 51189 226.25
59.0992 54853 234.207
59.2155 56363 237.409
59.3318 57243 239.255
59.4482 58563 241.998
59.5646 58509 241.886
59.681 57772 240.358
59.7975 57899 240.622
59.9141 55936 236.508
60.0306 54339 233.107
60.1473 52703 229.571
60.2639 50422 224.548
60.3807 48350 219.886
60.4974 47507 217.961
60.6142 47976 219.034
60.731 48872 221.07
60.8479 50059 223.739
60.9648 51629 227.22
61.0818 52731 229.632
61.1987 52509 229.148
61.3158 52783 229.746
61.4328 51767 227.524
61.5499 50193 224.038
61.667 47393 217.699
61.7841 44023 209.817
61.9013 42370 205.84
62.0185 41548 203.833
62.1357 43402 208.331
62.253 45719 213.82
62.3702 48452 220.118
62.4875 50041 223.698
62.6049 51303 226.502
62.7222 52753 229.68
62.8396 52566 229.273
62.9569 53901 232.166
63.0743 53313 230.896
63.1918 52900 230
63.3092 51680 227.332
63.4267 50497 224.715
63.5441 49314 222.068
63.6616 46746 216.208
63.7791 45039 212.224
63.8966 43100 207.605
64.0142 42630 206.47
64.1317 42993 207.348
64.2492 44078 209.948
64.3668 45761 213.918
64.4843 46706 216.116
64.6019 48014 219.121
64.7195 48107 219.333
64.837 48039 219.178
64.9546 48070 219.249
65.0722 46503 215.646
65.1898 43366 208.245
65.3074 41183 202.936
65.4249 37898 194.674
65.5425 37090 192.588
65.6601 37954 194.818
65.7777 40448 201.117
65.8952 43524 208.624
66.0128 45452 213.195
66.1304 47299 217.483
66.2479 48646 220.558
66.3655 49178 221.761
66.483 50473 224.662
66.6005 50633 225.018
66.718 50632 225.016
66.8355 49984 223.571
66.953 49201 221.813
67.0705 47534 218.023
67.1879 45779 213.96
67.3054 44248 210.352
67.4228 42238 205.519
67.5402 40420 201.047
67.6576 40107 200.267
67.7749 41270 203.15
67.8923 42457 206.051
68.0096 44375 210.654
68.1269 46576 215.815
68.2442 47589 218.149
68.3614 49084 221.549
68.4787 48944 221.233
68.5958 48310 219.795
68.713 47306 217.499
68.8302 44165 210.155
68.9473 41361 203.374
69.0643 38644 196.581
69.1814 38070 195.115
69.2984 39236 198.081
69.4154 42785 206.845
69.5323 45751 213.895
69.6492 48114 219.349
69.7661 50147 223.935
69.8829 53103 230.441
69.9997 53880 232.121
70.1165 54642 233.756
70.2332 55237 235.026
70.3499 54547 233.553
70.4665 54560 233.581
70.5831 53505 231.311
70.6996 52220 228.517
70.8161 51345 226.594
70.9326 48718 220.722
71.049 46631 215.942
71.1653 44042 209.862
71.2817 42892 207.104
71.3979 42627 206.463
71.5141 43808 209.304
71.6303 44945 212.002
71.7464 43140 207.702
71.8624 0 1
71.9784 0 1
72.0944 0 1
72.2102 0 1
72.3261 0 1
72.4418 0 1
72.5575 0 1
72.6732 0 1
75.1054 0 1
75.2209 0 1
75.3365 0 1
75.4521 0 1
75.5678 0 1
75.6835 0 1
75.7993 0 1
75.9151 0 1
76.031 0 1
76.147 47333 217.561
76.263 50175 223.998
76.3791 48841 221
76.4952 46244 215.044
76.6113 44353 210.602
76.7276 44205 210.25
76.8438 46352 215.295
76.9601 48115 219.351
77.0765 51152 226.168
77.1929 52382 228.871
77.3093 53413 231.113
77.4258 53707 231.748
77.5423 53681 231.692
77.6589 52402 228.915
77.7755 48185 219.511
77.8921 44004 209.771
78.0088 41242 203.081
78.1256 38263 195.609
78.2423 37357 193.28
78.3591 38952 197.363
78.4759 42636 206.485
78.5928 46146 214.816
78.7097 48171 219.479
78.8266 50043 223.703
78.9436 52945 230.098
79.0606 52741 229.654
79.1776 53547 231.402
79.2946 53433 231.156
79.4117 53367 231.013
79.5288 52706 229.578
79.6459 52032 228.105
79.7631 49686 222.904
79.8802 48238 219.632
79.9974 45724 213.832
80.1147 42516 206.194
80.2319 40647 201.611
80.3491 41038 202.578
80.4664 41851 204.575
80.5837 43712 209.074
80.701 45910 214.266
80.8183 46641 215.965
80.9357 47795 218.621
81.053 47873 218.799
81.1704 48017 219.128
81.2877 47400 217.715
81.4051 45073 212.304
81.5225 41024 202.544
81.6399 36738 191.672
81.7573 35040 187.19
81.8747 32901 181.386
81.9922 34444 185.591
82.1096 38311 195.732
82.227 40902 202.242
82.3444 42918 207.167
82.4619 45232 212.678
82.5793 46960 216.703
82.6967 45902 214.248
82.8142 46680 216.056
82.9316 47151 217.143
83.049 47449 217.828
83.1664 45991 214.455
83.2838 44686 211.391
83.4012 43097 207.598
83.5186 40880 202.188
83.636 39078 197.682
83.7534 36543 191.162
83.8708 34824 186.612
83.9881 35234 187.707
84.1055 36005 189.75
84.2228 38256 195.591
84.3401 40534 201.331
84.4575 42107 205.2
84.5747 43355 208.219
84.692 43331 208.161
84.8093 44217 210.278
84.9265 41461 203.62
85.0437 38300 195.704
85.1609 35474 188.345
85.2781 33348 182.614
85.3952 32515 180.319
85.5123 32503 180.286
85.6294 35915 189.513
85.7465 39941 199.852
85.8636 43008 207.384
85.9806 45135 212.45
86.0976 47811 218.657
86.2145 49271 221.971
86.3315 50548 224.829
86.4484 51911 227.84
86.5652 52183 228.436
86.682 52573 229.288
86.7988 52199 228.471
86.9156 51037 225.914
87.0323 49697 222.928
87.149 47254 217.38
87.2657 46363 215.321
87.3823 43461 208.473
87.4988 43348 208.202
87.6154 44794 211.646
87.7318 47830 218.701
87.8483 50830 225.455
87.9647 52787 229.754
88.081 54639 233.75
88.1973 55504 235.593
88.3136 56252 237.175
88.4298 55211 234.97
88.546 50921 225.657
88.6621 46815 216.368
88.7781 43553 208.694
88.8942 0 1
89.0101 0 1
89.126 0 1
89.2419 0 1
89.3577 0 1
89.4734 0 1
89.5891 0 1
89.7047 0 1
89.8203 0 1
89.9358 0 1
92.3269 0 1
92.4424 0 1
92.558 0 1
92.6736 0 1
92.7893 0 1
92.905 0 1
93.0208 0 1
93.1366 0 1
93.2525 0 1
93.3685 0 1
93.4845 0 1
93.6005 57629 240.06
93.7167 58310 241.475
93.8328 57615 240.031
93.949 55088 234.708
94.0653 51045 225.931
94.1816 47429 217.782
94.2979 44576 211.13
94.4143 43113 207.637
94.5307 42869 207.048
94.6472 45189 212.577
94.7637 49225 221.867
94.8803 52614 229.377
94.9969 55939 236.514
95.1135 57223 239.213
95.2302 59251 243.415
95.3469 61066 247.115
95.4637 60834 246.645
95.5805 62105 249.209
95.6973 63028 251.054
95.8142 62758 250.515
95.9311 61478 247.948
96.048 60254 245.467
96.1649 58262 241.375
96.2819 56343 237.367
96.3989 53512 231.327
96.516 51087 226.024
96.633 49431 222.331
96.7501 50272 224.214
96.8673 52759 229.693
96.9844 55134 234.806
97.1016 57477 239.744
97.2188 59168 243.245
97.336 59025 242.951
97.4532 59213 243.337
97.5704 57072 238.897
97.6877 53244 230.747
97.805 48210 219.568
97.9223 45171 212.535
98.0396 42817 206.923
98.1569 42233 205.507
98.2743 42899 207.121
98.3916 46318 215.216
98.509 50584 224.909
98.6264 53068 230.365
98.7438 56236 237.141
98.8612 57833 240.485
98.9786 58836 242.561
99.096 60092 245.137
99.2134 60693 246.359
99.3308 61561 248.115
99.4482 61532 248.056
99.5656 60315 245.591
99.6831 58428 241.719
99.8005 56109 236.873
99.9179 54792 234.077
100.035 51715 227.409
100.153 49292 222.018
100.27 48917 221.172
100.388 50758 225.295
100.505 53189 230.627
100.622 56214 237.095
100.74 56765 238.254
100.857 57582 239.962
100.975 58067 240.971
101.092 57696 240.2
101.209 55439 235.455
101.327 50808 225.406
101.444 47149 217.138
101.561 43954 209.652
101.679 42718 206.683
101.796 42517 206.197
101.913 45352 212.96
102.03 49458 222.392
102.148 53188 230.625
102.265 60066 245.084
102.382 55040 234.606
102.499 60598 246.167
102.616 61957 248.912
102.733 63493 251.978
102.851 63649 252.288
102.968 64397 253.766
103.085 63705 252.398
103.202 62262 249.524
103.319 60371 245.705
103.436 58458 241.781
103.552 55596 235.788
103.669 52439 228.996
103.786 51900 227.816
103.903 54583 233.63
104.02 57934 240.695
104.137 60799 246.575
104.253 63929 252.842
104.37 61866 248.729
104.487 64484 253.937
104.603 64032 253.045
104.72 60975 246.931
104.836 56963 238.669
104.953 52655 229.467
105.069 50232 224.125
105.186 48802 220.912
105.302 49855 223.282
105.418 53864 232.086
105.535 59036 242.973
105.651 62838 250.675
105.767 66922 258.693
105.883 69471 263.574
105.999 72010 268.347
106.115 0 1
106.231 0 1
106.347 0 1
106.463 0 1
106.579 0 1
106.694 0 1
106.81 0 1
106.926 0 1
107.041 0 1
107.157 0 1
109.576 0 1
109.692 0 1
109.807 0 1
109.923 0 1
110.039 0 1
110.155 0 1
110.27 0 1
110.386 0 1
110.502 0 1
110.618 70862 266.199
110.735 76301 276.226
110.851 80774 284.208
110.967 84512 290.709
111.083 85403 292.238
111.199 87021 294.993
111.316 88810 298.01
111.432 89442 299.069
111.549 89542 299.236
111.665 88349 297.236
111.782 85545 292.481
111.898 83237 288.508
112.015 80215 283.223
112.132 75077 274.002
112.248 72015 268.356
112.365 73569 271.236
112.482 77868 279.048
112.599 80617 283.931
112.716 83678 289.271
112.832 84595 290.852
112.949 84989 291.529
113.066 84646 290.94
113.183 82779 287.713
113.3 77129 277.721
113.417 71468 267.335
113.534 66893 258.637
113.652 63995 252.972
113.769 61558 248.109
113.886 62889 250.777
114.003 66347 257.579
114.12 72382 269.039
114.238 75798 275.314
114.355 80019 282.876
114.472 86590 294.262
114.589 79871 282.615
114.707 85195 291.882
114.824 86256 293.694
114.942 87676 296.101
115.059 88200 296.985
115.176 87328 295.513
115.294 85980 293.223
115.411 84029 289.878
115.529 81326 285.177
115.646 77100 277.669
115.764 73578 271.253
115.881 73602 271.297
115.999 76321 276.263
116.116 80825 284.297
116.234 83974 289.783
116.351 84647 290.942
116.469 85461 292.337
116.586 85518 292.435
116.704 84933 291.433
116.821 81314 285.156
116.939 75131 274.1
117.056 70296 265.134
117.174 67195 259.22
117.291 64042 253.065
117.409 62559 250.118
117.526 65265 255.47
117.644 70884 266.24
117.761 75021 273.9
117.879 78946 280.973
117.996 80249 283.283
118.114 82681 287.543
118.231 85212 291.911
118.349 84834 291.263
118.466 85989 293.239
118.584 86030 293.309
118.701 86772 294.571
118.819 85073 291.673
118.936 83528 289.012
119.053 80684 284.049
119.171 77413 278.232
119.288 73075 270.324
119.405 69922 264.428
119.523 69895 264.377
119.64 73597 271.288
119.757 76562 276.698
119.875 78941 280.964
119.992 78919 280.925
120.109 78528 280.228
120.226 78043 279.362
120.343 76781 277.094
120.46 73932 271.904
120.578 68697 262.101
120.695 64152 253.282
120.812 60722 246.418
120.929 57441 239.669
121.046 56029 236.704
121.163 57141 239.042
121.279 60688 246.349
121.396 64291 253.557
121.513 67022 258.886
121.63 69007 262.692
121.747 71450 267.301
121.863 71453 267.307
121.98 71967 268.267
122.097 73122 270.411
122.213 72310 268.905
122.33 72300 268.887
122.446 70986 266.432
122.563 69070 262.812
122.679 67872 260.523
122.795 65862 256.636
122.912 62849 250.697
123.028 59144 243.195
123.144 57179 239.121
123.26 56786 238.298
123.377 0 1
123.493 0 1
123.609 0 1
123.725 0 1
123.84 0 1
123.956 0 1
124.072 0 1
124.188 0 1
124.303 0 1
124.419 0 1
126.852 0 1
126.968 0 1
127.083 0 1
127.199 0 1
127.315 0 1
127.431 0 1
127.547 0 1
127.663 0 1
127.779 0 1
127.895 0 1
128.011 0 1
128.127 0 1
128.243 0 1
128.359 60185 245.326
128.476 60349 245.66
128.592 63127 251.251
128.708 66874 258.6
128.825 69359 263.361
128.941 70588 265.684
129.058 70521 265.558
129.174 70568 265.646
129.291 69545 263.714
129.408 67397 259.609
129.524 63456 251.905
129.641 60495 245.957
129.758 58003 240.838
129.875 56288 237.251
129.992 55076 234.683
130.108 56958 238.659
130.225 60982 246.945
130.342 64581 254.128
130.459 66060 257.021
130.576 70905 266.28
130.693 71872 268.09
130.81 73068 270.311
130.928 73889 271.825
131.045 75241 274.301
131.162 76251 276.136
131.279 76401 276.407
131.396 77044 277.568
131.513 75753 275.233
131.631 74078 272.173
131.748 71943 268.222
131.865 67819 260.421
131.983 67725 260.24
132.1 70123 264.807
132.217 73670 271.422
132.335 76425 276.451
132.452 77252 277.942
132.57 77308 278.043
132.687 75076 274
132.804 79485 281.931
132.922 74571 273.077
133.039 70364 265.262
133.157 67573 259.948
133.274 64786 254.531
133.392 62281 249.562
133.509 60212 245.381
133.627 61593 248.179
133.744 64476 253.921
133.862 67352 259.523
133.979 71038 266.53
134.097 73350 270.832
134.214 74797 273.49
134.332 75222 274.266
134.449 76695 276.939
134.567 77932 279.163
134.684 79130 281.301
134.802 79869 282.611
134.919 80075 282.975
135.037 78349 279.909
135.154 76602 276.771
135.272 74734 273.375
135.389 71723 267.812
135.507 69457 263.547
135.624 70069 264.705
135.742 73220 270.592
135.859 77118 277.701
135.977 78276 279.778
136.094 78860 280.82
136.211 78387 279.977
136.329 78344 279.9
136.446 77153 277.764
136.564 74558 273.053
136.681 70573 265.656
136.798 67571 259.944
136.915 64827 254.611
137.033 62681 250.362
137.15 61128 247.241
137.267 61458 247.907
137.384 64315 253.604
137.502 67096 259.029
137.619 69865 264.32
137.736 71164 266.766
137.853 72157 268.621
137.97 74984 273.832
138.087 73787 271.638
138.204 77035 277.552
138.321 77630 278.622
138.438 78614 280.382
138.555 79068 281.19
138.672 79155 281.345
138.788 77699 278.745
138.905 75036 273.927
139.022 72115 268.542
139.139 70238 265.025
139.255 70379 265.29
139.372 74135 272.277
139.488 76566 276.706
139.605 78873 280.843
139.721 79107 281.26
139.838 79185 281.398
139.954 78591 280.341
140.071 76822 277.168
140.187 75238 274.295
140.303 71159 266.756
140.419 67549 259.902
140.535 64613 254.191
140.652 61833 248.662
140.768 0 1
140.884 0 1
141 0 1
141.115 0 1
141.231 0 1
141.347 0 1
141.463 0 1
141.578 0 1
141.694 0 1
144.104 0 1
144.219 0 1
144.335 0 1
144.45 0 1
144.566 0 1
144.682 0 1
144.798 0 1
144.914 0 1
145.03 0 1
145.146 65579 256.084
145.262 63727 252.442
145.378 61490 247.972
145.494 59329 243.575
145.61 57199 239.163
145.726 55950 236.538
145.842 55004 234.529
145.959 56419 237.527
146.075 57563 239.923
146.192 60286 245.532
146.308 61679 248.353
146.425 63588 252.167
146.541 64277 253.529
146.658 65565 256.057
146.774 66606 258.081
146.891 67023 258.888
147.008 67882 260.542
147.125 70042 264.654
147.241 68992 262.663
147.358 68363 261.463
147.475 66837 258.529
147.592 64291 253.557
147.709 61423 247.837
147.826 61004 246.99
147.943 62740 250.48
148.06 64670 254.303
148.177 67878 260.534
148.294 68115 260.989
148.411 68023 260.812
148.528 68008 260.783
148.645 67469 259.748
148.762 66532 257.938
148.88 63875 252.735
148.997 59767 244.473
149.114 60554 246.077
149.231 57191 239.146
149.349 56337 237.354
149.466 53903 232.17
149.583 54496 233.444
149.701 55545 235.68
149.818 58099 241.037
149.935 59129 243.165
150.053 60646 246.264
150.17 61474 247.94
150.287 62577 250.154
150.405 64129 253.237
150.522 65570 256.066
150.64 66167 257.229
150.757 67204 259.237
150.875 66727 258.316
150.992 66237 257.365
151.11 64923 254.8
151.227 63041 251.08
151.344 60388 245.74
151.462 58877 242.646
151.579 61091 247.166
151.697 63624 252.238
151.814 66283 257.455
151.932 67503 259.813
152.049 67385 259.586
152.167 67579 259.96
152.284 66815 258.486
152.402 65017 254.984
152.519 63022 251.042
152.636 60886 246.751
152.754 58855 242.6
152.871 57313 239.401
152.989 55907 236.447
153.106 54840 234.179
153.223 55452 235.482
153.341 57246 239.261
153.458 59077 243.058
153.575 60514 245.996
153.693 61254 247.495
153.81 63259 251.513
153.927 64165 253.308
154.044 66166 257.228
154.162 66742 258.345
154.279 68287 261.318
154.396 69697 264.002
154.513 70132 264.824
154.63 69208 263.074
154.747 68410 261.553
154.864 66837 258.529
154.981 63653 252.295
155.098 62727 250.454
155.215 64197 253.371
155.332 67207 259.243
155.449 69001 262.68
155.566 68554 261.828
155.683 68889 262.467
155.8 68547 261.815
155.917 68350 261.438
156.033 67180 259.191
156.15 0 1
156.267 0 1
156.383 0 1
156.5 0 1
156.617 0 1
156.733 0 1
156.85 0 1
156.966 0 1
157.082 0 1
157.199 0 1
157.315 0 1
157.431 0 1
157.547 0 1
157.664 0 1
157.78 0 1
157.896 0 1
158.012 0 1
158.128 0 1
158.244 0 1
158.359 0 1
158.475 0 1
158.591 0 1
158.706 0 1
