
6.15755 0 1
6.2731 0 1
6.3887 0 1
6.50437 0 1
6.62009 0 1
6.73587 0 1
6.8517 0 1
6.96759 0 1
7.08353 0 1
7.19952 0 1
7.31557 0 1
7.43166 0 1
7.54781 0 1
7.664 0 1
7.78024 0 1
7.89653 0 1
8.01286 0 1
8.12924 0 1
8.24567 0 1
8.36213 0 1
8.47864 0 1
8.59519 0 1
8.71178 0 1
8.82841 0 1
8.94508 0 1
9.06179 0 1
9.17853 0 1
9.29531 0 1
9.41212 0 1
9.52897 0 1
9.64584 0 1
9.76276 0 1
9.8797 0 1
9.99667 0 1
10.1137 0 1
10.2307 0 1
10.3478 0 1
10.4648 0 1
10.5819 0 1
10.6991 0 1
10.8162 0 1
10.9334 0 1
11.0506 0 1
11.1678 0 1
11.285 0 1
11.4023 0 1
11.5196 0 1
11.6369 0 1
11.7542 0 1
11.8715 0 1
11.9888 0 1
12.1062 0 1
12.2235 0 1
12.3409 0 1
12.4582 0 1
12.5756 0 1
12.693 0 1
12.8104 0 1
12.9278 0 1
13.0452 0 1
13.1626 0 1
13.28 0 1
13.3974 0 1
13.5149 0 1
13.6323 0 1
13.7497 0 1
13.8671 0 1
13.9845 0 1
14.1019 0 1
14.2193 0 1
14.3367 0 1
14.4541 0 1
14.5714 0 1
14.6888 0 1
14.8062 0 1
14.9235 0 1
15.0408 879 29.6479
15.1581 888 29.7993
15.2755 858 29.2916
15.3927 878 29.6311
15.51 899 29.9833
15.6273 883 29.7153
15.7445 855 29.2404
15.8617 829 28.7924
15.9789 819 28.6182
16.0961 800 28.2843
16.2132 772 27.7849
16.3304 754 27.4591
16.4475 764 27.6405
16.5646 799 28.2666
16.6816 767 27.6948
16.7986 711 26.6646
16.9156 770 27.7489
17.0326 737 27.1477
17.1496 739 27.1846
17.2665 743 27.258
17.3833 832 28.8444
17.5002 761 27.5862
17.617 758 27.5318
17.7338 774 27.8209
17.8505 804 28.3549
17.9672 785 28.0179
18.0839 675 25.9808
18.2005 693 26.3249
18.3171 708 26.6083
18.4337 741 27.2213
18.5502 801 28.3019
18.6666 783 27.9821
18.7831 770 27.7489
18.8994 774 27.8209
19.0158 708 26.6083
19.1321 716 26.7582
19.2483 625 25
19.3645 642 25.3377
19.4806 585 24.1868
19.5967 543 23.3024
19.7128 554 23.5372
19.8288 500 22.3607
19.9447 451 21.2368
20.0606 0 1
20.1764 0 1
20.2922 0 1
20.4079 0 1
20.5236 0 1
20.6392 0 1
20.7548 0 1
20.8702 0 1
23.3078 0 1
23.4233 0 1
23.539 0 1
23.6547 0 1
23.7704 0 1
23.8862 0 1
24.0021 0 1
24.118 0 1
24.234 0 1
24.35 0 1
24.4661 307 17.5214
24.5822 358 18.9209
24.6984 388 19.6977
24.8146 440 20.9762
24.9309 546 23.3666
25.0472 584 24.1661
25.1636 706 26.5707
25.28 719 26.8142
25.3965 745 27.2947
25.513 805 28.3725
25.6296 816 28.5657
25.7462 766 27.6767
25.8628 765 27.6586
25.9795 850 29.1548
26.0962 853 29.2062
26.213 817 28.5832
26.3298 777 27.8747
26.4466 728 26.9815
26.5635 696 26.3818
26.6804 756 27.4955
26.7973 644 25.3772
26.9143 542 23.2809
27.0313 627 25.04
27.1483 671 25.9037
27.2653 668 25.8457
27.3824 672 25.923
27.4996 666 25.807
27.6167 693 26.3249
27.7339 683 26.1343
27.8511 686 26.1916
27.9683 703 26.5141
28.0855 695 26.3629
28.2028 677 26.0192
28.3201 689 26.2488
28.4374 738 27.1662
28.5547 719 26.8142
28.6721 751 27.4044
28.7894 727 26.9629
28.9068 749 27.3679
29.0242 770 27.7489
29.1416 724 26.9072
29.259 697 26.4008
29.3764 680 26.0768
29.4939 690 26.2679
29.6113 696 26.3818
29.7288 724 26.9072
29.8463 703 26.5141
29.9638 679 26.0576
30.0812 690 26.2679
30.1987 581 24.1039
30.3162 617 24.8395
30.4337 595 24.3926
30.5512 621 24.9199
30.6687 702 26.4953
30.7862 739 27.1846
30.9037 707 26.5895
31.0212 726 26.9444
31.1387 676 26
31.2562 669 25.865
31.3737 669 25.865
31.4912 683 26.1343
31.6087 685 26.1725
31.7262 675 25.9808
31.8436 696 26.3818
31.9611 634 25.1794
32.0785 696 26.3818
32.1959 651 25.5147
32.3134 645 25.3969
32.4308 656 25.6125
32.5482 607 24.6374
32.6655 700 26.4575
32.7829 611 24.7184
32.9002 607 24.6374
33.0176 596 24.4131
33.1349 631 25.1197
33.2522 653 25.5539
33.3694 616 24.8193
33.4867 638 25.2587
33.6039 632 25.1396
33.7211 579 24.0624
33.8383 587 24.2281
33.9554 561 23.6854
34.0725 529 23
34.1896 618 24.8596
34.3067 636 25.219
34.4237 676 26
34.5407 641 25.318
34.6577 677 26.0192
34.7746 669 25.865
34.8915 644 25.3772
35.0084 632 25.1396
35.1252 618 24.8596
35.242 553 23.516
35.3587 580 24.0832
35.4755 601 24.5153
35.5921 598 24.454
35.7088 630 25.0998
35.8254 597 24.4336
35.9419 571 23.8956
36.0584 591 24.3105
36.1749 583 24.1454
36.2913 591 24.3105
36.4077 576 24
36.524 525 22.9129
36.6403 475 21.7945
36.7565 428 20.6882
36.8727 491 22.1585
36.9889 450 21.2132
37.1049 422 20.5426
37.221 0 1
37.3369 0 1
37.4529 0 1
37.5687 0 1
37.6845 0 1
37.8003 0 1
37.916 0 1
38.0316 0 1
38.1472 0 1
40.5851 0 1
40.7008 0 1
40.8164 0 1
40.9322 0 1
41.048 0 1
41.1639 0 1
41.2798 0 1
41.3958 0 1
41.5118 0 1
41.6279 0 1
41.744 253 15.906
41.8602 317 17.8045
41.9765 350 18.7083
42.0928 366 19.1311
42.2091 396 19.8997
42.3255 454 21.3073
42.4419 474 21.7715
42.5584 458 21.4009
42.675 459 21.4243
42.7915 426 20.6398
42.9081 454 21.3073
43.0248 429 20.7123
43.1415 483 21.9773
43.2582 481 21.9317
43.375 476 21.8174
43.4918 474 21.7715
43.6087 471 21.7025
43.7256 506 22.4944
43.8425 420 20.4939
43.9595 436 20.8806
44.0765 405 20.1246
44.1935 423 20.567
44.3106 470 21.6795
44.4277 424 20.5913
44.5448 531 23.0434
44.6619 474 21.7715
44.7791 449 21.1896
44.8963 481 21.9317
45.0136 450 21.2132
45.1308 461 21.4709
45.2481 455 21.3307
45.3654 476 21.8174
45.4827 499 22.3383
45.6001 518 22.7596
45.7174 467 21.6102
45.8348 548 23.4094
45.9522 515 22.6936
46.0697 487 22.0681
46.1871 446 21.1187
46.3046 438 20.9284
46.422 403 20.0749
46.5395 439 20.9523
46.657 421 20.5183
46.7745 470 21.6795
46.892 479 21.8861
47.0096 499 22.3383
47.1271 473 21.7486
47.2446 455 21.3307
47.3622 464 21.5407
47.4797 460 21.4476
47.5973 447 21.1424
47.7149 410 20.2485
47.8324 443 21.0476
47.95 493 22.2036
48.0675 473 21.7486
48.1851 448 21.166
48.3027 498 22.3159
48.4202 476 21.8174
48.5378 516 22.7156
48.6554 438 20.9284
48.7729 492 22.1811
48.8904 523 22.8692
49.008 468 21.6333
49.1255 481 21.9317
49.243 510 22.5832
49.3605 518 22.7596
49.478 482 21.9545
49.5955 491 22.1585
49.713 426 20.6398
49.8304 413 20.3224
49.9479 396 19.8997
50.0653 430 20.7364
50.1827 443 21.0476
50.3001 439 20.9523
50.4175 459 21.4243
50.5348 411 20.2731
50.6521 418 20.445
50.7694 427 20.664
50.8867 455 21.3307
51.004 436 20.8806
51.1212 380 19.4936
51.2384 393 19.8242
51.3556 460 21.4476
51.4727 416 20.3961
51.5899 441 21
51.707 446 21.1187
51.824 446 21.1187
51.9411 444 21.0713
52.0581 471 21.7025
52.175 443 21.0476
52.2919 436 20.8806
52.4088 453 21.2838
52.5257 436 20.8806
52.6425 444 21.0713
52.7593 452 21.2603
52.876 467 21.6102
52.9927 478 21.8632
53.1094 476 21.8174
53.226 427 20.664
53.3426 439 20.9523
53.4591 419 20.4695
53.5756 378 19.4422
53.692 412 20.2978
53.8084 418 20.445
53.9248 398 19.9499
54.0411 361 19
54.1573 356 18.868
54.2735 0 1
54.3896 0 1
54.5057 0 1
54.6217 0 1
54.7377 0 1
54.8537 0 1
54.9695 0 1
55.0853 0 1
55.2011 0 1
55.3168 0 1
55.4324 0 1
57.824 0 1
57.9396 0 1
58.0553 0 1
58.1711 0 1
58.2869 0 1
58.4028 0 1
58.5187 0 1
58.6347 0 1
58.7508 0 1
58.8669 0 1
58.983 4690 68.4836
59.0992 6135 78.3262
59.2155 8163 90.3493
59.3318 10458 102.264
59.4482 13332 115.464
59.5646 16416 128.125
59.681 19014 137.891
59.7975 20393 142.804
59.9141 23174 152.23
60.0306 28331 168.318
60.1473 34531 185.825
60.2639 41330 203.298
60.3807 47066 216.947
60.4974 52169 228.405
60.6142 56505 237.708
60.731 59932 244.81
60.8479 63104 251.205
60.9648 65289 255.517
61.0818 67256 259.338
61.1987 68528 261.779
61.3158 68932 262.549
61.4328 69505 263.638
61.5499 69843 264.278
61.667 68573 261.864
61.7841 67177 259.185
61.9013 64285 253.545
62.0185 59941 244.829
62.1357 55185 234.915
62.253 51311 226.519
62.3702 46709 216.123
62.4875 41796 204.441
62.6049 36018 189.784
62.7222 30268 173.977
62.8396 25147 158.578
62.9569 20592 143.499
63.0743 16772 129.507
63.1918 13471 116.065
63.3092 10740 103.634
63.4267 8758 93.5842
63.5441 6769 82.2739
63.6616 5232 72.3326
63.7791 4066 63.7652
63.8966 3107 55.7405
64.0142 2402 49.0102
64.1317 1941 44.0568
64.2492 1554 39.4208
64.3668 1317 36.2905
64.4843 1002 31.6544
64.6019 856 29.2575
64.7195 826 28.7402
64.837 732 27.0555
64.9546 702 26.4953
65.0722 639 25.2784
65.1898 648 25.4558
65.3074 647 25.4362
65.4249 591 24.3105
65.5425 593 24.3516
65.6601 546 23.3666
65.7777 537 23.1733
65.8952 544 23.3238
66.0128 568 23.8328
66.1304 543 23.3024
66.2479 550 23.4521
66.3655 523 22.8692
66.483 502 22.4054
66.6005 505 22.4722
66.718 478 21.8632
66.8355 558 23.622
66.953 515 22.6936
67.0705 525 22.9129
67.1879 509 22.561
67.3054 513 22.6495
67.4228 483 21.9773
67.5402 452 21.2603
67.6576 513 22.6495
67.7749 506 22.4944
67.8923 504 22.4499
68.0096 534 23.1084
68.1269 483 21.9773
68.2442 473 21.7486
68.3614 521 22.8254
68.4787 502 22.4054
68.5958 490 22.1359
68.713 475 21.7945
68.8302 515 22.6936
68.9473 497 22.2935
69.0643 499 22.3383
69.1814 459 21.4243
69.2984 489 22.1133
69.4154 488 22.0907
69.5323 497 22.2935
69.6492 472 21.7256
69.7661 543 23.3024
69.8829 496 22.2711
69.9997 517 22.7376
70.1165 483 21.9773
70.2332 484 22
70.3499 456 21.3542
70.4665 494 22.2261
70.5831 431 20.7605
70.6996 397 19.9249
70.8161 394 19.8494
70.9326 373 19.3132
71.049 312 17.6635
71.1653 296 17.2047
71.2817 287 16.9411
71.3979 281 16.7631
71.5141 267 16.3401
71.6303 202 14.2127
71.7464 190 13.784
71.8624 0 1
71.9784 0 1
72.0944 0 1
72.2102 0 1
72.3261 0 1
72.4418 0 1
72.5575 0 1
72.6732 0 1
75.1054 0 1
75.2209 0 1
75.3365 0 1
75.4521 0 1
75.5678 0 1
75.6835 0 1
75.7993 0 1
75.9151 0 1
76.031 0 1
76.147 277 16.6433
76.263 338 18.3848
76.3791 369 19.2094
76.4952 385 19.6214
76.6113 411 20.2731
76.7276 420 20.4939
76.8438 496 22.2711
76.9601 409 20.2237
77.0765 418 20.445
77.1929 423 20.567
77.3093 437 20.9045
77.4258 422 20.5426
77.5423 446 21.1187
77.6589 410 20.2485
77.7755 435 20.8567
77.8921 447 21.1424
78.0088 427 20.664
78.1256 440 20.9762
78.2423 458 21.4009
78.3591 447 21.1424
78.4759 382 19.5448
78.5928 421 20.5183
78.7097 420 20.4939
78.8266 423 20.567
78.9436 427 20.664
79.0606 443 21.0476
79.1776 437 20.9045
79.2946 391 19.7737
79.4117 501 22.383
79.5288 451 21.2368
79.6459 425 20.6155
79.7631 472 21.7256
79.8802 447 21.1424
79.9974 449 21.1896
80.1147 406 20.1494
80.2319 434 20.8327
80.3491 439 20.9523
80.4664 387 19.6723
80.5837 421 20.5183
80.701 443 21.0476
80.8183 452 21.2603
80.9357 391 19.7737
81.053 421 20.5183
81.1704 450 21.2132
81.2877 459 21.4243
81.4051 420 20.4939
81.5225 442 21.0238
81.6399 461 21.4709
81.7573 468 21.6333
81.8747 465 21.5639
81.9922 434 20.8327
82.1096 450 21.2132
82.227 432 20.7846
82.3444 419 20.4695
82.4619 425 20.6155
82.5793 435 20.8567
82.6967 418 20.445
82.8142 426 20.6398
82.9316 459 21.4243
83.049 434 20.8327
83.1664 489 22.1133
83.2838 431 20.7605
83.4012 438 20.9284
83.5186 451 21.2368
83.636 428 20.6882
83.7534 436 20.8806
83.8708 426 20.6398
83.9881 435 20.8567
84.1055 428 20.6882
84.2228 410 20.2485
84.3401 453 21.2838
84.4575 402 20.0499
84.5747 436 20.8806
84.692 470 21.6795
84.8093 431 20.7605
84.9265 428 20.6882
85.0437 444 21.0713
85.1609 445 21.095
85.2781 443 21.0476
85.3952 484 22
85.5123 468 21.6333
85.6294 455 21.3307
85.7465 468 21.6333
85.8636 456 21.3542
85.9806 424 20.5913
86.0976 429 20.7123
86.2145 417 20.4206
86.3315 428 20.6882
86.4484 426 20.6398
86.5652 462 21.4942
86.682 453 21.2838
86.7988 437 20.9045
86.9156 438 20.9284
87.0323 473 21.7486
87.149 437 20.9045
87.2657 431 20.7605
87.3823 429 20.7123
87.4988 426 20.6398
87.6154 414 20.347
87.7318 401 20.025
87.8483 407 20.1742
87.9647 371 19.2614
88.081 337 18.3576
88.1973 341 18.4662
88.3136 293 17.1172
88.4298 305 17.4642
88.546 305 17.4642
88.6621 279 16.7033
88.7781 257 16.0312
88.8942 0 1
89.0101 0 1
89.126 0 1
89.2419 0 1
89.3577 0 1
89.4734 0 1
89.5891 0 1
89.7047 0 1
89.8203 0 1
89.9358 0 1
92.3269 0 1
92.4424 0 1
92.558 0 1
92.6736 0 1
92.7893 0 1
92.905 0 1
93.0208 0 1
93.1366 0 1
93.2525 0 1
93.3685 0 1
93.4845 0 1
93.6005 349 18.6815
93.7167 357 18.8944
93.8328 423 20.567
93.949 417 20.4206
94.0653 442 21.0238
94.1816 478 21.8632
94.2979 457 21.3776
94.4143 451 21.2368
94.5307 485 22.0227
94.6472 466 21.587
94.7637 424 20.5913
94.8803 464 21.5407
94.9969 465 21.5639
95.1135 455 21.3307
95.2302 427 20.664
95.3469 430 20.7364
95.4637 439 20.9523
95.5805 470 21.6795
95.6973 480 21.9089
95.8142 457 21.3776
95.9311 441 21
96.048 475 21.7945
96.1649 458 21.4009
96.2819 500 22.3607
96.3989 485 22.0227
96.516 412 20.2978
96.633 422 20.5426
96.7501 405 20.1246
96.8673 383 19.5704
96.9844 459 21.4243
97.1016 442 21.0238
97.2188 461 21.4709
97.336 467 21.6102
97.4532 432 20.7846
97.5704 414 20.347
97.6877 469 21.6564
97.805 468 21.6333
97.9223 495 22.2486
98.0396 487 22.0681
98.1569 493 22.2036
98.2743 447 21.1424
98.3916 454 21.3073
98.509 438 20.9284
98.6264 454 21.3073
98.7438 474 21.7715
98.8612 393 19.8242
98.9786 477 21.8403
99.096 510 22.5832
99.2134 522 22.8473
99.3308 500 22.3607
99.4482 524 22.891
99.5656 486 22.0454
99.6831 524 22.891
99.8005 497 22.2935
99.9179 491 22.1585
100.035 474 21.7715
100.153 474 21.7715
100.27 465 21.5639
100.388 438 20.9284
100.505 452 21.2603
100.622 460 21.4476
100.74 459 21.4243
100.857 410 20.2485
100.975 457 21.3776
101.092 451 21.2368
101.209 527 22.9565
101.327 489 22.1133
101.444 511 22.6053
101.561 557 23.6008
101.679 501 22.383
101.796 503 22.4277
101.913 518 22.7596
102.03 514 22.6716
102.148 453 21.2838
102.265 537 23.1733
102.382 446 21.1187
102.499 433 20.8087
102.616 500 22.3607
102.733 526 22.9347
102.851 521 22.8254
102.968 545 23.3452
103.085 536 23.1517
103.202 513 22.6495
103.319 566 23.7908
103.436 533 23.0868
103.552 554 23.5372
103.669 520 22.8035
103.786 554 23.5372
103.903 474 21.7715
104.02 497 22.2935
104.137 501 22.383
104.253 484 22
104.37 483 21.9773
104.487 525 22.9129
104.603 545 23.3452
104.72 544 23.3238
104.836 577 24.0208
104.953 552 23.4947
105.069 555 23.5584
105.186 514 22.6716
105.302 476 21.8174
105.418 433 20.8087
105.535 387 19.6723
105.651 354 18.8149
105.767 342 18.4932
105.883 330 18.1659
105.999 274 16.5529
106.115 0 1
106.231 0 1
106.347 0 1
106.463 0 1
106.579 0 1
106.694 0 1
106.81 0 1
106.926 0 1
107.041 0 1
107.157 0 1
109.576 0 1
109.692 0 1
109.807 0 1
109.923 0 1
110.039 0 1
110.155 0 1
110.27 0 1
110.386 0 1
110.502 0 1
110.618 303 17.4069
110.735 352 18.7617
110.851 393 19.8242
110.967 422 20.5426
111.083 485 22.0227
111.199 477 21.8403
111.316 546 23.3666
111.432 616 24.8193
111.549 679 26.0576
111.665 693 26.3249
111.782 717 26.7769
111.898 750 27.3861
112.015 786 28.0357
112.132 841 29
112.248 828 28.775
112.365 857 29.2746
112.482 853 29.2062
112.599 869 29.4788
112.716 889 29.8161
112.832 876 29.5973
112.949 972 31.1769
113.066 930 30.4959
113.183 969 31.1288
113.3 908 30.133
113.417 868 29.4618
113.534 890 29.8329
113.652 841 29
113.769 793 28.1603
113.886 714 26.7208
114.003 637 25.2389
114.12 568 23.8328
114.238 529 23
114.355 461 21.4709
114.472 439 20.9523
114.589 419 20.4695
114.707 409 20.2237
114.824 419 20.4695
114.942 448 21.166
115.059 454 21.3073
115.176 447 21.1424
115.294 438 20.9284
115.411 442 21.0238
115.529 440 20.9762
115.646 418 20.445
115.764 411 20.2731
115.881 462 21.4942
115.999 413 20.3224
116.116 359 18.9473
116.234 333 18.2483
116.351 404 20.0998
116.469 349 18.6815
116.586 387 19.6723
116.704 403 20.0749
116.821 378 19.4422
116.939 393 19.8242
117.056 368 19.1833
117.174 401 20.025
117.291 465 21.5639
117.409 389 19.7231
117.526 435 20.8567
117.644 398 19.9499
117.761 434 20.8327
117.879 362 19.0263
117.996 375 19.3649
118.114 381 19.5192
118.231 374 19.3391
118.349 385 19.6214
118.466 426 20.6398
118.584 397 19.9249
118.701 409 20.2237
118.819 378 19.4422
118.936 380 19.4936
119.053 408 20.199
119.171 374 19.3391
119.288 410 20.2485
119.405 412 20.2978
119.523 372 19.2873
119.64 356 18.868
119.757 352 18.7617
119.875 324 18
119.992 330 18.1659
120.109 360 18.9737
120.226 366 19.1311
120.343 387 19.6723
120.46 381 19.5192
120.578 385 19.6214
120.695 384 19.5959
120.812 413 20.3224
120.929 410 20.2485
121.046 405 20.1246
121.163 383 19.5704
121.279 440 20.9762
121.396 373 19.3132
121.513 348 18.6548
121.63 343 18.5203
121.747 337 18.3576
121.863 288 16.9706
121.98 318 17.8326
122.097 301 17.3494
122.213 311 17.6352
122.33 329 18.1384
122.446 315 17.7482
122.563 268 16.3707
122.679 319 17.8606
122.795 267 16.3401
122.912 270 16.4317
123.028 221 14.8661
123.144 221 14.8661
123.26 205 14.3178
123.377 0 1
123.493 0 1
123.609 0 1
123.725 0 1
123.84 0 1
123.956 0 1
124.072 0 1
124.188 0 1
124.303 0 1
124.419 0 1
126.852 0 1
126.968 0 1
127.083 0 1
127.199 0 1
127.315 0 1
127.431 0 1
127.547 0 1
127.663 0 1
127.779 0 1
127.895 0 1
128.011 0 1
128.127 0 1
128.243 0 1
128.359 374 19.3391
128.476 429 20.7123
128.592 397 19.9249
128.708 385 19.6214
128.825 400 20
128.941 401 20.025
129.058 401 20.025
129.174 428 20.6882
129.291 421 20.5183
129.408 427 20.664
129.524 395 19.8746
129.641 451 21.2368
129.758 447 21.1424
129.875 475 21.7945
129.992 479 21.8861
130.108 475 21.7945
130.225 513 22.6495
130.342 522 22.8473
130.459 515 22.6936
130.576 520 22.8035
130.693 509 22.561
130.81 473 21.7486
130.928 532 23.0651
131.045 540 23.2379
131.162 568 23.8328
131.279 617 24.8395
131.396 636 25.219
131.513 761 27.5862
131.631 725 26.9258
131.748 839 28.9655
131.865 791 28.1247
131.983 870 29.4958
132.1 835 28.8964
132.217 861 29.3428
132.335 895 29.9166
132.452 912 30.1993
132.57 966 31.0805
132.687 969 31.1288
132.804 1021 31.9531
132.922 1049 32.3883
133.039 996 31.5595
133.157 1059 32.5423
133.274 1158 34.0294
133.392 1077 32.8177
133.509 1141 33.7787
133.627 1099 33.1512
133.744 1134 33.6749
133.862 1168 34.176
133.979 1084 32.9242
134.097 1072 32.7414
134.214 976 31.241
134.332 954 30.8869
134.449 951 30.8383
134.567 951 30.8383
134.684 1034 32.1559
134.802 1062 32.5883
134.919 1113 33.3617
135.037 1060 32.5576
135.154 1077 32.8177
135.272 1105 33.2415
135.389 1094 33.0757
135.507 1043 32.2955
135.624 1012 31.8119
135.742 1049 32.3883
135.859 969 31.1288
135.977 1005 31.7017
136.094 1030 32.0936
136.211 1001 31.6386
136.329 1018 31.9061
136.446 1061 32.573
136.564 997 31.5753
136.681 1012 31.8119
136.798 964 31.0483
136.915 1080 32.8634
137.033 1020 31.9374
137.15 1029 32.078
137.267 1021 31.9531
137.384 1027 32.0468
137.502 1028 32.0624
137.619 994 31.5278
137.736 976 31.241
137.853 940 30.6594
137.97 835 28.8964
138.087 821 28.6531
138.204 806 28.3901
138.321 893 29.8831
138.438 901 30.0167
138.555 968 31.1127
138.672 992 31.496
138.788 988 31.4325
138.905 963 31.0322
139.022 961 31
139.139 926 30.4302
139.255 862 29.3598
139.372 761 27.5862
139.488 719 26.8142
139.605 683 26.1343
139.721 648 25.4558
139.838 626 25.02
139.954 657 25.632
140.071 585 24.1868
140.187 557 23.6008
140.303 560 23.6643
140.419 507 22.5167
140.535 523 22.8692
140.652 485 22.0227
140.768 0 1
140.884 0 1
141 0 1
141.115 0 1
141.231 0 1
141.347 0 1
141.463 0 1
141.578 0 1
141.694 0 1
144.104 0 1
144.219 0 1
144.335 0 1
144.45 0 1
144.566 0 1
144.682 0 1
144.798 0 1
144.914 0 1
145.03 0 1
145.146 822 28.6705
145.262 864 29.3939
145.378 890 29.8329
145.494 921 30.348
145.61 916 30.2655
145.726 953 30.8707
145.842 948 30.7896
145.959 998 31.5911
146.075 999 31.607
146.192 1026 32.0312
146.308 1019 31.9218
146.425 1018 31.9061
146.541 936 30.5941
146.658 924 30.3974
146.774 903 30.05
146.891 856 29.2575
147.008 944 30.7246
147.125 938 30.6268
147.241 983 31.3528
147.358 1015 31.8591
147.475 962 31.0161
147.592 1064 32.619
147.709 1010 31.7805
147.826 1069 32.6956
147.943 965 31.0644
148.06 1002 31.6544
148.177 881 29.6816
148.294 978 31.273
148.411 994 31.5278
148.528 1031 32.1092
148.645 951 30.8383
148.762 985 31.3847
148.88 1001 31.6386
148.997 1004 31.686
149.114 1027 32.0468
149.231 944 30.7246
149.349 996 31.5595
149.466 1110 33.3167
149.583 1060 32.5576
149.701 1029 32.078
149.818 1031 32.1092
149.935 1068 32.6803
150.053 1012 31.8119
150.17 938 30.6268
150.287 828 28.775
150.405 830 28.8097
150.522 803 28.3373
150.64 864 29.3939
150.757 909 30.1496
150.875 971 31.1609
150.992 1047 32.3574
151.11 898 29.9666
151.227 913 30.2159
151.344 943 30.7083
151.462 982 31.3369
151.579 903 30.05
151.697 961 31
151.814 938 30.6268
151.932 934 30.5614
152.049 905 30.0832
152.167 881 29.6816
152.284 918 30.2985
152.402 863 29.3769
152.519 964 31.0483
152.636 938 30.6268
152.754 974 31.209
152.871 864 29.3939
152.989 911 30.1828
153.106 925 30.4138
153.223 914 30.2324
153.341 935 30.5778
153.458 911 30.1828
153.575 889 29.8161
153.693 874 29.5635
153.81 766 27.6767
153.927 756 27.4955
154.044 711 26.6646
154.162 744 27.2764
154.279 821 28.6531
154.396 818 28.6007
154.513 833 28.8617
154.63 863 29.3769
154.747 791 28.1247
154.864 825 28.7228
154.981 826 28.7402
155.098 836 28.9137
155.215 856 29.2575
155.332 808 28.4253
155.449 792 28.1425
155.566 772 27.7849
155.683 828 28.775
155.8 814 28.5307
155.917 769 27.7308
156.033 810 28.4605
156.15 0 1
156.267 0 1
156.383 0 1
156.5 0 1
156.617 0 1
156.733 0 1
156.85 0 1
156.966 0 1
157.082 0 1
157.199 0 1
157.315 0 1
157.431 0 1
157.547 0 1
157.664 0 1
157.78 0 1
157.896 0 1
158.012 0 1
158.128 0 1
158.244 0 1
158.359 0 1
158.475 0 1
158.591 0 1
158.706 0 1
