
6.15755 0 1
6.2731 0 1
6.3887 0 1
6.50437 0 1
6.62009 0 1
6.73587 0 1
6.8517 0 1
6.96759 0 1
7.08353 0 1
7.19952 0 1
7.31557 0 1
7.43166 0 1
7.54781 0 1
7.664 0 1
7.78024 0 1
7.89653 0 1
8.01286 0 1
8.12924 0 1
8.24567 0 1
8.36213 0 1
8.47864 0 1
8.59519 0 1
8.71178 0 1
8.82841 0 1
8.94508 0 1
9.06179 0 1
9.17853 0 1
9.29531 0 1
9.41212 0 1
9.52897 0 1
9.64584 0 1
9.76276 0 1
9.8797 0 1
9.99667 0 1
10.1137 0 1
10.2307 0 1
10.3478 0 1
10.4648 0 1
10.5819 0 1
10.6991 0 1
10.8162 0 1
10.9334 0 1
11.0506 0 1
11.1678 0 1
11.285 0 1
11.4023 0 1
11.5196 0 1
11.6369 0 1
11.7542 0 1
11.8715 0 1
11.9888 0 1
12.1062 0 1
12.2235 0 1
12.3409 0 1
12.4582 0 1
12.5756 0 1
12.693 0 1
12.8104 0 1
12.9278 0 1
13.0452 0 1
13.1626 0 1
13.28 0 1
13.3974 0 1
13.5149 0 1
13.6323 0 1
13.7497 0 1
13.8671 0 1
13.9845 0 1
14.1019 0 1
14.2193 0 1
14.3367 0 1
14.4541 0 1
14.5714 0 1
14.6888 0 1
14.8062 0 1
14.9235 0 1
15.0408 0 0
15.1581 0 0
15.2755 0 0
15.3927 0 0
15.51 0 0
15.6273 0 0
15.7445 0 0
15.8617 0 0
15.9789 0 0
16.0961 0 0
16.2132 0 0
16.3304 0 0
16.4475 0 0
16.5646 0 0
16.6816 0 0
16.7986 0 0
16.9156 0 0
17.0326 0 0
17.1496 0 0
17.2665 0 0
17.3833 0 0
17.5002 0 0
17.617 0 0
17.7338 0 0
17.8505 0 0
17.9672 0 0
18.0839 0 0
18.2005 0 0
18.3171 0 0
18.4337 0 0
18.5502 0 0
18.6666 0 0
18.7831 0 0
18.8994 0 0
19.0158 0 0
19.1321 0 0
19.2483 0 0
19.3645 0 0
19.4806 0 0
19.5967 0 0
19.7128 0 0
19.8288 0 0
19.9447 0 0
20.0606 0 1
20.1764 0 1
20.2922 0 1
20.4079 0 1
20.5236 0 1
20.6392 0 1
20.7548 0 1
20.8702 0 1
23.3078 0 1
23.4233 0 1
23.539 0 1
23.6547 0 1
23.7704 0 1
23.8862 0 1
24.0021 0 1
24.118 0 1
24.234 0 1
24.35 0 1
24.4661 4828 69.4838
24.5822 6111 78.1729
24.6984 6913 83.1445
24.8146 7337 85.6563
24.9309 8393 91.6133
25.0472 9255 96.2029
25.1636 10037 100.185
25.28 10863 104.226
25.3965 11240 106.019
25.513 12137 110.168
25.6296 12512 111.857
25.7462 13083 114.381
25.8628 12963 113.855
25.9795 13051 114.241
26.0962 13109 114.495
26.213 12437 111.521
26.3298 11485 107.168
26.4466 11013 104.943
26.5635 10708 103.479
26.6804 10871 104.264
26.7973 11147 105.579
26.9143 11658 107.972
27.0313 11645 107.912
27.1483 11946 109.298
27.2653 12197 110.44
27.3824 12151 110.232
27.4996 12367 111.207
27.6167 12323 111.009
27.7339 12052 109.782
27.8511 11789 108.577
27.9683 11200 105.83
28.0855 11308 106.339
28.2028 10953 104.657
28.3201 10611 103.01
28.4374 10621 103.058
28.5547 10925 104.523
28.6721 11375 106.654
28.7894 11805 108.651
28.9068 12094 109.973
29.0242 12480 111.714
29.1416 12539 111.978
29.259 12661 112.521
29.3764 12451 111.584
29.4939 12467 111.656
29.6113 12297 110.892
29.7288 11822 108.729
29.8463 10946 104.623
29.9638 10674 103.315
30.0812 10393 101.946
30.1987 10408 102.02
30.3162 10809 103.966
30.4337 10977 104.771
30.5512 11283 106.221
30.6687 11419 106.86
30.7862 11726 108.287
30.9037 12148 110.218
31.0212 12332 111.05
31.1387 12218 110.535
31.2562 11581 107.615
31.3737 11490 107.191
31.4912 11342 106.499
31.6087 10986 104.814
31.7262 10604 102.976
31.8436 10181 100.901
31.9611 10205 101.02
32.0785 10338 101.676
32.1959 10867 104.245
32.3134 11274 106.179
32.4308 11738 108.342
32.5482 12135 110.159
32.6655 11846 108.839
32.7829 12095 109.977
32.9002 12182 110.372
33.0176 12088 109.945
33.1349 11988 109.49
33.2522 11987 109.485
33.3694 11483 107.159
33.4867 10693 103.407
33.6039 10296 101.469
33.7211 10203 101.01
33.8383 10184 100.916
33.9554 10507 102.504
34.0725 10657 103.233
34.1896 11223 105.939
34.3067 11039 105.067
34.4237 11574 107.583
34.5407 11711 108.217
34.6577 11818 108.711
34.7746 11570 107.564
34.8915 11624 107.815
35.0084 11401 106.775
35.1252 11205 105.854
35.242 10604 102.976
35.3587 10310 101.538
35.4755 10186 100.926
35.5921 9650 98.2344
35.7088 9730 98.6408
35.8254 10011 100.055
35.9419 10460 102.274
36.0584 10969 104.733
36.1749 10982 104.795
36.2913 11046 105.1
36.4077 10737 103.619
36.524 10671 103.301
36.6403 10158 100.787
36.7565 9975 99.8749
36.8727 9591 97.9337
36.9889 8746 93.5201
37.1049 7966 89.2525
37.221 0 1
37.3369 0 1
37.4529 0 1
37.5687 0 1
37.6845 0 1
37.8003 0 1
37.916 0 1
38.0316 0 1
38.1472 0 1
40.5851 0 1
40.7008 0 1
40.8164 0 1
40.9322 0 1
41.048 0 1
41.1639 0 1
41.2798 0 1
41.3958 0 1
41.5118 0 1
41.6279 0 1
41.744 5433 73.7089
41.8602 6201 78.7464
41.9765 6803 82.4803
42.0928 7207 84.8941
42.2091 7161 84.6227
42.3255 7163 84.6345
42.4419 7360 85.7904
42.5584 7330 85.6154
42.675 7746 88.0114
42.7915 8505 92.2226
42.9081 9060 95.184
43.0248 9234 96.0937
43.1415 9496 97.4474
43.2582 9794 98.9646
43.375 9910 99.549
43.4918 10008 100.04
43.6087 9937 99.6845
43.7256 9856 99.2774
43.8425 9933 99.6644
43.9595 9606 98.0102
44.0765 9209 95.9635
44.1935 9049 95.1262
44.3106 8678 93.1558
44.4277 8002 89.4539
44.5448 7891 88.8313
44.6619 8447 91.9076
44.7791 8819 93.9095
44.8963 9191 95.8697
45.0136 9802 99.0051
45.1308 10178 100.886
45.2481 10181 100.901
45.3654 10072 100.359
45.4827 9853 99.2623
45.6001 10046 100.23
45.7174 9741 98.6965
45.8348 9315 96.5142
45.9522 8994 94.8367
46.0697 8732 93.4452
46.1871 8430 91.815
46.3046 8790 93.755
46.422 9235 96.0989
46.5395 9317 96.5246
46.657 9790 98.9444
46.7745 9851 99.2522
46.892 10071 100.354
47.0096 10293 101.454
47.1271 10456 102.255
47.2446 10555 102.738
47.3622 10464 102.294
47.4797 10129 100.643
47.5973 9697 98.4733
47.7149 9632 98.1428
47.8324 9134 95.572
47.95 8607 92.7739
48.0675 8235 90.7469
48.1851 8114 90.0777
48.3027 8746 93.5201
48.4202 8958 94.6467
48.5378 9708 98.5292
48.6554 10159 100.792
48.7729 10304 101.509
48.8904 10150 100.747
49.008 10127 100.633
49.1255 10209 101.04
49.243 9832 99.1564
49.3605 9546 97.7036
49.478 8953 94.6203
49.5955 8638 92.9408
49.713 8587 92.6661
49.8304 8710 93.3274
49.9479 9133 95.5667
50.0653 9477 97.3499
50.1827 9590 97.9285
50.3001 10093 100.464
50.4175 10014 100.07
50.5348 10226 101.124
50.6521 10240 101.193
50.7694 10511 102.523
50.8867 10320 101.587
51.004 10134 100.668
51.1212 9857 99.2824
51.2384 9597 97.9643
51.3556 9043 95.0947
51.4727 8420 91.7606
51.5899 7855 88.6284
51.707 7941 89.1123
51.824 8460 91.9783
51.9411 9160 95.7079
52.0581 9957 99.7848
52.175 10345 101.71
52.2919 10482 102.382
52.4088 10381 101.887
52.5257 10671 103.301
52.6425 10500 102.47
52.7593 10250 101.242
52.876 9928 99.6393
52.9927 9607 98.0153
53.1094 9246 96.1561
53.226 8936 94.5304
53.3426 8724 93.4024
53.4591 8712 93.3381
53.5756 8884 94.255
53.692 8972 94.7206
53.8084 8935 94.5251
53.9248 8827 93.9521
54.0411 8346 91.3564
54.1573 7873 88.7299
54.2735 0 1
54.3896 0 1
54.5057 0 1
54.6217 0 1
54.7377 0 1
54.8537 0 1
54.9695 0 1
55.0853 0 1
55.2011 0 1
55.3168 0 1
55.4324 0 1
57.824 0 1
57.9396 0 1
58.0553 0 1
58.1711 0 1
58.2869 0 1
58.4028 0 1
58.5187 0 1
58.6347 0 1
58.7508 0 1
58.8669 0 1
58.983 6177 78.5939
59.0992 7213 84.9294
59.2155 8209 90.6035
59.3318 8849 94.0691
59.4482 9708 98.5292
59.5646 10251 101.247
59.681 11022 104.986
59.7975 11162 105.65
59.9141 11015 104.952
60.0306 10826 104.048
60.1473 10310 101.538
60.2639 9870 99.3479
60.3807 9606 98.0102
60.4974 9609 98.0255
60.6142 10284 101.41
60.731 11123 105.466
60.8479 11975 109.43
60.9648 12348 111.122
61.0818 12597 112.236
61.1987 12310 110.95
61.3158 12336 111.068
61.4328 12340 111.086
61.5499 12105 110.023
61.667 11490 107.191
61.7841 10908 104.441
61.9013 10763 103.745
62.0185 10886 104.336
62.1357 11124 105.47
62.253 11566 107.545
62.3702 11899 109.083
62.4875 12363 111.189
62.6049 12669 112.557
62.7222 12688 112.641
62.8396 12697 112.681
62.9569 12996 114
63.0743 12548 112.018
63.1918 12621 112.343
63.3092 12431 111.494
63.4267 12118 110.082
63.5441 11509 107.28
63.6616 10679 103.339
63.7791 9673 98.3514
63.8966 9244 96.1457
64.0142 9189 95.8593
64.1317 9830 99.1464
64.2492 10434 102.147
64.3668 11521 107.336
64.4843 11965 109.385
64.6019 12139 110.177
64.7195 11882 109.005
64.837 12013 109.604
64.9546 11966 109.389
65.0722 11553 107.485
65.1898 11399 106.766
65.3074 10829 104.062
65.4249 10622 103.063
65.5425 10493 102.435
65.6601 10527 102.601
65.7777 11031 105.029
65.8952 11552 107.48
66.0128 11715 108.236
66.1304 11755 108.42
66.2479 12063 109.832
66.3655 12348 111.122
66.483 12260 110.725
66.6005 12375 111.243
66.718 12380 111.265
66.8355 12137 110.168
66.953 11759 108.439
67.0705 11462 107.061
67.1879 10822 104.029
67.3054 10024 100.12
67.4228 8849 94.0691
67.5402 8459 91.9728
67.6576 8654 93.0269
67.7749 9002 94.8789
67.8923 9760 98.7927
68.0096 10807 103.957
68.1269 11397 106.757
68.2442 11572 107.573
68.3614 11904 109.105
68.4787 11430 106.911
68.5958 11472 107.107
68.713 11199 105.825
68.8302 10887 104.341
68.9473 10736 103.615
69.0643 10411 102.034
69.1814 9999 99.995
69.2984 10059 100.295
69.4154 10350 101.735
69.5323 10772 103.788
69.6492 11165 105.665
69.7661 11407 106.804
69.8829 11565 107.541
69.9997 11627 107.829
70.1165 11179 105.731
70.2332 11527 107.364
70.3499 11026 105.005
70.4665 10542 102.674
70.5831 10200 100.995
70.6996 9671 98.3412
70.8161 9086 95.3205
70.9326 8063 89.7942
71.049 6559 80.9877
71.1653 5113 71.5052
71.2817 4486 66.9776
71.3979 4147 64.3972
71.5141 4057 63.6946
71.6303 4049 63.6318
71.7464 3797 61.6198
71.8624 0 1
71.9784 0 1
72.0944 0 1
72.2102 0 1
72.3261 0 1
72.4418 0 1
72.5575 0 1
72.6732 0 1
75.1054 0 1
75.2209 0 1
75.3365 0 1
75.4521 0 1
75.5678 0 1
75.6835 0 1
75.7993 0 1
75.9151 0 1
76.031 0 1
76.147 5844 76.4461
76.263 6212 78.8162
76.3791 6078 77.9615
76.4952 5755 75.8617
76.6113 5788 76.0789
76.7276 6396 79.975
76.8438 7118 84.3682
76.9601 8495 92.1683
77.0765 9373 96.8143
77.1929 10009 100.045
77.3093 9950 99.7497
77.4258 10145 100.722
77.5423 9965 99.8248
77.6589 9687 98.4226
77.7755 9547 97.7088
77.8921 9420 97.0567
78.0088 9121 95.5039
78.1256 8823 93.9308
78.2423 8655 93.0323
78.3591 8843 94.0372
78.4759 9234 96.0937
78.5928 9447 97.1957
78.7097 9925 99.6243
78.8266 10362 101.794
78.9436 10252 101.252
79.0606 10476 102.352
79.1776 10695 103.417
79.2946 10557 102.747
79.4117 10384 101.902
79.5288 10514 102.538
79.6459 10240 101.193
79.7631 9925 99.6243
79.8802 9533 97.6371
79.9974 8806 93.8403
80.1147 7248 85.1352
80.2319 6390 79.9375
80.3491 6651 81.5537
80.4664 7358 85.7788
80.5837 8463 91.9946
80.701 9540 97.6729
80.8183 10032 100.16
80.9357 10188 100.936
81.053 10254 101.262
81.1704 10242 101.203
81.2877 10242 101.203
81.4051 9870 99.3479
81.5225 9788 98.9343
81.6399 9418 97.0464
81.7573 9184 95.8332
81.8747 9286 96.3639
81.9922 9063 95.1998
82.1096 9444 97.1802
82.227 9617 98.0663
82.3444 10030 100.15
82.4619 10425 102.103
82.5793 10540 102.665
82.6967 10852 104.173
82.8142 10732 103.595
82.9316 10752 103.692
83.049 10826 104.048
83.1664 10567 102.796
83.2838 10312 101.548
83.4012 10106 100.529
83.5186 9739 98.6864
83.636 8868 94.1701
83.7534 7803 88.3346
83.8708 6561 81
83.9881 6289 79.3032
84.1055 6536 80.8455
84.2228 7592 87.1321
84.3401 8754 93.5628
84.4575 9808 99.0353
84.5747 10239 101.188
84.692 10631 103.107
84.8093 10444 102.196
84.9265 10374 101.853
85.0437 10067 100.334
85.1609 9561 97.7804
85.2781 9664 98.3056
85.3952 9254 96.1977
85.5123 9252 96.1873
85.6294 9210 95.9687
85.7465 9626 98.1122
85.8636 9861 99.3026
85.9806 10126 100.628
86.0976 10422 102.088
86.2145 10587 102.893
86.3315 10634 103.121
86.4484 10987 104.819
86.5652 10680 103.344
86.682 10829 104.062
86.7988 10467 102.308
86.9156 10430 102.127
87.0323 10027 100.135
87.149 9656 98.2649
87.2657 8342 91.3345
87.3823 7115 84.3505
87.4988 6025 77.6209
87.6154 5989 77.3886
87.7318 6719 81.9695
87.8483 7624 87.3155
87.9647 8631 92.9032
88.081 9202 95.9271
88.1973 9113 95.462
88.3136 8962 94.6678
88.4298 8307 91.1427
88.546 7646 87.4414
88.6621 6336 79.599
88.7781 5110 71.4843
88.8942 0 1
89.0101 0 1
89.126 0 1
89.2419 0 1
89.3577 0 1
89.4734 0 1
89.5891 0 1
89.7047 0 1
89.8203 0 1
89.9358 0 1
92.3269 0 1
92.4424 0 1
92.558 0 1
92.6736 0 1
92.7893 0 1
92.905 0 1
93.0208 0 1
93.1366 0 1
93.2525 0 1
93.3685 0 1
93.4845 0 1
93.6005 5839 76.4133
93.7167 6669 81.6639
93.8328 7094 84.2259
93.949 7495 86.5737
94.0653 8007 89.4818
94.1816 8440 91.8695
94.2979 8905 94.3663
94.4143 9364 96.7678
94.5307 9519 97.5654
94.6472 9460 97.2625
94.7637 9680 98.387
94.8803 9905 99.5239
94.9969 10186 100.926
95.1135 10109 100.544
95.2302 10183 100.911
95.3469 10603 102.971
95.4637 11007 104.914
95.5805 10955 104.666
95.6973 10961 104.695
95.8142 11128 105.489
95.9311 11036 105.052
96.048 10895 104.379
96.1649 10344 101.705
96.2819 10168 100.837
96.3989 9313 96.5039
96.516 8550 92.4662
96.633 7237 85.0706
96.7501 6334 79.5864
96.8673 6247 79.038
96.9844 6811 82.5288
97.1016 7711 87.8123
97.2188 8993 94.8314
97.336 9925 99.6243
97.4532 10503 102.484
97.5704 10533 102.63
97.6877 10577 102.845
97.805 10362 101.794
97.9223 10135 100.673
98.0396 9786 98.9242
98.1569 9726 98.6205
98.2743 9702 98.4987
98.3916 9683 98.4022
98.509 9734 98.661
98.6264 10002 100.01
98.7438 10325 101.612
98.8612 10304 101.509
98.9786 10697 103.426
99.096 11068 105.205
99.2134 11030 105.024
99.3308 11183 105.75
99.4482 11292 106.264
99.5656 11373 106.644
99.6831 11138 105.537
99.8005 10581 102.864
99.9179 10092 100.459
100.035 9284 96.3535
100.153 8335 91.2962
100.27 7132 84.4512
100.388 6617 81.3449
100.505 7131 84.4452
100.622 7956 89.1964
100.74 9536 97.6524
100.857 10432 102.137
100.975 10706 103.47
101.092 10858 104.202
101.209 11036 105.052
101.327 10899 104.398
101.444 10539 102.66
101.561 10318 101.578
101.679 10073 100.364
101.796 9963 99.8148
101.913 9963 99.8148
102.03 10030 100.15
102.148 10351 101.74
102.265 10394 101.951
102.382 11320 106.395
102.499 11380 106.677
102.616 11513 107.299
102.733 11577 107.596
102.851 11867 108.936
102.968 11598 107.694
103.085 11751 108.402
103.202 11699 108.162
103.319 11282 106.217
103.436 10628 103.092
103.552 9818 99.0858
103.669 8664 93.0806
103.786 7291 85.3874
103.903 6808 82.5106
104.02 7138 84.4867
104.137 8309 91.1537
104.253 9713 98.5546
104.37 10752 103.692
104.487 11099 105.352
104.603 11317 106.381
104.72 11064 105.186
104.836 10931 104.551
104.953 10493 102.435
105.069 10124 100.618
105.186 9900 99.4987
105.302 9572 97.8366
105.418 9536 97.6524
105.535 9575 97.8519
105.651 9488 97.4064
105.767 9425 97.0824
105.883 8954 94.6256
105.999 8020 89.5545
106.115 0 1
106.231 0 1
106.347 0 1
106.463 0 1
106.579 0 1
106.694 0 1
106.81 0 1
106.926 0 1
107.041 0 1
107.157 0 1
109.576 0 1
109.692 0 1
109.807 0 1
109.923 0 1
110.039 0 1
110.155 0 1
110.27 0 1
110.386 0 1
110.502 0 1
110.618 4014 63.3561
110.735 5023 70.8731
110.851 5772 75.9737
110.967 6508 80.6722
111.083 7317 85.5395
111.199 8155 90.305
111.316 8865 94.1541
111.432 9205 95.9427
111.549 9624 98.102
111.665 9992 99.96
111.782 10203 101.01
111.898 9902 99.5088
112.015 9400 96.9536
112.132 8379 91.5369
112.248 7261 85.2115
112.365 6020 77.5887
112.482 5831 76.361
112.599 6240 78.9937
112.716 7131 84.4452
112.832 8410 91.7061
112.949 9231 96.0781
113.066 9569 97.8213
113.183 9966 99.8299
113.3 9956 99.7798
113.417 9861 99.3026
113.534 9595 97.9541
113.652 9506 97.4987
113.769 8935 94.5251
113.886 9062 95.1945
114.003 9141 95.6086
114.12 9390 96.902
114.238 9561 97.7804
114.355 10111 100.553
114.472 10296 101.469
114.589 9995 99.975
114.707 10374 101.853
114.824 10334 101.656
114.942 10640 103.15
115.059 10679 103.339
115.176 10608 102.995
115.294 10324 101.607
115.411 10145 100.722
115.529 9694 98.4581
115.646 8966 94.689
115.764 7938 89.0955
115.881 6848 82.7526
115.999 5818 76.2758
116.116 6122 78.2432
116.234 6728 82.0244
116.351 7865 88.6848
116.469 8851 94.0798
116.586 9527 97.6064
116.704 9527 97.6064
116.821 9756 98.7725
116.939 9559 97.7701
117.056 9710 98.5393
117.174 9463 97.278
117.291 9159 95.7027
117.409 9075 95.2628
117.526 9049 95.1262
117.644 9100 95.3939
117.761 9296 96.4158
117.879 9588 97.9183
117.996 9802 99.0051
118.114 10026 100.13
118.231 10178 100.886
118.349 10316 101.568
118.466 10219 101.089
118.584 10227 101.129
118.701 10361 101.789
118.819 10049 100.245
118.936 10100 100.499
119.053 9555 97.7497
119.171 9196 95.8958
119.288 8631 92.9032
119.405 7364 85.8138
119.523 6266 79.1581
119.64 5583 74.7195
119.757 6024 77.6144
119.875 6542 80.8826
119.992 7704 87.7724
120.109 8602 92.747
120.226 8775 93.675
120.343 9043 95.0947
120.46 9015 94.9474
120.578 9183 95.828
120.695 9154 95.6765
120.812 9048 95.121
120.929 8754 93.5628
121.046 8552 92.477
121.163 8473 92.0489
121.279 8460 91.9783
121.396 8514 92.2713
121.513 8986 94.7945
121.63 9013 94.9368
121.747 9138 95.5929
121.863 9215 95.9948
121.98 9245 96.1509
122.097 9260 96.2289
122.213 9213 95.9844
122.33 8923 94.4616
122.446 8790 93.755
122.563 8427 91.7987
122.679 7994 89.4092
122.795 7197 84.8351
122.912 6111 78.1729
123.028 4805 69.3181
123.144 3785 61.5224
123.26 3007 54.8361
123.377 0 1
123.493 0 1
123.609 0 1
123.725 0 1
123.84 0 1
123.956 0 1
124.072 0 1
124.188 0 1
124.303 0 1
124.419 0 1
126.852 0 1
126.968 0 1
127.083 0 1
127.199 0 1
127.315 0 1
127.431 0 1
127.547 0 1
127.663 0 1
127.779 0 1
127.895 0 1
128.011 0 1
128.127 0 1
128.243 0 1
128.359 7742 87.9886
128.476 7630 87.3499
128.592 7112 84.3327
128.708 6227 78.9113
128.825 6289 79.3032
128.941 6898 83.0542
129.058 7975 89.3029
129.174 9023 94.9895
129.291 9869 99.3428
129.408 9902 99.5088
129.524 9974 99.8699
129.641 10155 100.772
129.758 10050 100.25
129.875 10063 100.315
129.992 9822 99.106
130.108 9554 97.7446
130.225 9632 98.1428
130.342 9374 96.8194
130.459 9948 99.7397
130.576 9733 98.656
130.693 10174 100.866
130.81 10290 101.44
130.928 10515 102.543
131.045 10551 102.718
131.162 10477 102.357
131.279 10528 102.606
131.396 10464 102.294
131.513 10181 100.901
131.631 9749 98.737
131.748 9461 97.2677
131.865 9373 96.8143
131.983 8597 92.72
132.1 7682 87.647
132.217 6588 81.1665
132.335 6143 78.3773
132.452 6891 83.012
132.57 7553 86.908
132.687 8776 93.6803
132.804 9356 96.7264
132.922 9541 97.678
133.039 9649 98.2293
133.157 9940 99.6995
133.274 10016 100.08
133.392 9738 98.6813
133.509 9824 99.1161
133.627 9765 98.818
133.744 9540 97.6729
133.862 9532 97.632
133.979 9440 97.1597
134.097 9614 98.051
134.214 9907 99.5339
134.332 9971 99.8549
134.449 10060 100.3
134.567 10095 100.474
134.684 10251 101.247
134.802 10044 100.22
134.919 10194 100.965
135.037 9928 99.6393
135.154 9693 98.453
135.272 9439 97.1545
135.389 9326 96.5712
135.507 8826 93.9468
135.624 8230 90.7193
135.742 6847 82.7466
135.859 6247 79.038
135.977 6484 80.5233
136.094 7057 84.006
136.211 8019 89.5489
136.329 9007 94.9052
136.446 9344 96.6644
136.564 9344 96.6644
136.681 9741 98.6965
136.798 9710 98.5393
136.915 9771 98.8484
137.033 9478 97.355
137.15 9643 98.1988
137.267 9509 97.5141
137.384 9613 98.0459
137.502 9384 96.871
137.619 9507 97.5038
137.736 9239 96.1197
137.853 9399 96.9484
137.97 9524 97.591
138.087 10008 100.04
138.204 9973 99.8649
138.321 9655 98.2599
138.438 9733 98.656
138.555 9757 98.7775
138.672 9480 97.3653
138.788 9340 96.6437
138.905 8943 94.5674
139.022 8574 92.5959
139.139 8143 90.2386
139.255 7354 85.7555
139.372 6336 79.599
139.488 5552 74.5117
139.605 5320 72.9383
139.721 5760 75.8947
139.838 6196 78.7147
139.954 6692 81.8046
140.071 6592 81.1911
140.187 5715 75.5976
140.303 4937 70.2638
140.419 4367 66.0833
140.535 4120 64.1872
140.652 3950 62.849
140.768 0 1
140.884 0 1
141 0 1
141.115 0 1
141.231 0 1
141.347 0 1
141.463 0 1
141.578 0 1
141.694 0 1
144.104 0 1
144.219 0 1
144.335 0 1
144.45 0 1
144.566 0 1
144.682 0 1
144.798 0 1
144.914 0 1
145.03 0 1
145.146 5495 74.1283
145.262 6184 78.6384
145.378 6771 82.2861
145.494 7298 85.4283
145.61 7394 85.9884
145.726 7409 86.0755
145.842 7248 85.1352
145.959 7495 86.5737
146.075 7119 84.3742
146.192 7265 85.235
146.308 7251 85.1528
146.425 7185 84.7644
146.541 7159 84.6109
146.658 7237 85.0706
146.774 7238 85.0764
146.891 7444 86.2786
147.008 7353 85.7496
147.125 7478 86.4754
147.241 7431 86.2032
147.358 7351 85.738
147.475 7423 86.1568
147.592 7417 86.122
147.709 7011 83.7317
147.826 6694 81.8169
147.943 6322 79.511
148.06 6013 77.5435
148.177 5394 73.4439
148.294 4969 70.4911
148.411 5146 71.7356
148.528 5585 74.7329
148.645 6105 78.1345
148.762 6832 82.6559
148.88 7340 85.6738
148.997 7449 86.3076
149.114 7162 84.6286
149.231 7371 85.8545
149.349 7347 85.7146
149.466 7236 85.0647
149.583 7430 86.1974
149.701 7239 85.0823
149.818 6994 83.6301
149.935 7136 84.4748
150.053 7176 84.7113
150.17 7140 84.4985
150.287 7146 84.534
150.405 7331 85.6213
150.522 7371 85.8545
150.64 7196 84.8292
150.757 7552 86.9022
150.875 7339 85.668
150.992 7338 85.6621
151.11 7445 86.2844
151.227 7243 85.1058
151.344 7035 83.8749
151.462 6784 82.365
151.579 6429 80.181
151.697 6079 77.9679
151.814 5651 75.1731
151.932 5065 71.1688
152.049 5341 73.0821
152.167 5575 74.6659
152.284 6215 78.8353
152.402 6819 82.5772
152.519 7077 84.1249
152.636 7177 84.7172
152.754 7294 85.4049
152.871 7251 85.1528
152.989 7379 85.9011
153.106 7302 85.4517
153.223 7323 85.5745
153.341 7376 85.8836
153.458 7041 83.9107
153.575 6934 83.2706
153.693 7230 85.0294
153.81 7077 84.1249
153.927 7228 85.0176
154.044 7222 84.9824
154.162 7301 85.4459
154.279 7396 86
154.396 7401 86.0291
154.513 7234 85.0529
154.63 7333 85.6329
154.747 7552 86.9022
154.864 7249 85.1411
154.981 6964 83.4506
155.098 6684 81.7557
155.215 6153 78.4411
155.332 5964 77.2269
155.449 5458 73.8783
155.566 5359 73.2052
155.683 5397 73.4643
155.8 5769 75.9539
155.917 6371 79.8185
156.033 6676 81.7068
156.15 0 1
156.267 0 1
156.383 0 1
156.5 0 1
156.617 0 1
156.733 0 1
156.85 0 1
156.966 0 1
157.082 0 1
157.199 0 1
157.315 0 1
157.431 0 1
157.547 0 1
157.664 0 1
157.78 0 1
157.896 0 1
158.012 0 1
158.128 0 1
158.244 0 1
158.359 0 1
158.475 0 1
158.591 0 1
158.706 0 1
