
6.15755 0 1
6.2731 0 1
6.3887 0 1
6.50437 0 1
6.62009 0 1
6.73587 0 1
6.8517 0 1
6.96759 0 1
7.08353 0 1
7.19952 0 1
7.31557 0 1
7.43166 0 1
7.54781 0 1
7.664 0 1
7.78024 0 1
7.89653 0 1
8.01286 0 1
8.12924 0 1
8.24567 0 1
8.36213 0 1
8.47864 0 1
8.59519 0 1
8.71178 0 1
8.82841 0 1
8.94508 0 1
9.06179 0 1
9.17853 0 1
9.29531 0 1
9.41212 0 1
9.52897 0 1
9.64584 0 1
9.76276 0 1
9.8797 0 1
9.99667 0 1
10.1137 0 1
10.2307 0 1
10.3478 0 1
10.4648 0 1
10.5819 0 1
10.6991 0 1
10.8162 0 1
10.9334 0 1
11.0506 0 1
11.1678 0 1
11.285 0 1
11.4023 0 1
11.5196 0 1
11.6369 0 1
11.7542 0 1
11.8715 0 1
11.9888 0 1
12.1062 0 1
12.2235 0 1
12.3409 0 1
12.4582 0 1
12.5756 0 1
12.693 0 1
12.8104 0 1
12.9278 0 1
13.0452 0 1
13.1626 0 1
13.28 0 1
13.3974 0 1
13.5149 0 1
13.6323 0 1
13.7497 0 1
13.8671 0 1
13.9845 0 1
14.1019 0 1
14.2193 0 1
14.3367 0 1
14.4541 0 1
14.5714 0 1
14.6888 0 1
14.8062 0 1
14.9235 0 1
15.0408 0 0
15.1581 0 0
15.2755 0 0
15.3927 0 0
15.51 0 0
15.6273 0 0
15.7445 0 0
15.8617 0 0
15.9789 0 0
16.0961 0 0
16.2132 0 0
16.3304 0 0
16.4475 0 0
16.5646 0 0
16.6816 0 0
16.7986 0 0
16.9156 0 0
17.0326 0 0
17.1496 0 0
17.2665 0 0
17.3833 0 0
17.5002 0 0
17.617 0 0
17.7338 0 0
17.8505 0 0
17.9672 0 0
18.0839 0 0
18.2005 0 0
18.3171 0 0
18.4337 0 0
18.5502 0 0
18.6666 0 0
18.7831 0 0
18.8994 0 0
19.0158 0 0
19.1321 0 0
19.2483 0 0
19.3645 0 0
19.4806 0 0
19.5967 0 0
19.7128 0 0
19.8288 0 0
19.9447 0 0
20.0606 0 1
20.1764 0 1
20.2922 0 1
20.4079 0 1
20.5236 0 1
20.6392 0 1
20.7548 0 1
20.8702 0 1
23.3078 0 1
23.4233 0 1
23.539 0 1
23.6547 0 1
23.7704 0 1
23.8862 0 1
24.0021 0 1
24.118 0 1
24.234 0 1
24.35 0 1
24.4661 5630 75.0333
24.5822 6114 78.1921
24.6984 6167 78.5302
24.8146 6292 79.3221
24.9309 6259 79.1138
25.0472 6421 80.1311
25.1636 6402 80.0125
25.28 6519 80.7403
25.3965 6609 81.2958
25.513 6500 80.6226
25.6296 6636 81.4616
25.7462 6519 80.7403
25.8628 6377 79.8561
25.9795 6348 79.6743
26.0962 6218 78.8543
26.213 6248 79.0443
26.3298 6033 77.6724
26.4466 6011 77.5306
26.5635 6078 77.9615
26.6804 6049 77.7753
26.7973 6047 77.7625
26.9143 5958 77.1881
27.0313 5729 75.6902
27.1483 5603 74.8532
27.2653 5441 73.7631
27.3824 5480 74.027
27.4996 5570 74.6324
27.6167 5725 75.6637
27.7339 5708 75.5513
27.8511 5684 75.3923
27.9683 6183 78.6321
28.0855 6685 81.7618
28.2028 7336 85.6505
28.3201 7560 86.9483
28.4374 7889 88.82
28.5547 8341 91.3291
28.6721 8800 93.8083
28.7894 9168 95.7497
28.9068 9647 98.2191
29.0242 9989 99.945
29.1416 10433 102.142
29.259 10822 104.029
29.3764 11623 107.81
29.4939 11958 109.353
29.6113 12531 111.942
29.7288 13139 114.625
29.8463 13844 117.661
29.9638 14471 120.295
30.0812 14865 121.922
30.1987 15500 124.499
30.3162 15751 125.503
30.4337 16135 127.024
30.5512 15693 125.272
30.6687 15447 124.286
30.7862 15216 123.353
30.9037 15284 123.628
31.0212 15607 124.928
31.1387 15836 125.841
31.2562 15715 125.359
31.3737 15944 126.27
31.4912 16520 128.53
31.6087 17302 131.537
31.7262 17291 131.495
31.8436 17287 131.48
31.9611 16729 129.341
32.0785 16459 128.293
32.1959 16075 126.787
32.3134 15626 125.004
32.4308 15155 123.106
32.5482 14682 121.169
32.6655 14185 119.101
32.7829 13542 116.37
32.9002 13241 115.07
33.0176 12806 113.164
33.1349 12219 110.54
33.2522 11666 108.009
33.3694 11042 105.081
33.4867 10620 103.053
33.6039 10464 102.294
33.7211 9905 99.5239
33.8383 9459 97.2574
33.9554 9253 96.1925
34.0725 8946 94.5833
34.1896 8166 90.3659
34.3067 7404 86.0465
34.4237 6886 82.9819
34.5407 6516 80.7217
34.6577 6550 80.9321
34.7746 6448 80.2994
34.8915 6231 78.9367
35.0084 5925 76.974
35.1252 5786 76.0658
35.242 5977 77.3111
35.3587 5967 77.2464
35.4755 5970 77.2658
35.5921 5983 77.3499
35.7088 5924 76.9675
35.8254 5680 75.3658
35.9419 5616 74.94
36.0584 5728 75.6836
36.1749 5631 75.04
36.2913 5506 74.2024
36.4077 5519 74.29
36.524 5354 73.171
36.6403 5502 74.1755
36.7565 5381 73.3553
36.8727 5418 73.6071
36.9889 5305 72.8354
37.1049 5401 73.4915
37.221 0 1
37.3369 0 1
37.4529 0 1
37.5687 0 1
37.6845 0 1
37.8003 0 1
37.916 0 1
38.0316 0 1
38.1472 0 1
40.5851 0 1
40.7008 0 1
40.8164 0 1
40.9322 0 1
41.048 0 1
41.1639 0 1
41.2798 0 1
41.3958 0 1
41.5118 0 1
41.6279 0 1
41.744 4563 67.55
41.8602 4621 67.9779
41.9765 4707 68.6076
42.0928 4942 70.2994
42.2091 4857 69.6922
42.3255 4750 68.9202
42.4419 4784 69.1665
42.5584 4813 69.3758
42.675 4743 68.8694
42.7915 4643 68.1396
42.9081 4428 66.5432
43.0248 4226 65.0077
43.1415 4041 63.5689
43.2582 3897 62.426
43.375 4005 63.2851
43.4918 4108 64.0937
43.6087 4103 64.0547
43.7256 4092 63.9687
43.8425 3981 63.0952
43.9595 4118 64.1716
44.0765 4302 65.5896
44.1935 4140 64.3428
44.3106 4224 64.9923
44.4277 4150 64.4205
44.5448 4207 64.8614
44.6619 4105 64.0703
44.7791 4088 63.9375
44.8963 4096 64
45.0136 4100 64.0312
45.1308 4191 64.7379
45.2481 4117 64.1639
45.3654 4088 63.9375
45.4827 4091 63.9609
45.6001 4091 63.9609
45.7174 3941 62.7774
45.8348 3898 62.434
45.9522 3782 61.498
46.0697 3818 61.79
46.1871 3560 59.6657
46.3046 3615 60.1249
46.422 3543 59.5231
46.5395 3401 58.3181
46.657 3221 56.7539
46.7745 2944 54.2586
46.892 2938 54.2033
47.0096 2974 54.5344
47.1271 3152 56.1427
47.2446 3104 55.7136
47.3622 3066 55.3715
47.4797 3132 55.9643
47.5973 3116 55.8211
47.7149 3120 55.857
47.8324 3073 55.4346
47.95 3161 56.2228
48.0675 3079 55.4887
48.1851 3102 55.6956
48.3027 3088 55.5698
48.4202 3175 56.3471
48.5378 3197 56.542
48.6554 3209 56.648
48.7729 3220 56.745
48.8904 3150 56.1249
49.008 3215 56.701
49.1255 3308 57.5152
49.243 3146 56.0892
49.3605 3316 57.5847
49.478 3296 57.4108
49.5955 3230 56.8331
49.713 3285 57.3149
49.8304 3291 57.3672
49.9479 3208 56.6392
50.0653 3264 57.1314
50.1827 2975 54.5436
50.3001 2763 52.5642
50.4175 2850 53.3854
50.5348 2987 54.6535
50.6521 3314 57.5674
50.7694 3424 58.515
50.8867 3591 59.925
51.004 3780 61.4817
51.1212 3881 62.2977
51.2384 3955 62.8888
51.3556 4117 64.1639
51.4727 4222 64.9769
51.5899 4241 65.123
51.707 4328 65.7875
51.824 4356 66
51.9411 4478 66.9179
52.0581 4496 67.0522
52.175 4636 68.0882
52.2919 4711 68.6367
52.4088 4756 68.9638
52.5257 4746 68.8912
52.6425 4768 69.0507
52.7593 4710 68.6294
52.876 4818 69.4118
52.9927 4879 69.8498
53.1094 4910 70.0714
53.226 4927 70.1926
53.3426 5036 70.9648
53.4591 4960 70.4273
53.5756 4981 70.5762
53.692 4679 68.4032
53.8084 4430 66.5582
53.9248 4175 64.6142
54.0411 4171 64.5833
54.1573 4412 66.4229
54.2735 0 1
54.3896 0 1
54.5057 0 1
54.6217 0 1
54.7377 0 1
54.8537 0 1
54.9695 0 1
55.0853 0 1
55.2011 0 1
55.3168 0 1
55.4324 0 1
57.824 0 1
57.9396 0 1
58.0553 0 1
58.1711 0 1
58.2869 0 1
58.4028 0 1
58.5187 0 1
58.6347 0 1
58.7508 0 1
58.8669 0 1
58.983 5122 71.5681
59.0992 5102 71.4283
59.2155 5065 71.1688
59.3318 5390 73.4166
59.4482 5559 74.5587
59.5646 5765 75.9276
59.681 5969 77.2593
59.7975 6108 78.1537
59.9141 6117 78.2113
60.0306 6338 79.6116
60.1473 6298 79.3599
60.2639 6264 79.1454
60.3807 6251 79.0633
60.4974 6343 79.643
60.6142 6459 80.3679
60.731 6482 80.5109
60.8479 6421 80.1311
60.9648 6476 80.4736
61.0818 6667 81.6517
61.1987 6308 79.4229
61.3158 6495 80.5916
61.4328 6388 79.925
61.5499 6430 80.1873
61.667 6373 79.8311
61.7841 6233 78.9494
61.9013 6286 79.2843
62.0185 6305 79.404
62.1357 6059 77.8396
62.253 5777 76.0066
62.3702 5416 73.5935
62.4875 5078 71.2601
62.6049 5206 72.1526
62.7222 5539 74.4245
62.8396 5726 75.6703
62.9569 5797 76.138
63.0743 6029 77.6466
63.1918 6121 78.2368
63.3092 6332 79.5739
63.4267 6427 80.1686
63.5441 6230 78.9303
63.6616 6452 80.3243
63.7791 6272 79.196
63.8966 6313 79.4544
64.0142 6326 79.5362
64.1317 6457 80.3555
64.2492 6443 80.2683
64.3668 6281 79.2528
64.4843 6249 79.0506
64.6019 6392 79.95
64.7195 6414 80.0875
64.837 6265 79.1518
64.9546 6500 80.6226
65.0722 6299 79.3662
65.1898 6201 78.7464
65.3074 6494 80.5854
65.4249 6298 79.3599
65.5425 6332 79.5739
65.6601 6071 77.9166
65.7777 5871 76.6225
65.8952 5432 73.7021
66.0128 4965 70.4628
66.1304 4975 70.5337
66.2479 5255 72.4914
66.3655 5340 73.0753
66.483 5634 75.06
66.6005 5770 75.9605
66.718 5920 76.9415
66.8355 6146 78.3964
66.953 6307 79.4166
67.0705 6240 78.9937
67.1879 6329 79.555
67.3054 6331 79.5676
67.4228 6352 79.6994
67.5402 6338 79.6116
67.6576 6317 79.4796
67.7749 6326 79.5362
67.8923 6720 81.9756
68.0096 6485 80.5295
68.1269 6753 82.1766
68.2442 6581 81.1234
68.3614 6650 81.5475
68.4787 6782 82.3529
68.5958 6796 82.4379
68.713 6795 82.4318
68.8302 6655 81.5782
68.9473 6889 83
69.0643 6813 82.5409
69.1814 6796 82.4379
69.2984 6762 82.2314
69.4154 6490 80.5605
69.5323 6203 78.7591
69.6492 5938 77.0584
69.7661 5659 75.2263
69.8829 5813 76.243
69.9997 6205 78.7718
70.1165 6668 81.6578
70.2332 6925 83.2166
70.3499 7122 84.3919
70.4665 7256 85.1822
70.5831 7467 86.4118
70.6996 7666 87.5557
70.8161 7744 88
70.9326 7774 88.1703
71.049 7894 88.8482
71.1653 7925 89.0225
71.2817 7891 88.8313
71.3979 7818 88.4195
71.5141 7860 88.6566
71.6303 7857 88.6397
71.7464 7340 85.6738
71.8624 0 1
71.9784 0 1
72.0944 0 1
72.2102 0 1
72.3261 0 1
72.4418 0 1
72.5575 0 1
72.6732 0 1
75.1054 0 1
75.2209 0 1
75.3365 0 1
75.4521 0 1
75.5678 0 1
75.6835 0 1
75.7993 0 1
75.9151 0 1
76.031 0 1
76.147 7914 88.9607
76.263 8498 92.1846
76.3791 8811 93.8669
76.4952 8829 93.9628
76.6113 8997 94.8525
76.7276 9034 95.0474
76.8438 8920 94.4458
76.9601 9108 95.4358
77.0765 9284 96.3535
77.1929 9079 95.2838
77.3093 9195 95.8906
77.4258 8916 94.4246
77.5423 9132 95.5615
77.6589 8928 94.4881
77.7755 8950 94.6044
77.8921 8972 94.7206
78.0088 9172 95.7706
78.1256 8993 94.8314
78.2423 9073 95.2523
78.3591 8790 93.755
78.4759 8265 90.912
78.5928 7567 86.9885
78.7097 6949 83.3607
78.8266 6670 81.6701
78.9436 6375 79.8436
79.0606 7082 84.1546
79.1776 7422 86.151
79.2946 8331 91.2743
79.4117 8423 91.7769
79.5288 8826 93.9468
79.6459 9072 95.247
79.7631 9054 95.1525
79.8802 9054 95.1525
79.9974 9121 95.5039
80.1147 8988 94.8051
80.2319 9251 96.1821
80.3491 9033 95.0421
80.4664 9234 96.0937
80.5837 9119 95.4935
80.701 9192 95.8749
80.8183 9154 95.6765
80.9357 9081 95.2943
81.053 9067 95.2208
81.1704 9013 94.9368
81.2877 9071 95.2418
81.4051 8836 94
81.5225 9239 96.1197
81.6399 8850 94.0744
81.7573 8922 94.4563
81.8747 8786 93.7337
81.9922 8619 92.8386
82.1096 8035 89.6382
82.227 7733 87.9375
82.3444 6654 81.5721
82.4619 6326 79.5362
82.5793 6275 79.2149
82.6967 6835 82.6741
82.8142 7325 85.5862
82.9316 7397 86.0058
83.049 7680 87.6356
83.1664 7909 88.9326
83.2838 8064 89.7998
83.4012 8377 91.526
83.5186 8329 91.2634
83.636 8184 90.4655
83.7534 8181 90.4489
83.8708 8042 89.6772
83.9881 8036 89.6437
84.1055 8069 89.8276
84.2228 7890 88.8257
84.3401 7987 89.37
84.4575 7911 88.9438
84.5747 7948 89.1516
84.692 7941 89.1123
84.8093 7900 88.8819
84.9265 7843 88.5607
85.0437 8061 89.7831
85.1609 7990 89.3868
85.2781 7831 88.4929
85.3952 7831 88.4929
85.5123 7832 88.4986
85.6294 7630 87.3499
85.7465 7264 85.2291
85.8636 6610 81.3019
85.9806 6276 79.2212
86.0976 6017 77.5693
86.2145 6240 78.9937
86.3315 6638 81.4739
86.4484 7812 88.3855
86.5652 8106 90.0333
86.682 8517 92.2876
86.7988 8583 92.6445
86.9156 8932 94.5093
87.0323 9137 95.5877
87.149 9398 96.9433
87.2657 9560 97.7753
87.3823 9549 97.719
87.4988 9794 98.9646
87.6154 9955 99.7747
87.7318 10067 100.334
87.8483 10074 100.369
87.9647 10350 101.735
88.081 10453 102.24
88.1973 10677 103.33
88.3136 10650 103.199
88.4298 10652 103.209
88.546 10636 103.131
88.6621 10667 103.281
88.7781 10496 102.45
88.8942 0 1
89.0101 0 1
89.126 0 1
89.2419 0 1
89.3577 0 1
89.4734 0 1
89.5891 0 1
89.7047 0 1
89.8203 0 1
89.9358 0 1
92.3269 0 1
92.4424 0 1
92.558 0 1
92.6736 0 1
92.7893 0 1
92.905 0 1
93.0208 0 1
93.1366 0 1
93.2525 0 1
93.3685 0 1
93.4845 0 1
93.6005 10415 102.054
93.7167 10581 102.864
93.8328 10342 101.696
93.949 10503 102.484
94.0653 10452 102.235
94.1816 10273 101.356
94.2979 10170 100.846
94.4143 10283 101.405
94.5307 10193 100.96
94.6472 9966 99.8299
94.7637 9614 98.051
94.8803 9379 96.8452
94.9969 8736 93.4666
95.1135 8029 89.6047
95.2302 7690 87.6926
95.3469 7970 89.2749
95.4637 8193 90.5152
95.5805 9044 95.0999
95.6973 9427 97.0927
95.8142 9776 98.8737
95.9311 10004 100.02
96.048 10460 102.274
96.1649 10936 104.575
96.2819 10967 104.723
96.3989 10699 103.436
96.516 10787 103.86
96.633 10800 103.923
96.7501 10947 104.628
96.8673 10883 104.322
96.9844 10899 104.398
97.1016 10718 103.528
97.2188 10999 104.876
97.336 10917 104.484
97.4532 10831 104.072
97.5704 11024 104.995
97.6877 10950 104.642
97.805 10825 104.043
97.9223 11010 104.929
98.0396 10676 103.325
98.1569 10699 103.436
98.2743 10594 102.927
98.3916 10437 102.162
98.509 9916 99.5791
98.6264 9248 96.1665
98.7438 8429 91.8096
98.8612 8049 89.7162
98.9786 8224 90.6863
99.096 8622 92.8547
99.2134 9286 96.3639
99.3308 10045 100.225
99.4482 10525 102.591
99.5656 10943 104.609
99.6831 11142 105.556
99.8005 11095 105.333
99.9179 11118 105.442
100.035 11347 106.522
100.153 11381 106.682
100.27 11460 107.051
100.388 11398 106.761
100.505 11485 107.168
100.622 11640 107.889
100.74 11529 107.373
100.857 11899 109.083
100.975 11733 108.319
101.092 11635 107.866
101.209 11779 108.531
101.327 11747 108.384
101.444 11806 108.655
101.561 11632 107.852
101.679 11808 108.665
101.796 11578 107.601
101.913 11460 107.051
102.03 11230 105.972
102.148 10392 101.941
102.265 9954 99.7697
102.382 8293 91.0659
102.499 8492 92.152
102.616 9060 95.184
102.733 9614 98.051
102.851 10439 102.171
102.968 11009 104.924
103.085 11150 105.594
103.202 11482 107.154
103.319 11520 107.331
103.436 11506 107.266
103.552 11443 106.972
103.669 11571 107.569
103.786 11526 107.359
103.903 11543 107.438
104.02 11535 107.401
104.137 11667 108.014
104.253 11699 108.162
104.37 11468 107.089
104.487 11399 106.766
104.603 11534 107.396
104.72 11410 106.818
104.836 11548 107.462
104.953 11281 106.212
105.069 11252 106.075
105.186 11374 106.649
105.302 11221 105.929
105.418 10926 104.528
105.535 10574 102.83
105.651 9536 97.6524
105.767 8696 93.2523
105.883 8203 90.5704
105.999 8374 91.5096
106.115 0 1
106.231 0 1
106.347 0 1
106.463 0 1
106.579 0 1
106.694 0 1
106.81 0 1
106.926 0 1
107.041 0 1
107.157 0 1
109.576 0 1
109.692 0 1
109.807 0 1
109.923 0 1
110.039 0 1
110.155 0 1
110.27 0 1
110.386 0 1
110.502 0 1
110.618 9369 96.7936
110.735 9163 95.7236
110.851 8383 91.5587
110.967 7706 87.7838
111.083 7980 89.3308
111.199 8622 92.8547
111.316 9153 95.6713
111.432 9754 98.7623
111.549 9898 99.4887
111.665 10011 100.055
111.782 10295 101.464
111.898 10242 101.203
112.015 10018 100.09
112.132 10258 101.282
112.248 10248 101.232
112.365 10301 101.494
112.482 10189 100.941
112.599 9741 98.6965
112.716 10019 100.095
112.832 10089 100.444
112.949 9819 99.0909
113.066 10049 100.245
113.183 10050 100.25
113.3 9747 98.7269
113.417 9833 99.1615
113.534 9544 97.6934
113.652 9756 98.7725
113.769 9626 98.1122
113.886 9309 96.4832
114.003 9073 95.2523
114.12 8844 94.0425
114.238 8046 89.6995
114.355 7273 85.2819
114.472 6783 82.359
114.589 6592 81.1911
114.707 6940 83.3067
114.824 7444 86.2786
114.942 8030 89.6103
115.059 8394 91.6188
115.176 8611 92.7955
115.294 8894 94.308
115.411 9002 94.8789
115.529 9022 94.9842
115.646 9113 95.462
115.764 9046 95.1105
115.881 8994 94.8367
115.999 9076 95.268
116.116 9168 95.7497
116.234 9175 95.7862
116.351 9336 96.623
116.469 9198 95.9062
116.586 9266 96.2601
116.704 9413 97.0206
116.821 9431 97.1133
116.939 9619 98.0765
117.056 9658 98.2751
117.174 9479 97.3602
117.291 9567 97.811
117.409 9582 97.8877
117.526 9685 98.4124
117.644 9769 98.8383
117.761 9312 96.4987
117.879 8563 92.5365
117.996 7930 89.0505
118.114 7447 86.296
118.231 7764 88.1136
118.349 8033 89.627
118.466 8586 92.6607
118.584 9422 97.067
118.701 10050 100.25
118.819 10372 101.843
118.936 10421 102.083
119.053 10736 103.615
119.171 10553 102.728
119.288 11030 105.024
119.405 10866 104.24
119.523 10759 103.726
119.64 10795 103.899
119.757 10841 104.12
119.875 11011 104.933
119.992 10880 104.307
120.109 10867 104.245
120.226 10894 104.374
120.343 10817 104.005
120.46 10773 103.793
120.578 10727 103.571
120.695 10654 103.218
120.812 10608 102.995
120.929 10448 102.215
121.046 10523 102.582
121.163 10626 103.082
121.279 10384 101.902
121.396 10332 101.646
121.513 9522 97.5807
121.63 8831 93.9734
121.747 7761 88.0965
121.863 7492 86.5563
121.98 7562 86.9598
122.097 7944 89.1291
122.213 8491 92.1466
122.33 9061 95.1893
122.446 9556 97.7548
122.563 9837 99.1817
122.679 10116 100.578
122.795 10126 100.628
122.912 10105 100.524
123.028 10116 100.578
123.144 10189 100.941
123.26 10158 100.787
123.377 0 1
123.493 0 1
123.609 0 1
123.725 0 1
123.84 0 1
123.956 0 1
124.072 0 1
124.188 0 1
124.303 0 1
124.419 0 1
126.852 0 1
126.968 0 1
127.083 0 1
127.199 0 1
127.315 0 1
127.431 0 1
127.547 0 1
127.663 0 1
127.779 0 1
127.895 0 1
128.011 0 1
128.127 0 1
128.243 0 1
128.359 11129 105.494
128.476 11293 106.269
128.592 10856 104.192
128.708 11101 105.361
128.825 11112 105.413
128.941 11094 105.328
129.058 11361 106.588
129.174 11346 106.518
129.291 11431 106.916
129.408 11540 107.424
129.524 11432 106.921
129.641 11444 106.977
129.758 11427 106.897
129.875 11221 105.929
129.992 11271 106.165
130.108 11216 105.906
130.225 10924 104.518
130.342 10741 103.639
130.459 9975 99.8749
130.576 9458 97.2522
130.693 8135 90.1942
130.81 7811 88.3799
130.928 8014 89.5209
131.045 8358 91.4221
131.162 9323 96.5557
131.279 10104 100.519
131.396 10491 102.426
131.513 10579 102.854
131.631 10764 103.75
131.748 10829 104.062
131.865 10522 102.577
131.983 10493 102.435
132.1 10582 102.869
132.217 10551 102.718
132.335 10729 103.581
132.452 10615 103.029
132.57 10502 102.479
132.687 10163 100.812
132.804 10929 104.542
132.922 10367 101.818
133.039 10357 101.769
133.157 10279 101.385
133.274 10252 101.252
133.392 10255 101.267
133.509 10079 100.394
133.627 10001 100.005
133.744 10072 100.359
133.862 9771 98.8484
133.979 9551 97.7292
134.097 8640 92.9516
134.214 7946 89.1403
134.332 7058 84.0119
134.449 7234 85.0529
134.567 7665 87.55
134.684 8207 90.5925
134.802 8943 94.5674
134.919 9428 97.0979
135.037 9689 98.4327
135.154 9815 99.0707
135.272 9925 99.6243
135.389 9900 99.4987
135.507 10074 100.369
135.624 10120 100.598
135.742 9962 99.8098
135.859 9969 99.8449
135.977 10030 100.15
136.094 10191 100.95
136.211 10213 101.059
136.329 10279 101.385
136.446 10236 101.173
136.564 10092 100.459
136.681 10107 100.534
136.798 10029 100.145
136.915 10087 100.434
137.033 10037 100.185
137.15 9928 99.6393
137.267 9947 99.7346
137.384 9943 99.7146
137.502 9737 98.6762
137.619 9289 96.3795
137.736 8690 93.2202
137.853 7776 88.1816
137.97 7086 84.1784
138.087 7407 86.0639
138.204 7476 86.4639
138.321 8280 90.9945
138.438 8873 94.1966
138.555 9396 96.933
138.672 9763 98.8079
138.788 9865 99.3227
138.905 10142 100.707
139.022 9935 99.6745
139.139 9923 99.6143
139.255 10026 100.13
139.372 10016 100.08
139.488 9960 99.7998
139.605 9772 98.8534
139.721 9791 98.9495
139.838 9871 99.3529
139.954 9901 99.5038
140.071 9674 98.3565
140.187 9823 99.111
140.303 9829 99.1413
140.419 10015 100.075
140.535 9908 99.5389
140.652 9928 99.6393
140.768 0 1
140.884 0 1
141 0 1
141.115 0 1
141.231 0 1
141.347 0 1
141.463 0 1
141.578 0 1
141.694 0 1
144.104 0 1
144.219 0 1
144.335 0 1
144.45 0 1
144.566 0 1
144.682 0 1
144.798 0 1
144.914 0 1
145.03 0 1
145.146 8349 91.3729
145.262 8563 92.5365
145.378 8562 92.5311
145.494 8620 92.844
145.61 8915 94.4193
145.726 8896 94.3186
145.842 9054 95.1525
145.959 9003 94.8841
146.075 9277 96.3172
146.192 9319 96.535
146.308 9031 95.0316
146.425 8422 91.7715
146.541 7872 88.7243
146.658 7389 85.9593
146.774 7465 86.4002
146.891 7935 89.0786
147.008 8529 92.3526
147.125 9100 95.3939
147.241 9430 97.1082
147.358 9717 98.5748
147.475 9811 99.0505
147.592 9639 98.1784
147.709 9508 97.509
147.826 9483 97.3807
147.943 9401 96.9588
148.06 9190 95.8645
148.177 9089 95.3362
148.294 9087 95.3258
148.411 8837 94.0053
148.528 8976 94.7418
148.645 8940 94.5516
148.762 9021 94.9789
148.88 8820 93.9149
148.997 8750 93.5414
149.114 9303 96.4521
149.231 9046 95.1105
149.349 9223 96.0365
149.466 9110 95.4463
149.583 8950 94.6044
149.701 9179 95.8071
149.818 9322 96.5505
149.935 9004 94.8894
150.053 8308 91.1482
150.17 7632 87.3613
150.287 7069 84.0773
150.405 7050 83.9643
150.522 7441 86.2612
150.64 7839 88.5381
150.757 8213 90.6256
150.875 8573 92.5905
150.992 9103 95.4096
151.11 8861 94.1329
151.227 9042 95.0894
151.344 9003 94.8841
151.462 8979 94.7576
151.579 8865 94.1541
151.697 8823 93.9308
151.814 8980 94.7629
151.932 8855 94.101
152.049 9020 94.9737
152.167 8984 94.784
152.284 8920 94.4458
152.402 9007 94.9052
152.519 8958 94.6467
152.636 9126 95.5301
152.754 9002 94.8789
152.871 9056 95.163
152.989 9288 96.3743
153.106 9149 95.6504
153.223 9179 95.8071
153.341 9276 96.312
153.458 8903 94.3557
153.575 8762 93.6056
153.693 7917 88.9775
153.81 7177 84.7172
153.927 6834 82.668
154.044 6955 83.3966
154.162 7357 85.773
154.279 7832 88.4986
154.396 8161 90.3383
154.513 8705 93.3006
154.63 8860 94.1276
154.747 8950 94.6044
154.864 8787 93.739
154.981 8987 94.7998
155.098 8931 94.504
155.215 9039 95.0737
155.332 8988 94.8051
155.449 9054 95.1525
155.566 8912 94.4034
155.683 8957 94.6414
155.8 8841 94.0266
155.917 9113 95.462
156.033 8841 94.0266
156.15 0 1
156.267 0 1
156.383 0 1
156.5 0 1
156.617 0 1
156.733 0 1
156.85 0 1
156.966 0 1
157.082 0 1
157.199 0 1
157.315 0 1
157.431 0 1
157.547 0 1
157.664 0 1
157.78 0 1
157.896 0 1
158.012 0 1
158.128 0 1
158.244 0 1
158.359 0 1
158.475 0 1
158.591 0 1
158.706 0 1
