
6.15755 0 1
6.2731 0 1
6.3887 0 1
6.50437 0 1
6.62009 0 1
6.73587 0 1
6.8517 0 1
6.96759 0 1
7.08353 0 1
7.19952 0 1
7.31557 0 1
7.43166 0 1
7.54781 0 1
7.664 0 1
7.78024 0 1
7.89653 0 1
8.01286 0 1
8.12924 0 1
8.24567 0 1
8.36213 0 1
8.47864 0 1
8.59519 0 1
8.71178 0 1
8.82841 0 1
8.94508 0 1
9.06179 0 1
9.17853 0 1
9.29531 0 1
9.41212 0 1
9.52897 0 1
9.64584 0 1
9.76276 0 1
9.8797 0 1
9.99667 0 1
10.1137 0 1
10.2307 0 1
10.3478 0 1
10.4648 0 1
10.5819 0 1
10.6991 0 1
10.8162 0 1
10.9334 0 1
11.0506 0 1
11.1678 0 1
11.285 0 1
11.4023 0 1
11.5196 0 1
11.6369 0 1
11.7542 0 1
11.8715 0 1
11.9888 0 1
12.1062 0 1
12.2235 0 1
12.3409 0 1
12.4582 0 1
12.5756 0 1
12.693 0 1
12.8104 0 1
12.9278 0 1
13.0452 0 1
13.1626 0 1
13.28 0 1
13.3974 0 1
13.5149 0 1
13.6323 0 1
13.7497 0 1
13.8671 0 1
13.9845 0 1
14.1019 0 1
14.2193 0 1
14.3367 0 1
14.4541 0 1
14.5714 0 1
14.6888 0 1
14.8062 0 1
14.9235 0 1
15.0408 1965 44.3283
15.1581 1992 44.6318
15.2755 2175 46.6369
15.3927 2177 46.6583
15.51 2214 47.0532
15.6273 2204 46.9468
15.7445 2087 45.6837
15.8617 2022 44.9667
15.9789 2112 45.9565
16.0961 1962 44.2945
16.2132 1948 44.1362
16.3304 1895 43.5316
16.4475 1930 43.9318
16.5646 1935 43.9886
16.6816 1936 44
16.7986 1829 42.7668
16.9156 1911 43.715
17.0326 1851 43.0232
17.1496 1856 43.0813
17.2665 1793 42.3438
17.3833 1802 42.45
17.5002 1947 44.1248
17.617 1716 41.4246
17.7338 1907 43.6692
17.8505 1801 42.4382
17.9672 1921 43.8292
18.0839 1949 44.1475
18.2005 2015 44.8888
18.3171 2020 44.9444
18.4337 2023 44.9778
18.5502 2115 45.9891
18.6666 2115 45.9891
18.7831 2148 46.3465
18.8994 2029 45.0444
19.0158 2003 44.7549
19.1321 1913 43.7379
19.2483 1780 42.19
19.3645 1660 40.7431
19.4806 1595 39.9375
19.5967 1407 37.51
19.7128 1281 35.7911
19.8288 1181 34.3657
19.9447 1103 33.2114
20.0606 0 1
20.1764 0 1
20.2922 0 1
20.4079 0 1
20.5236 0 1
20.6392 0 1
20.7548 0 1
20.8702 0 1
23.3078 0 1
23.4233 0 1
23.539 0 1
23.6547 0 1
23.7704 0 1
23.8862 0 1
24.0021 0 1
24.118 0 1
24.234 0 1
24.35 0 1
24.4661 860 29.3258
24.5822 989 31.4484
24.6984 1069 32.6956
24.8146 1073 32.7567
24.9309 1092 33.0454
25.0472 1285 35.8469
25.1636 1379 37.1349
25.28 1527 39.0768
25.3965 1583 39.7869
25.513 1739 41.7013
25.6296 1795 42.3674
25.7462 1943 44.0795
25.8628 1987 44.5758
25.9795 2028 45.0333
26.0962 2066 45.4533
26.213 1941 44.0568
26.3298 1990 44.6094
26.4466 1942 44.0681
26.5635 1799 42.4146
26.6804 1811 42.5558
26.7973 1887 43.4396
26.9143 1945 44.1022
27.0313 1958 44.2493
27.1483 1996 44.6766
27.2653 1888 43.4511
27.3824 1990 44.6094
27.4996 1986 44.5646
27.6167 1888 43.4511
27.7339 1898 43.566
27.8511 1908 43.6807
27.9683 1794 42.3556
28.0855 1812 42.5676
28.2028 1634 40.4228
28.3201 1606 40.0749
28.4374 1493 38.6394
28.5547 1488 38.5746
28.6721 1583 39.7869
28.7894 1642 40.5216
28.9068 1671 40.8779
29.0242 1726 41.5452
29.1416 1753 41.8688
29.259 1754 41.8808
29.3764 1841 42.9069
29.4939 1866 43.1972
29.6113 1901 43.6005
29.7288 1818 42.638
29.8463 1813 42.5793
29.9638 1807 42.5088
30.0812 1797 42.391
30.1987 1758 41.9285
30.3162 1775 42.1307
30.4337 1812 42.5676
30.5512 1885 43.4166
30.6687 1953 44.1928
30.7862 1929 43.9204
30.9037 1947 44.1248
31.0212 1830 42.7785
31.1387 1942 44.0681
31.2562 1874 43.2897
31.3737 1807 42.5088
31.4912 1781 42.2019
31.6087 1716 41.4246
31.7262 1629 40.3609
31.8436 1566 39.5727
31.9611 1501 38.7427
32.0785 1458 38.1838
32.1959 1600 40
32.3134 1631 40.3856
32.4308 1677 40.9512
32.5482 1692 41.1339
32.6655 1777 42.1545
32.7829 1769 42.0595
32.9002 1775 42.1307
33.0176 1777 42.1545
33.1349 1786 42.2611
33.2522 1752 41.8569
33.3694 1859 43.1161
33.4867 1748 41.8091
33.6039 1785 42.2493
33.7211 1726 41.5452
33.8383 1711 41.3642
33.9554 1780 42.19
34.0725 1887 43.4396
34.1896 1883 43.3935
34.3067 1916 43.7721
34.4237 1927 43.8976
34.5407 1911 43.715
34.6577 1910 43.7035
34.7746 1843 42.9302
34.8915 1833 42.8135
35.0084 1822 42.6849
35.1252 1780 42.19
35.242 1795 42.3674
35.3587 1601 40.0125
35.4755 1615 40.1871
35.5921 1516 38.9358
35.7088 1414 37.6032
35.8254 1449 38.0657
35.9419 1495 38.6652
36.0584 1599 39.9875
36.1749 1562 39.5221
36.2913 1576 39.6989
36.4077 1582 39.7744
36.524 1597 39.9625
36.6403 1463 38.2492
36.7565 1532 39.1408
36.8727 1506 38.8072
36.9889 1412 37.5766
37.1049 1337 36.565
37.221 0 1
37.3369 0 1
37.4529 0 1
37.5687 0 1
37.6845 0 1
37.8003 0 1
37.916 0 1
38.0316 0 1
38.1472 0 1
40.5851 0 1
40.7008 0 1
40.8164 0 1
40.9322 0 1
41.048 0 1
41.1639 0 1
41.2798 0 1
41.3958 0 1
41.5118 0 1
41.6279 0 1
41.744 771 27.7669
41.8602 923 30.3809
41.9765 1036 32.187
42.0928 1072 32.7414
42.2091 1160 34.0588
42.3255 1202 34.6699
42.4419 1171 34.2199
42.5584 1290 35.9166
42.675 1364 36.9324
42.7915 1452 38.1051
42.9081 1609 40.1123
43.0248 1668 40.8412
43.1415 1729 41.5812
43.2582 1745 41.7732
43.375 1789 42.2966
43.4918 1739 41.7013
43.6087 1736 41.6653
43.7256 1735 41.6533
43.8425 1704 41.2795
43.9595 1726 41.5452
44.0765 1610 40.1248
44.1935 1555 39.4335
44.3106 1606 40.0749
44.4277 1423 37.7227
44.5448 1359 36.8646
44.6619 1338 36.5787
44.7791 1441 37.9605
44.8963 1467 38.3014
45.0136 1596 39.95
45.1308 1686 41.0609
45.2481 1588 39.8497
45.3654 1617 40.2119
45.4827 1731 41.6053
45.6001 1647 40.5832
45.7174 1649 40.6079
45.8348 1634 40.4228
45.9522 1683 41.0244
46.0697 1669 40.8534
46.1871 1684 41.0366
46.3046 1646 40.5709
46.422 1736 41.6653
46.5395 1810 42.5441
46.657 1809 42.5323
46.7745 1925 43.8748
46.892 1967 44.3509
47.0096 1923 43.852
47.1271 1868 43.2204
47.2446 1935 43.9886
47.3622 1995 44.6654
47.4797 1929 43.9204
47.5973 1849 43
47.7149 1718 41.4488
47.8324 1698 41.2068
47.95 1603 40.0375
48.0675 1520 38.9872
48.1851 1490 38.6005
48.3027 1476 38.4187
48.4202 1670 40.8656
48.5378 1797 42.391
48.6554 1787 42.2729
48.7729 1765 42.0119
48.8904 1849 43
49.008 1836 42.8486
49.1255 1903 43.6234
49.243 1869 43.2319
49.3605 1853 43.0465
49.478 1810 42.5441
49.5955 1768 42.0476
49.713 1894 43.5201
49.8304 1849 43
49.9479 1917 43.7836
50.0653 1974 44.4297
50.1827 2022 44.9667
50.3001 2032 45.0777
50.4175 2100 45.8258
50.5348 2223 47.1487
50.6521 2128 46.1303
50.7694 2123 46.076
50.8867 2129 46.1411
51.004 2075 45.5522
51.1212 1950 44.1588
51.2384 1946 44.1135
51.3556 1756 41.9047
51.4727 1751 41.845
51.5899 1640 40.4969
51.707 1688 41.0853
51.824 1772 42.0951
51.9411 1834 42.8252
52.0581 1940 44.0454
52.175 2048 45.2548
52.2919 2067 45.4643
52.4088 2005 44.7772
52.5257 2059 45.3762
52.6425 2006 44.7884
52.7593 2119 46.0326
52.876 2092 45.7384
52.9927 2088 45.6946
53.1094 2052 45.299
53.226 2008 44.8107
53.3426 1925 43.8748
53.4591 2047 45.2438
53.5756 1989 44.5982
53.692 2093 45.7493
53.8084 2118 46.0217
53.9248 1977 44.4635
54.0411 1882 43.382
54.1573 1889 43.4626
54.2735 0 1
54.3896 0 1
54.5057 0 1
54.6217 0 1
54.7377 0 1
54.8537 0 1
54.9695 0 1
55.0853 0 1
55.2011 0 1
55.3168 0 1
55.4324 0 1
57.824 0 1
57.9396 0 1
58.0553 0 1
58.1711 0 1
58.2869 0 1
58.4028 0 1
58.5187 0 1
58.6347 0 1
58.7508 0 1
58.8669 0 1
58.983 1709 41.3401
59.0992 1901 43.6005
59.2155 2117 46.0109
59.3318 2418 49.1732
59.4482 2642 51.4004
59.5646 2765 52.5833
59.681 2958 54.3875
59.7975 2933 54.1572
59.9141 2953 54.3415
60.0306 2974 54.5344
60.1473 2816 53.066
60.2639 2746 52.4023
60.3807 2735 52.2972
60.4974 2627 51.2543
60.6142 2773 52.6593
60.731 3117 55.8301
60.8479 3368 58.0345
60.9648 3281 57.28
61.0818 3461 58.8303
61.1987 3505 59.203
61.3158 3553 59.607
61.4328 3532 59.4306
61.5499 3542 59.5147
61.667 3519 59.3212
61.7841 3515 59.2874
61.9013 3395 58.2666
62.0185 3558 59.649
62.1357 3566 59.716
62.253 3785 61.5224
62.3702 3653 60.4401
62.4875 3927 62.6658
62.6049 3955 62.8888
62.7222 3907 62.506
62.8396 4020 63.4035
62.9569 4010 63.3246
63.0743 4009 63.3167
63.1918 3965 62.9682
63.3092 3807 61.7009
63.4267 3880 62.2896
63.5441 3557 59.6406
63.6616 3237 56.8946
63.7791 2988 54.6626
63.8966 2805 52.9623
64.0142 2850 53.3854
64.1317 3093 55.6147
64.2492 3289 57.3498
64.3668 3570 59.7495
64.4843 3663 60.5227
64.6019 3750 61.2372
64.7195 3817 61.7819
64.837 3862 62.145
64.9546 3905 62.49
65.0722 3794 61.5955
65.1898 3882 62.3057
65.3074 3777 61.4573
65.4249 3827 61.8628
65.5425 3692 60.7618
65.6601 3772 61.4166
65.7777 3786 61.5305
65.8952 3972 63.0238
66.0128 4031 63.4902
66.1304 4107 64.0859
66.2479 4226 65.0077
66.3655 4066 63.7652
66.483 4239 65.1076
66.6005 4304 65.6049
66.718 4321 65.7343
66.8355 4064 63.7495
66.953 3965 62.9682
67.0705 3876 62.2575
67.1879 3444 58.6856
67.3054 3190 56.4801
67.4228 2873 53.6004
67.5402 2810 53.0094
67.6576 2969 54.4885
67.7749 3255 57.0526
67.8923 3502 59.1777
68.0096 3743 61.1801
68.1269 3760 61.3188
68.2442 3917 62.5859
68.3614 3891 62.3779
68.4787 3981 63.0952
68.5958 4024 63.435
68.713 4008 63.3088
68.8302 3908 62.514
68.9473 3856 62.0967
69.0643 3717 60.9672
69.1814 3811 61.7333
69.2984 3702 60.8441
69.4154 3648 60.3987
69.5323 3811 61.7333
69.6492 3803 61.6685
69.7661 4045 63.6003
69.8829 3877 62.2656
69.9997 4028 63.4665
70.1165 4031 63.4902
70.2332 3968 62.9921
70.3499 3828 61.8708
70.4665 3683 60.6877
70.5831 3459 58.8133
70.6996 3181 56.4004
70.8161 2914 53.9815
70.9326 2474 49.7393
71.049 2045 45.2217
71.1653 1673 40.9023
71.2817 1536 39.1918
71.3979 1489 38.5876
71.5141 1493 38.6394
71.6303 1450 38.0789
71.7464 1372 37.0405
71.8624 0 1
71.9784 0 1
72.0944 0 1
72.2102 0 1
72.3261 0 1
72.4418 0 1
72.5575 0 1
72.6732 0 1
75.1054 0 1
75.2209 0 1
75.3365 0 1
75.4521 0 1
75.5678 0 1
75.6835 0 1
75.7993 0 1
75.9151 0 1
76.031 0 1
76.147 1960 44.2719
76.263 2018 44.9222
76.3791 2074 45.5412
76.4952 1992 44.6318
76.6113 2182 46.7119
76.7276 2485 49.8498
76.8438 2797 52.8867
76.9601 3108 55.7494
77.0765 3232 56.8507
77.1929 3299 57.4369
77.3093 3488 59.0593
77.4258 3527 59.3886
77.5423 3412 58.4123
77.6589 3427 58.5406
77.7755 3487 59.0508
77.8921 3359 57.9569
78.0088 3304 57.4804
78.1256 3317 57.5934
78.2423 3430 58.5662
78.3591 3244 56.9561
78.4759 3271 57.1927
78.5928 3394 58.258
78.7097 3485 59.0339
78.8266 3561 59.6741
78.9436 3761 61.327
79.0606 3801 61.6523
79.1776 3725 61.0328
79.2946 3792 61.5792
79.4117 3804 61.6766
79.5288 3668 60.564
79.6459 3602 60.0167
79.7631 3250 57.0088
79.8802 2990 54.6809
79.9974 2719 52.144
80.1147 2443 49.4267
80.2319 2449 49.4874
80.3491 2712 52.0769
80.4664 2904 53.8888
80.5837 3202 56.5862
80.701 3530 59.4138
80.8183 3500 59.1608
80.9357 3563 59.6909
81.053 3660 60.4979
81.1704 3616 60.1332
81.2877 3607 60.0583
81.4051 3540 59.4979
81.5225 3653 60.4401
81.6399 3475 58.9491
81.7573 3465 58.8643
81.8747 3598 59.9833
81.9922 3468 58.8897
82.1096 3528 59.397
82.227 3451 58.7452
82.3444 3713 60.9344
82.4619 3713 60.9344
82.5793 3786 61.5305
82.6967 3949 62.8411
82.8142 3952 62.8649
82.9316 4010 63.3246
83.049 3981 63.0952
83.1664 3840 61.9677
83.2838 3601 60.0083
83.4012 3518 59.3127
83.5186 3110 55.7674
83.636 2831 53.2071
83.7534 2441 49.4065
83.8708 2465 49.6488
83.9881 2740 52.345
84.1055 2873 53.6004
84.2228 3266 57.1489
84.3401 3457 58.7963
84.4575 3653 60.4401
84.5747 3778 61.4654
84.692 3852 62.0645
84.8093 3784 61.5142
84.9265 3758 61.3025
85.0437 3713 60.9344
85.1609 3667 60.5558
85.2781 3581 59.8415
85.3952 3597 59.975
85.5123 3432 58.5833
85.6294 3506 59.2115
85.7465 3577 59.808
85.8636 3456 58.7878
85.9806 3774 61.4329
86.0976 3882 62.3057
86.2145 3987 63.1427
86.3315 4030 63.4823
86.4484 3873 62.2334
86.5652 3957 62.9047
86.682 3967 62.9841
86.7988 3718 60.9754
86.9156 3527 59.3886
87.0323 3448 58.7197
87.149 3098 55.6597
87.2657 2767 52.6023
87.3823 2430 49.295
87.4988 2618 51.1664
87.6154 2714 52.0961
87.7318 2964 54.4426
87.8483 3235 56.8771
87.9647 3243 56.9473
88.081 3374 58.0861
88.1973 3173 56.3294
88.3136 3119 55.848
88.4298 2782 52.7447
88.546 2452 49.5177
88.6621 2062 45.4093
88.7781 1856 43.0813
88.8942 0 1
89.0101 0 1
89.126 0 1
89.2419 0 1
89.3577 0 1
89.4734 0 1
89.5891 0 1
89.7047 0 1
89.8203 0 1
89.9358 0 1
92.3269 0 1
92.4424 0 1
92.558 0 1
92.6736 0 1
92.7893 0 1
92.905 0 1
93.0208 0 1
93.1366 0 1
93.2525 0 1
93.3685 0 1
93.4845 0 1
93.6005 2580 50.7937
93.7167 2891 53.768
93.8328 3105 55.7225
93.949 3261 57.1052
94.0653 3449 58.7282
94.1816 3608 60.0666
94.2979 3685 60.7042
94.4143 3649 60.407
94.5307 3758 61.3025
94.6472 3693 60.7701
94.7637 3667 60.5558
94.8803 3693 60.7701
94.9969 3870 62.2093
95.1135 4072 63.8122
95.2302 4191 64.7379
95.3469 4148 64.405
95.4637 4240 65.1153
95.5805 4333 65.8255
95.6973 4183 64.6761
95.8142 4026 63.4508
95.9311 3883 62.3137
96.048 3780 61.4817
96.1649 3408 58.3781
96.2819 3276 57.2364
96.3989 2956 54.3691
96.516 2793 52.8488
96.633 2885 53.7122
96.7501 3029 55.0364
96.8673 3352 57.8965
96.9844 3586 59.8832
97.1016 3856 62.0967
97.2188 3928 62.6738
97.336 3938 62.7535
97.4532 3964 62.9603
97.5704 3983 63.111
97.6877 3863 62.153
97.805 3875 62.2495
97.9223 3832 61.9032
98.0396 3724 61.0246
98.1569 3635 60.291
98.2743 3652 60.4318
98.3916 3796 61.6117
98.509 3889 62.3618
98.6264 3960 62.9285
98.7438 4053 63.6632
98.8612 4154 64.4515
98.9786 4230 65.0385
99.096 4343 65.9014
99.2134 4358 66.0151
99.3308 4220 64.9615
99.4482 4048 63.6239
99.5656 3940 62.7694
99.6831 3779 61.4736
99.8005 3577 59.808
99.9179 3343 57.8187
100.035 3078 55.4797
100.153 3081 55.5068
100.27 3388 58.2065
100.388 3490 59.0762
100.505 3744 61.1882
100.622 3889 62.3618
100.74 3948 62.8331
100.857 3983 63.111
100.975 4130 64.2651
101.092 3902 62.466
101.209 3958 62.9126
101.327 4009 63.3167
101.444 3845 62.0081
101.561 3774 61.4329
101.679 3794 61.5955
101.796 3885 62.3298
101.913 3795 61.6036
102.03 3949 62.8411
102.148 3962 62.9444
102.265 4195 64.7688
102.382 4189 64.7225
102.499 4160 64.4981
102.616 4413 66.4304
102.733 4354 65.9848
102.851 4370 66.106
102.968 4289 65.4905
103.085 4096 64
103.202 3917 62.5859
103.319 3707 60.8851
103.436 3307 57.5065
103.552 3285 57.3149
103.669 3233 56.8595
103.786 3340 57.7927
103.903 3514 59.279
104.02 3675 60.6218
104.137 3834 61.9193
104.253 3854 62.0806
104.37 4038 63.5453
104.487 3970 63.0079
104.603 3885 62.3298
104.72 3745 61.1964
104.836 3732 61.0901
104.953 3633 60.2744
105.069 3365 58.0086
105.186 3277 57.2451
105.302 3336 57.7581
105.418 3235 56.8771
105.535 2970 54.4977
105.651 2957 54.3783
105.767 2905 53.8981
105.883 2596 50.951
105.999 2348 48.4562
106.115 0 1
106.231 0 1
106.347 0 1
106.463 0 1
106.579 0 1
106.694 0 1
106.81 0 1
106.926 0 1
107.041 0 1
107.157 0 1
109.576 0 1
109.692 0 1
109.807 0 1
109.923 0 1
110.039 0 1
110.155 0 1
110.27 0 1
110.386 0 1
110.502 0 1
110.618 1771 42.0833
110.735 2207 46.9787
110.851 2548 50.4777
110.967 2740 52.345
111.083 3214 56.6922
111.199 3406 58.3609
111.316 3511 59.2537
111.432 3762 61.3351
111.549 3799 61.636
111.665 3800 61.6441
111.782 3563 59.6909
111.898 3481 59
112.015 3336 57.7581
112.132 3027 55.0182
112.248 2840 53.2917
112.365 2799 52.9056
112.482 3252 57.0263
112.599 3366 58.0172
112.716 3569 59.7411
112.832 3635 60.291
112.949 3547 59.5567
113.066 3558 59.649
113.183 3557 59.6406
113.3 3556 59.6322
113.417 3494 59.1101
113.534 3604 60.0333
113.652 3403 58.3352
113.769 3346 57.8446
113.886 3263 57.1227
114.003 3223 56.7715
114.12 3400 58.3095
114.238 3432 58.5833
114.355 3591 59.925
114.472 3804 61.6766
114.589 3841 61.9758
114.707 3944 62.8013
114.824 3885 62.3298
114.942 3803 61.6685
115.059 3862 62.145
115.176 3860 62.1289
115.294 3662 60.5145
115.411 3559 59.6574
115.529 3370 58.0517
115.646 3169 56.2939
115.764 2805 52.9623
115.881 2706 52.0192
115.999 3079 55.4887
116.116 3251 57.0175
116.234 3357 57.9396
116.351 3378 58.1206
116.469 3441 58.66
116.586 3511 59.2537
116.704 3466 58.8727
116.821 3409 58.3866
116.939 3373 58.0775
117.056 3440 58.6515
117.174 3239 56.9122
117.291 3095 55.6327
117.409 3134 55.9821
117.526 3133 55.9732
117.644 3111 55.7763
117.761 3347 57.8533
117.879 3513 59.2706
117.996 3524 59.3633
118.114 3640 60.3324
118.231 3649 60.407
118.349 3709 60.9016
118.466 3712 60.9262
118.584 3769 61.3922
118.701 3650 60.4152
118.819 3604 60.0333
118.936 3403 58.3352
119.053 3216 56.7098
119.171 2993 54.7083
119.288 2895 53.8052
119.405 2664 51.614
119.523 2746 52.4023
119.64 3032 55.0636
119.757 3060 55.3173
119.875 3216 56.7098
119.992 3147 56.0981
120.109 3200 56.5685
120.226 3270 57.1839
120.343 3201 56.5774
120.46 3139 56.0268
120.578 3227 56.8067
120.695 3043 55.1634
120.812 2852 53.4041
120.929 2900 53.8516
121.046 2867 53.5444
121.163 2833 53.2259
121.279 2851 53.3948
121.396 2951 54.3231
121.513 2957 54.3783
121.63 3089 55.5788
121.747 3004 54.8088
121.863 3003 54.7996
121.98 3096 55.6417
122.097 2921 54.0463
122.213 2988 54.6626
122.33 2865 53.5257
122.446 2691 51.8748
122.563 2503 50.03
122.679 2354 48.518
122.795 1988 44.587
122.912 1773 42.107
123.028 1591 39.8873
123.144 1439 37.9342
123.26 1408 37.5233
123.377 0 1
123.493 0 1
123.609 0 1
123.725 0 1
123.84 0 1
123.956 0 1
124.072 0 1
124.188 0 1
124.303 0 1
124.419 0 1
126.852 0 1
126.968 0 1
127.083 0 1
127.199 0 1
127.315 0 1
127.431 0 1
127.547 0 1
127.663 0 1
127.779 0 1
127.895 0 1
128.011 0 1
128.127 0 1
128.243 0 1
128.359 3145 56.0803
128.476 2924 54.074
128.592 2894 53.7959
128.708 3171 56.3116
128.825 3433 58.5918
128.941 3466 58.8727
129.058 3508 59.2284
129.174 3556 59.6322
129.291 3653 60.4401
129.408 3738 61.1392
129.524 3538 59.4811
129.641 3535 59.4559
129.758 3495 59.1185
129.875 3377 58.112
129.992 3220 56.745
130.108 3246 56.9737
130.225 3142 56.0535
130.342 3225 56.7891
130.459 3540 59.4979
130.576 3806 61.6928
130.693 3740 61.1555
130.81 3734 61.1065
130.928 3673 60.6053
131.045 3789 61.5549
131.162 3729 61.0655
131.279 3758 61.3025
131.396 3815 61.7657
131.513 3696 60.7947
131.631 3617 60.1415
131.748 3558 59.649
131.865 3398 58.2924
131.983 3240 56.921
132.1 3032 55.0636
132.217 3275 57.2276
132.335 3357 57.9396
132.452 3424 58.515
132.57 3624 60.1997
132.687 3578 59.8164
132.804 3676 60.63
132.922 3552 59.5987
133.039 3652 60.4318
133.157 3594 59.95
133.274 3477 58.9661
133.392 3378 58.1206
133.509 3266 57.1489
133.627 3144 56.0714
133.744 3201 56.5774
133.862 3247 56.9825
133.979 3464 58.8558
134.097 3653 60.4401
134.214 3719 60.9836
134.332 3702 60.8441
134.449 3735 61.1146
134.567 3616 60.1332
134.684 3671 60.5888
134.802 3697 60.803
134.919 3840 61.9677
135.037 3711 60.918
135.154 3612 60.0999
135.272 3582 59.8498
135.389 3410 58.3952
135.507 3126 55.9106
135.624 3171 56.3116
135.742 3213 56.6833
135.859 3399 58.3009
135.977 3380 58.1378
136.094 3727 61.0492
136.211 3554 59.6154
136.329 3443 58.6771
136.446 3653 60.4401
136.564 3485 59.0339
136.681 3468 58.8897
136.798 3369 58.0431
136.915 3398 58.2924
137.033 3201 56.5774
137.15 3118 55.8391
137.267 3160 56.2139
137.384 3185 56.4358
137.502 3234 56.8683
137.619 3277 57.2451
137.736 3547 59.5567
137.853 3449 58.7282
137.97 3594 59.95
138.087 3508 59.2284
138.204 3525 59.3717
138.321 3575 59.7913
138.438 3642 60.349
138.555 3604 60.0333
138.672 3421 58.4893
138.788 3424 58.515
138.905 3162 56.2317
139.022 3047 55.1996
139.139 2785 52.7731
139.255 2732 52.2685
139.372 2609 51.0784
139.488 2638 51.3615
139.605 2693 51.8941
139.721 2612 51.1077
139.838 2469 49.689
139.954 2268 47.6235
140.071 2062 45.4093
140.187 1970 44.3847
140.303 1925 43.8748
140.419 1782 42.2137
140.535 1690 41.1096
140.652 1489 38.5876
140.768 0 1
140.884 0 1
141 0 1
141.115 0 1
141.231 0 1
141.347 0 1
141.463 0 1
141.578 0 1
141.694 0 1
144.104 0 1
144.219 0 1
144.335 0 1
144.45 0 1
144.566 0 1
144.682 0 1
144.798 0 1
144.914 0 1
145.03 0 1
145.146 2457 49.5681
145.262 2580 50.7937
145.378 2712 52.0769
145.494 2656 51.5364
145.61 2650 51.4782
145.726 2542 50.4183
145.842 2482 49.8197
145.959 2325 48.2183
146.075 2409 49.0816
146.192 2387 48.8569
146.308 2391 48.8979
146.425 2600 50.9902
146.541 2631 51.2933
146.658 2662 51.5946
146.774 2679 51.7591
146.891 2683 51.7977
147.008 2779 52.7162
147.125 2672 51.6914
147.241 2691 51.8748
147.358 2776 52.6878
147.475 2824 53.1413
147.592 2750 52.4404
147.709 2507 50.07
147.826 2483 49.8297
147.943 2421 49.2037
148.06 2421 49.2037
148.177 2384 48.8262
148.294 2460 49.5984
148.411 2718 52.1344
148.528 2671 51.6817
148.645 2775 52.6783
148.762 2687 51.8363
148.88 2615 51.1371
148.997 2675 51.7204
149.114 2568 50.6754
149.231 2664 51.614
149.349 2603 51.0196
149.466 2428 49.2747
149.583 2388 48.8672
149.701 2303 47.9896
149.818 2378 48.7647
149.935 2373 48.7134
150.053 2479 49.7896
150.17 2603 51.0196
150.287 2540 50.3984
150.405 2668 51.6527
150.522 2564 50.636
150.64 2583 50.8232
150.757 2650 51.4782
150.875 2700 51.9615
150.992 2759 52.5262
151.11 2665 51.6236
151.227 2636 51.342
151.344 2501 50.01
151.462 2527 50.2693
151.579 2348 48.4562
151.697 2421 49.2037
151.814 2444 49.4368
151.932 2422 49.2138
152.049 2608 51.0686
152.167 2628 51.264
152.284 2626 51.2445
152.402 2580 50.7937
152.519 2632 51.303
152.636 2616 51.1468
152.754 2616 51.1468
152.871 2566 50.6557
152.989 2416 49.1528
153.106 2486 49.8598
153.223 2254 47.4763
153.341 2270 47.6445
153.458 2137 46.2277
153.575 2226 47.1805
153.693 2340 48.3735
153.81 2459 49.5883
153.927 2428 49.2747
154.044 2522 50.2195
154.162 2401 49
154.279 2468 49.679
154.396 2526 50.2593
154.513 2514 50.1398
154.63 2599 50.9804
154.747 2588 50.8724
154.864 2471 49.7092
154.981 2465 49.6488
155.098 2285 47.8017
155.215 2228 47.2017
155.332 2249 47.4236
155.449 2271 47.655
155.566 2376 48.7442
155.683 2413 49.1223
155.8 2361 48.5901
155.917 2339 48.3632
156.033 2183 46.7226
156.15 0 1
156.267 0 1
156.383 0 1
156.5 0 1
156.617 0 1
156.733 0 1
156.85 0 1
156.966 0 1
157.082 0 1
157.199 0 1
157.315 0 1
157.431 0 1
157.547 0 1
157.664 0 1
157.78 0 1
157.896 0 1
158.012 0 1
158.128 0 1
158.244 0 1
158.359 0 1
158.475 0 1
158.591 0 1
158.706 0 1
