
6.15755 0 1
6.2731 0 1
6.3887 0 1
6.50437 0 1
6.62009 0 1
6.73587 0 1
6.8517 0 1
6.96759 0 1
7.08353 0 1
7.19952 0 1
7.31557 0 1
7.43166 0 1
7.54781 0 1
7.664 0 1
7.78024 0 1
7.89653 0 1
8.01286 0 1
8.12924 0 1
8.24567 0 1
8.36213 0 1
8.47864 0 1
8.59519 0 1
8.71178 0 1
8.82841 0 1
8.94508 0 1
9.06179 0 1
9.17853 0 1
9.29531 0 1
9.41212 0 1
9.52897 0 1
9.64584 0 1
9.76276 0 1
9.8797 0 1
9.99667 0 1
10.1137 0 1
10.2307 0 1
10.3478 0 1
10.4648 0 1
10.5819 0 1
10.6991 0 1
10.8162 0 1
10.9334 0 1
11.0506 0 1
11.1678 0 1
11.285 0 1
11.4023 0 1
11.5196 0 1
11.6369 0 1
11.7542 0 1
11.8715 0 1
11.9888 0 1
12.1062 0 1
12.2235 0 1
12.3409 0 1
12.4582 0 1
12.5756 0 1
12.693 0 1
12.8104 0 1
12.9278 0 1
13.0452 0 1
13.1626 0 1
13.28 0 1
13.3974 0 1
13.5149 0 1
13.6323 0 1
13.7497 0 1
13.8671 0 1
13.9845 0 1
14.1019 0 1
14.2193 0 1
14.3367 0 1
14.4541 0 1
14.5714 0 1
14.6888 0 1
14.8062 0 1
14.9235 0 1
15.0408 3742 61.1719
15.1581 3917 62.5859
15.2755 4037 63.5374
15.3927 4133 64.2884
15.51 4113 64.1327
15.6273 4222 64.9769
15.7445 4111 64.1171
15.8617 4099 64.0234
15.9789 3870 62.2093
16.0961 3798 61.6279
16.2132 3572 59.7662
16.3304 3522 59.3464
16.4475 3674 60.6135
16.5646 3651 60.4235
16.6816 3642 60.349
16.7986 3644 60.3656
16.9156 3581 59.8415
17.0326 3594 59.95
17.1496 3405 58.3524
17.2665 3503 59.1861
17.3833 3553 59.607
17.5002 3502 59.1777
17.617 3549 59.5735
17.7338 3736 61.1228
17.8505 3766 61.3677
17.9672 3459 58.8133
18.0839 3470 58.9067
18.2005 3330 57.7062
18.3171 3262 57.1139
18.4337 3462 58.8388
18.5502 3571 59.7578
18.6666 3604 60.0333
18.7831 3749 61.2291
18.8994 3532 59.4306
19.0158 3425 58.5235
19.1321 3353 57.9051
19.2483 3291 57.3672
19.3645 3219 56.7362
19.4806 2956 54.3691
19.5967 2529 50.2892
19.7128 2326 48.2286
19.8288 2287 47.8226
19.9447 2202 46.9255
20.0606 0 1
20.1764 0 1
20.2922 0 1
20.4079 0 1
20.5236 0 1
20.6392 0 1
20.7548 0 1
20.8702 0 1
23.3078 0 1
23.4233 0 1
23.539 0 1
23.6547 0 1
23.7704 0 1
23.8862 0 1
24.0021 0 1
24.118 0 1
24.234 0 1
24.35 0 1
24.4661 1542 39.2683
24.5822 1635 40.4351
24.6984 2072 45.5192
24.8146 2398 48.9694
24.9309 2652 51.4976
25.0472 2969 54.4885
25.1636 3298 57.4282
25.28 3435 58.6089
25.3965 3778 61.4654
25.513 3729 61.0655
25.6296 3814 61.7576
25.7462 3963 62.9524
25.8628 3858 62.1128
25.9795 3971 63.0159
26.0962 3924 62.6418
26.213 3875 62.2495
26.3298 3702 60.8441
26.4466 3444 58.6856
26.5635 3392 58.2409
26.6804 3096 55.6417
26.7973 3060 55.3173
26.9143 3007 54.8361
27.0313 2980 54.5894
27.1483 3246 56.9737
27.2653 3256 57.0614
27.3824 3451 58.7452
27.4996 3553 59.607
27.6167 3508 59.2284
27.7339 3347 57.8533
27.8511 3455 58.7792
27.9683 3548 59.5651
28.0855 3429 58.5577
28.2028 3226 56.7979
28.3201 3172 56.3205
28.4374 3204 56.6039
28.5547 3351 57.8878
28.6721 3494 59.1101
28.7894 3597 59.975
28.9068 3523 59.3549
29.0242 3538 59.4811
29.1416 3372 58.0689
29.259 3384 58.1722
29.3764 3345 57.836
29.4939 3378 58.1206
29.6113 3382 58.155
29.7288 3228 56.8155
29.8463 3225 56.7891
29.9638 2982 54.6077
30.0812 3127 55.9196
30.1987 2852 53.4041
30.3162 2755 52.4881
30.4337 2842 53.3104
30.5512 2993 54.7083
30.6687 3247 56.9825
30.7862 3298 57.4282
30.9037 3363 57.9914
31.0212 3406 58.3609
31.1387 3493 59.1016
31.2562 3465 58.8643
31.3737 3549 59.5735
31.4912 3357 57.9396
31.6087 3305 57.4891
31.7262 3226 56.7979
31.8436 3095 55.6327
31.9611 3112 55.7853
32.0785 3249 57
32.1959 3222 56.7627
32.3134 3251 57.0175
32.4308 3183 56.4181
32.5482 3043 55.1634
32.6655 3120 55.857
32.7829 3065 55.3624
32.9002 2967 54.4702
33.0176 3036 55.0999
33.1349 2907 53.9166
33.2522 3022 54.9727
33.3694 2979 54.5802
33.4867 2925 54.0833
33.6039 2872 53.591
33.7211 2716 52.1153
33.8383 2765 52.5833
33.9554 2668 51.6527
34.0725 2791 52.8299
34.1896 2841 53.301
34.3067 2981 54.5985
34.4237 3069 55.3986
34.5407 3228 56.8155
34.6577 3082 55.5158
34.7746 3209 56.648
34.8915 3005 54.8179
35.0084 2999 54.7631
35.1252 2966 54.461
35.242 2819 53.0943
35.3587 2698 51.9423
35.4755 2755 52.4881
35.5921 2820 53.1037
35.7088 2873 53.6004
35.8254 3007 54.8361
35.9419 2928 54.111
36.0584 2880 53.6656
36.1749 2825 53.1507
36.2913 2767 52.6023
36.4077 2566 50.6557
36.524 2574 50.7346
36.6403 2455 49.548
36.7565 2428 49.2747
36.8727 2292 47.8748
36.9889 2141 46.2709
37.1049 1911 43.715
37.221 0 1
37.3369 0 1
37.4529 0 1
37.5687 0 1
37.6845 0 1
37.8003 0 1
37.916 0 1
38.0316 0 1
38.1472 0 1
40.5851 0 1
40.7008 0 1
40.8164 0 1
40.9322 0 1
41.048 0 1
41.1639 0 1
41.2798 0 1
41.3958 0 1
41.5118 0 1
41.6279 0 1
41.744 1370 37.0135
41.8602 1597 39.9625
41.9765 1792 42.332
42.0928 1791 42.3202
42.2091 1997 44.6878
42.3255 2062 45.4093
42.4419 2084 45.6508
42.5584 2148 46.3465
42.675 2120 46.0435
42.7915 2165 46.5296
42.9081 2122 46.0652
43.0248 2205 46.9574
43.1415 2231 47.2335
43.2582 2370 48.6826
43.375 2304 48
43.4918 2284 47.7912
43.6087 2367 48.6518
43.7256 2171 46.594
43.8425 2150 46.3681
43.9595 2073 45.5302
44.0765 2023 44.9778
44.1935 1985 44.5533
44.3106 2090 45.7165
44.4277 2232 47.244
44.5448 2245 47.3814
44.6619 2179 46.6798
44.7791 2257 47.5079
44.8963 2368 48.6621
45.0136 2303 47.9896
45.1308 2375 48.734
45.2481 2273 47.676
45.3654 2282 47.7703
45.4827 2345 48.4252
45.6001 2408 49.0714
45.7174 2325 48.2183
45.8348 2382 48.8057
45.9522 2296 47.9166
46.0697 2141 46.2709
46.1871 2112 45.9565
46.3046 2049 45.2659
46.422 2042 45.1885
46.5395 2046 45.2327
46.657 2052 45.299
46.7745 2126 46.1086
46.892 2202 46.9255
47.0096 2293 47.8853
47.1271 2364 48.621
47.2446 2261 47.55
47.3622 2246 47.392
47.4797 2053 45.31
47.5973 2069 45.4863
47.7149 2051 45.288
47.8324 2045 45.2217
47.95 2241 47.3392
48.0675 2206 46.9681
48.1851 2302 47.9792
48.3027 2210 47.0106
48.4202 2371 48.6929
48.5378 2189 46.7868
48.6554 2260 47.5395
48.7729 2275 47.697
48.8904 2233 47.2546
49.008 2292 47.8748
49.1255 2236 47.2864
49.243 2244 47.3709
49.3605 2217 47.085
49.478 2080 45.607
49.5955 1913 43.7379
49.713 1824 42.7083
49.8304 1838 42.8719
49.9479 1845 42.9535
50.0653 1853 43.0465
50.1827 1970 44.3847
50.3001 1989 44.5982
50.4175 2212 47.0319
50.5348 2259 47.5289
50.6521 2145 46.3141
50.7694 2016 44.8999
50.8867 2032 45.0777
51.004 1972 44.4072
51.1212 1923 43.852
51.2384 1925 43.8748
51.3556 2099 45.8148
51.4727 2091 45.7275
51.5899 2170 46.5833
51.707 2105 45.8803
51.824 2227 47.1911
51.9411 2170 46.5833
52.0581 2155 46.422
52.175 2133 46.1844
52.2919 2062 45.4093
52.4088 2136 46.2169
52.5257 2185 46.744
52.6425 2136 46.2169
52.7593 2220 47.1169
52.876 2102 45.8476
52.9927 2086 45.6727
53.1094 1987 44.5758
53.226 1956 44.2267
53.3426 1859 43.1161
53.4591 1782 42.2137
53.5756 1765 42.0119
53.692 1778 42.1663
53.8084 1687 41.0731
53.9248 1712 41.3763
54.0411 1661 40.7554
54.1573 1441 37.9605
54.2735 0 1
54.3896 0 1
54.5057 0 1
54.6217 0 1
54.7377 0 1
54.8537 0 1
54.9695 0 1
55.0853 0 1
55.2011 0 1
55.3168 0 1
55.4324 0 1
57.824 0 1
57.9396 0 1
58.0553 0 1
58.1711 0 1
58.2869 0 1
58.4028 0 1
58.5187 0 1
58.6347 0 1
58.7508 0 1
58.8669 0 1
58.983 8399 91.6461
59.0992 12101 110.005
59.2155 15403 124.109
59.3318 18583 136.319
59.4482 20057 141.623
59.5646 21633 147.082
59.681 22532 150.107
59.7975 23278 152.571
59.9141 23651 153.789
60.0306 23780 154.208
60.1473 23883 154.541
60.2639 23816 154.324
60.3807 23321 152.712
60.4974 23193 152.292
60.6142 23015 151.707
60.731 22325 149.416
60.8479 21720 147.377
60.9648 21301 145.949
61.0818 19741 140.503
61.1987 18355 135.481
61.3158 16273 127.566
61.4328 14487 120.362
61.5499 12538 111.973
61.667 10569 102.806
61.7841 8544 92.4338
61.9013 6834 82.668
62.0185 5359 73.2052
62.1357 4471 66.8655
62.253 4495 67.0448
62.3702 4933 70.2353
62.4875 5378 73.3348
62.6049 5530 74.364
62.7222 5690 75.4321
62.8396 5875 76.6485
62.9569 5973 77.2852
63.0743 6215 78.8353
63.1918 6265 79.1518
63.3092 6359 79.7433
63.4267 6293 79.3284
63.5441 5895 76.7789
63.6616 5390 73.4166
63.7791 4478 66.9179
63.8966 3935 62.7296
64.0142 3538 59.4811
64.1317 3282 57.2887
64.2492 3066 55.3715
64.3668 2918 54.0185
64.4843 2897 53.8238
64.6019 2946 54.2771
64.7195 3011 54.8726
64.837 2921 54.0463
64.9546 2868 53.5537
65.0722 2697 51.9326
65.1898 2615 51.1371
65.3074 2580 50.7937
65.4249 2534 50.3389
65.5425 2415 49.1426
65.6601 2467 49.6689
65.7777 2404 49.0306
65.8952 2439 49.3862
66.0128 2459 49.5883
66.1304 2448 49.4773
66.2479 2539 50.3885
66.3655 2606 51.049
66.483 2607 51.0588
66.6005 2537 50.3686
66.718 2613 51.1175
66.8355 2471 49.7092
66.953 2420 49.1935
67.0705 2389 48.8774
67.1879 2587 50.8626
67.3054 2642 51.4004
67.4228 2662 51.5946
67.5402 2670 51.672
67.6576 2589 50.8822
67.7749 2598 50.9706
67.8923 2646 51.4393
68.0096 2479 49.7896
68.1269 2491 49.9099
68.2442 2489 49.8899
68.3614 2499 49.99
68.4787 2451 49.5076
68.5958 2449 49.4874
68.713 2494 49.94
68.8302 2404 49.0306
68.9473 2375 48.734
69.0643 2460 49.5984
69.1814 2326 48.2286
69.2984 2337 48.3425
69.4154 2270 47.6445
69.5323 2287 47.8226
69.6492 2352 48.4974
69.7661 2340 48.3735
69.8829 2401 49
69.9997 2416 49.1528
70.1165 2397 48.9592
70.2332 2342 48.3942
70.3499 2335 48.3218
70.4665 2157 46.4435
70.5831 1880 43.359
70.6996 1811 42.5558
70.8161 1761 41.9643
70.9326 1705 41.2916
71.049 1596 39.95
71.1653 1484 38.5227
71.2817 1423 37.7227
71.3979 1283 35.819
71.5141 1201 34.6554
71.6303 1065 32.6343
71.7464 966 31.0805
71.8624 0 1
71.9784 0 1
72.0944 0 1
72.2102 0 1
72.3261 0 1
72.4418 0 1
72.5575 0 1
72.6732 0 1
75.1054 0 1
75.2209 0 1
75.3365 0 1
75.4521 0 1
75.5678 0 1
75.6835 0 1
75.7993 0 1
75.9151 0 1
76.031 0 1
76.147 1463 38.2492
76.263 1714 41.4005
76.3791 1878 43.3359
76.4952 1960 44.2719
76.6113 2202 46.9255
76.7276 2184 46.7333
76.8438 2150 46.3681
76.9601 2108 45.913
77.0765 2049 45.2659
77.1929 2095 45.7712
77.3093 2110 45.9347
77.4258 2038 45.1442
77.5423 2084 45.6508
77.6589 2046 45.2327
77.7755 2187 46.7654
77.8921 2117 46.0109
78.0088 2017 44.911
78.1256 2033 45.0888
78.2423 1992 44.6318
78.3591 2004 44.7661
78.4759 1938 44.0227
78.5928 1829 42.7668
78.7097 1948 44.1362
78.8266 1865 43.1856
78.9436 2085 45.6618
79.0606 2087 45.6837
79.1776 2162 46.4973
79.2946 2140 46.2601
79.4117 2064 45.4313
79.5288 2168 46.5618
79.6459 2133 46.1844
79.7631 2115 45.9891
79.8802 2052 45.299
79.9974 2184 46.7333
80.1147 2266 47.6025
80.2319 2217 47.085
80.3491 2263 47.571
80.4664 2289 47.8435
80.5837 2253 47.4658
80.701 2300 47.9583
80.8183 2206 46.9681
80.9357 2145 46.3141
81.053 2145 46.3141
81.1704 2163 46.5081
81.2877 2181 46.7012
81.4051 2238 47.3075
81.5225 2230 47.2229
81.6399 2149 46.3573
81.7573 2203 46.9361
81.8747 2199 46.8935
81.9922 2089 45.7056
82.1096 2071 45.5082
82.227 1989 44.5982
82.3444 1920 43.8178
82.4619 2160 46.4758
82.5793 2074 45.5412
82.6967 2141 46.2709
82.8142 2254 47.4763
82.9316 2347 48.4458
83.049 2291 47.8644
83.1664 2288 47.833
83.2838 2162 46.4973
83.4012 2134 46.1952
83.5186 2125 46.0977
83.636 2235 47.2758
83.7534 2279 47.7389
83.8708 2312 48.0833
83.9881 2424 49.2341
84.1055 2379 48.775
84.2228 2337 48.3425
84.3401 2240 47.3286
84.4575 2217 47.085
84.5747 2179 46.6798
84.692 2149 46.3573
84.8093 2187 46.7654
84.9265 2189 46.7868
85.0437 2289 47.8435
85.1609 2258 47.5184
85.2781 2274 47.6865
85.3952 2182 46.7119
85.5123 2145 46.3141
85.6294 2058 45.3652
85.7465 2097 45.793
85.8636 2063 45.4203
85.9806 1989 44.5982
86.0976 2130 46.1519
86.2145 2132 46.1736
86.3315 2342 48.3942
86.4484 2113 45.9674
86.5652 2223 47.1487
86.682 2309 48.0521
86.7988 2261 47.55
86.9156 2298 47.9375
87.0323 2178 46.669
87.149 2152 46.3897
87.2657 2091 45.7275
87.3823 2227 47.1911
87.4988 2246 47.392
87.6154 2179 46.6798
87.7318 2102 45.8476
87.8483 1942 44.0681
87.9647 1798 42.4028
88.081 1724 41.5211
88.1973 1680 40.9878
88.3136 1505 38.7943
88.4298 1346 36.6879
88.546 1256 35.4401
88.6621 1233 35.1141
88.7781 1218 34.8999
88.8942 0 1
89.0101 0 1
89.126 0 1
89.2419 0 1
89.3577 0 1
89.4734 0 1
89.5891 0 1
89.7047 0 1
89.8203 0 1
89.9358 0 1
92.3269 0 1
92.4424 0 1
92.558 0 1
92.6736 0 1
92.7893 0 1
92.905 0 1
93.0208 0 1
93.1366 0 1
93.2525 0 1
93.3685 0 1
93.4845 0 1
93.6005 1748 41.8091
93.7167 1881 43.3705
93.8328 2013 44.8665
93.949 2025 45
94.0653 2224 47.1593
94.1816 2182 46.7119
94.2979 2255 47.4868
94.4143 2169 46.5725
94.5307 2147 46.3357
94.6472 2164 46.5188
94.7637 1972 44.4072
94.8803 2029 45.0444
94.9969 2032 45.0777
95.1135 2048 45.2548
95.2302 2125 46.0977
95.3469 2112 45.9565
95.4637 2113 45.9674
95.5805 2251 47.4447
95.6973 2312 48.0833
95.8142 2306 48.0208
95.9311 2278 47.7284
96.048 2229 47.2123
96.1649 2317 48.1352
96.2819 2215 47.0638
96.3989 2148 46.3465
96.516 2233 47.2546
96.633 2370 48.6826
96.7501 2354 48.518
96.8673 2418 49.1732
96.9844 2461 49.6085
97.1016 2346 48.4355
97.2188 2308 48.0416
97.336 2163 46.5081
97.4532 2275 47.697
97.5704 2271 47.655
97.6877 2253 47.4658
97.805 2270 47.6445
97.9223 2340 48.3735
98.0396 2372 48.7032
98.1569 2376 48.7442
98.2743 2301 47.9687
98.3916 2282 47.7703
98.509 2201 46.9148
98.6264 2104 45.8694
98.7438 2215 47.0638
98.8612 2216 47.0744
98.9786 2345 48.4252
99.096 2308 48.0416
99.2134 2392 48.9081
99.3308 2546 50.4579
99.4482 2510 50.0999
99.5656 2552 50.5173
99.6831 2487 49.8698
99.8005 2420 49.1935
99.9179 2461 49.6085
100.035 2432 49.3153
100.153 2460 49.5984
100.27 2539 50.3885
100.388 2449 49.4874
100.505 2495 49.95
100.622 2380 48.7852
100.74 2389 48.8774
100.857 2439 49.3862
100.975 2346 48.4355
101.092 2377 48.7545
101.209 2432 49.3153
101.327 2427 49.2646
101.444 2472 49.7192
101.561 2507 50.07
101.679 2444 49.4368
101.796 2461 49.6085
101.913 2333 48.3011
102.03 2275 47.697
102.148 2304 48
102.265 2360 48.5798
102.382 2407 49.0612
102.499 2459 49.5883
102.616 2430 49.295
102.733 2537 50.3686
102.851 2734 52.2877
102.968 2685 51.817
103.085 2750 52.4404
103.202 2702 51.9808
103.319 2694 51.9038
103.436 2520 50.1996
103.552 2542 50.4183
103.669 2526 50.2593
103.786 2644 51.4198
103.903 2624 51.225
104.02 2643 51.4101
104.137 2574 50.7346
104.253 2492 49.9199
104.37 2537 50.3686
104.487 2520 50.1996
104.603 2527 50.2693
104.72 2483 49.8297
104.836 2404 49.0306
104.953 2421 49.2037
105.069 2376 48.7442
105.186 2260 47.5395
105.302 2124 46.0869
105.418 1869 43.2319
105.535 1665 40.8044
105.651 1612 40.1497
105.767 1471 38.3536
105.883 1354 36.7967
105.999 1309 36.1801
106.115 0 1
106.231 0 1
106.347 0 1
106.463 0 1
106.579 0 1
106.694 0 1
106.81 0 1
106.926 0 1
107.041 0 1
107.157 0 1
109.576 0 1
109.692 0 1
109.807 0 1
109.923 0 1
110.039 0 1
110.155 0 1
110.27 0 1
110.386 0 1
110.502 0 1
110.618 1256 35.4401
110.735 1405 37.4833
110.851 1732 41.6173
110.967 1766 42.0238
111.083 1963 44.3058
111.199 2126 46.1086
111.316 2190 46.7974
111.432 2339 48.3632
111.549 2411 49.1019
111.665 2401 49
111.782 2351 48.4871
111.898 2398 48.9694
112.015 2377 48.7545
112.132 2325 48.2183
112.248 2289 47.8435
112.365 2263 47.571
112.482 2340 48.3735
112.599 2345 48.4252
112.716 2328 48.2494
112.832 2301 47.9687
112.949 2256 47.4974
113.066 2295 47.9062
113.183 2229 47.2123
113.3 2166 46.5403
113.417 2276 47.7074
113.534 2179 46.6798
113.652 2299 47.9479
113.769 2294 47.8957
113.886 2252 47.4552
114.003 2189 46.7868
114.12 2103 45.8585
114.238 1985 44.5533
114.355 2024 44.9889
114.472 2033 45.0888
114.589 2067 45.4643
114.707 2111 45.9456
114.824 2155 46.422
114.942 2205 46.9574
115.059 2273 47.676
115.176 2309 48.0521
115.294 2322 48.1871
115.411 2275 47.697
115.529 2122 46.0652
115.646 2125 46.0977
115.764 2116 46
115.881 2135 46.2061
115.999 2197 46.8722
116.116 2102 45.8476
116.234 2168 46.5618
116.351 2134 46.1952
116.469 2124 46.0869
116.586 2039 45.1553
116.704 2064 45.4313
116.821 2014 44.8776
116.939 2109 45.9239
117.056 2069 45.4863
117.174 2136 46.2169
117.291 2201 46.9148
117.409 2090 45.7165
117.526 1993 44.643
117.644 1967 44.3509
117.761 1928 43.909
117.879 1903 43.6234
117.996 1900 43.589
118.114 1899 43.5775
118.231 2025 45
118.349 1995 44.6654
118.466 2014 44.8776
118.584 2109 45.9239
118.701 2151 46.3789
118.819 2159 46.465
118.936 2082 45.6289
119.053 2008 44.8107
119.171 2078 45.5851
119.288 2020 44.9444
119.405 1960 44.2719
119.523 1984 44.5421
119.64 2050 45.2769
119.757 2064 45.4313
119.875 1973 44.4185
119.992 1964 44.317
120.109 2005 44.7772
120.226 1931 43.9431
120.343 1896 43.5431
120.46 2000 44.7214
120.578 1955 44.2154
120.695 1953 44.1928
120.812 1935 43.9886
120.929 1971 44.3959
121.046 1889 43.4626
121.163 1779 42.1782
121.279 1864 43.1741
121.396 1796 42.3792
121.513 1637 40.4599
121.63 1770 42.0714
121.747 1602 40.025
121.863 1695 41.1704
121.98 1743 41.7493
122.097 1587 39.8372
122.213 1578 39.724
122.33 1524 39.0384
122.446 1555 39.4335
122.563 1453 38.1182
122.679 1349 36.7287
122.795 1319 36.318
122.912 1239 35.1994
123.028 1112 33.3467
123.144 1096 33.1059
123.26 1063 32.6037
123.377 0 1
123.493 0 1
123.609 0 1
123.725 0 1
123.84 0 1
123.956 0 1
124.072 0 1
124.188 0 1
124.303 0 1
124.419 0 1
126.852 0 1
126.968 0 1
127.083 0 1
127.199 0 1
127.315 0 1
127.431 0 1
127.547 0 1
127.663 0 1
127.779 0 1
127.895 0 1
128.011 0 1
128.127 0 1
128.243 0 1
128.359 2097 45.793
128.476 2179 46.6798
128.592 2143 46.2925
128.708 2218 47.0956
128.825 2251 47.4447
128.941 2274 47.6865
129.058 2435 49.3457
129.174 2324 48.2079
129.291 2320 48.1664
129.408 2355 48.5283
129.524 2368 48.6621
129.641 2401 49
129.758 2456 49.558
129.875 2633 51.3128
129.992 2615 51.1371
130.108 2621 51.1957
130.225 2670 51.672
130.342 2658 51.5558
130.459 2692 51.8845
130.576 2725 52.2015
130.693 2660 51.5752
130.81 2619 51.1762
130.928 2474 49.7393
131.045 2671 51.6817
131.162 2990 54.6809
131.279 3177 56.3649
131.396 3286 57.3236
131.513 3462 58.8388
131.631 3661 60.5062
131.748 3554 59.6154
131.865 3654 60.4483
131.983 3799 61.636
132.1 3811 61.7333
132.217 3988 63.1506
132.335 4106 64.0781
132.452 4208 64.8691
132.57 4442 66.6483
132.687 4411 66.4154
132.804 4503 67.1044
132.922 4556 67.4981
133.039 4651 68.1982
133.157 4506 67.1267
133.274 4488 66.9925
133.392 4539 67.3721
133.509 4315 65.6887
133.627 4365 66.0681
133.744 4265 65.307
133.862 4321 65.7343
133.979 4210 64.8845
134.097 4124 64.2184
134.214 4048 63.6239
134.332 3729 61.0655
134.449 3464 58.8558
134.567 3603 60.025
134.684 3794 61.5955
134.802 4018 63.3877
134.919 4079 63.867
135.037 4030 63.4823
135.154 4044 63.5925
135.272 4085 63.914
135.389 3992 63.1823
135.507 3948 62.8331
135.624 3947 62.8252
135.742 3993 63.1902
135.859 4154 64.4515
135.977 4049 63.6318
136.094 4180 64.6529
136.211 4147 64.3972
136.329 4211 64.8922
136.446 4060 63.7181
136.564 4164 64.5291
136.681 4076 63.8436
136.798 4044 63.5925
136.915 4096 64
137.033 4054 63.671
137.15 4001 63.2535
137.267 3911 62.538
137.384 3909 62.522
137.502 3921 62.6179
137.619 3819 61.7981
137.736 3748 61.2209
137.853 3415 58.438
137.97 3342 57.81
138.087 3052 55.2449
138.204 3409 58.3866
138.321 3503 59.1861
138.438 3806 61.6928
138.555 3827 61.8628
138.672 3735 61.1146
138.788 3701 60.8358
138.905 3784 61.5142
139.022 3664 60.531
139.139 3472 58.9237
139.255 3307 57.5065
139.372 3121 55.8659
139.488 3043 55.1634
139.605 2928 54.111
139.721 2914 53.9815
139.838 2619 51.1762
139.954 2580 50.7937
140.071 2367 48.6518
140.187 2352 48.4974
140.303 2147 46.3357
140.419 2075 45.5522
140.535 2041 45.1774
140.652 1957 44.238
140.768 0 1
140.884 0 1
141 0 1
141.115 0 1
141.231 0 1
141.347 0 1
141.463 0 1
141.578 0 1
141.694 0 1
144.104 0 1
144.219 0 1
144.335 0 1
144.45 0 1
144.566 0 1
144.682 0 1
144.798 0 1
144.914 0 1
145.03 0 1
145.146 6021 77.5951
145.262 6492 80.5729
145.378 6760 82.2192
145.494 7159 84.6109
145.61 7386 85.9418
145.726 7470 86.4292
145.842 7915 88.9663
145.959 8002 89.4539
146.075 8165 90.3604
146.192 8577 92.6121
146.308 8849 94.0691
146.425 9016 94.9526
146.541 9149 95.6504
146.658 9146 95.6347
146.774 8853 94.0904
146.891 7843 88.5607
147.008 7438 86.2438
147.125 8186 90.4765
147.241 9330 96.5919
147.358 9648 98.2242
147.475 9215 95.9948
147.592 9289 96.3795
147.709 9445 97.1854
147.826 9733 98.656
147.943 9887 99.4334
148.06 9902 99.5088
148.177 9717 98.5748
148.294 9755 98.7674
148.411 9835 99.1716
148.528 9952 99.7597
148.645 9647 98.2191
148.762 9824 99.1161
148.88 9723 98.6053
148.997 9923 99.6143
149.114 9598 97.9694
149.231 9695 98.4632
149.349 9727 98.6256
149.466 9380 96.8504
149.583 9548 97.7139
149.701 9395 96.9278
149.818 9275 96.3068
149.935 9403 96.9691
150.053 9455 97.2368
150.17 9551 97.7292
150.287 9378 96.8401
150.405 9176 95.7914
150.522 8509 92.2442
150.64 7660 87.5214
150.757 7779 88.1986
150.875 8420 91.7606
150.992 9105 95.4201
151.11 8376 91.5205
151.227 7986 89.3644
151.344 8425 91.7878
151.462 8974 94.7312
151.579 9047 95.1157
151.697 9115 95.4725
151.814 9347 96.6799
151.932 9258 96.2185
152.049 9266 96.2601
152.167 9835 99.1716
152.284 9674 98.3565
152.402 10053 100.265
152.519 10072 100.359
152.636 10144 100.717
152.754 10408 102.02
152.871 10594 102.927
152.989 10377 101.868
153.106 10695 103.417
153.223 10290 101.44
153.341 9768 98.8332
153.458 9256 96.2081
153.575 9194 95.8853
153.693 9642 98.1937
153.81 10653 103.213
153.927 11337 106.475
154.044 11160 105.641
154.162 10785 103.851
154.279 10574 102.83
154.396 10495 102.445
154.513 10905 104.427
154.63 11596 107.685
154.747 11237 106.005
154.864 11227 105.958
154.981 11646 107.917
155.098 12343 111.099
155.215 12436 111.517
155.332 12562 112.08
155.449 12349 111.126
155.566 12518 111.884
155.683 12305 110.928
155.8 12451 111.584
155.917 11989 109.494
156.033 11829 108.761
156.15 0 1
156.267 0 1
156.383 0 1
156.5 0 1
156.617 0 1
156.733 0 1
156.85 0 1
156.966 0 1
157.082 0 1
157.199 0 1
157.315 0 1
157.431 0 1
157.547 0 1
157.664 0 1
157.78 0 1
157.896 0 1
158.012 0 1
158.128 0 1
158.244 0 1
158.359 0 1
158.475 0 1
158.591 0 1
158.706 0 1
