
6.15755 0 1
6.2731 0 1
6.3887 0 1
6.50437 0 1
6.62009 0 1
6.73587 0 1
6.8517 0 1
6.96759 0 1
7.08353 0 1
7.19952 0 1
7.31557 0 1
7.43166 0 1
7.54781 0 1
7.664 0 1
7.78024 0 1
7.89653 0 1
8.01286 0 1
8.12924 0 1
8.24567 0 1
8.36213 0 1
8.47864 0 1
8.59519 0 1
8.71178 0 1
8.82841 0 1
8.94508 0 1
9.06179 0 1
9.17853 0 1
9.29531 0 1
9.41212 0 1
9.52897 0 1
9.64584 0 1
9.76276 0 1
9.8797 0 1
9.99667 0 1
10.1137 0 1
10.2307 0 1
10.3478 0 1
10.4648 0 1
10.5819 0 1
10.6991 0 1
10.8162 0 1
10.9334 0 1
11.0506 0 1
11.1678 0 1
11.285 0 1
11.4023 0 1
11.5196 0 1
11.6369 0 1
11.7542 0 1
11.8715 0 1
11.9888 0 1
12.1062 0 1
12.2235 0 1
12.3409 0 1
12.4582 0 1
12.5756 0 1
12.693 0 1
12.8104 0 1
12.9278 0 1
13.0452 0 1
13.1626 0 1
13.28 0 1
13.3974 0 1
13.5149 0 1
13.6323 0 1
13.7497 0 1
13.8671 0 1
13.9845 0 1
14.1019 0 1
14.2193 0 1
14.3367 0 1
14.4541 0 1
14.5714 0 1
14.6888 0 1
14.8062 0 1
14.9235 0 1
15.0408 0 0
15.1581 0 0
15.2755 0 0
15.3927 0 0
15.51 0 0
15.6273 0 0
15.7445 0 0
15.8617 0 0
15.9789 0 0
16.0961 0 0
16.2132 0 0
16.3304 0 0
16.4475 0 0
16.5646 0 0
16.6816 0 0
16.7986 0 0
16.9156 0 0
17.0326 0 0
17.1496 0 0
17.2665 0 0
17.3833 0 0
17.5002 0 0
17.617 0 0
17.7338 0 0
17.8505 0 0
17.9672 0 0
18.0839 0 0
18.2005 0 0
18.3171 0 0
18.4337 0 0
18.5502 0 0
18.6666 0 0
18.7831 0 0
18.8994 0 0
19.0158 0 0
19.1321 0 0
19.2483 0 0
19.3645 0 0
19.4806 0 0
19.5967 0 0
19.7128 0 0
19.8288 0 0
19.9447 0 0
20.0606 0 1
20.1764 0 1
20.2922 0 1
20.4079 0 1
20.5236 0 1
20.6392 0 1
20.7548 0 1
20.8702 0 1
23.3078 0 1
23.4233 0 1
23.539 0 1
23.6547 0 1
23.7704 0 1
23.8862 0 1
24.0021 0 1
24.118 0 1
24.234 0 1
24.35 0 1
24.4661 1964 44.317
24.5822 1938 44.0227
24.6984 1999 44.7102
24.8146 1977 44.4635
24.9309 2036 45.1221
25.0472 2002 44.7437
25.1636 2049 45.2659
25.28 2010 44.833
25.3965 2074 45.5412
25.513 2115 45.9891
25.6296 2121 46.0543
25.7462 2011 44.8442
25.8628 2126 46.1086
25.9795 2139 46.2493
26.0962 2162 46.4973
26.213 2073 45.5302
26.3298 2136 46.2169
26.4466 2018 44.9222
26.5635 1840 42.8952
26.6804 1765 42.0119
26.7973 1671 40.8779
26.9143 1813 42.5793
27.0313 1820 42.6615
27.1483 1878 43.3359
27.2653 2053 45.31
27.3824 2067 45.4643
27.4996 2080 45.607
27.6167 2048 45.2548
27.7339 1998 44.699
27.8511 2060 45.3872
27.9683 2014 44.8776
28.0855 1945 44.1022
28.2028 1997 44.6878
28.3201 1963 44.3058
28.4374 2065 45.4423
28.5547 1902 43.6119
28.6721 2041 45.1774
28.7894 1998 44.699
28.9068 2010 44.833
29.0242 2046 45.2327
29.1416 1973 44.4185
29.259 2019 44.9333
29.3764 2005 44.7772
29.4939 1939 44.0341
29.6113 2051 45.288
29.7288 2003 44.7549
29.8463 2069 45.4863
29.9638 1972 44.4072
30.0812 1873 43.2782
30.1987 1697 41.1947
30.3162 1612 40.1497
30.4337 1660 40.7431
30.5512 1786 42.2611
30.6687 1793 42.3438
30.7862 1924 43.8634
30.9037 2031 45.0666
31.0212 2003 44.7549
31.1387 2087 45.6837
31.2562 2037 45.1331
31.3737 1997 44.6878
31.4912 1988 44.587
31.6087 2063 45.4203
31.7262 1978 44.4747
31.8436 2013 44.8665
31.9611 1961 44.2832
32.0785 2033 45.0888
32.1959 2096 45.7821
32.3134 1960 44.2719
32.4308 2102 45.8476
32.5482 1983 44.5309
32.6655 2057 45.3542
32.7829 1961 44.2832
32.9002 1973 44.4185
33.0176 2062 45.4093
33.1349 2016 44.8999
33.2522 1984 44.5421
33.3694 2096 45.7821
33.4867 2095 45.7712
33.6039 2002 44.7437
33.7211 1929 43.9204
33.8383 1746 41.7852
33.9554 1700 41.2311
34.0725 1630 40.3733
34.1896 1701 41.2432
34.3067 1969 44.3734
34.4237 2052 45.299
34.5407 1978 44.4747
34.6577 2121 46.0543
34.7746 2065 45.4423
34.8915 2141 46.2709
35.0084 2112 45.9565
35.1252 2017 44.911
35.242 2035 45.111
35.3587 2057 45.3542
35.4755 2018 44.9222
35.5921 1997 44.6878
35.7088 2052 45.299
35.8254 2091 45.7275
35.9419 2139 46.2493
36.0584 2110 45.9347
36.1749 2033 45.0888
36.2913 2081 45.618
36.4077 2036 45.1221
36.524 2052 45.299
36.6403 1994 44.6542
36.7565 2101 45.8367
36.8727 2071 45.5082
36.9889 2038 45.1442
37.1049 2116 46
37.221 0 1
37.3369 0 1
37.4529 0 1
37.5687 0 1
37.6845 0 1
37.8003 0 1
37.916 0 1
38.0316 0 1
38.1472 0 1
40.5851 0 1
40.7008 0 1
40.8164 0 1
40.9322 0 1
41.048 0 1
41.1639 0 1
41.2798 0 1
41.3958 0 1
41.5118 0 1
41.6279 0 1
41.744 1721 41.4849
41.8602 1798 42.4028
41.9765 1809 42.5323
42.0928 1748 41.8091
42.2091 1903 43.6234
42.3255 1842 42.9185
42.4419 1684 41.0366
42.5584 1552 39.3954
42.675 1450 38.0789
42.7915 1383 37.1887
42.9081 1431 37.8286
43.0248 1617 40.2119
43.1415 1730 41.5933
43.2582 1792 42.332
43.375 1938 44.0227
43.4918 1942 44.0681
43.6087 1866 43.1972
43.7256 1749 41.821
43.8425 1876 43.3128
43.9595 1810 42.5441
44.0765 1812 42.5676
44.1935 1647 40.5832
44.3106 1685 41.0488
44.4277 1673 40.9023
44.5448 1693 41.1461
44.6619 1664 40.7922
44.7791 1640 40.4969
44.8963 1596 39.95
45.0136 1616 40.1995
45.1308 1583 39.7869
45.2481 1660 40.7431
45.3654 1630 40.3733
45.4827 1610 40.1248
45.6001 1674 40.9145
45.7174 1572 39.6485
45.8348 1532 39.1408
45.9522 1612 40.1497
46.0697 1524 39.0384
46.1871 1359 36.8646
46.3046 1216 34.8712
46.422 1224 34.9857
46.5395 1337 36.565
46.657 1379 37.1349
46.7745 1523 39.0256
46.892 1462 38.2361
47.0096 1564 39.5474
47.1271 1578 39.724
47.2446 1536 39.1918
47.3622 1578 39.724
47.4797 1501 38.7427
47.5973 1476 38.4187
47.7149 1484 38.5227
47.8324 1461 38.223
47.95 1424 37.7359
48.0675 1286 35.8608
48.1851 1305 36.1248
48.3027 1351 36.756
48.4202 1338 36.5787
48.5378 1341 36.6197
48.6554 1368 36.9865
48.7729 1500 38.7298
48.8904 1354 36.7967
49.008 1445 38.0132
49.1255 1487 38.5616
49.243 1465 38.2753
49.3605 1410 37.55
49.478 1414 37.6032
49.5955 1313 36.2353
49.713 1226 35.0143
49.8304 1159 34.0441
49.9479 1148 33.8821
50.0653 1384 37.2022
50.1827 1451 38.092
50.3001 1599 39.9875
50.4175 1616 40.1995
50.5348 1710 41.3521
50.6521 1777 42.1545
50.7694 1837 42.8602
50.8867 1824 42.7083
51.004 1906 43.6578
51.1212 1937 44.0114
51.2384 1936 44
51.3556 1886 43.4281
51.4727 1919 43.8064
51.5899 1963 44.3058
51.707 1934 43.9773
51.824 1927 43.8976
51.9411 1988 44.587
52.0581 2157 46.4435
52.175 2161 46.4866
52.2919 2175 46.6369
52.4088 2251 47.4447
52.5257 2307 48.0312
52.6425 2317 48.1352
52.7593 2311 48.0729
52.876 2318 48.1456
52.9927 2446 49.4571
53.1094 2368 48.6621
53.226 2086 45.6727
53.3426 1958 44.2493
53.4591 1838 42.8719
53.5756 1953 44.1928
53.692 2098 45.8039
53.8084 2282 47.7703
53.9248 2495 49.95
54.0411 2547 50.4678
54.1573 2601 51
54.2735 0 1
54.3896 0 1
54.5057 0 1
54.6217 0 1
54.7377 0 1
54.8537 0 1
54.9695 0 1
55.0853 0 1
55.2011 0 1
55.3168 0 1
55.4324 0 1
57.824 0 1
57.9396 0 1
58.0553 0 1
58.1711 0 1
58.2869 0 1
58.4028 0 1
58.5187 0 1
58.6347 0 1
58.7508 0 1
58.8669 0 1
58.983 3106 55.7315
59.0992 3373 58.0775
59.2155 3567 59.7244
59.3318 3571 59.7578
59.4482 3618 60.1498
59.5646 3629 60.2412
59.681 3700 60.8276
59.7975 3569 59.7411
59.9141 3619 60.1581
60.0306 3444 58.6856
60.1473 3423 58.5064
60.2639 3344 57.8273
60.3807 3243 56.9473
60.4974 3450 58.7367
60.6142 3500 59.1608
60.731 3467 58.8812
60.8479 3585 59.8749
60.9648 3572 59.7662
61.0818 3689 60.7371
61.1987 3709 60.9016
61.3158 3751 61.2454
61.4328 3800 61.6441
61.5499 3596 59.9667
61.667 3459 58.8133
61.7841 3257 57.0701
61.9013 2999 54.7631
62.0185 2865 53.5257
62.1357 2879 53.6563
62.253 3046 55.1906
62.3702 3418 58.4637
62.4875 3719 60.9836
62.6049 3798 61.6279
62.7222 3928 62.6738
62.8396 3931 62.6977
62.9569 3981 63.0952
63.0743 3885 62.3298
63.1918 3972 63.0238
63.3092 3832 61.9032
63.4267 3796 61.6117
63.5441 3674 60.6135
63.6616 3660 60.4979
63.7791 3493 59.1016
63.8966 3500 59.1608
64.0142 3619 60.1581
64.1317 3698 60.8112
64.2492 3784 61.5142
64.3668 3814 61.7576
64.4843 3954 62.8808
64.6019 4061 63.726
64.7195 4094 63.9844
64.837 4065 63.7574
64.9546 4111 64.1171
65.0722 4059 63.7103
65.1898 3839 61.9597
65.3074 3809 61.7171
65.4249 3367 58.0259
65.5425 3108 55.7494
65.6601 2917 54.0093
65.7777 3171 56.3116
65.8952 3568 59.7327
66.0128 3803 61.6685
66.1304 4004 63.2772
66.2479 4225 65
66.3655 4417 66.4605
66.483 4341 65.8863
66.6005 4316 65.6963
66.718 4368 66.0908
66.8355 4333 65.8255
66.953 4193 64.7534
67.0705 4198 64.792
67.1879 3972 63.0238
67.3054 3871 62.2174
67.4228 3728 61.0574
67.5402 3764 61.3514
67.6576 3920 62.6099
67.7749 3933 62.7136
67.8923 4317 65.7039
68.0096 4316 65.6963
68.1269 4407 66.3852
68.2442 4533 67.3276
68.3614 4548 67.4389
68.4787 4651 68.1982
68.5958 4676 68.3813
68.713 4637 68.0955
68.8302 4540 67.3795
68.9473 4252 65.2074
69.0643 3977 63.0635
69.1814 3655 60.4566
69.2984 3438 58.6345
69.4154 3557 59.6406
69.5323 3966 62.9762
69.6492 4363 66.053
69.7661 4750 68.9202
69.8829 4942 70.2994
69.9997 5021 70.859
70.1165 5104 71.4423
70.2332 4998 70.6965
70.3499 4949 70.3491
70.4665 5039 70.9859
70.5831 5069 71.1969
70.6996 4766 69.0362
70.8161 4662 68.2788
70.9326 4615 67.9338
71.049 4317 65.7039
71.1653 4260 65.2687
71.2817 4168 64.56
71.3979 4440 66.6333
71.5141 4355 65.9924
71.6303 4380 66.1816
71.7464 4230 65.0385
71.8624 0 1
71.9784 0 1
72.0944 0 1
72.2102 0 1
72.3261 0 1
72.4418 0 1
72.5575 0 1
72.6732 0 1
75.1054 0 1
75.2209 0 1
75.3365 0 1
75.4521 0 1
75.5678 0 1
75.6835 0 1
75.7993 0 1
75.9151 0 1
76.031 0 1
76.147 4465 66.8207
76.263 4706 68.6003
76.3791 4650 68.1909
76.4952 4376 66.1513
76.6113 4479 66.9253
76.7276 4750 68.9202
76.8438 4839 69.5629
76.9601 4825 69.4622
77.0765 5309 72.8629
77.1929 5480 74.027
77.3093 5380 73.3485
77.4258 5394 73.4439
77.5423 5489 74.0878
77.6589 5353 73.1642
77.7755 5436 73.7292
77.8921 5033 70.9436
78.0088 4650 68.1909
78.1256 4260 65.2687
78.2423 4022 63.4192
78.3591 3800 61.6441
78.4759 3995 63.206
78.5928 4358 66.0151
78.7097 4885 69.8928
78.8266 5511 74.2361
78.9436 5265 72.5603
79.0606 5379 73.3417
79.1776 5460 73.8918
79.2946 5388 73.403
79.4117 5547 74.4782
79.5288 5478 74.0135
79.6459 5348 73.13
79.7631 5094 71.3723
79.8802 4900 70
79.9974 4863 69.7352
80.1147 4460 66.7832
80.2319 4430 66.5582
80.3491 4395 66.2948
80.4664 4640 68.1175
80.5837 4952 70.3704
80.701 5046 71.0352
80.8183 5310 72.8697
80.9357 5335 73.0411
81.053 5434 73.7157
81.1704 5342 73.089
81.2877 5392 73.4302
81.4051 5098 71.4003
81.5225 5192 72.0555
81.6399 4721 68.7095
81.7573 4491 67.0149
81.8747 3980 63.0872
81.9922 3800 61.6441
82.1096 3857 62.1048
82.227 4061 63.726
82.3444 4596 67.7938
82.4619 4949 70.3491
82.5793 4871 69.7925
82.6967 5333 73.0274
82.8142 5270 72.5948
82.9316 5160 71.8331
83.049 5207 72.1595
83.1664 5139 71.6868
83.2838 4901 70.0071
83.4012 4838 69.5557
83.5186 4641 68.1249
83.636 4294 65.5286
83.7534 4287 65.4752
83.8708 4091 63.9609
83.9881 4019 63.3956
84.1055 4291 65.5057
84.2228 4579 67.6683
84.3401 4715 68.6659
84.4575 4950 70.3562
84.5747 4975 70.5337
84.692 5215 72.215
84.8093 5111 71.4913
84.9265 5109 71.4773
85.0437 5198 72.0972
85.1609 4879 69.8498
85.2781 4389 66.2495
85.3952 4080 63.8749
85.5123 3961 62.9365
85.6294 3768 61.384
85.7465 3946 62.8172
85.8636 4319 65.7191
85.9806 4986 70.6116
86.0976 4997 70.6895
86.2145 5411 73.5595
86.3315 5244 72.4155
86.4484 5731 75.7034
86.5652 5609 74.8933
86.682 5634 75.06
86.7988 5531 74.3707
86.9156 5448 73.8106
87.0323 5290 72.7324
87.149 5107 71.4633
87.2657 4825 69.4622
87.3823 4610 67.897
87.4988 4577 67.6535
87.6154 4759 68.9855
87.7318 5064 71.1618
87.8483 5432 73.7021
87.9647 5574 74.6592
88.081 5881 76.6877
88.1973 6046 77.756
88.3136 5817 76.2693
88.4298 5928 76.9935
88.546 5862 76.5637
88.6621 5697 75.4785
88.7781 5321 72.9452
88.8942 0 1
89.0101 0 1
89.126 0 1
89.2419 0 1
89.3577 0 1
89.4734 0 1
89.5891 0 1
89.7047 0 1
89.8203 0 1
89.9358 0 1
92.3269 0 1
92.4424 0 1
92.558 0 1
92.6736 0 1
92.7893 0 1
92.905 0 1
93.0208 0 1
93.1366 0 1
93.2525 0 1
93.3685 0 1
93.4845 0 1
93.6005 5758 75.8815
93.7167 5959 77.1946
93.8328 5891 76.7529
93.949 5800 76.1577
94.0653 5842 76.433
94.1816 5557 74.5453
94.2979 5458 73.8783
94.4143 4956 70.3989
94.5307 4884 69.8856
94.6472 4457 66.7608
94.7637 4521 67.2384
94.8803 4968 70.484
94.9969 5199 72.1041
95.1135 5428 73.675
95.2302 5501 74.1687
95.3469 5742 75.776
95.4637 6046 77.756
95.5805 6215 78.8353
95.6973 6020 77.5887
95.8142 6152 78.4347
95.9311 6095 78.0705
96.048 6142 78.3709
96.1649 5787 76.0723
96.2819 5828 76.3413
96.3989 5290 72.7324
96.516 5202 72.1249
96.633 4903 70.0214
96.7501 4811 69.3614
96.8673 4940 70.2851
96.9844 5333 73.0274
97.1016 5600 74.8331
97.2188 6000 77.4597
97.336 6137 78.339
97.4532 6344 79.6492
97.5704 6211 78.8099
97.6877 6194 78.702
97.805 6049 77.7753
97.9223 5933 77.026
98.0396 5421 73.6274
98.1569 5180 71.9722
98.2743 4913 70.0928
98.3916 4812 69.3686
98.509 4856 69.685
98.6264 5240 72.3878
98.7438 5524 74.3236
98.8612 5690 75.4321
98.9786 5986 77.3692
99.096 6196 78.7147
99.2134 6432 80.1998
99.3308 6521 80.7527
99.4482 6310 79.4355
99.5656 6366 79.7872
99.6831 6346 79.6618
99.8005 6172 78.5621
99.9179 5898 76.7984
100.035 5753 75.8485
100.153 5329 73
100.27 5140 71.6938
100.388 5147 71.7426
100.505 5364 73.2393
100.622 5817 76.2693
100.74 6151 78.4283
100.857 6421 80.1311
100.975 6465 80.4052
101.092 6559 80.9877
101.209 6530 80.8084
101.327 6479 80.4922
101.444 6367 79.7935
101.561 6165 78.5175
101.679 5904 76.8375
101.796 5429 73.6817
101.913 5125 71.5891
102.03 5127 71.6031
102.148 5434 73.7157
102.265 6136 78.3326
102.382 5704 75.5248
102.499 6284 79.2717
102.616 6531 80.8146
102.733 6781 82.3468
102.851 6947 83.3487
102.968 6964 83.4506
103.085 6866 82.8613
103.202 6863 82.8432
103.319 6662 81.6211
103.436 6457 80.3555
103.552 6294 79.3347
103.669 5809 76.2168
103.786 5314 72.8972
103.903 5169 71.8958
104.02 5646 75.1399
104.137 6154 78.4474
104.253 6812 82.5348
104.37 6791 82.4075
104.487 7119 84.3742
104.603 7234 85.0529
104.72 7057 84.006
104.836 7057 84.006
104.953 7121 84.386
105.069 6587 81.1603
105.186 6167 78.5302
105.302 5891 76.7529
105.418 5576 74.6726
105.535 5696 75.4718
105.651 6152 78.4347
105.767 6417 80.1062
105.883 6746 82.134
105.999 6927 83.2286
106.115 0 1
106.231 0 1
106.347 0 1
106.463 0 1
106.579 0 1
106.694 0 1
106.81 0 1
106.926 0 1
107.041 0 1
107.157 0 1
109.576 0 1
109.692 0 1
109.807 0 1
109.923 0 1
110.039 0 1
110.155 0 1
110.27 0 1
110.386 0 1
110.502 0 1
110.618 5515 74.263
110.735 5894 76.7724
110.851 6230 78.9303
110.967 6356 79.7245
111.083 6490 80.5605
111.199 6667 81.6517
111.316 6809 82.5167
111.432 6991 83.6122
111.549 6845 82.7345
111.665 6824 82.6075
111.782 6691 81.7985
111.898 6390 79.9375
112.015 6034 77.6788
112.132 5503 74.1822
112.248 5203 72.1318
112.365 5013 70.8025
112.482 5168 71.8888
112.599 5592 74.7797
112.716 6033 77.6724
112.832 6323 79.5173
112.949 6366 79.7872
113.066 6424 80.1499
113.183 6360 79.7496
113.3 6244 79.019
113.417 6186 78.6511
113.534 6072 77.923
113.652 5807 76.2037
113.769 5607 74.8799
113.886 5122 71.5681
114.003 4872 69.7997
114.12 4915 70.1071
114.238 5155 71.7983
114.355 5461 73.8986
114.472 5471 73.9662
114.589 5602 74.8465
114.707 5820 76.2889
114.824 5938 77.0584
114.942 6081 77.9808
115.059 6158 78.4729
115.176 5982 77.3434
115.294 6122 78.2432
115.411 5759 75.8881
115.529 5642 75.1132
115.646 5308 72.856
115.764 4924 70.1712
115.881 4612 67.9117
115.999 4659 68.2569
116.116 5088 71.3302
116.234 5472 73.973
116.351 5765 75.9276
116.469 5920 76.9415
116.586 6181 78.6193
116.704 6103 78.1217
116.821 6049 77.7753
116.939 6059 77.8396
117.056 6073 77.9295
117.174 5974 77.2917
117.291 5709 75.5579
117.409 5493 74.1148
117.526 5263 72.5465
117.644 5018 70.8378
117.761 5186 72.0139
117.879 5461 73.8986
117.996 5594 74.793
118.114 5745 75.7958
118.231 5938 77.0584
118.349 5828 76.3413
118.466 6180 78.613
118.584 6214 78.8289
118.701 6260 79.1202
118.819 6275 79.2149
118.936 6298 79.3599
119.053 6031 77.6595
119.171 5742 75.776
119.288 5228 72.3049
119.405 4814 69.383
119.523 4498 67.0671
119.64 4497 67.0597
119.757 4909 70.0643
119.875 5381 73.3553
119.992 5801 76.1643
120.109 5927 76.987
120.226 5960 77.201
120.343 5923 76.961
120.46 6005 77.4919
120.578 5860 76.5506
120.695 5816 76.2627
120.812 5900 76.8115
120.929 5789 76.0855
121.046 5429 73.6817
121.163 5325 72.9726
121.279 5251 72.4638
121.396 5028 70.9084
121.513 5155 71.7983
121.63 5283 72.6842
121.747 5605 74.8665
121.863 5778 76.0132
121.98 5806 76.1971
122.097 5753 75.8485
122.213 5766 75.9342
122.33 6103 78.1217
122.446 5884 76.7072
122.563 5902 76.8245
122.679 6022 77.6015
122.795 5916 76.9155
122.912 5703 75.5182
123.028 5242 72.4017
123.144 4832 69.5126
123.26 4483 66.9552
123.377 0 1
123.493 0 1
123.609 0 1
123.725 0 1
123.84 0 1
123.956 0 1
124.072 0 1
124.188 0 1
124.303 0 1
124.419 0 1
126.852 0 1
126.968 0 1
127.083 0 1
127.199 0 1
127.315 0 1
127.431 0 1
127.547 0 1
127.663 0 1
127.779 0 1
127.895 0 1
128.011 0 1
128.127 0 1
128.243 0 1
128.359 5224 72.2772
128.476 4788 69.1954
128.592 4953 70.3776
128.708 5434 73.7157
128.825 5989 77.3886
128.941 6440 80.2496
129.058 6590 81.1788
129.174 6757 82.201
129.291 6770 82.28
129.408 6599 81.2342
129.524 6623 81.3818
129.641 6624 81.388
129.758 6657 81.5904
129.875 6467 80.4177
129.992 6199 78.7337
130.108 6028 77.6402
130.225 5875 76.6485
130.342 5758 75.8815
130.459 5556 74.5386
130.576 6221 78.8733
130.693 6152 78.4347
130.81 6390 79.9375
130.928 6251 79.0633
131.045 6294 79.3347
131.162 6450 80.3119
131.279 6433 80.206
131.396 6507 80.666
131.513 6517 80.7279
131.631 6424 80.1499
131.748 5960 77.201
131.865 5447 73.8038
131.983 4947 70.3349
132.1 4848 69.6276
132.217 5150 71.7635
132.335 5882 76.6942
132.452 6095 78.0705
132.57 6327 79.5424
132.687 6289 79.3032
132.804 6697 81.8352
132.922 6446 80.287
133.039 6356 79.7245
133.157 6444 80.2745
133.274 6246 79.0316
133.392 6397 79.9812
133.509 6062 77.8588
133.627 6022 77.6015
133.744 5943 77.0909
133.862 5677 75.3459
133.979 5649 75.1598
134.097 5748 75.8156
134.214 5844 76.4461
134.332 5945 77.1038
134.449 6012 77.5371
134.567 6231 78.9367
134.684 6202 78.7528
134.802 6230 78.9303
134.919 6416 80.0999
135.037 6561 81
135.154 6370 79.8123
135.272 6221 78.8733
135.389 5706 75.5381
135.507 5104 71.4423
135.624 4686 68.4544
135.742 4844 69.5989
135.859 5188 72.0278
135.977 5687 75.4122
136.094 6147 78.4028
136.211 6303 79.3914
136.329 6263 79.1391
136.446 6444 80.2745
136.564 6392 79.95
136.681 6443 80.2683
136.798 6479 80.4922
136.915 6572 81.0679
137.033 6322 79.511
137.15 6053 77.801
137.267 6199 78.7337
137.384 5834 76.3806
137.502 5802 76.1709
137.619 5583 74.7195
137.736 5656 75.2064
137.853 5543 74.4513
137.97 5797 76.138
138.087 6232 78.943
138.204 6127 78.2752
138.321 6247 79.038
138.438 6148 78.4092
138.555 6230 78.9303
138.672 6396 79.975
138.788 6230 78.9303
138.905 6168 78.5366
139.022 5865 76.5833
139.139 5237 72.3671
139.255 4888 69.9142
139.372 4893 69.95
139.488 5208 72.1665
139.605 5687 75.4122
139.721 6063 77.8653
139.838 6281 79.2528
139.954 6270 79.1833
140.071 6341 79.6304
140.187 6404 80.025
140.303 6437 80.2309
140.419 6291 79.3158
140.535 6417 80.1062
140.652 5960 77.201
140.768 0 1
140.884 0 1
141 0 1
141.115 0 1
141.231 0 1
141.347 0 1
141.463 0 1
141.578 0 1
141.694 0 1
144.104 0 1
144.219 0 1
144.335 0 1
144.45 0 1
144.566 0 1
144.682 0 1
144.798 0 1
144.914 0 1
145.03 0 1
145.146 5417 73.6003
145.262 5455 73.858
145.378 5484 74.054
145.494 5549 74.4916
145.61 5499 74.1552
145.726 5384 73.3757
145.842 5477 74.0068
145.959 5250 72.4569
146.075 5136 71.6659
146.192 5026 70.8943
146.308 4965 70.4628
146.425 4919 70.1356
146.541 5031 70.9295
146.658 5163 71.854
146.774 5334 73.0342
146.891 5261 72.5328
147.008 5365 73.2462
147.125 5366 73.253
147.241 5265 72.5603
147.358 5201 72.118
147.475 4975 70.5337
147.592 4881 69.8642
147.709 4374 66.1362
147.826 4049 63.6318
147.943 4101 64.0391
148.06 4242 65.1306
148.177 4745 68.884
148.294 5021 70.859
148.411 5239 72.3809
148.528 5389 73.4098
148.645 5198 72.0972
148.762 5080 71.2741
148.88 5180 71.9722
148.997 4987 70.6187
149.114 5152 71.7774
149.231 5088 71.3302
149.349 5107 71.4633
149.466 4984 70.5975
149.583 4882 69.8713
149.701 4784 69.1665
149.818 4784 69.1665
149.935 4770 69.0652
150.053 4601 67.8307
150.17 4712 68.644
150.287 4661 68.2715
150.405 4983 70.5904
150.522 5043 71.0141
150.64 4861 69.7209
150.757 4975 70.5337
150.875 4996 70.6824
150.992 4860 69.7137
151.11 4608 67.8823
151.227 4641 68.1249
151.344 4242 65.1306
151.462 3926 62.6578
151.579 3939 62.7615
151.697 4133 64.2884
151.814 4417 66.4605
151.932 4906 70.0428
152.049 4877 69.8355
152.167 4988 70.6258
152.284 5089 71.3372
152.402 5071 71.211
152.519 5098 71.4003
152.636 5159 71.8262
152.754 5172 71.9166
152.871 5079 71.2671
152.989 4891 69.9357
153.106 4910 70.0714
153.223 4925 70.1783
153.341 4891 69.9357
153.458 4701 68.5638
153.575 4609 67.8896
153.693 4676 68.3813
153.81 4778 69.1231
153.927 4861 69.7209
154.044 4948 70.342
154.162 5046 71.0352
154.279 5072 71.218
154.396 5143 71.7147
154.513 5130 71.624
154.63 4917 70.1213
154.747 4902 70.0143
154.864 4735 68.8113
154.981 4530 67.3053
155.098 4171 64.5833
155.215 4094 63.9844
155.332 4433 66.5808
155.449 4643 68.1396
155.566 4875 69.8212
155.683 5008 70.7672
155.8 5040 70.993
155.917 5145 71.7287
156.033 5197 72.0902
156.15 0 1
156.267 0 1
156.383 0 1
156.5 0 1
156.617 0 1
156.733 0 1
156.85 0 1
156.966 0 1
157.082 0 1
157.199 0 1
157.315 0 1
157.431 0 1
157.547 0 1
157.664 0 1
157.78 0 1
157.896 0 1
158.012 0 1
158.128 0 1
158.244 0 1
158.359 0 1
158.475 0 1
158.591 0 1
158.706 0 1
