
6.15755 0 1
6.2731 0 1
6.3887 0 1
6.50437 0 1
6.62009 0 1
6.73587 0 1
6.8517 0 1
6.96759 0 1
7.08353 0 1
7.19952 0 1
7.31557 0 1
7.43166 0 1
7.54781 0 1
7.664 0 1
7.78024 0 1
7.89653 0 1
8.01286 0 1
8.12924 0 1
8.24567 0 1
8.36213 0 1
8.47864 0 1
8.59519 0 1
8.71178 0 1
8.82841 0 1
8.94508 0 1
9.06179 0 1
9.17853 0 1
9.29531 0 1
9.41212 0 1
9.52897 0 1
9.64584 0 1
9.76276 0 1
9.8797 0 1
9.99667 0 1
10.1137 0 1
10.2307 0 1
10.3478 0 1
10.4648 0 1
10.5819 0 1
10.6991 0 1
10.8162 0 1
10.9334 0 1
11.0506 0 1
11.1678 0 1
11.285 0 1
11.4023 0 1
11.5196 0 1
11.6369 0 1
11.7542 0 1
11.8715 0 1
11.9888 0 1
12.1062 0 1
12.2235 0 1
12.3409 0 1
12.4582 0 1
12.5756 0 1
12.693 0 1
12.8104 0 1
12.9278 0 1
13.0452 0 1
13.1626 0 1
13.28 0 1
13.3974 0 1
13.5149 0 1
13.6323 0 1
13.7497 0 1
13.8671 0 1
13.9845 0 1
14.1019 0 1
14.2193 0 1
14.3367 0 1
14.4541 0 1
14.5714 0 1
14.6888 0 1
14.8062 0 1
14.9235 0 1
15.0408 1060 32.5576
15.1581 1072 32.7414
15.2755 1097 33.121
15.3927 1086 32.9545
15.51 1068 32.6803
15.6273 1056 32.4962
15.7445 1015 31.8591
15.8617 1030 32.0936
15.9789 1026 32.0312
16.0961 948 30.7896
16.2132 928 30.4631
16.3304 924 30.3974
16.4475 929 30.4795
16.5646 938 30.6268
16.6816 922 30.3645
16.7986 926 30.4302
16.9156 931 30.5123
17.0326 905 30.0832
17.1496 868 29.4618
17.2665 882 29.6985
17.3833 893 29.8831
17.5002 921 30.348
17.617 894 29.8998
17.7338 873 29.5466
17.8505 979 31.289
17.9672 946 30.7571
18.0839 937 30.6105
18.2005 870 29.4958
18.3171 950 30.8221
18.4337 900 30
18.5502 893 29.8831
18.6666 948 30.7896
18.7831 904 30.0666
18.8994 943 30.7083
19.0158 829 28.7924
19.1321 769 27.7308
19.2483 801 28.3019
19.3645 778 27.8927
19.4806 823 28.688
19.5967 741 27.2213
19.7128 681 26.096
19.8288 603 24.5561
19.9447 554 23.5372
20.0606 0 1
20.1764 0 1
20.2922 0 1
20.4079 0 1
20.5236 0 1
20.6392 0 1
20.7548 0 1
20.8702 0 1
23.3078 0 1
23.4233 0 1
23.539 0 1
23.6547 0 1
23.7704 0 1
23.8862 0 1
24.0021 0 1
24.118 0 1
24.234 0 1
24.35 0 1
24.4661 354 18.8149
24.5822 403 20.0749
24.6984 494 22.2261
24.8146 491 22.1585
24.9309 588 24.2487
25.0472 716 26.7582
25.1636 731 27.037
25.28 809 28.4429
25.3965 849 29.1376
25.513 934 30.5614
25.6296 966 31.0805
25.7462 900 30
25.8628 952 30.8545
25.9795 900 30
26.0962 915 30.249
26.213 925 30.4138
26.3298 919 30.315
26.4466 831 28.8271
26.5635 797 28.2312
26.6804 830 28.8097
26.7973 800 28.2843
26.9143 838 28.9482
27.0313 790 28.1069
27.1483 812 28.4956
27.2653 811 28.4781
27.3824 844 29.0517
27.4996 847 29.1033
27.6167 849 29.1376
27.7339 824 28.7054
27.8511 751 27.4044
27.9683 750 27.3861
28.0855 826 28.7402
28.2028 908 30.133
28.3201 847 29.1033
28.4374 839 28.9655
28.5547 808 28.4253
28.6721 791 28.1247
28.7894 796 28.2135
28.9068 846 29.0861
29.0242 801 28.3019
29.1416 800 28.2843
29.259 872 29.5296
29.3764 815 28.5482
29.4939 843 29.0345
29.6113 888 29.7993
29.7288 801 28.3019
29.8463 800 28.2843
29.9638 795 28.1957
30.0812 833 28.8617
30.1987 797 28.2312
30.3162 761 27.5862
30.4337 805 28.3725
30.5512 801 28.3019
30.6687 746 27.313
30.7862 756 27.4955
30.9037 797 28.2312
31.0212 858 29.2916
31.1387 842 29.0172
31.2562 818 28.6007
31.3737 873 29.5466
31.4912 864 29.3939
31.6087 866 29.4279
31.7262 871 29.5127
31.8436 793 28.1603
31.9611 777 27.8747
32.0785 726 26.9444
32.1959 729 27
32.3134 730 27.0185
32.4308 757 27.5136
32.5482 741 27.2213
32.6655 734 27.0924
32.7829 714 26.7208
32.9002 752 27.4226
33.0176 775 27.8388
33.1349 736 27.1293
33.2522 753 27.4408
33.3694 727 26.9629
33.4867 741 27.2213
33.6039 732 27.0555
33.7211 787 28.0535
33.8383 726 26.9444
33.9554 787 28.0535
34.0725 782 27.9643
34.1896 754 27.4591
34.3067 732 27.0555
34.4237 709 26.6271
34.5407 786 28.0357
34.6577 757 27.5136
34.7746 767 27.6948
34.8915 717 26.7769
35.0084 747 27.3313
35.1252 757 27.5136
35.242 737 27.1477
35.3587 776 27.8568
35.4755 759 27.55
35.5921 756 27.4955
35.7088 730 27.0185
35.8254 668 25.8457
35.9419 711 26.6646
36.0584 678 26.0384
36.1749 749 27.3679
36.2913 747 27.3313
36.4077 767 27.6948
36.524 723 26.8887
36.6403 657 25.632
36.7565 609 24.6779
36.8727 569 23.8537
36.9889 525 22.9129
37.1049 478 21.8632
37.221 0 1
37.3369 0 1
37.4529 0 1
37.5687 0 1
37.6845 0 1
37.8003 0 1
37.916 0 1
38.0316 0 1
38.1472 0 1
40.5851 0 1
40.7008 0 1
40.8164 0 1
40.9322 0 1
41.048 0 1
41.1639 0 1
41.2798 0 1
41.3958 0 1
41.5118 0 1
41.6279 0 1
41.744 258 16.0624
41.8602 361 19
41.9765 399 19.975
42.0928 445 21.095
42.2091 536 23.1517
42.3255 567 23.8118
42.4419 526 22.9347
42.5584 603 24.5561
42.675 583 24.1454
42.7915 539 23.2164
42.9081 528 22.9783
43.0248 525 22.9129
43.1415 520 22.8035
43.2582 548 23.4094
43.375 612 24.7386
43.4918 612 24.7386
43.6087 588 24.2487
43.7256 556 23.5797
43.8425 634 25.1794
43.9595 592 24.3311
44.0765 577 24.0208
44.1935 554 23.5372
44.3106 583 24.1454
44.4277 550 23.4521
44.5448 547 23.388
44.6619 489 22.1133
44.7791 551 23.4734
44.8963 539 23.2164
45.0136 556 23.5797
45.1308 620 24.8998
45.2481 564 23.7487
45.3654 651 25.5147
45.4827 583 24.1454
45.6001 676 26
45.7174 644 25.3772
45.8348 615 24.7992
45.9522 630 25.0998
46.0697 654 25.5734
46.1871 566 23.7908
46.3046 605 24.5967
46.422 577 24.0208
46.5395 481 21.9317
46.657 546 23.3666
46.7745 492 22.1811
46.892 562 23.7065
47.0096 630 25.0998
47.1271 547 23.388
47.2446 582 24.1247
47.3622 571 23.8956
47.4797 557 23.6008
47.5973 615 24.7992
47.7149 566 23.7908
47.8324 544 23.3238
47.95 528 22.9783
48.0675 509 22.561
48.1851 499 22.3383
48.3027 524 22.891
48.4202 515 22.6936
48.5378 527 22.9565
48.6554 536 23.1517
48.7729 579 24.0624
48.8904 567 23.8118
49.008 578 24.0416
49.1255 578 24.0416
49.243 578 24.0416
49.3605 579 24.0624
49.478 578 24.0416
49.5955 549 23.4307
49.713 556 23.5797
49.8304 549 23.4307
49.9479 510 22.5832
50.0653 438 20.9284
50.1827 464 21.5407
50.3001 453 21.2838
50.4175 502 22.4054
50.5348 477 21.8403
50.6521 515 22.6936
50.7694 534 23.1084
50.8867 572 23.9165
51.004 548 23.4094
51.1212 544 23.3238
51.2384 531 23.0434
51.3556 544 23.3238
51.4727 534 23.1084
51.5899 451 21.2368
51.707 496 22.2711
51.824 499 22.3383
51.9411 524 22.891
52.0581 534 23.1084
52.175 535 23.1301
52.2919 563 23.7276
52.4088 541 23.2594
52.5257 581 24.1039
52.6425 549 23.4307
52.7593 552 23.4947
52.876 546 23.3666
52.9927 598 24.454
53.1094 572 23.9165
53.226 569 23.8537
53.3426 557 23.6008
53.4591 579 24.0624
53.5756 493 22.2036
53.692 416 20.3961
53.8084 377 19.4165
53.9248 353 18.7883
54.0411 352 18.7617
54.1573 364 19.0788
54.2735 0 1
54.3896 0 1
54.5057 0 1
54.6217 0 1
54.7377 0 1
54.8537 0 1
54.9695 0 1
55.0853 0 1
55.2011 0 1
55.3168 0 1
55.4324 0 1
57.824 0 1
57.9396 0 1
58.0553 0 1
58.1711 0 1
58.2869 0 1
58.4028 0 1
58.5187 0 1
58.6347 0 1
58.7508 0 1
58.8669 0 1
58.983 575 23.9792
59.0992 734 27.0924
59.2155 851 29.1719
59.3318 1048 32.3728
59.4482 1193 34.5398
59.5646 1219 34.9142
59.681 1358 36.8511
59.7975 1453 38.1182
59.9141 1535 39.1791
60.0306 1518 38.9615
60.1473 1534 39.1663
60.2639 1462 38.2361
60.3807 1406 37.4967
60.4974 1386 37.229
60.6142 1489 38.5876
60.731 1943 44.0795
60.8479 2659 51.5655
60.9648 3469 58.8982
61.0818 4260 65.2687
61.1987 4719 68.695
61.3158 5469 73.9527
61.4328 5931 77.013
61.5499 6420 80.1249
61.667 6542 80.8826
61.7841 6811 82.5288
61.9013 6450 80.3119
62.0185 6185 78.6448
62.1357 5103 71.4353
62.253 4194 64.7611
62.3702 3410 58.3952
62.4875 2816 53.066
62.6049 2394 48.9285
62.7222 2263 47.571
62.8396 2107 45.9021
62.9569 1912 43.7264
63.0743 1823 42.6966
63.1918 1680 40.9878
63.3092 1480 38.4708
63.4267 1316 36.2767
63.5441 1203 34.6843
63.6616 1156 34
63.7791 1048 32.3728
63.8966 862 29.3598
64.0142 771 27.7669
64.1317 732 27.0555
64.2492 726 26.9444
64.3668 789 28.0891
64.4843 734 27.0924
64.6019 752 27.4226
64.7195 710 26.6458
64.837 719 26.8142
64.9546 746 27.313
65.0722 716 26.7582
65.1898 712 26.6833
65.3074 735 27.1109
65.4249 752 27.4226
65.5425 748 27.3496
65.6601 660 25.6905
65.7777 687 26.2107
65.8952 639 25.2784
66.0128 662 25.7294
66.1304 624 24.98
66.2479 664 25.7682
66.3655 660 25.6905
66.483 703 26.5141
66.6005 717 26.7769
66.718 732 27.0555
66.8355 706 26.5707
66.953 702 26.4953
67.0705 702 26.4953
67.1879 647 25.4362
67.3054 615 24.7992
67.4228 585 24.1868
67.5402 621 24.9199
67.6576 609 24.6779
67.7749 646 25.4165
67.8923 623 24.96
68.0096 683 26.1343
68.1269 671 25.9037
68.2442 661 25.7099
68.3614 686 26.1916
68.4787 715 26.7395
68.5958 715 26.7395
68.713 711 26.6646
68.8302 661 25.7099
68.9473 672 25.923
69.0643 707 26.5895
69.1814 698 26.4197
69.2984 634 25.1794
69.4154 639 25.2784
69.5323 596 24.4131
69.6492 597 24.4336
69.7661 600 24.4949
69.8829 678 26.0384
69.9997 684 26.1534
70.1165 622 24.9399
70.2332 679 26.0576
70.3499 618 24.8596
70.4665 645 25.3969
70.5831 581 24.1039
70.6996 490 22.1359
70.8161 535 23.1301
70.9326 435 20.8567
71.049 403 20.0749
71.1653 383 19.5704
71.2817 323 17.9722
71.3979 319 17.8606
71.5141 311 17.6352
71.6303 252 15.8745
71.7464 219 14.7986
71.8624 0 1
71.9784 0 1
72.0944 0 1
72.2102 0 1
72.3261 0 1
72.4418 0 1
72.5575 0 1
72.6732 0 1
75.1054 0 1
75.2209 0 1
75.3365 0 1
75.4521 0 1
75.5678 0 1
75.6835 0 1
75.7993 0 1
75.9151 0 1
76.031 0 1
76.147 377 19.4165
76.263 471 21.7025
76.3791 473 21.7486
76.4952 447 21.1424
76.6113 472 21.7256
76.7276 495 22.2486
76.8438 483 21.9773
76.9601 563 23.7276
77.0765 559 23.6432
77.1929 517 22.7376
77.3093 515 22.6936
77.4258 552 23.4947
77.5423 537 23.1733
77.6589 548 23.4094
77.7755 556 23.5797
77.8921 587 24.2281
78.0088 580 24.0832
78.1256 537 23.1733
78.2423 578 24.0416
78.3591 506 22.4944
78.4759 530 23.0217
78.5928 441 21
78.7097 503 22.4277
78.8266 506 22.4944
78.9436 530 23.0217
79.0606 534 23.1084
79.1776 545 23.3452
79.2946 579 24.0624
79.4117 543 23.3024
79.5288 520 22.8035
79.6459 624 24.98
79.7631 595 24.3926
79.8802 562 23.7065
79.9974 507 22.5167
80.1147 502 22.4054
80.2319 519 22.7816
80.3491 511 22.6053
80.4664 534 23.1084
80.5837 556 23.5797
80.701 573 23.9374
80.8183 522 22.8473
80.9357 527 22.9565
81.053 506 22.4944
81.1704 607 24.6374
81.2877 621 24.9199
81.4051 605 24.5967
81.5225 640 25.2982
81.6399 619 24.8797
81.7573 586 24.2074
81.8747 558 23.622
81.9922 557 23.6008
82.1096 501 22.383
82.227 497 22.2935
82.3444 483 21.9773
82.4619 525 22.9129
82.5793 549 23.4307
82.6967 586 24.2074
82.8142 602 24.5357
82.9316 566 23.7908
83.049 588 24.2487
83.1664 638 25.2587
83.2838 562 23.7065
83.4012 584 24.1661
83.5186 566 23.7908
83.636 570 23.8747
83.7534 524 22.891
83.8708 509 22.561
83.9881 536 23.1517
84.1055 506 22.4944
84.2228 569 23.8537
84.3401 518 22.7596
84.4575 582 24.1247
84.5747 587 24.2281
84.692 605 24.5967
84.8093 550 23.4521
84.9265 627 25.04
85.0437 572 23.9165
85.1609 593 24.3516
85.2781 588 24.2487
85.3952 588 24.2487
85.5123 528 22.9783
85.6294 531 23.0434
85.7465 532 23.0651
85.8636 517 22.7376
85.9806 519 22.7816
86.0976 592 24.3311
86.2145 568 23.8328
86.3315 564 23.7487
86.4484 611 24.7184
86.5652 589 24.2693
86.682 588 24.2487
86.7988 612 24.7386
86.9156 608 24.6577
87.0323 553 23.516
87.149 603 24.5561
87.2657 500 22.3607
87.3823 517 22.7376
87.4988 514 22.6716
87.6154 514 22.6716
87.7318 573 23.9374
87.8483 504 22.4499
87.9647 453 21.2838
88.081 486 22.0454
88.1973 450 21.2132
88.3136 423 20.567
88.4298 426 20.6398
88.546 350 18.7083
88.6621 376 19.3907
88.7781 296 17.2047
88.8942 0 1
89.0101 0 1
89.126 0 1
89.2419 0 1
89.3577 0 1
89.4734 0 1
89.5891 0 1
89.7047 0 1
89.8203 0 1
89.9358 0 1
92.3269 0 1
92.4424 0 1
92.558 0 1
92.6736 0 1
92.7893 0 1
92.905 0 1
93.0208 0 1
93.1366 0 1
93.2525 0 1
93.3685 0 1
93.4845 0 1
93.6005 448 21.166
93.7167 465 21.5639
93.8328 459 21.4243
93.949 548 23.4094
94.0653 545 23.3452
94.1816 545 23.3452
94.2979 620 24.8998
94.4143 570 23.8747
94.5307 613 24.7588
94.6472 543 23.3024
94.7637 556 23.5797
94.8803 520 22.8035
94.9969 514 22.6716
95.1135 567 23.8118
95.2302 546 23.3666
95.3469 566 23.7908
95.4637 566 23.7908
95.5805 575 23.9792
95.6973 532 23.0651
95.8142 609 24.6779
95.9311 614 24.779
96.048 622 24.9399
96.1649 574 23.9583
96.2819 567 23.8118
96.3989 558 23.622
96.516 546 23.3666
96.633 540 23.2379
96.7501 618 24.8596
96.8673 596 24.4131
96.9844 581 24.1039
97.1016 582 24.1247
97.2188 605 24.5967
97.336 599 24.4745
97.4532 553 23.516
97.5704 594 24.3721
97.6877 597 24.4336
97.805 600 24.4949
97.9223 573 23.9374
98.0396 592 24.3311
98.1569 574 23.9583
98.2743 625 25
98.3916 513 22.6495
98.509 557 23.6008
98.6264 541 23.2594
98.7438 548 23.4094
98.8612 596 24.4131
98.9786 601 24.5153
99.096 644 25.3772
99.2134 651 25.5147
99.3308 618 24.8596
99.4482 655 25.593
99.5656 613 24.7588
99.6831 637 25.2389
99.8005 595 24.3926
99.9179 589 24.2693
100.035 581 24.1039
100.153 600 24.4949
100.27 619 24.8797
100.388 637 25.2389
100.505 611 24.7184
100.622 559 23.6432
100.74 581 24.1039
100.857 587 24.2281
100.975 589 24.2693
101.092 614 24.779
101.209 607 24.6374
101.327 634 25.1794
101.444 607 24.6374
101.561 582 24.1247
101.679 590 24.2899
101.796 611 24.7184
101.913 595 24.3926
102.03 556 23.5797
102.148 553 23.516
102.265 534 23.1084
102.382 605 24.5967
102.499 633 25.1595
102.616 643 25.3574
102.733 639 25.2784
102.851 649 25.4755
102.968 658 25.6515
103.085 661 25.7099
103.202 629 25.0799
103.319 633 25.1595
103.436 565 23.7697
103.552 625 25
103.669 643 25.3574
103.786 627 25.04
103.903 667 25.8263
104.02 626 25.02
104.137 660 25.6905
104.253 658 25.6515
104.37 624 24.98
104.487 643 25.3574
104.603 629 25.0799
104.72 635 25.1992
104.836 667 25.8263
104.953 632 25.1396
105.069 596 24.4131
105.186 626 25.02
105.302 519 22.7816
105.418 494 22.2261
105.535 511 22.6053
105.651 425 20.6155
105.767 388 19.6977
105.883 356 18.868
105.999 347 18.6279
106.115 0 1
106.231 0 1
106.347 0 1
106.463 0 1
106.579 0 1
106.694 0 1
106.81 0 1
106.926 0 1
107.041 0 1
107.157 0 1
109.576 0 1
109.692 0 1
109.807 0 1
109.923 0 1
110.039 0 1
110.155 0 1
110.27 0 1
110.386 0 1
110.502 0 1
110.618 338 18.3848
110.735 321 17.9165
110.851 382 19.5448
110.967 452 21.2603
111.083 504 22.4499
111.199 597 24.4336
111.316 591 24.3105
111.432 625 25
111.549 630 25.0998
111.665 592 24.3311
111.782 629 25.0799
111.898 580 24.0832
112.015 525 22.9129
112.132 543 23.3024
112.248 557 23.6008
112.365 588 24.2487
112.482 594 24.3721
112.599 581 24.1039
112.716 557 23.6008
112.832 575 23.9792
112.949 569 23.8537
113.066 534 23.1084
113.183 564 23.7487
113.3 570 23.8747
113.417 536 23.1517
113.534 543 23.3024
113.652 583 24.1454
113.769 584 24.1661
113.886 523 22.8692
114.003 528 22.9783
114.12 465 21.5639
114.238 530 23.0217
114.355 502 22.4054
114.472 554 23.5372
114.589 530 23.0217
114.707 523 22.8692
114.824 565 23.7697
114.942 575 23.9792
115.059 563 23.7276
115.176 549 23.4307
115.294 509 22.561
115.411 452 21.2603
115.529 539 23.2164
115.646 526 22.9347
115.764 530 23.0217
115.881 512 22.6274
115.999 537 23.1733
116.116 515 22.6936
116.234 538 23.1948
116.351 546 23.3666
116.469 502 22.4054
116.586 514 22.6716
116.704 511 22.6053
116.821 526 22.9347
116.939 493 22.2036
117.056 554 23.5372
117.174 502 22.4054
117.291 467 21.6102
117.409 464 21.5407
117.526 501 22.383
117.644 490 22.1359
117.761 460 21.4476
117.879 472 21.7256
117.996 450 21.2132
118.114 480 21.9089
118.231 567 23.8118
118.349 515 22.6936
118.466 514 22.6716
118.584 527 22.9565
118.701 543 23.3024
118.819 498 22.3159
118.936 469 21.6564
119.053 467 21.6102
119.171 468 21.6333
119.288 487 22.0681
119.405 492 22.1811
119.523 457 21.3776
119.64 512 22.6274
119.757 490 22.1359
119.875 471 21.7025
119.992 485 22.0227
120.109 474 21.7715
120.226 452 21.2603
120.343 454 21.3073
120.46 500 22.3607
120.578 485 22.0227
120.695 469 21.6564
120.812 512 22.6274
120.929 510 22.5832
121.046 469 21.6564
121.163 445 21.095
121.279 421 20.5183
121.396 465 21.5639
121.513 392 19.799
121.63 398 19.9499
121.747 425 20.6155
121.863 426 20.6398
121.98 396 19.8997
122.097 452 21.2603
122.213 445 21.095
122.33 423 20.567
122.446 385 19.6214
122.563 375 19.3649
122.679 328 18.1108
122.795 270 16.4317
122.912 291 17.0587
123.028 316 17.7764
123.144 255 15.9687
123.26 300 17.3205
123.377 0 1
123.493 0 1
123.609 0 1
123.725 0 1
123.84 0 1
123.956 0 1
124.072 0 1
124.188 0 1
124.303 0 1
124.419 0 1
126.852 0 1
126.968 0 1
127.083 0 1
127.199 0 1
127.315 0 1
127.431 0 1
127.547 0 1
127.663 0 1
127.779 0 1
127.895 0 1
128.011 0 1
128.127 0 1
128.243 0 1
128.359 538 23.1948
128.476 450 21.2132
128.592 544 23.3238
128.708 494 22.2261
128.825 552 23.4947
128.941 625 25
129.058 590 24.2899
129.174 610 24.6982
129.291 607 24.6374
129.408 682 26.1151
129.524 789 28.0891
129.641 950 30.8221
129.758 1172 34.2345
129.875 1474 38.3927
129.992 1750 41.833
130.108 2257 47.5079
130.225 2798 52.8961
130.342 3430 58.5662
130.459 4282 65.437
130.576 5207 72.1595
130.693 6087 78.0192
130.81 7093 84.22
130.928 8787 93.739
131.045 10555 102.738
131.162 12669 112.557
131.279 14475 120.312
131.396 16667 129.101
131.513 18523 136.099
131.631 21176 145.52
131.748 24923 157.87
131.865 29364 171.359
131.983 34331 185.286
132.1 39396 198.484
132.217 44788 211.632
132.335 49313 222.065
132.452 53614 231.547
132.57 56738 238.197
132.687 59261 243.436
132.804 62569 250.138
132.922 62356 249.712
133.039 62529 250.058
133.157 62652 250.304
133.274 61494 247.98
133.392 60019 244.988
133.509 57363 239.506
133.627 54842 234.184
133.744 52494 229.116
133.862 50895 225.599
133.979 50381 224.457
134.097 50249 224.163
134.214 51100 226.053
134.332 50605 224.956
134.449 48082 219.276
134.567 44846 211.769
134.684 41744 204.313
134.802 40504 201.256
134.919 40112 200.28
135.037 39514 198.781
135.154 39405 198.507
135.272 37287 193.098
135.389 36117 190.045
135.507 34743 186.395
135.624 34037 184.491
135.742 32834 181.202
135.859 31340 177.031
135.977 30251 173.928
136.094 28657 169.284
136.211 27019 164.375
136.329 25631 160.097
136.446 24025 155
136.564 21932 148.095
136.681 20650 143.701
136.798 19129 138.308
136.915 18198 134.9
137.033 16641 129
137.15 15454 124.314
137.267 14180 119.08
137.384 12606 112.276
137.502 11362 106.593
137.619 9757 98.7775
137.736 8822 93.9255
137.853 8047 89.7051
137.97 7828 88.476
138.087 7743 87.9943
138.204 7101 84.2674
138.321 6362 79.7621
138.438 5805 76.1906
138.555 6230 78.9303
138.672 6264 79.1454
138.788 6041 77.7239
138.905 5573 74.6525
139.022 4988 70.6258
139.139 4697 68.5347
139.255 4550 67.4537
139.372 4273 65.3682
139.488 3659 60.4897
139.605 3409 58.3866
139.721 3185 56.4358
139.838 2953 54.3415
139.954 2696 51.923
140.071 2530 50.2991
140.187 2389 48.8774
140.303 2165 46.5296
140.419 2090 45.7165
140.535 1882 43.382
140.652 1797 42.391
140.768 0 1
140.884 0 1
141 0 1
141.115 0 1
141.231 0 1
141.347 0 1
141.463 0 1
141.578 0 1
141.694 0 1
144.104 0 1
144.219 0 1
144.335 0 1
144.45 0 1
144.566 0 1
144.682 0 1
144.798 0 1
144.914 0 1
145.03 0 1
145.146 1459 38.1969
145.262 1578 39.724
145.378 1616 40.1995
145.494 1625 40.3113
145.61 1625 40.3113
145.726 1639 40.4846
145.842 1700 41.2311
145.959 1729 41.5812
146.075 1663 40.7799
146.192 1603 40.0375
146.308 1728 41.5692
146.425 1724 41.5211
146.541 1670 40.8656
146.658 1724 41.5211
146.774 1647 40.5832
146.891 1639 40.4846
147.008 1755 41.8927
147.125 1808 42.5206
147.241 1872 43.2666
147.358 1932 43.9545
147.475 1928 43.909
147.592 1903 43.6234
147.709 1816 42.6146
147.826 1583 39.7869
147.943 1593 39.9124
148.06 1648 40.5956
148.177 1747 41.7971
148.294 1868 43.2204
148.411 1974 44.4297
148.528 1995 44.6654
148.645 1915 43.7607
148.762 1954 44.2041
148.88 2038 45.1442
148.997 2039 45.1553
149.114 1912 43.7264
149.231 2000 44.7214
149.349 2052 45.299
149.466 1951 44.1701
149.583 1985 44.5533
149.701 1973 44.4185
149.818 2015 44.8888
149.935 2043 45.1996
150.053 1886 43.4281
150.17 1919 43.8064
150.287 1793 42.3438
150.405 1774 42.1189
150.522 1824 42.7083
150.64 1838 42.8719
150.757 1862 43.1509
150.875 1953 44.1928
150.992 1824 42.7083
151.11 1802 42.45
151.227 1783 42.2256
151.344 1753 41.8688
151.462 1527 39.0768
151.579 1536 39.1918
151.697 1562 39.5221
151.814 1645 40.5586
151.932 1697 41.1947
152.049 1827 42.7434
152.167 1879 43.3474
152.284 1819 42.6497
152.402 1761 41.9643
152.519 1876 43.3128
152.636 1837 42.8602
152.754 1800 42.4264
152.871 1811 42.5558
152.989 1755 41.8927
153.106 1802 42.45
153.223 1800 42.4264
153.341 1748 41.8091
153.458 1759 41.9404
153.575 1649 40.6079
153.693 1606 40.0749
153.81 1546 39.3192
153.927 1596 39.95
154.044 1523 39.0256
154.162 1544 39.2938
154.279 1524 39.0384
154.396 1606 40.0749
154.513 1643 40.5339
154.63 1711 41.3642
154.747 1595 39.9375
154.864 1515 38.923
154.981 1492 38.6264
155.098 1453 38.1182
155.215 1463 38.2492
155.332 1354 36.7967
155.449 1483 38.5097
155.566 1505 38.7943
155.683 1617 40.2119
155.8 1560 39.4968
155.917 1511 38.8716
156.033 1431 37.8286
156.15 0 1
156.267 0 1
156.383 0 1
156.5 0 1
156.617 0 1
156.733 0 1
156.85 0 1
156.966 0 1
157.082 0 1
157.199 0 1
157.315 0 1
157.431 0 1
157.547 0 1
157.664 0 1
157.78 0 1
157.896 0 1
158.012 0 1
158.128 0 1
158.244 0 1
158.359 0 1
158.475 0 1
158.591 0 1
158.706 0 1
