
6.15755 0 1
6.2731 0 1
6.3887 0 1
6.50437 0 1
6.62009 0 1
6.73587 0 1
6.8517 0 1
6.96759 0 1
7.08353 0 1
7.19952 0 1
7.31557 0 1
7.43166 0 1
7.54781 0 1
7.664 0 1
7.78024 0 1
7.89653 0 1
8.01286 0 1
8.12924 0 1
8.24567 0 1
8.36213 0 1
8.47864 0 1
8.59519 0 1
8.71178 0 1
8.82841 0 1
8.94508 0 1
9.06179 0 1
9.17853 0 1
9.29531 0 1
9.41212 0 1
9.52897 0 1
9.64584 0 1
9.76276 0 1
9.8797 0 1
9.99667 0 1
10.1137 0 1
10.2307 0 1
10.3478 0 1
10.4648 0 1
10.5819 0 1
10.6991 0 1
10.8162 0 1
10.9334 0 1
11.0506 0 1
11.1678 0 1
11.285 0 1
11.4023 0 1
11.5196 0 1
11.6369 0 1
11.7542 0 1
11.8715 0 1
11.9888 0 1
12.1062 0 1
12.2235 0 1
12.3409 0 1
12.4582 0 1
12.5756 0 1
12.693 0 1
12.8104 0 1
12.9278 0 1
13.0452 0 1
13.1626 0 1
13.28 0 1
13.3974 0 1
13.5149 0 1
13.6323 0 1
13.7497 0 1
13.8671 0 1
13.9845 0 1
14.1019 0 1
14.2193 0 1
14.3367 0 1
14.4541 0 1
14.5714 0 1
14.6888 0 1
14.8062 0 1
14.9235 0 1
15.0408 1490 38.6005
15.1581 1569 39.6106
15.2755 1645 40.5586
15.3927 1607 40.0874
15.51 1576 39.6989
15.6273 1602 40.025
15.7445 1594 39.9249
15.8617 1488 38.5746
15.9789 1521 39
16.0961 1456 38.1576
16.2132 1524 39.0384
16.3304 1522 39.0128
16.4475 1602 40.025
16.5646 1690 41.1096
16.6816 1750 41.833
16.7986 2021 44.9555
16.9156 1994 44.6542
17.0326 2192 46.8188
17.1496 2166 46.5403
17.2665 2119 46.0326
17.3833 2174 46.6262
17.5002 2200 46.9042
17.617 2170 46.5833
17.7338 2199 46.8935
17.8505 2257 47.5079
17.9672 2299 47.9479
18.0839 2205 46.9574
18.2005 2237 47.2969
18.3171 2389 48.8774
18.4337 2300 47.9583
18.5502 2389 48.8774
18.6666 2333 48.3011
18.7831 2366 48.6415
18.8994 2268 47.6235
19.0158 2244 47.3709
19.1321 2146 46.3249
19.2483 2175 46.6369
19.3645 2134 46.1952
19.4806 2057 45.3542
19.5967 1837 42.8602
19.7128 1832 42.8019
19.8288 1631 40.3856
19.9447 1394 37.3363
20.0606 0 1
20.1764 0 1
20.2922 0 1
20.4079 0 1
20.5236 0 1
20.6392 0 1
20.7548 0 1
20.8702 0 1
23.3078 0 1
23.4233 0 1
23.539 0 1
23.6547 0 1
23.7704 0 1
23.8862 0 1
24.0021 0 1
24.118 0 1
24.234 0 1
24.35 0 1
24.4661 2054 45.3211
24.5822 2050 45.2769
24.6984 1990 44.6094
24.8146 2060 45.3872
24.9309 1981 44.5084
25.0472 1797 42.391
25.1636 1633 40.4104
25.28 1632 40.398
25.3965 1695 41.1704
25.513 1841 42.9069
25.6296 2070 45.4973
25.7462 2191 46.8081
25.8628 2376 48.7442
25.9795 2420 49.1935
26.0962 2424 49.2341
26.213 2390 48.8876
26.3298 2425 49.2443
26.4466 2356 48.5386
26.5635 2441 49.4065
26.6804 2412 49.1121
26.7973 2468 49.679
26.9143 2494 49.94
27.0313 2440 49.3964
27.1483 2356 48.5386
27.2653 2383 48.816
27.3824 2419 49.1833
27.4996 2317 48.1352
27.6167 2355 48.5283
27.7339 2337 48.3425
27.8511 2206 46.9681
27.9683 2236 47.2864
28.0855 2208 46.9894
28.2028 2195 46.8508
28.3201 2168 46.5618
28.4374 2104 45.8694
28.5547 1858 43.1045
28.6721 1692 41.1339
28.7894 1543 39.281
28.9068 1595 39.9375
29.0242 1655 40.6817
29.1416 1693 41.1461
29.259 1943 44.0795
29.3764 2176 46.6476
29.4939 2263 47.571
29.6113 2286 47.8121
29.7288 2290 47.8539
29.8463 2282 47.7703
29.9638 2227 47.1911
30.0812 2268 47.6235
30.1987 2332 48.2908
30.3162 2305 48.0104
30.4337 2295 47.9062
30.5512 2293 47.8853
30.6687 2182 46.7119
30.7862 2214 47.0532
30.9037 2200 46.9042
31.0212 2246 47.392
31.1387 2293 47.8853
31.2562 2266 47.6025
31.3737 2227 47.1911
31.4912 2065 45.4423
31.6087 2112 45.9565
31.7262 2175 46.6369
31.8436 2164 46.5188
31.9611 2002 44.7437
32.0785 1889 43.4626
32.1959 1638 40.4722
32.3134 1569 39.6106
32.4308 1539 39.2301
32.5482 1566 39.5727
32.6655 1794 42.3556
32.7829 1950 44.1588
32.9002 2077 45.5741
33.0176 2226 47.1805
33.1349 2194 46.8402
33.2522 2293 47.8853
33.3694 2189 46.7868
33.4867 2201 46.9148
33.6039 2244 47.3709
33.7211 2212 47.0319
33.8383 2241 47.3392
33.9554 2249 47.4236
34.0725 2301 47.9687
34.1896 2164 46.5188
34.3067 2191 46.8081
34.4237 2095 45.7712
34.5407 2135 46.2061
34.6577 2162 46.4973
34.7746 2151 46.3789
34.8915 2220 47.1169
35.0084 2157 46.4435
35.1252 2150 46.3681
35.242 2139 46.2493
35.3587 2167 46.551
35.4755 2131 46.1628
35.5921 2020 44.9444
35.7088 1967 44.3509
35.8254 1786 42.2611
35.9419 1516 38.9358
36.0584 1437 37.9078
36.1749 1522 39.0128
36.2913 1581 39.7618
36.4077 1602 40.025
36.524 1730 41.5933
36.6403 1911 43.715
36.7565 2124 46.0869
36.8727 2195 46.8508
36.9889 2116 46
37.1049 2033 45.0888
37.221 0 1
37.3369 0 1
37.4529 0 1
37.5687 0 1
37.6845 0 1
37.8003 0 1
37.916 0 1
38.0316 0 1
38.1472 0 1
40.5851 0 1
40.7008 0 1
40.8164 0 1
40.9322 0 1
41.048 0 1
41.1639 0 1
41.2798 0 1
41.3958 0 1
41.5118 0 1
41.6279 0 1
41.744 1382 37.1753
41.8602 1531 39.128
41.9765 1673 40.9023
42.0928 1722 41.497
42.2091 1718 41.4488
42.3255 1774 42.1189
42.4419 1788 42.2847
42.5584 1708 41.328
42.675 1707 41.3159
42.7915 1736 41.6653
42.9081 1634 40.4228
43.0248 1519 38.9744
43.1415 1570 39.6232
43.2582 1632 40.398
43.375 1658 40.7185
43.4918 1602 40.025
43.6087 1607 40.0874
43.7256 1578 39.724
43.8425 1548 39.3446
43.9595 1534 39.1663
44.0765 1552 39.3954
44.1935 1480 38.4708
44.3106 1462 38.2361
44.4277 1433 37.855
44.5448 1344 36.6606
44.6619 1192 34.5254
44.7791 1035 32.1714
44.8963 928 30.4631
45.0136 959 30.9677
45.1308 951 30.8383
45.2481 1040 32.249
45.3654 1113 33.3617
45.4827 1221 34.9428
45.6001 1286 35.8608
45.7174 1250 35.3553
45.8348 1303 36.0971
45.9522 1303 36.0971
46.0697 1207 34.7419
46.1871 1197 34.5977
46.3046 1223 34.9714
46.422 1210 34.7851
46.5395 1131 33.6303
46.657 1109 33.3017
46.7745 1110 33.3167
46.892 1106 33.2566
47.0096 1150 33.9116
47.1271 1122 33.4963
47.2446 1197 34.5977
47.3622 1061 32.573
47.4797 1111 33.3317
47.5973 1099 33.1512
47.7149 1031 32.1092
47.8324 1024 32
47.95 1051 32.4191
48.0675 991 31.4802
48.1851 948 30.7896
48.3027 793 28.1603
48.4202 723 26.8887
48.5378 743 27.258
48.6554 699 26.4386
48.7729 766 27.6767
48.8904 800 28.2843
49.008 909 30.1496
49.1255 981 31.3209
49.243 975 31.225
49.3605 942 30.692
49.478 970 31.1448
49.5955 996 31.5595
49.713 1009 31.7648
49.8304 1009 31.7648
49.9479 950 30.8221
50.0653 869 29.4788
50.1827 922 30.3645
50.3001 997 31.5753
50.4175 1021 31.9531
50.5348 1084 32.9242
50.6521 1092 33.0454
50.7694 1124 33.5261
50.8867 1145 33.8378
51.004 1197 34.5977
51.1212 1203 34.6843
51.2384 1188 34.4674
51.3556 1208 34.7563
51.4727 1199 34.6266
51.5899 1169 34.1906
51.707 1135 33.6898
51.824 1002 31.6544
51.9411 968 31.1127
52.0581 963 31.0322
52.175 1021 31.9531
52.2919 1181 34.3657
52.4088 1328 36.4417
52.5257 1446 38.0263
52.6425 1454 38.1314
52.7593 1561 39.5095
52.876 1576 39.6989
52.9927 1612 40.1497
53.1094 1588 39.8497
53.226 1649 40.6079
53.3426 1677 40.9512
53.4591 1661 40.7554
53.5756 1572 39.6485
53.692 1542 39.2683
53.8084 1520 38.9872
53.9248 1618 40.2244
54.0411 1647 40.5832
54.1573 1664 40.7922
54.2735 0 1
54.3896 0 1
54.5057 0 1
54.6217 0 1
54.7377 0 1
54.8537 0 1
54.9695 0 1
55.0853 0 1
55.2011 0 1
55.3168 0 1
55.4324 0 1
57.824 0 1
57.9396 0 1
58.0553 0 1
58.1711 0 1
58.2869 0 1
58.4028 0 1
58.5187 0 1
58.6347 0 1
58.7508 0 1
58.8669 0 1
58.983 1622 40.2741
59.0992 1728 41.5692
59.2155 1934 43.9773
59.3318 2049 45.2659
59.4482 2034 45.0999
59.5646 1945 44.1022
59.681 2138 46.2385
59.7975 2145 46.3141
59.9141 2049 45.2659
60.0306 1979 44.486
60.1473 1889 43.4626
60.2639 1942 44.0681
60.3807 1786 42.2611
60.4974 1608 40.0999
60.6142 1540 39.2428
60.731 1484 38.5227
60.8479 1594 39.9249
60.9648 1612 40.1497
61.0818 1636 40.4475
61.1987 1808 42.5206
61.3158 1787 42.2729
61.4328 1813 42.5793
61.5499 1853 43.0465
61.667 1894 43.5201
61.7841 1856 43.0813
61.9013 1794 42.3556
62.0185 1704 41.2795
62.1357 1687 41.0731
62.253 1710 41.3521
62.3702 1723 41.509
62.4875 1772 42.0951
62.6049 1810 42.5441
62.7222 1876 43.3128
62.8396 1895 43.5316
62.9569 1858 43.1045
63.0743 1970 44.3847
63.1918 1874 43.2897
63.3092 1808 42.5206
63.4267 1817 42.6263
63.5441 1793 42.3438
63.6616 1685 41.0488
63.7791 1739 41.7013
63.8966 1510 38.8587
64.0142 1497 38.6911
64.1317 1366 36.9594
64.2492 1386 37.229
64.3668 1411 37.5633
64.4843 1387 37.2424
64.6019 1591 39.8873
64.7195 1569 39.6106
64.837 1691 41.1218
64.9546 1683 41.0244
65.0722 1680 40.9878
65.1898 1686 41.0609
65.3074 1652 40.6448
65.4249 1558 39.4715
65.5425 1628 40.3485
65.6601 1522 39.0128
65.7777 1562 39.5221
65.8952 1587 39.8372
66.0128 1653 40.6571
66.1304 1594 39.9249
66.2479 1713 41.3884
66.3655 1728 41.5692
66.483 1811 42.5558
66.6005 1717 41.4367
66.718 1774 42.1189
66.8355 1740 41.7133
66.953 1760 41.9524
67.0705 1749 41.821
67.1879 1640 40.4969
67.3054 1638 40.4722
67.4228 1516 38.9358
67.5402 1509 38.8458
67.6576 1426 37.7624
67.7749 1314 36.2491
67.8923 1335 36.5377
68.0096 1351 36.756
68.1269 1449 38.0657
68.2442 1572 39.6485
68.3614 1596 39.95
68.4787 1715 41.4126
68.5958 1747 41.7971
68.713 1765 42.0119
68.8302 1709 41.3401
68.9473 1711 41.3642
69.0643 1649 40.6079
69.1814 1630 40.3733
69.2984 1546 39.3192
69.4154 1530 39.1152
69.5323 1563 39.5348
69.6492 1628 40.3485
69.7661 1769 42.0595
69.8829 1807 42.5088
69.9997 1919 43.8064
70.1165 1936 44
70.2332 1865 43.1856
70.3499 1987 44.5758
70.4665 1989 44.5982
70.5831 2032 45.0777
70.6996 1862 43.1509
70.8161 1927 43.8976
70.9326 1745 41.7732
71.049 1772 42.0951
71.1653 1645 40.5586
71.2817 1541 39.2556
71.3979 1492 38.6264
71.5141 1432 37.8418
71.6303 1309 36.1801
71.7464 1127 33.5708
71.8624 0 1
71.9784 0 1
72.0944 0 1
72.2102 0 1
72.3261 0 1
72.4418 0 1
72.5575 0 1
72.6732 0 1
75.1054 0 1
75.2209 0 1
75.3365 0 1
75.4521 0 1
75.5678 0 1
75.6835 0 1
75.7993 0 1
75.9151 0 1
76.031 0 1
76.147 1675 40.9268
76.263 1714 41.4005
76.3791 1797 42.391
76.4952 1750 41.833
76.6113 1575 39.6863
76.7276 1445 38.0132
76.8438 1535 39.1791
76.9601 1554 39.4208
77.0765 1622 40.2741
77.1929 1730 41.5933
77.3093 1821 42.6732
77.4258 1842 42.9185
77.5423 1986 44.5646
77.6589 1964 44.317
77.7755 1893 43.5086
77.8921 1871 43.2551
78.0088 1724 41.5211
78.1256 1700 41.2311
78.2423 1546 39.3192
78.3591 1474 38.3927
78.4759 1452 38.1051
78.5928 1552 39.3954
78.7097 1557 39.4588
78.8266 1726 41.5452
78.9436 1847 42.9767
79.0606 1896 43.5431
79.1776 2009 44.8219
79.2946 1875 43.3013
79.4117 1880 43.359
79.5288 1925 43.8748
79.6459 1908 43.6807
79.7631 1805 42.4853
79.8802 1828 42.7551
79.9974 1672 40.8901
80.1147 1593 39.9124
80.2319 1516 38.9358
80.3491 1381 37.1618
80.4664 1370 37.0135
80.5837 1429 37.8021
80.701 1440 37.9473
80.8183 1545 39.3065
80.9357 1598 39.975
81.053 1699 41.2189
81.1704 1653 40.6571
81.2877 1664 40.7922
81.4051 1690 41.1096
81.5225 1671 40.8779
81.6399 1588 39.8497
81.7573 1464 38.2623
81.8747 1337 36.565
81.9922 1264 35.5528
82.1096 1303 36.0971
82.227 1307 36.1525
82.3444 1296 36
82.4619 1523 39.0256
82.5793 1662 40.7676
82.6967 1653 40.6571
82.8142 1714 41.4005
82.9316 1721 41.4849
83.049 1680 40.9878
83.1664 1674 40.9145
83.2838 1569 39.6106
83.4012 1561 39.5095
83.5186 1504 38.7814
83.636 1418 37.6563
83.7534 1336 36.5513
83.8708 1265 35.5668
83.9881 1266 35.5809
84.1055 1192 34.5254
84.2228 1259 35.4824
84.3401 1372 37.0405
84.4575 1390 37.2827
84.5747 1428 37.7889
84.692 1515 38.923
84.8093 1540 39.2428
84.9265 1459 38.1969
85.0437 1450 38.0789
85.1609 1511 38.8716
85.2781 1423 37.7227
85.3952 1257 35.4542
85.5123 1225 35
85.6294 1132 33.6452
85.7465 1224 34.9857
85.8636 1333 36.5103
85.9806 1500 38.7298
86.0976 1627 40.3361
86.2145 1782 42.2137
86.3315 1805 42.4853
86.4484 1712 41.3763
86.5652 1857 43.0929
86.682 1788 42.2847
86.7988 1811 42.5558
86.9156 1809 42.5323
87.0323 1772 42.0951
87.149 1680 40.9878
87.2657 1602 40.025
87.3823 1572 39.6485
87.4988 1519 38.9744
87.6154 1507 38.8201
87.7318 1499 38.7169
87.8483 1569 39.6106
87.9647 1660 40.7431
88.081 1823 42.6966
88.1973 1834 42.8252
88.3136 1871 43.2551
88.4298 1826 42.7317
88.546 1880 43.359
88.6621 1859 43.1161
88.7781 1747 41.7971
88.8942 0 1
89.0101 0 1
89.126 0 1
89.2419 0 1
89.3577 0 1
89.4734 0 1
89.5891 0 1
89.7047 0 1
89.8203 0 1
89.9358 0 1
92.3269 0 1
92.4424 0 1
92.558 0 1
92.6736 0 1
92.7893 0 1
92.905 0 1
93.0208 0 1
93.1366 0 1
93.2525 0 1
93.3685 0 1
93.4845 0 1
93.6005 1848 42.9884
93.7167 1854 43.0581
93.8328 1924 43.8634
93.949 1813 42.5793
94.0653 1966 44.3396
94.1816 1779 42.1782
94.2979 1705 41.2916
94.4143 1600 40
94.5307 1371 37.027
94.6472 1386 37.229
94.7637 1362 36.9053
94.8803 1395 37.3497
94.9969 1702 41.2553
95.1135 1801 42.4382
95.2302 1963 44.3058
95.3469 1984 44.5421
95.4637 1960 44.2719
95.5805 2087 45.6837
95.6973 2069 45.4863
95.8142 2034 45.0999
95.9311 1977 44.4635
96.048 1936 44
96.1649 1876 43.3128
96.2819 1818 42.638
96.3989 1844 42.9418
96.516 1661 40.7554
96.633 1668 40.8412
96.7501 1609 40.1123
96.8673 1583 39.7869
96.9844 1603 40.0375
97.1016 1674 40.9145
97.2188 1790 42.3084
97.336 1910 43.7035
97.4532 1783 42.2256
97.5704 1790 42.3084
97.6877 1821 42.6732
97.805 1769 42.0595
97.9223 1739 41.7013
98.0396 1556 39.4462
98.1569 1394 37.3363
98.2743 1261 35.5106
98.3916 1279 35.7631
98.509 1400 37.4166
98.6264 1578 39.724
98.7438 1744 41.7612
98.8612 1830 42.7785
98.9786 1930 43.9318
99.096 1896 43.5431
99.2134 1976 44.4522
99.3308 2046 45.2327
99.4482 2004 44.7661
99.5656 1945 44.1022
99.6831 1859 43.1161
99.8005 1823 42.6966
99.9179 1779 42.1782
100.035 1776 42.1426
100.153 1635 40.4351
100.27 1688 41.0853
100.388 1657 40.7063
100.505 1677 40.9512
100.622 1672 40.8901
100.74 1845 42.9535
100.857 1830 42.7785
100.975 1827 42.7434
101.092 1846 42.9651
101.209 1849 43
101.327 1831 42.7902
101.444 1748 41.8091
101.561 1540 39.2428
101.679 1496 38.6782
101.796 1302 36.0832
101.913 1212 34.8138
102.03 1268 35.609
102.148 1644 40.5463
102.265 1889 43.4626
102.382 1902 43.6119
102.499 1937 44.0114
102.616 2057 45.3542
102.733 2091 45.7275
102.851 2020 44.9444
102.968 2169 46.5725
103.085 2036 45.1221
103.202 2105 45.8803
103.319 1985 44.5533
103.436 1927 43.8976
103.552 1886 43.4281
103.669 1755 41.8927
103.786 1741 41.7253
103.903 1782 42.2137
104.02 1899 43.5775
104.137 1897 43.5546
104.253 1989 44.5982
104.37 1978 44.4747
104.487 2104 45.8694
104.603 2059 45.3762
104.72 2026 45.0111
104.836 1956 44.2267
104.953 1972 44.4072
105.069 1724 41.5211
105.186 1530 39.1152
105.302 1395 37.3497
105.418 1436 37.8946
105.535 1582 39.7744
105.651 1842 42.9185
105.767 2137 46.2277
105.883 2229 47.2123
105.999 2170 46.5833
106.115 0 1
106.231 0 1
106.347 0 1
106.463 0 1
106.579 0 1
106.694 0 1
106.81 0 1
106.926 0 1
107.041 0 1
107.157 0 1
109.576 0 1
109.692 0 1
109.807 0 1
109.923 0 1
110.039 0 1
110.155 0 1
110.27 0 1
110.386 0 1
110.502 0 1
110.618 1513 38.8973
110.735 1943 44.0795
110.851 2136 46.2169
110.967 2122 46.0652
111.083 2164 46.5188
111.199 2213 47.0425
111.316 2218 47.0956
111.432 2245 47.3814
111.549 2228 47.2017
111.665 2240 47.3286
111.782 2107 45.9021
111.898 2001 44.7325
112.015 1906 43.6578
112.132 1918 43.795
112.248 1833 42.8135
112.365 1899 43.5775
112.482 1834 42.8252
112.599 2012 44.8553
112.716 1959 44.2606
112.832 2063 45.4203
112.949 2028 45.0333
113.066 1962 44.2945
113.183 2002 44.7437
113.3 2001 44.7325
113.417 1998 44.699
113.534 1975 44.441
113.652 1628 40.3485
113.769 1480 38.4708
113.886 1334 36.524
114.003 1267 35.5949
114.12 1457 38.1707
114.238 1802 42.45
114.355 2005 44.7772
114.472 2128 46.1303
114.589 2126 46.1086
114.707 2216 47.0744
114.824 2275 47.697
114.942 2211 47.0213
115.059 2216 47.0744
115.176 2288 47.833
115.294 2272 47.6655
115.411 2147 46.3357
115.529 2102 45.8476
115.646 2061 45.3982
115.764 2088 45.6946
115.881 2068 45.4753
115.999 2066 45.4533
116.116 2058 45.3652
116.234 2119 46.0326
116.351 2116 46
116.469 2198 46.8828
116.586 2191 46.8081
116.704 2172 46.6047
116.821 2187 46.7654
116.939 2163 46.5081
117.056 2104 45.8694
117.174 1979 44.486
117.291 1699 41.2189
117.409 1476 38.4187
117.526 1418 37.6563
117.644 1472 38.3667
117.761 1645 40.5586
117.879 1934 43.9773
117.996 2160 46.4758
118.114 2309 48.0521
118.231 2343 48.4045
118.349 2324 48.2079
118.466 2487 49.8698
118.584 2325 48.2183
118.701 2412 49.1121
118.819 2399 48.9796
118.936 2194 46.8402
119.053 2203 46.9361
119.171 2098 45.8039
119.288 2140 46.2601
119.405 2128 46.1303
119.523 2077 45.5741
119.64 2056 45.3431
119.757 2128 46.1303
119.875 2083 45.6399
119.992 2142 46.2817
120.109 2066 45.4533
120.226 2078 45.5851
120.343 2200 46.9042
120.46 2063 45.4203
120.578 2060 45.3872
120.695 2066 45.4533
120.812 2043 45.1996
120.929 1749 41.821
121.046 1531 39.128
121.163 1458 38.1838
121.279 1444 38
121.396 1465 38.2753
121.513 1844 42.9418
121.63 2140 46.2601
121.747 2172 46.6047
121.863 2153 46.4004
121.98 2307 48.0312
122.097 2350 48.4768
122.213 2342 48.3942
122.33 2341 48.3839
122.446 2285 47.8017
122.563 2230 47.2229
122.679 2122 46.0652
122.795 2185 46.744
122.912 2173 46.6154
123.028 2073 45.5302
123.144 2015 44.8888
123.26 2002 44.7437
123.377 0 1
123.493 0 1
123.609 0 1
123.725 0 1
123.84 0 1
123.956 0 1
124.072 0 1
124.188 0 1
124.303 0 1
124.419 0 1
126.852 0 1
126.968 0 1
127.083 0 1
127.199 0 1
127.315 0 1
127.431 0 1
127.547 0 1
127.663 0 1
127.779 0 1
127.895 0 1
128.011 0 1
128.127 0 1
128.243 0 1
128.359 2347 48.4458
128.476 2266 47.6025
128.592 2336 48.3322
128.708 2236 47.2864
128.825 2266 47.6025
128.941 2359 48.5695
129.058 2384 48.8262
129.174 2265 47.592
129.291 2305 48.0104
129.408 2284 47.7912
129.524 2317 48.1352
129.641 2294 47.8957
129.758 2025 45
129.875 1891 43.4856
129.992 1726 41.5452
130.108 1508 38.833
130.225 1581 39.7618
130.342 1634 40.4228
130.459 2023 44.9778
130.576 2306 48.0208
130.693 2409 49.0816
130.81 2458 49.5782
130.928 2515 50.1498
131.045 2576 50.7543
131.162 2498 49.98
131.279 2597 50.9608
131.396 2490 49.8999
131.513 2532 50.319
131.631 2524 50.2394
131.748 2443 49.4267
131.865 2471 49.7092
131.983 2382 48.8057
132.1 2545 50.448
132.217 2470 49.6991
132.335 2481 49.8096
132.452 2441 49.4065
132.57 2465 49.6488
132.687 2427 49.2646
132.804 2494 49.94
132.922 2407 49.0612
133.039 2357 48.5489
133.157 2505 50.05
133.274 2331 48.2804
133.392 2032 45.0777
133.509 1796 42.3792
133.627 1629 40.3609
133.744 1447 38.0395
133.862 1589 39.8623
133.979 1816 42.6146
134.097 2138 46.2385
134.214 2396 48.949
134.332 2506 50.06
134.449 2566 50.6557
134.567 2494 49.94
134.684 2530 50.2991
134.802 2438 49.3761
134.919 2446 49.4571
135.037 2472 49.7192
135.154 2449 49.4874
135.272 2505 50.05
135.389 2472 49.7192
135.507 2598 50.9706
135.624 2522 50.2195
135.742 2461 49.6085
135.859 2441 49.4065
135.977 2460 49.5984
136.094 2393 48.9183
136.211 2426 49.2544
136.329 2438 49.3761
136.446 2428 49.2747
136.564 2461 49.6085
136.681 2381 48.7955
136.798 2354 48.518
136.915 2215 47.0638
137.033 1902 43.6119
137.15 1840 42.8952
137.267 1636 40.4475
137.384 1593 39.9124
137.502 1568 39.598
137.619 1799 42.4146
137.736 1999 44.7102
137.853 2225 47.1699
137.97 2373 48.7134
138.087 2406 49.051
138.204 2471 49.7092
138.321 2534 50.3389
138.438 2512 50.1199
138.555 2486 49.8598
138.672 2638 51.3615
138.788 2508 50.0799
138.905 2522 50.2195
139.022 2594 50.9313
139.139 2617 51.1566
139.255 2616 51.1468
139.372 2651 51.4879
139.488 2495 49.95
139.605 2427 49.2646
139.721 2478 49.7795
139.838 2568 50.6754
139.954 2474 49.7393
140.071 2441 49.4065
140.187 2414 49.1325
140.303 2500 50
140.419 2431 49.3052
140.535 2182 46.7119
140.652 1973 44.4185
140.768 0 1
140.884 0 1
141 0 1
141.115 0 1
141.231 0 1
141.347 0 1
141.463 0 1
141.578 0 1
141.694 0 1
144.104 0 1
144.219 0 1
144.335 0 1
144.45 0 1
144.566 0 1
144.682 0 1
144.798 0 1
144.914 0 1
145.03 0 1
145.146 1640 40.4969
145.262 1839 42.8836
145.378 1857 43.0929
145.494 1856 43.0813
145.61 1840 42.8952
145.726 1705 41.2916
145.842 1540 39.2428
145.959 1446 38.0263
146.075 1363 36.9188
146.192 1288 35.8887
146.308 1354 36.7967
146.425 1493 38.6394
146.541 1597 39.9625
146.658 1709 41.3401
146.774 1784 42.2374
146.891 1868 43.2204
147.008 2041 45.1774
147.125 2043 45.1996
147.241 2076 45.5631
147.358 2078 45.5851
147.475 2188 46.7761
147.592 2086 45.6727
147.709 2226 47.1805
147.826 2161 46.4866
147.943 2116 46
148.06 2118 46.0217
148.177 2166 46.5403
148.294 2152 46.3897
148.411 2153 46.4004
148.528 2100 45.8258
148.645 2142 46.2817
148.762 2078 45.5851
148.88 2115 45.9891
148.997 2091 45.7275
149.114 2116 46
149.231 2103 45.8585
149.349 1963 44.3058
149.466 2007 44.7996
149.583 1797 42.391
149.701 1674 40.9145
149.818 1542 39.2683
149.935 1363 36.9188
150.053 1383 37.1887
150.17 1400 37.4166
150.287 1600 40
150.405 1654 40.6694
150.522 1784 42.2374
150.64 1962 44.2945
150.757 2054 45.3211
150.875 2109 45.9239
150.992 2100 45.8258
151.11 2073 45.5302
151.227 2300 47.9583
151.344 2270 47.6445
151.462 2152 46.3897
151.579 2284 47.7912
151.697 2225 47.1699
151.814 2183 46.7226
151.932 2334 48.3115
152.049 2224 47.1593
152.167 2181 46.7012
152.284 2244 47.3709
152.402 2224 47.1593
152.519 2125 46.0977
152.636 2202 46.9255
152.754 2194 46.8402
152.871 2116 46
152.989 2064 45.4313
153.106 1993 44.643
153.223 1902 43.6119
153.341 1742 41.7373
153.458 1543 39.281
153.575 1485 38.5357
153.693 1388 37.2559
153.81 1479 38.4578
153.927 1693 41.1461
154.044 1718 41.4488
154.162 1915 43.7607
154.279 2018 44.9222
154.396 2171 46.594
154.513 2201 46.9148
154.63 2310 48.0625
154.747 2317 48.1352
154.864 2323 48.1975
154.981 2316 48.1248
155.098 2328 48.2494
155.215 2286 47.8121
155.332 2339 48.3632
155.449 2358 48.5592
155.566 2199 46.8935
155.683 2318 48.1456
155.8 2295 47.9062
155.917 2340 48.3735
156.033 2255 47.4868
156.15 0 1
156.267 0 1
156.383 0 1
156.5 0 1
156.617 0 1
156.733 0 1
156.85 0 1
156.966 0 1
157.082 0 1
157.199 0 1
157.315 0 1
157.431 0 1
157.547 0 1
157.664 0 1
157.78 0 1
157.896 0 1
158.012 0 1
158.128 0 1
158.244 0 1
158.359 0 1
158.475 0 1
158.591 0 1
158.706 0 1
