
6.15755 0 1
6.2731 0 1
6.3887 0 1
6.50437 0 1
6.62009 0 1
6.73587 0 1
6.8517 0 1
6.96759 0 1
7.08353 0 1
7.19952 0 1
7.31557 0 1
7.43166 0 1
7.54781 0 1
7.664 0 1
7.78024 0 1
7.89653 0 1
8.01286 0 1
8.12924 0 1
8.24567 0 1
8.36213 0 1
8.47864 0 1
8.59519 0 1
8.71178 0 1
8.82841 0 1
8.94508 0 1
9.06179 0 1
9.17853 0 1
9.29531 0 1
9.41212 0 1
9.52897 0 1
9.64584 0 1
9.76276 0 1
9.8797 0 1
9.99667 0 1
10.1137 0 1
10.2307 0 1
10.3478 0 1
10.4648 0 1
10.5819 0 1
10.6991 0 1
10.8162 0 1
10.9334 0 1
11.0506 0 1
11.1678 0 1
11.285 0 1
11.4023 0 1
11.5196 0 1
11.6369 0 1
11.7542 0 1
11.8715 0 1
11.9888 0 1
12.1062 0 1
12.2235 0 1
12.3409 0 1
12.4582 0 1
12.5756 0 1
12.693 0 1
12.8104 0 1
12.9278 0 1
13.0452 0 1
13.1626 0 1
13.28 0 1
13.3974 0 1
13.5149 0 1
13.6323 0 1
13.7497 0 1
13.8671 0 1
13.9845 0 1
14.1019 0 1
14.2193 0 1
14.3367 0 1
14.4541 0 1
14.5714 0 1
14.6888 0 1
14.8062 0 1
14.9235 0 1
15.0408 913 30.2159
15.1581 968 31.1127
15.2755 1008 31.749
15.3927 1024 32
15.51 1066 32.6497
15.6273 999 31.607
15.7445 1019 31.9218
15.8617 959 30.9677
15.9789 887 29.7825
16.0961 827 28.7576
16.2132 863 29.3769
16.3304 907 30.1164
16.4475 908 30.133
16.5646 813 28.5132
16.6816 825 28.7228
16.7986 865 29.4109
16.9156 855 29.2404
17.0326 870 29.4958
17.1496 820 28.6356
17.2665 801 28.3019
17.3833 831 28.8271
17.5002 815 28.5482
17.617 782 27.9643
17.7338 771 27.7669
17.8505 806 28.3901
17.9672 828 28.775
18.0839 798 28.2489
18.2005 804 28.3549
18.3171 770 27.7489
18.4337 762 27.6043
18.5502 816 28.5657
18.6666 836 28.9137
18.7831 865 29.4109
18.8994 770 27.7489
19.0158 765 27.6586
19.1321 748 27.3496
19.2483 735 27.1109
19.3645 731 27.037
19.4806 628 25.0599
19.5967 587 24.2281
19.7128 629 25.0799
19.8288 569 23.8537
19.9447 533 23.0868
20.0606 0 1
20.1764 0 1
20.2922 0 1
20.4079 0 1
20.5236 0 1
20.6392 0 1
20.7548 0 1
20.8702 0 1
23.3078 0 1
23.4233 0 1
23.539 0 1
23.6547 0 1
23.7704 0 1
23.8862 0 1
24.0021 0 1
24.118 0 1
24.234 0 1
24.35 0 1
24.4661 331 18.1934
24.5822 374 19.3391
24.6984 444 21.0713
24.8146 503 22.4277
24.9309 590 24.2899
25.0472 727 26.9629
25.1636 731 27.037
25.28 818 28.6007
25.3965 809 28.4429
25.513 838 28.9482
25.6296 882 29.6985
25.7462 867 29.4449
25.8628 937 30.6105
25.9795 900 30
26.0962 843 29.0345
26.213 833 28.8617
26.3298 810 28.4605
26.4466 730 27.0185
26.5635 778 27.8927
26.6804 712 26.6833
26.7973 692 26.3059
26.9143 652 25.5343
27.0313 668 25.8457
27.1483 737 27.1477
27.2653 717 26.7769
27.3824 787 28.0535
27.4996 773 27.8029
27.6167 737 27.1477
27.7339 745 27.2947
27.8511 697 26.4008
27.9683 711 26.6646
28.0855 704 26.533
28.2028 723 26.8887
28.3201 738 27.1662
28.4374 764 27.6405
28.5547 782 27.9643
28.6721 791 28.1247
28.7894 826 28.7402
28.9068 794 28.178
29.0242 800 28.2843
29.1416 823 28.688
29.259 753 27.4408
29.3764 792 28.1425
29.4939 757 27.5136
29.6113 786 28.0357
29.7288 740 27.2029
29.8463 711 26.6646
29.9638 671 25.9037
30.0812 654 25.5734
30.1987 664 25.7682
30.3162 673 25.9422
30.4337 672 25.923
30.5512 758 27.5318
30.6687 682 26.1151
30.7862 758 27.5318
30.9037 796 28.2135
31.0212 817 28.5832
31.1387 795 28.1957
31.2562 740 27.2029
31.3737 770 27.7489
31.4912 671 25.9037
31.6087 721 26.8514
31.7262 757 27.5136
31.8436 748 27.3496
31.9611 726 26.9444
32.0785 777 27.8747
32.1959 748 27.3496
32.3134 724 26.9072
32.4308 727 26.9629
32.5482 711 26.6646
32.6655 720 26.8328
32.7829 683 26.1343
32.9002 666 25.807
33.0176 628 25.0599
33.1349 639 25.2784
33.2522 679 26.0576
33.3694 654 25.5734
33.4867 703 26.5141
33.6039 629 25.0799
33.7211 603 24.5561
33.8383 621 24.9199
33.9554 604 24.5764
34.0725 626 25.02
34.1896 626 25.02
34.3067 674 25.9615
34.4237 738 27.1662
34.5407 757 27.5136
34.6577 727 26.9629
34.7746 716 26.7582
34.8915 641 25.318
35.0084 628 25.0599
35.1252 599 24.4745
35.242 636 25.219
35.3587 658 25.6515
35.4755 653 25.5539
35.5921 638 25.2587
35.7088 690 26.2679
35.8254 703 26.5141
35.9419 688 26.2298
36.0584 625 25
36.1749 681 26.096
36.2913 574 23.9583
36.4077 573 23.9374
36.524 591 24.3105
36.6403 565 23.7697
36.7565 540 23.2379
36.8727 591 24.3105
36.9889 476 21.8174
37.1049 384 19.5959
37.221 0 1
37.3369 0 1
37.4529 0 1
37.5687 0 1
37.6845 0 1
37.8003 0 1
37.916 0 1
38.0316 0 1
38.1472 0 1
40.5851 0 1
40.7008 0 1
40.8164 0 1
40.9322 0 1
41.048 0 1
41.1639 0 1
41.2798 0 1
41.3958 0 1
41.5118 0 1
41.6279 0 1
41.744 318 17.8326
41.8602 401 20.025
41.9765 396 19.8997
42.0928 438 20.9284
42.2091 433 20.8087
42.3255 458 21.4009
42.4419 468 21.6333
42.5584 503 22.4277
42.675 525 22.9129
42.7915 474 21.7715
42.9081 506 22.4944
43.0248 491 22.1585
43.1415 537 23.1733
43.2582 537 23.1733
43.375 550 23.4521
43.4918 509 22.561
43.6087 571 23.8956
43.7256 497 22.2935
43.8425 448 21.166
43.9595 466 21.587
44.0765 465 21.5639
44.1935 431 20.7605
44.3106 485 22.0227
44.4277 530 23.0217
44.5448 559 23.6432
44.6619 523 22.8692
44.7791 493 22.2036
44.8963 520 22.8035
45.0136 545 23.3452
45.1308 549 23.4307
45.2481 547 23.388
45.3654 530 23.0217
45.4827 520 22.8035
45.6001 556 23.5797
45.7174 576 24
45.8348 572 23.9165
45.9522 529 23
46.0697 540 23.2379
46.1871 523 22.8692
46.3046 479 21.8861
46.422 474 21.7715
46.5395 508 22.5389
46.657 459 21.4243
46.7745 493 22.2036
46.892 537 23.1733
47.0096 497 22.2935
47.1271 519 22.7816
47.2446 529 23
47.3622 498 22.3159
47.4797 500 22.3607
47.5973 463 21.5174
47.7149 511 22.6053
47.8324 550 23.4521
47.95 508 22.5389
48.0675 507 22.5167
48.1851 543 23.3024
48.3027 558 23.622
48.4202 496 22.2711
48.5378 523 22.8692
48.6554 530 23.0217
48.7729 516 22.7156
48.8904 581 24.1039
49.008 527 22.9565
49.1255 553 23.516
49.243 529 23
49.3605 517 22.7376
49.478 500 22.3607
49.5955 496 22.2711
49.713 472 21.7256
49.8304 431 20.7605
49.9479 478 21.8632
50.0653 487 22.0681
50.1827 451 21.2368
50.3001 465 21.5639
50.4175 510 22.5832
50.5348 498 22.3159
50.6521 485 22.0227
50.7694 486 22.0454
50.8867 496 22.2711
51.004 425 20.6155
51.1212 445 21.095
51.2384 503 22.4277
51.3556 498 22.3159
51.4727 516 22.7156
51.5899 554 23.5372
51.707 543 23.3024
51.824 518 22.7596
51.9411 563 23.7276
52.0581 547 23.388
52.175 497 22.2935
52.2919 518 22.7596
52.4088 484 22
52.5257 541 23.2594
52.6425 499 22.3383
52.7593 507 22.5167
52.876 502 22.4054
52.9927 480 21.9089
53.1094 508 22.5389
53.226 462 21.4942
53.3426 498 22.3159
53.4591 424 20.5913
53.5756 456 21.3542
53.692 424 20.5913
53.8084 397 19.9249
53.9248 390 19.7484
54.0411 395 19.8746
54.1573 369 19.2094
54.2735 0 1
54.3896 0 1
54.5057 0 1
54.6217 0 1
54.7377 0 1
54.8537 0 1
54.9695 0 1
55.0853 0 1
55.2011 0 1
55.3168 0 1
55.4324 0 1
57.824 0 1
57.9396 0 1
58.0553 0 1
58.1711 0 1
58.2869 0 1
58.4028 0 1
58.5187 0 1
58.6347 0 1
58.7508 0 1
58.8669 0 1
58.983 531 23.0434
59.0992 704 26.533
59.2155 815 28.5482
59.3318 910 30.1662
59.4482 1040 32.249
59.5646 1053 32.45
59.681 1119 33.4515
59.7975 1130 33.6155
59.9141 1074 32.7719
60.0306 1090 33.0151
60.1473 1107 33.2716
60.2639 1190 34.4964
60.3807 1250 35.3553
60.4974 1152 33.9411
60.6142 1180 34.3511
60.731 1193 34.5398
60.8479 1186 34.4384
60.9648 1174 34.2637
61.0818 1151 33.9264
61.1987 1097 33.121
61.3158 994 31.5278
61.4328 977 31.257
61.5499 989 31.4484
61.667 872 29.5296
61.7841 870 29.4958
61.9013 864 29.3939
62.0185 825 28.7228
62.1357 791 28.1247
62.253 820 28.6356
62.3702 771 27.7669
62.4875 731 27.037
62.6049 742 27.2397
62.7222 744 27.2764
62.8396 752 27.4226
62.9569 725 26.9258
63.0743 700 26.4575
63.1918 682 26.1151
63.3092 679 26.0576
63.4267 652 25.5343
63.5441 663 25.7488
63.6616 683 26.1343
63.7791 673 25.9422
63.8966 688 26.2298
64.0142 652 25.5343
64.1317 641 25.318
64.2492 632 25.1396
64.3668 671 25.9037
64.4843 663 25.7488
64.6019 623 24.96
64.7195 667 25.8263
64.837 610 24.6982
64.9546 609 24.6779
65.0722 626 25.02
65.1898 671 25.9037
65.3074 603 24.5561
65.4249 638 25.2587
65.5425 597 24.4336
65.6601 571 23.8956
65.7777 588 24.2487
65.8952 560 23.6643
66.0128 585 24.1868
66.1304 640 25.2982
66.2479 610 24.6982
66.3655 582 24.1247
66.483 637 25.2389
66.6005 637 25.2389
66.718 702 26.4953
66.8355 670 25.8844
66.953 659 25.671
67.0705 604 24.5764
67.1879 622 24.9399
67.3054 643 25.3574
67.4228 674 25.9615
67.5402 629 25.0799
67.6576 692 26.3059
67.7749 703 26.5141
67.8923 698 26.4197
68.0096 648 25.4558
68.1269 626 25.02
68.2442 618 24.8596
68.3614 666 25.807
68.4787 631 25.1197
68.5958 619 24.8797
68.713 597 24.4336
68.8302 634 25.1794
68.9473 641 25.318
69.0643 577 24.0208
69.1814 610 24.6982
69.2984 625 25
69.4154 580 24.0832
69.5323 579 24.0624
69.6492 592 24.3311
69.7661 584 24.1661
69.8829 591 24.3105
69.9997 683 26.1343
70.1165 594 24.3721
70.2332 582 24.1247
70.3499 631 25.1197
70.4665 563 23.7276
70.5831 505 22.4722
70.6996 442 21.0238
70.8161 432 20.7846
70.9326 428 20.6882
71.049 375 19.3649
71.1653 331 18.1934
71.2817 368 19.1833
71.3979 357 18.8944
71.5141 320 17.8885
71.6303 267 16.3401
71.7464 219 14.7986
71.8624 0 1
71.9784 0 1
72.0944 0 1
72.2102 0 1
72.3261 0 1
72.4418 0 1
72.5575 0 1
72.6732 0 1
75.1054 0 1
75.2209 0 1
75.3365 0 1
75.4521 0 1
75.5678 0 1
75.6835 0 1
75.7993 0 1
75.9151 0 1
76.031 0 1
76.147 373 19.3132
76.263 429 20.7123
76.3791 489 22.1133
76.4952 493 22.2036
76.6113 510 22.5832
76.7276 512 22.6274
76.8438 532 23.0651
76.9601 550 23.4521
77.0765 520 22.8035
77.1929 515 22.6936
77.3093 467 21.6102
77.4258 516 22.7156
77.5423 487 22.0681
77.6589 505 22.4722
77.7755 540 23.2379
77.8921 559 23.6432
78.0088 511 22.6053
78.1256 528 22.9783
78.2423 503 22.4277
78.3591 487 22.0681
78.4759 509 22.561
78.5928 420 20.4939
78.7097 467 21.6102
78.8266 440 20.9762
78.9436 502 22.4054
79.0606 503 22.4277
79.1776 475 21.7945
79.2946 506 22.4944
79.4117 569 23.8537
79.5288 538 23.1948
79.6459 561 23.6854
79.7631 517 22.7376
79.8802 490 22.1359
79.9974 535 23.1301
80.1147 539 23.2164
80.2319 517 22.7376
80.3491 562 23.7065
80.4664 543 23.3024
80.5837 558 23.622
80.701 525 22.9129
80.8183 533 23.0868
80.9357 516 22.7156
81.053 518 22.7596
81.1704 572 23.9165
81.2877 530 23.0217
81.4051 541 23.2594
81.5225 555 23.5584
81.6399 537 23.1733
81.7573 569 23.8537
81.8747 513 22.6495
81.9922 468 21.6333
82.1096 539 23.2164
82.227 478 21.8632
82.3444 469 21.6564
82.4619 493 22.2036
82.5793 508 22.5389
82.6967 514 22.6716
82.8142 535 23.1301
82.9316 576 24
83.049 544 23.3238
83.1664 578 24.0416
83.2838 518 22.7596
83.4012 562 23.7065
83.5186 504 22.4499
83.636 509 22.561
83.7534 589 24.2693
83.8708 568 23.8328
83.9881 586 24.2074
84.1055 566 23.7908
84.2228 614 24.779
84.3401 569 23.8537
84.4575 573 23.9374
84.5747 569 23.8537
84.692 521 22.8254
84.8093 513 22.6495
84.9265 567 23.8118
85.0437 578 24.0416
85.1609 562 23.7065
85.2781 559 23.6432
85.3952 548 23.4094
85.5123 539 23.2164
85.6294 531 23.0434
85.7465 533 23.0868
85.8636 508 22.5389
85.9806 457 21.3776
86.0976 553 23.516
86.2145 515 22.6936
86.3315 579 24.0624
86.4484 556 23.5797
86.5652 607 24.6374
86.682 591 24.3105
86.7988 609 24.6779
86.9156 603 24.5561
87.0323 587 24.2281
87.149 541 23.2594
87.2657 574 23.9583
87.3823 510 22.5832
87.4988 568 23.8328
87.6154 534 23.1084
87.7318 518 22.7596
87.8483 491 22.1585
87.9647 455 21.3307
88.081 426 20.6398
88.1973 440 20.9762
88.3136 321 17.9165
88.4298 325 18.0278
88.546 362 19.0263
88.6621 314 17.72
88.7781 317 17.8045
88.8942 0 1
89.0101 0 1
89.126 0 1
89.2419 0 1
89.3577 0 1
89.4734 0 1
89.5891 0 1
89.7047 0 1
89.8203 0 1
89.9358 0 1
92.3269 0 1
92.4424 0 1
92.558 0 1
92.6736 0 1
92.7893 0 1
92.905 0 1
93.0208 0 1
93.1366 0 1
93.2525 0 1
93.3685 0 1
93.4845 0 1
93.6005 470 21.6795
93.7167 452 21.2603
93.8328 477 21.8403
93.949 527 22.9565
94.0653 552 23.4947
94.1816 574 23.9583
94.2979 585 24.1868
94.4143 532 23.0651
94.5307 580 24.0832
94.6472 587 24.2281
94.7637 541 23.2594
94.8803 517 22.7376
94.9969 518 22.7596
95.1135 511 22.6053
95.2302 537 23.1733
95.3469 547 23.388
95.4637 582 24.1247
95.5805 569 23.8537
95.6973 568 23.8328
95.8142 598 24.454
95.9311 587 24.2281
96.048 585 24.1868
96.1649 589 24.2693
96.2819 606 24.6171
96.3989 551 23.4734
96.516 546 23.3666
96.633 612 24.7386
96.7501 579 24.0624
96.8673 593 24.3516
96.9844 607 24.6374
97.1016 601 24.5153
97.2188 587 24.2281
97.336 570 23.8747
97.4532 569 23.8537
97.5704 600 24.4949
97.6877 592 24.3311
97.805 606 24.6171
97.9223 626 25.02
98.0396 559 23.6432
98.1569 587 24.2281
98.2743 560 23.6643
98.3916 577 24.0208
98.509 577 24.0208
98.6264 541 23.2594
98.7438 576 24
98.8612 591 24.3105
98.9786 649 25.4755
99.096 557 23.6008
99.2134 606 24.6171
99.3308 654 25.5734
99.4482 674 25.9615
99.5656 598 24.454
99.6831 632 25.1396
99.8005 636 25.219
99.9179 648 25.4558
100.035 583 24.1454
100.153 603 24.5561
100.27 646 25.4165
100.388 634 25.1794
100.505 617 24.8395
100.622 600 24.4949
100.74 619 24.8797
100.857 546 23.3666
100.975 609 24.6779
101.092 599 24.4745
101.209 641 25.318
101.327 620 24.8998
101.444 616 24.8193
101.561 640 25.2982
101.679 636 25.219
101.796 597 24.4336
101.913 544 23.3238
102.03 578 24.0416
102.148 531 23.0434
102.265 586 24.2074
102.382 617 24.8395
102.499 610 24.6982
102.616 624 24.98
102.733 653 25.5539
102.851 650 25.4951
102.968 670 25.8844
103.085 669 25.865
103.202 642 25.3377
103.319 644 25.3772
103.436 668 25.8457
103.552 644 25.3772
103.669 690 26.2679
103.786 682 26.1151
103.903 659 25.671
104.02 653 25.5539
104.137 688 26.2298
104.253 620 24.8998
104.37 645 25.3969
104.487 628 25.0599
104.603 654 25.5734
104.72 660 25.6905
104.836 593 24.3516
104.953 580 24.0832
105.069 632 25.1396
105.186 541 23.2594
105.302 527 22.9565
105.418 486 22.0454
105.535 429 20.7123
105.651 408 20.199
105.767 369 19.2094
105.883 359 18.9473
105.999 356 18.868
106.115 0 1
106.231 0 1
106.347 0 1
106.463 0 1
106.579 0 1
106.694 0 1
106.81 0 1
106.926 0 1
107.041 0 1
107.157 0 1
109.576 0 1
109.692 0 1
109.807 0 1
109.923 0 1
110.039 0 1
110.155 0 1
110.27 0 1
110.386 0 1
110.502 0 1
110.618 328 18.1108
110.735 391 19.7737
110.851 377 19.4165
110.967 481 21.9317
111.083 523 22.8692
111.199 534 23.1084
111.316 576 24
111.432 609 24.6779
111.549 578 24.0416
111.665 647 25.4362
111.782 614 24.779
111.898 618 24.8596
112.015 607 24.6374
112.132 605 24.5967
112.248 604 24.5764
112.365 588 24.2487
112.482 609 24.6779
112.599 601 24.5153
112.716 572 23.9165
112.832 617 24.8395
112.949 615 24.7992
113.066 579 24.0624
113.183 554 23.5372
113.3 549 23.4307
113.417 569 23.8537
113.534 572 23.9165
113.652 598 24.454
113.769 577 24.0208
113.886 542 23.2809
114.003 589 24.2693
114.12 528 22.9783
114.238 510 22.5832
114.355 529 23
114.472 519 22.7816
114.589 553 23.516
114.707 544 23.3238
114.824 495 22.2486
114.942 546 23.3666
115.059 590 24.2899
115.176 575 23.9792
115.294 585 24.1868
115.411 532 23.0651
115.529 558 23.622
115.646 581 24.1039
115.764 542 23.2809
115.881 586 24.2074
115.999 550 23.4521
116.116 525 22.9129
116.234 549 23.4307
116.351 517 22.7376
116.469 543 23.3024
116.586 490 22.1359
116.704 546 23.3666
116.821 566 23.7908
116.939 489 22.1133
117.056 549 23.4307
117.174 543 23.3024
117.291 526 22.9347
117.409 516 22.7156
117.526 518 22.7596
117.644 488 22.0907
117.761 551 23.4734
117.879 487 22.0681
117.996 480 21.9089
118.114 494 22.2261
118.231 506 22.4944
118.349 458 21.4009
118.466 467 21.6102
118.584 512 22.6274
118.701 484 22
118.819 555 23.5584
118.936 542 23.2809
119.053 551 23.4734
119.171 514 22.6716
119.288 516 22.7156
119.405 491 22.1585
119.523 489 22.1133
119.64 512 22.6274
119.757 530 23.0217
119.875 506 22.4944
119.992 500 22.3607
120.109 470 21.6795
120.226 507 22.5167
120.343 484 22
120.46 458 21.4009
120.578 508 22.5389
120.695 494 22.2261
120.812 528 22.9783
120.929 468 21.6333
121.046 468 21.6333
121.163 464 21.5407
121.279 433 20.8087
121.396 436 20.8806
121.513 450 21.2132
121.63 429 20.7123
121.747 468 21.6333
121.863 392 19.799
121.98 419 20.4695
122.097 405 20.1246
122.213 391 19.7737
122.33 412 20.2978
122.446 372 19.2873
122.563 376 19.3907
122.679 349 18.6815
122.795 333 18.2483
122.912 323 17.9722
123.028 332 18.2209
123.144 252 15.8745
123.26 263 16.2173
123.377 0 1
123.493 0 1
123.609 0 1
123.725 0 1
123.84 0 1
123.956 0 1
124.072 0 1
124.188 0 1
124.303 0 1
124.419 0 1
126.852 0 1
126.968 0 1
127.083 0 1
127.199 0 1
127.315 0 1
127.431 0 1
127.547 0 1
127.663 0 1
127.779 0 1
127.895 0 1
128.011 0 1
128.127 0 1
128.243 0 1
128.359 505 22.4722
128.476 545 23.3452
128.592 564 23.7487
128.708 584 24.1661
128.825 595 24.3926
128.941 557 23.6008
129.058 590 24.2899
129.174 563 23.7276
129.291 527 22.9565
129.408 576 24
129.524 573 23.9374
129.641 575 23.9792
129.758 602 24.5357
129.875 567 23.8118
129.992 590 24.2899
130.108 535 23.1301
130.225 534 23.1084
130.342 586 24.2074
130.459 576 24
130.576 622 24.9399
130.693 593 24.3516
130.81 586 24.2074
130.928 587 24.2281
131.045 676 26
131.162 635 25.1992
131.279 728 26.9815
131.396 703 26.5141
131.513 705 26.5518
131.631 745 27.2947
131.748 738 27.1662
131.865 743 27.258
131.983 753 27.4408
132.1 775 27.8388
132.217 847 29.1033
132.335 815 28.5482
132.452 828 28.775
132.57 900 30
132.687 905 30.0832
132.804 899 29.9833
132.922 854 29.2233
133.039 1004 31.686
133.157 972 31.1769
133.274 921 30.348
133.392 939 30.6431
133.509 921 30.348
133.627 933 30.545
133.744 960 30.9839
133.862 933 30.545
133.979 946 30.7571
134.097 1017 31.8904
134.214 938 30.6268
134.332 903 30.05
134.449 857 29.2746
134.567 893 29.8831
134.684 921 30.348
134.802 1030 32.0936
134.919 1061 32.573
135.037 984 31.3688
135.154 952 30.8545
135.272 990 31.4643
135.389 1019 31.9218
135.507 1029 32.078
135.624 1036 32.187
135.742 1072 32.7414
135.859 1126 33.5559
135.977 1194 34.5543
136.094 1171 34.2199
136.211 1170 34.2053
136.329 1084 32.9242
136.446 1083 32.909
136.564 1100 33.1662
136.681 1227 35.0286
136.798 1106 33.2566
136.915 1188 34.4674
137.033 1154 33.9706
137.15 1189 34.4819
137.267 1155 33.9853
137.384 1137 33.7194
137.502 1145 33.8378
137.619 1216 34.8712
137.736 1254 35.4119
137.853 1196 34.5832
137.97 1231 35.0856
138.087 1085 32.9393
138.204 1094 33.0757
138.321 1156 34
138.438 1251 35.3695
138.555 1275 35.7071
138.672 1250 35.3553
138.788 1115 33.3916
138.905 1154 33.9706
139.022 1234 35.1283
139.139 1281 35.7911
139.255 1295 35.9861
139.372 1212 34.8138
139.488 1119 33.4515
139.605 1100 33.1662
139.721 994 31.5278
139.838 897 29.95
139.954 886 29.7658
140.071 889 29.8161
140.187 881 29.6816
140.303 850 29.1548
140.419 778 27.8927
140.535 777 27.8747
140.652 789 28.0891
140.768 0 1
140.884 0 1
141 0 1
141.115 0 1
141.231 0 1
141.347 0 1
141.463 0 1
141.578 0 1
141.694 0 1
144.104 0 1
144.219 0 1
144.335 0 1
144.45 0 1
144.566 0 1
144.682 0 1
144.798 0 1
144.914 0 1
145.03 0 1
145.146 1035 32.1714
145.262 1142 33.7935
145.378 1410 37.55
145.494 1856 43.0813
145.61 3057 55.2901
145.726 4753 68.942
145.842 7873 88.7299
145.959 12500 111.803
146.075 18743 136.905
146.192 26662 163.285
146.308 35422 188.207
146.425 44477 210.896
146.541 54701 233.882
146.658 64420 253.811
146.774 73402 270.928
146.891 81962 286.29
147.008 90051 300.085
147.125 96694 310.957
147.241 104639 323.48
147.358 112967 336.106
147.475 121778 348.967
147.592 132777 364.386
147.709 144176 379.705
147.826 155805 394.721
147.943 168681 410.708
148.06 179813 424.044
148.177 190986 437.019
148.294 200764 448.067
148.411 208242 456.335
148.528 213683 462.259
148.645 217110 465.951
148.762 216169 464.94
148.88 213385 461.936
148.997 210496 458.798
149.114 195320 441.95
149.231 185576 430.785
149.349 176797 420.472
149.466 161591 401.984
149.583 152382 390.361
149.701 142614 377.643
149.818 132995 364.685
149.935 124970 353.511
150.053 118039 343.568
150.17 114002 337.642
150.287 111785 334.343
150.405 110077 331.779
150.522 108159 328.875
150.64 105556 324.894
150.757 101572 318.704
150.875 96645 310.878
150.992 93435 305.671
151.11 88836 298.054
151.227 82816 287.778
151.344 77609 278.584
151.462 74006 272.04
151.579 71692 267.754
151.697 68120 260.998
151.814 66087 257.074
151.932 62703 250.406
152.049 59575 244.08
152.167 56620 237.95
152.284 53408 231.102
152.402 50337 224.359
152.519 48311 219.798
152.636 45820 214.056
152.754 43981 209.716
152.871 40828 202.059
152.989 38055 195.077
153.106 33474 182.959
153.223 29308 171.196
153.341 23910 154.629
153.458 19563 139.868
153.575 16765 129.48
153.693 15614 124.956
153.81 16736 129.368
153.927 19552 139.828
154.044 23035 151.773
154.162 25427 159.458
154.279 26143 161.688
154.396 26246 162.006
154.513 25735 160.421
154.63 24674 157.08
154.747 23298 152.637
154.864 21539 146.762
154.981 19139 138.344
155.098 18534 136.14
155.215 18505 136.033
155.332 18163 134.77
155.449 17314 131.583
155.566 16424 128.156
155.683 15633 125.032
155.8 14765 121.511
155.917 13931 118.03
156.033 12889 113.53
156.15 0 1
156.267 0 1
156.383 0 1
156.5 0 1
156.617 0 1
156.733 0 1
156.85 0 1
156.966 0 1
157.082 0 1
157.199 0 1
157.315 0 1
157.431 0 1
157.547 0 1
157.664 0 1
157.78 0 1
157.896 0 1
158.012 0 1
158.128 0 1
158.244 0 1
158.359 0 1
158.475 0 1
158.591 0 1
158.706 0 1
