
6.15755 0 1
6.2731 0 1
6.3887 0 1
6.50437 0 1
6.62009 0 1
6.73587 0 1
6.8517 0 1
6.96759 0 1
7.08353 0 1
7.19952 0 1
7.31557 0 1
7.43166 0 1
7.54781 0 1
7.664 0 1
7.78024 0 1
7.89653 0 1
8.01286 0 1
8.12924 0 1
8.24567 0 1
8.36213 0 1
8.47864 0 1
8.59519 0 1
8.71178 0 1
8.82841 0 1
8.94508 0 1
9.06179 0 1
9.17853 0 1
9.29531 0 1
9.41212 0 1
9.52897 0 1
9.64584 0 1
9.76276 0 1
9.8797 0 1
9.99667 0 1
10.1137 0 1
10.2307 0 1
10.3478 0 1
10.4648 0 1
10.5819 0 1
10.6991 0 1
10.8162 0 1
10.9334 0 1
11.0506 0 1
11.1678 0 1
11.285 0 1
11.4023 0 1
11.5196 0 1
11.6369 0 1
11.7542 0 1
11.8715 0 1
11.9888 0 1
12.1062 0 1
12.2235 0 1
12.3409 0 1
12.4582 0 1
12.5756 0 1
12.693 0 1
12.8104 0 1
12.9278 0 1
13.0452 0 1
13.1626 0 1
13.28 0 1
13.3974 0 1
13.5149 0 1
13.6323 0 1
13.7497 0 1
13.8671 0 1
13.9845 0 1
14.1019 0 1
14.2193 0 1
14.3367 0 1
14.4541 0 1
14.5714 0 1
14.6888 0 1
14.8062 0 1
14.9235 0 1
15.0408 0 0
15.1581 0 0
15.2755 0 0
15.3927 0 0
15.51 0 0
15.6273 0 0
15.7445 0 0
15.8617 0 0
15.9789 0 0
16.0961 0 0
16.2132 0 0
16.3304 0 0
16.4475 0 0
16.5646 0 0
16.6816 0 0
16.7986 0 0
16.9156 0 0
17.0326 0 0
17.1496 0 0
17.2665 0 0
17.3833 0 0
17.5002 0 0
17.617 0 0
17.7338 0 0
17.8505 0 0
17.9672 0 0
18.0839 0 0
18.2005 0 0
18.3171 0 0
18.4337 0 0
18.5502 0 0
18.6666 0 0
18.7831 0 0
18.8994 0 0
19.0158 0 0
19.1321 0 0
19.2483 0 0
19.3645 0 0
19.4806 0 0
19.5967 0 0
19.7128 0 0
19.8288 0 0
19.9447 0 0
20.0606 0 1
20.1764 0 1
20.2922 0 1
20.4079 0 1
20.5236 0 1
20.6392 0 1
20.7548 0 1
20.8702 0 1
23.3078 0 1
23.4233 0 1
23.539 0 1
23.6547 0 1
23.7704 0 1
23.8862 0 1
24.0021 0 1
24.118 0 1
24.234 0 1
24.35 0 1
24.4661 674 25.9615
24.5822 669 25.865
24.6984 683 26.1343
24.8146 722 26.8701
24.9309 716 26.7582
25.0472 750 27.3861
25.1636 684 26.1534
25.28 765 27.6586
25.3965 761 27.5862
25.513 745 27.2947
25.6296 780 27.9285
25.7462 817 28.5832
25.8628 785 28.0179
25.9795 768 27.7128
26.0962 743 27.258
26.213 775 27.8388
26.3298 748 27.3496
26.4466 733 27.074
26.5635 727 26.9629
26.6804 738 27.1662
26.7973 726 26.9444
26.9143 658 25.6515
27.0313 644 25.3772
27.1483 636 25.219
27.2653 663 25.7488
27.3824 699 26.4386
27.4996 712 26.6833
27.6167 682 26.1151
27.7339 706 26.5707
27.8511 619 24.8797
27.9683 674 25.9615
28.0855 691 26.2869
28.2028 627 25.04
28.3201 636 25.219
28.4374 684 26.1534
28.5547 742 27.2397
28.6721 743 27.258
28.7894 714 26.7208
28.9068 723 26.8887
29.0242 715 26.7395
29.1416 722 26.8701
29.259 691 26.2869
29.3764 720 26.8328
29.4939 716 26.7582
29.6113 714 26.7208
29.7288 725 26.9258
29.8463 731 27.037
29.9638 748 27.3496
30.0812 679 26.0576
30.1987 723 26.8887
30.3162 730 27.0185
30.4337 690 26.2679
30.5512 632 25.1396
30.6687 572 23.9165
30.7862 609 24.6779
30.9037 578 24.0416
31.0212 662 25.7294
31.1387 645 25.3969
31.2562 630 25.0998
31.3737 626 25.02
31.4912 631 25.1197
31.6087 595 24.3926
31.7262 616 24.8193
31.8436 597 24.4336
31.9611 658 25.6515
32.0785 671 25.9037
32.1959 666 25.807
32.3134 705 26.5518
32.4308 706 26.5707
32.5482 733 27.074
32.6655 689 26.2488
32.7829 717 26.7769
32.9002 724 26.9072
33.0176 681 26.096
33.1349 728 26.9815
33.2522 684 26.1534
33.3694 703 26.5141
33.4867 680 26.0768
33.6039 722 26.8701
33.7211 670 25.8844
33.8383 686 26.1916
33.9554 665 25.7876
34.0725 645 25.3969
34.1896 576 24
34.3067 548 23.4094
34.4237 586 24.2074
34.5407 623 24.96
34.6577 684 26.1534
34.7746 656 25.6125
34.8915 641 25.318
35.0084 588 24.2487
35.1252 572 23.9165
35.242 598 24.454
35.3587 625 25
35.4755 639 25.2784
35.5921 659 25.671
35.7088 670 25.8844
35.8254 666 25.807
35.9419 672 25.923
36.0584 660 25.6905
36.1749 710 26.6458
36.2913 688 26.2298
36.4077 669 25.865
36.524 677 26.0192
36.6403 603 24.5561
36.7565 668 25.8457
36.8727 664 25.7682
36.9889 715 26.7395
37.1049 623 24.96
37.221 0 1
37.3369 0 1
37.4529 0 1
37.5687 0 1
37.6845 0 1
37.8003 0 1
37.916 0 1
38.0316 0 1
38.1472 0 1
40.5851 0 1
40.7008 0 1
40.8164 0 1
40.9322 0 1
41.048 0 1
41.1639 0 1
41.2798 0 1
41.3958 0 1
41.5118 0 1
41.6279 0 1
41.744 545 23.3452
41.8602 531 23.0434
41.9765 553 23.516
42.0928 564 23.7487
42.2091 551 23.4734
42.3255 525 22.9129
42.4419 572 23.9165
42.5584 567 23.8118
42.675 575 23.9792
42.7915 578 24.0416
42.9081 504 22.4499
43.0248 528 22.9783
43.1415 461 21.4709
43.2582 482 21.9545
43.375 554 23.5372
43.4918 563 23.7276
43.6087 551 23.4734
43.7256 501 22.383
43.8425 504 22.4499
43.9595 470 21.6795
44.0765 488 22.0907
44.1935 511 22.6053
44.3106 521 22.8254
44.4277 476 21.8174
44.5448 525 22.9129
44.6619 515 22.6936
44.7791 517 22.7376
44.8963 526 22.9347
45.0136 497 22.2935
45.1308 478 21.8632
45.2481 487 22.0681
45.3654 416 20.3961
45.4827 490 22.1359
45.6001 496 22.2711
45.7174 514 22.6716
45.8348 467 21.6102
45.9522 466 21.587
46.0697 492 22.1811
46.1871 453 21.2838
46.3046 449 21.1896
46.422 476 21.8174
46.5395 436 20.8806
46.657 391 19.7737
46.7745 358 18.9209
46.892 342 18.4932
47.0096 410 20.2485
47.1271 387 19.6723
47.2446 439 20.9523
47.3622 391 19.7737
47.4797 412 20.2978
47.5973 372 19.2873
47.7149 366 19.1311
47.8324 377 19.4165
47.95 401 20.025
48.0675 380 19.4936
48.1851 404 20.0998
48.3027 464 21.5407
48.4202 418 20.445
48.5378 390 19.7484
48.6554 396 19.8997
48.7729 380 19.4936
48.8904 349 18.6815
49.008 367 19.1572
49.1255 372 19.2873
49.243 406 20.1494
49.3605 391 19.7737
49.478 402 20.0499
49.5955 408 20.199
49.713 384 19.5959
49.8304 394 19.8494
49.9479 411 20.2731
50.0653 404 20.0998
50.1827 384 19.5959
50.3001 322 17.9444
50.4175 344 18.5472
50.5348 354 18.8149
50.6521 406 20.1494
50.7694 383 19.5704
50.8867 394 19.8494
51.004 408 20.199
51.1212 398 19.9499
51.2384 432 20.7846
51.3556 437 20.9045
51.4727 474 21.7715
51.5899 467 21.6102
51.707 503 22.4277
51.824 479 21.8861
51.9411 520 22.8035
52.0581 514 22.6716
52.175 525 22.9129
52.2919 536 23.1517
52.4088 519 22.7816
52.5257 509 22.561
52.6425 519 22.7816
52.7593 472 21.7256
52.876 517 22.7376
52.9927 575 23.9792
53.1094 521 22.8254
53.226 514 22.6716
53.3426 552 23.4947
53.4591 525 22.9129
53.5756 532 23.0651
53.692 607 24.6374
53.8084 496 22.2711
53.9248 448 21.166
54.0411 458 21.4009
54.1573 451 21.2368
54.2735 0 1
54.3896 0 1
54.5057 0 1
54.6217 0 1
54.7377 0 1
54.8537 0 1
54.9695 0 1
55.0853 0 1
55.2011 0 1
55.3168 0 1
55.4324 0 1
57.824 0 1
57.9396 0 1
58.0553 0 1
58.1711 0 1
58.2869 0 1
58.4028 0 1
58.5187 0 1
58.6347 0 1
58.7508 0 1
58.8669 0 1
58.983 568 23.8328
59.0992 556 23.5797
59.2155 531 23.0434
59.3318 471 21.7025
59.4482 522 22.8473
59.5646 545 23.3452
59.681 572 23.9165
59.7975 536 23.1517
59.9141 549 23.4307
60.0306 591 24.3105
60.1473 625 25
60.2639 590 24.2899
60.3807 624 24.98
60.4974 579 24.0624
60.6142 541 23.2594
60.731 534 23.1084
60.8479 582 24.1247
60.9648 562 23.7065
61.0818 548 23.4094
61.1987 521 22.8254
61.3158 577 24.0208
61.4328 578 24.0416
61.5499 545 23.3452
61.667 524 22.891
61.7841 534 23.1084
61.9013 510 22.5832
62.0185 494 22.2261
62.1357 521 22.8254
62.253 548 23.4094
62.3702 503 22.4277
62.4875 518 22.7596
62.6049 457 21.3776
62.7222 436 20.8806
62.8396 460 21.4476
62.9569 500 22.3607
63.0743 435 20.8567
63.1918 476 21.8174
63.3092 487 22.0681
63.4267 461 21.4709
63.5441 463 21.5174
63.6616 499 22.3383
63.7791 459 21.4243
63.8966 503 22.4277
64.0142 517 22.7376
64.1317 498 22.3159
64.2492 513 22.6495
64.3668 505 22.4722
64.4843 481 21.9317
64.6019 467 21.6102
64.7195 479 21.8861
64.837 472 21.7256
64.9546 477 21.8403
65.0722 480 21.9089
65.1898 459 21.4243
65.3074 492 22.1811
65.4249 471 21.7025
65.5425 463 21.5174
65.6601 439 20.9523
65.7777 502 22.4054
65.8952 443 21.0476
66.0128 435 20.8567
66.1304 444 21.0713
66.2479 407 20.1742
66.3655 391 19.7737
66.483 413 20.3224
66.6005 417 20.4206
66.718 431 20.7605
66.8355 440 20.9762
66.953 424 20.5913
67.0705 471 21.7025
67.1879 447 21.1424
67.3054 464 21.5407
67.4228 408 20.199
67.5402 418 20.445
67.6576 458 21.4009
67.7749 417 20.4206
67.8923 459 21.4243
68.0096 430 20.7364
68.1269 429 20.7123
68.2442 420 20.4939
68.3614 437 20.9045
68.4787 469 21.6564
68.5958 450 21.2132
68.713 439 20.9523
68.8302 415 20.3715
68.9473 405 20.1246
69.0643 389 19.7231
69.1814 475 21.7945
69.2984 427 20.664
69.4154 449 21.1896
69.5323 417 20.4206
69.6492 421 20.5183
69.7661 432 20.7846
69.8829 376 19.3907
69.9997 362 19.0263
70.1165 379 19.4679
70.2332 354 18.8149
70.3499 354 18.8149
70.4665 389 19.7231
70.5831 402 20.0499
70.6996 398 19.9499
70.8161 413 20.3224
70.9326 383 19.5704
71.049 374 19.3391
71.1653 380 19.4936
71.2817 362 19.0263
71.3979 376 19.3907
71.5141 402 20.0499
71.6303 359 18.9473
71.7464 302 17.3781
71.8624 0 1
71.9784 0 1
72.0944 0 1
72.2102 0 1
72.3261 0 1
72.4418 0 1
72.5575 0 1
72.6732 0 1
75.1054 0 1
75.2209 0 1
75.3365 0 1
75.4521 0 1
75.5678 0 1
75.6835 0 1
75.7993 0 1
75.9151 0 1
76.031 0 1
76.147 263 16.2173
76.263 295 17.1756
76.3791 305 17.4642
76.4952 323 17.9722
76.6113 286 16.9115
76.7276 313 17.6918
76.8438 329 18.1384
76.9601 307 17.5214
77.0765 316 17.7764
77.1929 264 16.2481
77.3093 288 16.9706
77.4258 314 17.72
77.5423 290 17.0294
77.6589 293 17.1172
77.7755 289 17
77.8921 262 16.1864
78.0088 266 16.3095
78.1256 268 16.3707
78.2423 272 16.4924
78.3591 253 15.906
78.4759 255 15.9687
78.5928 263 16.2173
78.7097 270 16.4317
78.8266 254 15.9374
78.9436 237 15.3948
79.0606 229 15.1327
79.1776 186 13.6382
79.2946 161 12.6886
79.4117 226 15.0333
79.5288 233 15.2643
79.6459 217 14.7309
79.7631 233 15.2643
79.8802 215 14.6629
79.9974 224 14.9666
80.1147 186 13.6382
80.2319 210 14.4914
80.3491 200 14.1421
80.4664 180 13.4164
80.5837 162 12.7279
80.701 191 13.8203
80.8183 186 13.6382
80.9357 167 12.9228
81.053 185 13.6015
81.1704 174 13.1909
81.2877 181 13.4536
81.4051 163 12.7671
81.5225 148 12.1655
81.6399 150 12.2474
81.7573 155 12.4499
81.8747 138 11.7473
81.9922 159 12.6095
82.1096 136 11.6619
82.227 133 11.5326
82.3444 137 11.7047
82.4619 127 11.2694
82.5793 105 10.247
82.6967 96 9.79796
82.8142 115 10.7238
82.9316 68 8.24621
83.049 89 9.43398
83.1664 72 8.48528
83.2838 97 9.84886
83.4012 127 11.2694
83.5186 104 10.198
83.636 89 9.43398
83.7534 85 9.21954
83.8708 83 9.11043
83.9881 83 9.11043
84.1055 67 8.18535
84.2228 63 7.93725
84.3401 72 8.48528
84.4575 68 8.24621
84.5747 51 7.14143
84.692 60 7.74597
84.8093 75 8.66025
84.9265 58 7.61577
85.0437 63 7.93725
85.1609 47 6.85565
85.2781 51 7.14143
85.3952 52 7.2111
85.5123 53 7.28011
85.6294 54 7.34847
85.7465 51 7.14143
85.8636 48 6.9282
85.9806 52 7.2111
86.0976 47 6.85565
86.2145 45 6.7082
86.3315 64 8
86.4484 54 7.34847
86.5652 64 8
86.682 67 8.18535
86.7988 78 8.83176
86.9156 70 8.3666
87.0323 72 8.48528
87.149 92 9.59166
87.2657 73 8.544
87.3823 81 9
87.4988 88 9.38083
87.6154 85 9.21954
87.7318 80 8.94427
87.8483 114 10.6771
87.9647 112 10.583
88.081 104 10.198
88.1973 101 10.0499
88.3136 118 10.8628
88.4298 160 12.6491
88.546 123 11.0905
88.6621 143 11.9583
88.7781 127 11.2694
88.8942 0 1
89.0101 0 1
89.126 0 1
89.2419 0 1
89.3577 0 1
89.4734 0 1
89.5891 0 1
89.7047 0 1
89.8203 0 1
89.9358 0 1
92.3269 0 1
92.4424 0 1
92.558 0 1
92.6736 0 1
92.7893 0 1
92.905 0 1
93.0208 0 1
93.1366 0 1
93.2525 0 1
93.3685 0 1
93.4845 0 1
93.6005 239 15.4596
93.7167 219 14.7986
93.8328 230 15.1658
93.949 213 14.5945
94.0653 196 14
94.1816 187 13.6748
94.2979 182 13.4907
94.4143 202 14.2127
94.5307 200 14.1421
94.6472 178 13.3417
94.7637 179 13.3791
94.8803 190 13.784
94.9969 178 13.3417
95.1135 179 13.3791
95.2302 193 13.8924
95.3469 133 11.5326
95.4637 130 11.4018
95.5805 99 9.94987
95.6973 156 12.49
95.8142 189 13.7477
95.9311 191 13.8203
96.048 214 14.6287
96.1649 184 13.5647
96.2819 212 14.5602
96.3989 184 13.5647
96.516 236 15.3623
96.633 212 14.5602
96.7501 211 14.5258
96.8673 230 15.1658
96.9844 211 14.5258
97.1016 251 15.843
97.2188 252 15.8745
97.336 251 15.843
97.4532 259 16.0935
97.5704 248 15.748
97.6877 285 16.8819
97.805 263 16.2173
97.9223 290 17.0294
98.0396 302 17.3781
98.1569 314 17.72
98.2743 292 17.088
98.3916 324 18
98.509 311 17.6352
98.6264 276 16.6132
98.7438 308 17.5499
98.8612 283 16.8226
98.9786 289 17
99.096 224 14.9666
99.2134 216 14.6969
99.3308 295 17.1756
99.4482 366 19.1311
99.5656 373 19.3132
99.6831 376 19.3907
99.8005 353 18.7883
99.9179 369 19.2094
100.035 398 19.9499
100.153 389 19.7231
100.27 379 19.4679
100.388 355 18.8414
100.505 418 20.445
100.622 384 19.5959
100.74 376 19.3907
100.857 386 19.6469
100.975 414 20.347
101.092 400 20
101.209 438 20.9284
101.327 432 20.7846
101.444 443 21.0476
101.561 401 20.025
101.679 419 20.4695
101.796 413 20.3224
101.913 430 20.7364
102.03 458 21.4009
102.148 461 21.4709
102.265 441 21
102.382 394 19.8494
102.499 428 20.6882
102.616 341 18.4662
102.733 312 17.6635
102.851 365 19.105
102.968 412 20.2978
103.085 435 20.8567
103.202 438 20.9284
103.319 446 21.1187
103.436 479 21.8861
103.552 446 21.1187
103.669 438 20.9284
103.786 468 21.6333
103.903 461 21.4709
104.02 438 20.9284
104.137 441 21
104.253 528 22.9783
104.37 428 20.6882
104.487 476 21.8174
104.603 473 21.7486
104.72 486 22.0454
104.836 437 20.9045
104.953 496 22.2711
105.069 491 22.1585
105.186 467 21.6102
105.302 446 21.1187
105.418 450 21.2132
105.535 450 21.2132
105.651 487 22.0681
105.767 467 21.6102
105.883 443 21.0476
105.999 392 19.799
106.115 0 1
106.231 0 1
106.347 0 1
106.463 0 1
106.579 0 1
106.694 0 1
106.81 0 1
106.926 0 1
107.041 0 1
107.157 0 1
109.576 0 1
109.692 0 1
109.807 0 1
109.923 0 1
110.039 0 1
110.155 0 1
110.27 0 1
110.386 0 1
110.502 0 1
110.618 374 19.3391
110.735 378 19.4422
110.851 410 20.2485
110.967 353 18.7883
111.083 296 17.2047
111.199 291 17.0587
111.316 303 17.4069
111.432 297 17.2337
111.549 311 17.6352
111.665 345 18.5742
111.782 343 18.5203
111.898 339 18.412
112.015 338 18.3848
112.132 352 18.7617
112.248 330 18.1659
112.365 336 18.3303
112.482 318 17.8326
112.599 347 18.6279
112.716 326 18.0555
112.832 326 18.0555
112.949 296 17.2047
113.066 296 17.2047
113.183 302 17.3781
113.3 314 17.72
113.417 264 16.2481
113.534 291 17.0587
113.652 270 16.4317
113.769 286 16.9115
113.886 279 16.7033
114.003 282 16.7929
114.12 275 16.5831
114.238 291 17.0587
114.355 268 16.3707
114.472 240 15.4919
114.589 233 15.2643
114.707 222 14.8997
114.824 250 15.8114
114.942 226 15.0333
115.059 260 16.1245
115.176 257 16.0312
115.294 282 16.7929
115.411 250 15.8114
115.529 312 17.6635
115.646 276 16.6132
115.764 242 15.5563
115.881 303 17.4069
115.999 268 16.3707
116.116 247 15.7162
116.234 279 16.7033
116.351 265 16.2788
116.469 261 16.1555
116.586 247 15.7162
116.704 244 15.6205
116.821 239 15.4596
116.939 249 15.7797
117.056 264 16.2481
117.174 256 16
117.291 280 16.7332
117.409 250 15.8114
117.526 269 16.4012
117.644 257 16.0312
117.761 243 15.5885
117.879 247 15.7162
117.996 197 14.0357
118.114 223 14.9332
118.231 231 15.1987
118.349 247 15.7162
118.466 268 16.3707
118.584 232 15.2315
118.701 258 16.0624
118.819 256 16
118.936 262 16.1864
119.053 294 17.1464
119.171 278 16.6733
119.288 255 15.9687
119.405 250 15.8114
119.523 266 16.3095
119.64 250 15.8114
119.757 266 16.3095
119.875 246 15.6844
119.992 262 16.1864
120.109 293 17.1172
120.226 271 16.4621
120.343 266 16.3095
120.46 259 16.0935
120.578 280 16.7332
120.695 260 16.1245
120.812 273 16.5227
120.929 286 16.9115
121.046 262 16.1864
121.163 283 16.8226
121.279 259 16.0935
121.396 281 16.7631
121.513 265 16.2788
121.63 238 15.4272
121.747 180 13.4164
121.863 190 13.784
121.98 237 15.3948
122.097 236 15.3623
122.213 285 16.8819
122.33 280 16.7332
122.446 295 17.1756
122.563 286 16.9115
122.679 311 17.6352
122.795 269 16.4012
122.912 310 17.6068
123.028 297 17.2337
123.144 256 16
123.26 261 16.1555
123.377 0 1
123.493 0 1
123.609 0 1
123.725 0 1
123.84 0 1
123.956 0 1
124.072 0 1
124.188 0 1
124.303 0 1
124.419 0 1
126.852 0 1
126.968 0 1
127.083 0 1
127.199 0 1
127.315 0 1
127.431 0 1
127.547 0 1
127.663 0 1
127.779 0 1
127.895 0 1
128.011 0 1
128.127 0 1
128.243 0 1
128.359 354 18.8149
128.476 344 18.5472
128.592 384 19.5959
128.708 370 19.2354
128.825 381 19.5192
128.941 375 19.3649
129.058 340 18.4391
129.174 376 19.3907
129.291 384 19.5959
129.408 386 19.6469
129.524 359 18.9473
129.641 443 21.0476
129.758 368 19.1833
129.875 395 19.8746
129.992 398 19.9499
130.108 360 18.9737
130.225 374 19.3391
130.342 341 18.4662
130.459 340 18.4391
130.576 303 17.4069
130.693 231 15.1987
130.81 269 16.4012
130.928 271 16.4621
131.045 360 18.9737
131.162 430 20.7364
131.279 377 19.4165
131.396 412 20.2978
131.513 424 20.5913
131.631 407 20.1742
131.748 428 20.6882
131.865 428 20.6882
131.983 407 20.1742
132.1 352 18.7617
132.217 410 20.2485
132.335 425 20.6155
132.452 409 20.2237
132.57 407 20.1742
132.687 400 20
132.804 422 20.5426
132.922 413 20.3224
133.039 425 20.6155
133.157 443 21.0476
133.274 407 20.1742
133.392 411 20.2731
133.509 402 20.0499
133.627 420 20.4939
133.744 425 20.6155
133.862 368 19.1833
133.979 370 19.2354
134.097 345 18.5742
134.214 331 18.1934
134.332 292 17.088
134.449 287 16.9411
134.567 338 18.3848
134.684 370 19.2354
134.802 416 20.3961
134.919 432 20.7846
135.037 436 20.8806
135.154 410 20.2485
135.272 420 20.4939
135.389 440 20.9762
135.507 485 22.0227
135.624 404 20.0998
135.742 441 21
135.859 479 21.8861
135.977 438 20.9284
136.094 441 21
136.211 477 21.8403
136.329 485 22.0227
136.446 451 21.2368
136.564 451 21.2368
136.681 440 20.9762
136.798 517 22.7376
136.915 462 21.4942
137.033 440 20.9762
137.15 494 22.2261
137.267 446 21.1187
137.384 442 21.0238
137.502 387 19.6723
137.619 378 19.4422
137.736 390 19.7484
137.853 337 18.3576
137.97 315 17.7482
138.087 343 18.5203
138.204 326 18.0555
138.321 392 19.799
138.438 464 21.5407
138.555 452 21.2603
138.672 518 22.7596
138.788 496 22.2711
138.905 480 21.9089
139.022 499 22.3383
139.139 491 22.1585
139.255 489 22.1133
139.372 478 21.8632
139.488 494 22.2261
139.605 534 23.1084
139.721 538 23.1948
139.838 494 22.2261
139.954 511 22.6053
140.071 519 22.7816
140.187 498 22.3159
140.303 479 21.8861
140.419 464 21.5407
140.535 492 22.1811
140.652 491 22.1585
140.768 0 1
140.884 0 1
141 0 1
141.115 0 1
141.231 0 1
141.347 0 1
141.463 0 1
141.578 0 1
141.694 0 1
144.104 0 1
144.219 0 1
144.335 0 1
144.45 0 1
144.566 0 1
144.682 0 1
144.798 0 1
144.914 0 1
145.03 0 1
145.146 462 21.4942
145.262 525 22.9129
145.378 517 22.7376
145.494 413 20.3224
145.61 458 21.4009
145.726 450 21.2132
145.842 502 22.4054
145.959 450 21.2132
146.075 406 20.1494
146.192 400 20
146.308 423 20.567
146.425 358 18.9209
146.541 407 20.1742
146.658 371 19.2614
146.774 415 20.3715
146.891 469 21.6564
147.008 469 21.6564
147.125 447 21.1424
147.241 500 22.3607
147.358 455 21.3307
147.475 487 22.0681
147.592 457 21.3776
147.709 479 21.8861
147.826 452 21.2603
147.943 454 21.3073
148.06 451 21.2368
148.177 504 22.4499
148.294 494 22.2261
148.411 462 21.4942
148.528 459 21.4243
148.645 479 21.8861
148.762 442 21.0238
148.88 480 21.9089
148.997 410 20.2485
149.114 493 22.2036
149.231 473 21.7486
149.349 449 21.1896
149.466 452 21.2603
149.583 463 21.5174
149.701 408 20.199
149.818 414 20.347
149.935 377 19.4165
150.053 382 19.5448
150.17 380 19.4936
150.287 388 19.6977
150.405 408 20.199
150.522 388 19.6977
150.64 397 19.9249
150.757 460 21.4476
150.875 446 21.1187
150.992 452 21.2603
151.11 447 21.1424
151.227 455 21.3307
151.344 479 21.8861
151.462 468 21.6333
151.579 485 22.0227
151.697 472 21.7256
151.814 530 23.0217
151.932 461 21.4709
152.049 537 23.1733
152.167 451 21.2368
152.284 529 23
152.402 467 21.6102
152.519 491 22.1585
152.636 490 22.1359
152.754 502 22.4054
152.871 463 21.5174
152.989 471 21.7025
153.106 462 21.4942
153.223 493 22.2036
153.341 451 21.2368
153.458 399 19.975
153.575 424 20.5913
153.693 403 20.0749
153.81 414 20.347
153.927 435 20.8567
154.044 424 20.5913
154.162 455 21.3307
154.279 487 22.0681
154.396 477 21.8403
154.513 516 22.7156
154.63 464 21.5407
154.747 517 22.7376
154.864 489 22.1133
154.981 511 22.6053
155.098 493 22.2036
155.215 509 22.561
155.332 537 23.1733
155.449 538 23.1948
155.566 466 21.587
155.683 515 22.6936
155.8 479 21.8861
155.917 495 22.2486
156.033 532 23.0651
156.15 0 1
156.267 0 1
156.383 0 1
156.5 0 1
156.617 0 1
156.733 0 1
156.85 0 1
156.966 0 1
157.082 0 1
157.199 0 1
157.315 0 1
157.431 0 1
157.547 0 1
157.664 0 1
157.78 0 1
157.896 0 1
158.012 0 1
158.128 0 1
158.244 0 1
158.359 0 1
158.475 0 1
158.591 0 1
158.706 0 1
