
6.15755 0 1
6.2731 0 1
6.3887 0 1
6.50437 0 1
6.62009 0 1
6.73587 0 1
6.8517 0 1
6.96759 0 1
7.08353 0 1
7.19952 0 1
7.31557 0 1
7.43166 0 1
7.54781 0 1
7.664 0 1
7.78024 0 1
7.89653 0 1
8.01286 0 1
8.12924 0 1
8.24567 0 1
8.36213 0 1
8.47864 0 1
8.59519 0 1
8.71178 0 1
8.82841 0 1
8.94508 0 1
9.06179 0 1
9.17853 0 1
9.29531 0 1
9.41212 0 1
9.52897 0 1
9.64584 0 1
9.76276 0 1
9.8797 0 1
9.99667 0 1
10.1137 0 1
10.2307 0 1
10.3478 0 1
10.4648 0 1
10.5819 0 1
10.6991 0 1
10.8162 0 1
10.9334 0 1
11.0506 0 1
11.1678 0 1
11.285 0 1
11.4023 0 1
11.5196 0 1
11.6369 0 1
11.7542 0 1
11.8715 0 1
11.9888 0 1
12.1062 0 1
12.2235 0 1
12.3409 0 1
12.4582 0 1
12.5756 0 1
12.693 0 1
12.8104 0 1
12.9278 0 1
13.0452 0 1
13.1626 0 1
13.28 0 1
13.3974 0 1
13.5149 0 1
13.6323 0 1
13.7497 0 1
13.8671 0 1
13.9845 0 1
14.1019 0 1
14.2193 0 1
14.3367 0 1
14.4541 0 1
14.5714 0 1
14.6888 0 1
14.8062 0 1
14.9235 0 1
15.0408 0 0
15.1581 0 0
15.2755 0 0
15.3927 0 0
15.51 0 0
15.6273 0 0
15.7445 0 0
15.8617 0 0
15.9789 0 0
16.0961 0 0
16.2132 0 0
16.3304 0 0
16.4475 0 0
16.5646 0 0
16.6816 0 0
16.7986 0 0
16.9156 0 0
17.0326 0 0
17.1496 0 0
17.2665 0 0
17.3833 0 0
17.5002 0 0
17.617 0 0
17.7338 0 0
17.8505 0 0
17.9672 0 0
18.0839 0 0
18.2005 0 0
18.3171 0 0
18.4337 0 0
18.5502 0 0
18.6666 0 0
18.7831 0 0
18.8994 0 0
19.0158 0 0
19.1321 0 0
19.2483 0 0
19.3645 0 0
19.4806 0 0
19.5967 0 0
19.7128 0 0
19.8288 0 0
19.9447 0 0
20.0606 0 1
20.1764 0 1
20.2922 0 1
20.4079 0 1
20.5236 0 1
20.6392 0 1
20.7548 0 1
20.8702 0 1
23.3078 0 1
23.4233 0 1
23.539 0 1
23.6547 0 1
23.7704 0 1
23.8862 0 1
24.0021 0 1
24.118 0 1
24.234 0 1
24.35 0 1
24.4661 1225 35
24.5822 1322 36.3593
24.6984 1453 38.1182
24.8146 1618 40.2244
24.9309 1879 43.3474
25.0472 2138 46.2385
25.1636 2431 49.3052
25.28 2464 49.6387
25.3965 2541 50.4083
25.513 2582 50.8134
25.6296 2530 50.2991
25.7462 2486 49.8598
25.8628 2582 50.8134
25.9795 2507 50.07
26.0962 2604 51.0294
26.213 2657 51.5461
26.3298 2696 51.923
26.4466 2737 52.3163
26.5635 2524 50.2394
26.6804 2623 51.2152
26.7973 2506 50.06
26.9143 2535 50.3488
27.0313 2512 50.1199
27.1483 2462 49.6185
27.2653 2385 48.8365
27.3824 2338 48.3529
27.4996 2270 47.6445
27.6167 2057 45.3542
27.7339 2120 46.0435
27.8511 2243 47.3603
27.9683 2343 48.4045
28.0855 2340 48.3735
28.2028 2407 49.0612
28.3201 2334 48.3115
28.4374 2398 48.9694
28.5547 2388 48.8672
28.6721 2468 49.679
28.7894 2300 47.9583
28.9068 2310 48.0625
29.0242 2469 49.689
29.1416 2427 49.2646
29.259 2431 49.3052
29.3764 2466 49.6588
29.4939 2438 49.3761
29.6113 2441 49.4065
29.7288 2173 46.6154
29.8463 2219 47.1063
29.9638 2288 47.833
30.0812 2306 48.0208
30.1987 2380 48.7852
30.3162 2335 48.3218
30.4337 2374 48.7237
30.5512 2439 49.3862
30.6687 2412 49.1121
30.7862 2376 48.7442
30.9037 2220 47.1169
31.0212 2165 46.5296
31.1387 2198 46.8828
31.2562 2260 47.5395
31.3737 2268 47.6235
31.4912 2467 49.6689
31.6087 2445 49.4469
31.7262 2504 50.04
31.8436 2392 48.9081
31.9611 2469 49.689
32.0785 2394 48.9285
32.1959 2479 49.7896
32.3134 2314 48.1041
32.4308 2323 48.1975
32.5482 2258 47.5184
32.6655 2271 47.655
32.7829 2255 47.4868
32.9002 2121 46.0543
33.0176 2106 45.8912
33.1349 2109 45.9239
33.2522 2067 45.4643
33.3694 2115 45.9891
33.4867 2071 45.5082
33.6039 2108 45.913
33.7211 2122 46.0652
33.8383 2268 47.6235
33.9554 2311 48.0729
34.0725 2168 46.5618
34.1896 2298 47.9375
34.3067 2333 48.3011
34.4237 2330 48.2701
34.5407 2153 46.4004
34.6577 2262 47.5605
34.7746 2148 46.3465
34.8915 2159 46.465
35.0084 2256 47.4974
35.1252 2382 48.8057
35.242 2389 48.8774
35.3587 2402 49.0102
35.4755 2411 49.1019
35.5921 2278 47.7284
35.7088 2171 46.594
35.8254 2209 47
35.9419 2095 45.7712
36.0584 2104 45.8694
36.1749 2027 45.0222
36.2913 2058 45.3652
36.4077 1931 43.9431
36.524 1778 42.1663
36.6403 1681 41
36.7565 1422 37.7094
36.8727 1385 37.2156
36.9889 1434 37.8682
37.1049 1320 36.3318
37.221 0 1
37.3369 0 1
37.4529 0 1
37.5687 0 1
37.6845 0 1
37.8003 0 1
37.916 0 1
38.0316 0 1
38.1472 0 1
40.5851 0 1
40.7008 0 1
40.8164 0 1
40.9322 0 1
41.048 0 1
41.1639 0 1
41.2798 0 1
41.3958 0 1
41.5118 0 1
41.6279 0 1
41.744 1822 42.6849
41.8602 2382 48.8057
41.9765 2872 53.591
42.0928 3113 55.7943
42.2091 3221 56.7539
42.3255 3195 56.5243
42.4419 3148 56.107
42.5584 3180 56.3915
42.675 3306 57.4978
42.7915 3335 57.7495
42.9081 3410 58.3952
43.0248 3540 59.4979
43.1415 3391 58.2323
43.2582 3319 57.6108
43.375 3041 55.1453
43.4918 3022 54.9727
43.6087 3092 55.6058
43.7256 3164 56.2494
43.8425 3218 56.7274
43.9595 3260 57.0964
44.0765 3170 56.3028
44.1935 3126 55.9106
44.3106 2928 54.111
44.4277 3001 54.7814
44.5448 2795 52.8678
44.6619 2626 51.2445
44.7791 2586 50.8527
44.8963 2427 49.2646
45.0136 2190 46.7974
45.1308 2232 47.244
45.2481 2095 45.7712
45.3654 1976 44.4522
45.4827 1923 43.852
45.6001 1809 42.5323
45.7174 1837 42.8602
45.8348 1828 42.7551
45.9522 1831 42.7902
46.0697 1884 43.4051
46.1871 1961 44.2832
46.3046 1992 44.6318
46.422 2001 44.7325
46.5395 2018 44.9222
46.657 1989 44.5982
46.7745 2037 45.1331
46.892 1828 42.7551
47.0096 1785 42.2493
47.1271 1794 42.3556
47.2446 2016 44.8999
47.3622 1943 44.0795
47.4797 2062 45.4093
47.5973 1990 44.6094
47.7149 2011 44.8442
47.8324 2008 44.8107
47.95 2011 44.8442
48.0675 1946 44.1135
48.1851 1871 43.2551
48.3027 1899 43.5775
48.4202 1845 42.9535
48.5378 1742 41.7373
48.6554 1825 42.72
48.7729 1736 41.6653
48.8904 1769 42.0595
49.008 1755 41.8927
49.1255 1684 41.0366
49.243 1696 41.1825
49.3605 1802 42.45
49.478 1886 43.4281
49.5955 1806 42.4971
49.713 1889 43.4626
49.8304 1954 44.2041
49.9479 1914 43.7493
50.0653 2000 44.7214
50.1827 1967 44.3509
50.3001 1808 42.5206
50.4175 1614 40.1746
50.5348 1488 38.5746
50.6521 1631 40.3856
50.7694 1754 41.8808
50.8867 1912 43.7264
51.004 1913 43.7379
51.1212 1893 43.5086
51.2384 1966 44.3396
51.3556 1834 42.8252
51.4727 1907 43.6692
51.5899 1942 44.0681
51.707 2012 44.8553
51.824 1885 43.4166
51.9411 1918 43.795
52.0581 1861 43.1393
52.175 1808 42.5206
52.2919 1764 42
52.4088 1781 42.2019
52.5257 1760 41.9524
52.6425 1707 41.3159
52.7593 1738 41.6893
52.876 1781 42.2019
52.9927 1720 41.4729
53.1094 1797 42.391
53.226 1799 42.4146
53.3426 1853 43.0465
53.4591 1716 41.4246
53.5756 1583 39.7869
53.692 1425 37.7492
53.8084 1250 35.3553
53.9248 1116 33.4066
54.0411 1036 32.187
54.1573 940 30.6594
54.2735 0 1
54.3896 0 1
54.5057 0 1
54.6217 0 1
54.7377 0 1
54.8537 0 1
54.9695 0 1
55.0853 0 1
55.2011 0 1
55.3168 0 1
55.4324 0 1
57.824 0 1
57.9396 0 1
58.0553 0 1
58.1711 0 1
58.2869 0 1
58.4028 0 1
58.5187 0 1
58.6347 0 1
58.7508 0 1
58.8669 0 1
58.983 1516 38.9358
59.0992 1548 39.3446
59.2155 1599 39.9875
59.3318 1680 40.9878
59.4482 1889 43.4626
59.5646 2154 46.4112
59.681 2227 47.1911
59.7975 2289 47.8435
59.9141 2286 47.8121
60.0306 2374 48.7237
60.1473 2236 47.2864
60.2639 2201 46.9148
60.3807 2259 47.5289
60.4974 2257 47.5079
60.6142 2328 48.2494
60.731 2289 47.8435
60.8479 2442 49.4166
60.9648 2354 48.518
61.0818 2416 49.1528
61.1987 2343 48.4045
61.3158 2218 47.0956
61.4328 2113 45.9674
61.5499 2192 46.8188
61.667 2161 46.4866
61.7841 2182 46.7119
61.9013 2269 47.634
62.0185 2359 48.5695
62.1357 2331 48.2804
62.253 2229 47.2123
62.3702 2214 47.0532
62.4875 2113 45.9674
62.6049 2036 45.1221
62.7222 2057 45.3542
62.8396 2165 46.5296
62.9569 2217 47.085
63.0743 2403 49.0204
63.1918 2403 49.0204
63.3092 2386 48.8467
63.4267 2335 48.3218
63.5441 2365 48.6313
63.6616 2337 48.3425
63.7791 2366 48.6415
63.8966 2329 48.2597
64.0142 2336 48.3322
64.1317 2239 47.3181
64.2492 2337 48.3425
64.3668 2243 47.3603
64.4843 2257 47.5079
64.6019 2299 47.9479
64.7195 2184 46.7333
64.837 2215 47.0638
64.9546 2063 45.4203
65.0722 2156 46.4327
65.1898 2113 45.9674
65.3074 2189 46.7868
65.4249 2211 47.0213
65.5425 2183 46.7226
65.6601 2299 47.9479
65.7777 2234 47.2652
65.8952 2193 46.8295
66.0128 2114 45.9783
66.1304 1860 43.1277
66.2479 1868 43.2204
66.3655 1931 43.9431
66.483 2021 44.9555
66.6005 2307 48.0312
66.718 2331 48.2804
66.8355 2212 47.0319
66.953 2197 46.8722
67.0705 2372 48.7032
67.1879 2319 48.156
67.3054 2309 48.0521
67.4228 2277 47.7179
67.5402 2268 47.6235
67.6576 2255 47.4868
67.7749 2244 47.3709
67.8923 2307 48.0312
68.0096 2234 47.2652
68.1269 2295 47.9062
68.2442 2223 47.1487
68.3614 2208 46.9894
68.4787 2152 46.3897
68.5958 2082 45.6289
68.713 2156 46.4327
68.8302 2005 44.7772
68.9473 2137 46.2277
69.0643 2159 46.465
69.1814 2137 46.2277
69.2984 2124 46.0869
69.4154 2212 47.0319
69.5323 2096 45.7821
69.6492 2024 44.9889
69.7661 1843 42.9302
69.8829 1614 40.1746
69.9997 1825 42.72
70.1165 1940 44.0454
70.2332 1923 43.852
70.3499 1817 42.6263
70.4665 1674 40.9145
70.5831 1613 40.1622
70.6996 1556 39.4462
70.8161 1463 38.2492
70.9326 1432 37.8418
71.049 1386 37.229
71.1653 1252 35.3836
71.2817 1259 35.4824
71.3979 1225 35
71.5141 1112 33.3467
71.6303 1151 33.9264
71.7464 1043 32.2955
71.8624 0 1
71.9784 0 1
72.0944 0 1
72.2102 0 1
72.3261 0 1
72.4418 0 1
72.5575 0 1
72.6732 0 1
75.1054 0 1
75.2209 0 1
75.3365 0 1
75.4521 0 1
75.5678 0 1
75.6835 0 1
75.7993 0 1
75.9151 0 1
76.031 0 1
76.147 1773 42.107
76.263 1952 44.1814
76.3791 1989 44.5982
76.4952 2015 44.8888
76.6113 2004 44.7661
76.7276 2032 45.0777
76.8438 2109 45.9239
76.9601 2104 45.8694
77.0765 2066 45.4533
77.1929 2144 46.3033
77.3093 2091 45.7275
77.4258 2157 46.4435
77.5423 2097 45.793
77.6589 2083 45.6399
77.7755 1985 44.5533
77.8921 1976 44.4522
78.0088 2082 45.6289
78.1256 2100 45.8258
78.2423 1997 44.6878
78.3591 2057 45.3542
78.4759 2172 46.6047
78.5928 2015 44.8888
78.7097 1811 42.5558
78.8266 1541 39.2556
78.9436 1370 37.0135
79.0606 1556 39.4462
79.1776 1712 41.3763
79.2946 2105 45.8803
79.4117 2115 45.9891
79.5288 2103 45.8585
79.6459 2258 47.5184
79.7631 2178 46.669
79.8802 2202 46.9255
79.9974 2192 46.8188
80.1147 2118 46.0217
80.2319 2212 47.0319
80.3491 2106 45.8912
80.4664 2147 46.3357
80.5837 2267 47.613
80.701 2233 47.2546
80.8183 2215 47.0638
80.9357 2314 48.1041
81.053 2287 47.8226
81.1704 2296 47.9166
81.2877 2175 46.6369
81.4051 2189 46.7868
81.5225 2179 46.6798
81.6399 2232 47.244
81.7573 2200 46.9042
81.8747 2343 48.4045
81.9922 2376 48.7442
82.1096 2474 49.7393
82.227 2517 50.1697
82.3444 2316 48.1248
82.4619 2216 47.0744
82.5793 2026 45.0111
82.6967 2086 45.6727
82.8142 2615 51.1371
82.9316 3017 54.9272
83.049 3292 57.376
83.1664 3424 58.515
83.2838 3663 60.5227
83.4012 3772 61.4166
83.5186 3880 62.2896
83.636 3827 61.8628
83.7534 3900 62.45
83.8708 4008 63.3088
83.9881 3899 62.442
84.1055 4265 65.307
84.2228 4158 64.4826
84.3401 4127 64.2417
84.4575 4169 64.5678
84.5747 4256 65.238
84.692 4098 64.0156
84.8093 4013 63.3482
84.9265 4120 64.1872
85.0437 3930 62.6897
85.1609 4069 63.7887
85.2781 4042 63.5767
85.3952 4025 63.4429
85.5123 4122 64.2028
85.6294 3938 62.7535
85.7465 3869 62.2013
85.8636 3575 59.7913
85.9806 3170 56.3028
86.0976 2588 50.8724
86.2145 2633 51.3128
86.3315 3021 54.9636
86.4484 3734 61.1065
86.5652 3912 62.546
86.682 3950 62.849
86.7988 3960 62.9285
86.9156 3958 62.9126
87.0323 3981 63.0952
87.149 3962 62.9444
87.2657 3998 63.2297
87.3823 3919 62.6019
87.4988 3731 61.0819
87.6154 3441 58.66
87.7318 3149 56.116
87.8483 2933 54.1572
87.9647 2903 53.8795
88.081 2788 52.8015
88.1973 2757 52.5071
88.3136 2668 51.6527
88.4298 2478 49.7795
88.546 2410 49.0918
88.6621 2318 48.1456
88.7781 2235 47.2758
88.8942 0 1
89.0101 0 1
89.126 0 1
89.2419 0 1
89.3577 0 1
89.4734 0 1
89.5891 0 1
89.7047 0 1
89.8203 0 1
89.9358 0 1
92.3269 0 1
92.4424 0 1
92.558 0 1
92.6736 0 1
92.7893 0 1
92.905 0 1
93.0208 0 1
93.1366 0 1
93.2525 0 1
93.3685 0 1
93.4845 0 1
93.6005 4175 64.6142
93.7167 4220 64.9615
93.8328 4230 65.0385
93.949 4172 64.591
94.0653 3999 63.2376
94.1816 4267 65.3223
94.2979 4153 64.4438
94.4143 4137 64.3195
94.5307 4001 63.2535
94.6472 4072 63.8122
94.7637 3838 61.9516
94.8803 3632 60.2661
94.9969 3199 56.5597
95.1135 2782 52.7447
95.2302 3067 55.3805
95.3469 3442 58.6686
95.4637 3968 62.9921
95.5805 4185 64.6916
95.6973 4084 63.9062
95.8142 4254 65.2227
95.9311 4287 65.4752
96.048 4078 63.8592
96.1649 4358 66.0151
96.2819 4317 65.7039
96.3989 4231 65.0461
96.516 4401 66.34
96.633 4258 65.2534
96.7501 4268 65.3299
96.8673 4372 66.1211
96.9844 4432 66.5733
97.1016 4349 65.9469
97.2188 4305 65.6125
97.336 4407 66.3852
97.4532 4179 64.6452
97.5704 4190 64.7302
97.6877 4110 64.1093
97.805 4071 63.8044
97.9223 4122 64.2028
98.0396 3983 63.111
98.1569 3880 62.2896
98.2743 3642 60.349
98.3916 3413 58.4209
98.509 2916 54
98.6264 2607 51.0588
98.7438 2601 51
98.8612 2831 53.2071
98.9786 3221 56.7539
99.096 3209 56.648
99.2134 3127 55.9196
99.3308 3144 56.0714
99.4482 3006 54.827
99.5656 2874 53.6097
99.6831 2809 53
99.8005 2769 52.6213
99.9179 2833 53.2259
100.035 2753 52.469
100.153 2831 53.2071
100.27 2808 52.9906
100.388 2816 53.066
100.505 2963 54.4334
100.622 2937 54.1941
100.74 2930 54.1295
100.857 2859 53.4696
100.975 2754 52.4786
101.092 2854 53.4228
101.209 2936 54.1849
101.327 2812 53.0283
101.444 2809 53
101.561 2831 53.2071
101.679 2968 54.4794
101.796 2840 53.2917
101.913 2718 52.1344
102.03 2471 49.7092
102.148 2160 46.4758
102.265 2034 45.0999
102.382 2322 48.1871
102.499 2475 49.7494
102.616 2612 51.1077
102.733 2647 51.449
102.851 2688 51.8459
102.968 2649 51.4684
103.085 2638 51.3615
103.202 2625 51.2348
103.319 2585 50.8429
103.436 2571 50.705
103.552 2646 51.4393
103.669 2537 50.3686
103.786 2598 50.9706
103.903 2553 50.5272
104.02 2612 51.1077
104.137 2690 51.8652
104.253 2716 52.1153
104.37 2495 49.95
104.487 2562 50.6162
104.603 2499 49.99
104.72 2399 48.9796
104.836 2225 47.1699
104.953 1986 44.5646
105.069 1815 42.6028
105.186 1688 41.0853
105.302 1569 39.6106
105.418 1439 37.9342
105.535 1286 35.8608
105.651 1169 34.1906
105.767 955 30.9031
105.883 890 29.8329
105.999 794 28.178
106.115 0 1
106.231 0 1
106.347 0 1
106.463 0 1
106.579 0 1
106.694 0 1
106.81 0 1
106.926 0 1
107.041 0 1
107.157 0 1
109.576 0 1
109.692 0 1
109.807 0 1
109.923 0 1
110.039 0 1
110.155 0 1
110.27 0 1
110.386 0 1
110.502 0 1
110.618 2560 50.5964
110.735 2540 50.3984
110.851 2616 51.1468
110.967 2222 47.1381
111.083 2312 48.0833
111.199 2388 48.8672
111.316 2651 51.4879
111.432 2870 53.5724
111.549 2881 53.6749
111.665 2931 54.1387
111.782 2849 53.376
111.898 2884 53.7029
112.015 2745 52.3927
112.132 2729 52.2398
112.248 2872 53.591
112.365 2858 53.4603
112.482 2669 51.6624
112.599 2880 53.6656
112.716 3017 54.9272
112.832 3095 55.6327
112.949 3075 55.4527
113.066 3266 57.1489
113.183 3084 55.5338
113.3 3179 56.3826
113.417 3162 56.2317
113.534 3042 55.1543
113.652 3068 55.3895
113.769 3080 55.4977
113.886 3171 56.3116
114.003 3049 55.2178
114.12 3175 56.3471
114.238 2992 54.6992
114.355 2773 52.6593
114.472 2476 49.7594
114.589 2302 47.9792
114.707 2498 49.98
114.824 2743 52.3737
114.942 2864 53.5164
115.059 2941 54.231
115.176 3030 55.0454
115.294 2938 54.2033
115.411 2930 54.1295
115.529 2930 54.1295
115.646 2875 53.619
115.764 2773 52.6593
115.881 2918 54.0185
115.999 2941 54.231
116.116 2889 53.7494
116.234 2961 54.4151
116.351 3102 55.6956
116.469 3100 55.6776
116.586 3142 56.0535
116.704 3172 56.3205
116.821 3269 57.1752
116.939 3206 56.6216
117.056 3161 56.2228
117.174 3195 56.5243
117.291 3222 56.7627
117.409 3244 56.9561
117.526 3115 55.8122
117.644 3077 55.4707
117.761 3081 55.5068
117.879 3020 54.9545
117.996 2817 53.0754
118.114 2591 50.9019
118.231 2528 50.2792
118.349 2520 50.1996
118.466 2774 52.6688
118.584 2895 53.8052
118.701 2883 53.6936
118.819 2999 54.7631
118.936 2876 53.6284
119.053 2959 54.3967
119.171 2793 52.8488
119.288 2893 53.7866
119.405 2857 53.4509
119.523 2850 53.3854
119.64 2783 52.7541
119.757 2857 53.4509
119.875 2888 53.7401
119.992 2934 54.1664
120.109 3076 55.4617
120.226 2882 53.6843
120.343 3082 55.5158
120.46 2993 54.7083
120.578 3072 55.4256
120.695 2956 54.3691
120.812 2925 54.0833
120.929 2912 53.963
121.046 2862 53.4977
121.163 2885 53.7122
121.279 2871 53.5817
121.396 2833 53.2259
121.513 2714 52.0961
121.63 2466 49.6588
121.747 2363 48.6107
121.863 2101 45.8367
121.98 2022 44.9667
122.097 1983 44.5309
122.213 2041 45.1774
122.33 2016 44.8999
122.446 2047 45.2438
122.563 1965 44.3283
122.679 1925 43.8748
122.795 1907 43.6692
122.912 1827 42.7434
123.028 1676 40.939
123.144 1716 41.4246
123.26 1614 40.1746
123.377 0 1
123.493 0 1
123.609 0 1
123.725 0 1
123.84 0 1
123.956 0 1
124.072 0 1
124.188 0 1
124.303 0 1
124.419 0 1
126.852 0 1
126.968 0 1
127.083 0 1
127.199 0 1
127.315 0 1
127.431 0 1
127.547 0 1
127.663 0 1
127.779 0 1
127.895 0 1
128.011 0 1
128.127 0 1
128.243 0 1
128.359 3294 57.3934
128.476 3404 58.3438
128.592 3378 58.1206
128.708 3264 57.1314
128.825 3431 58.5747
128.941 3393 58.2495
129.058 3496 59.127
129.174 3516 59.2959
129.291 3598 59.9833
129.408 3567 59.7244
129.524 3641 60.3407
129.641 3779 61.4736
129.758 3863 62.153
129.875 4051 63.6475
129.992 4064 63.7495
130.108 4020 63.4035
130.225 4018 63.3877
130.342 4018 63.3877
130.459 3740 61.1555
130.576 3846 62.0161
130.693 3562 59.6825
130.81 3511 59.2537
130.928 3548 59.5651
131.045 3661 60.5062
131.162 3740 61.1555
131.279 3740 61.1555
131.396 3790 61.563
131.513 3840 61.9677
131.631 3824 61.8385
131.748 3779 61.4736
131.865 3785 61.5224
131.983 3766 61.3677
132.1 3717 60.9672
132.217 3659 60.4897
132.335 3714 60.9426
132.452 3673 60.6053
132.57 3698 60.8112
132.687 3477 58.9661
132.804 3890 62.3699
132.922 3674 60.6135
133.039 3765 61.3596
133.157 3908 62.514
133.274 3974 63.0397
133.392 3919 62.6019
133.509 4018 63.3877
133.627 4119 64.1794
133.744 4218 64.9461
133.862 4212 64.8999
133.979 4174 64.6065
134.097 4124 64.2184
134.214 4222 64.9769
134.332 3892 62.3859
134.449 3808 61.709
134.567 3911 62.538
134.684 4030 63.4823
134.802 4110 64.1093
134.919 4108 64.0937
135.037 4154 64.4515
135.154 4311 65.6582
135.272 4154 64.4515
135.389 4080 63.8749
135.507 4026 63.4508
135.624 3955 62.8888
135.742 3912 62.546
135.859 3827 61.8628
135.977 3824 61.8385
136.094 3794 61.5955
136.211 3931 62.6977
136.329 3818 61.79
136.446 3793 61.5873
136.564 3903 62.474
136.681 3919 62.6019
136.798 4034 63.5138
136.915 4025 63.4429
137.033 4035 63.5216
137.15 4037 63.5374
137.267 3933 62.7136
137.384 4081 63.8827
137.502 3946 62.8172
137.619 4026 63.4508
137.736 3803 61.6685
137.853 3891 62.3779
137.97 3819 61.7981
138.087 3682 60.6795
138.204 3838 61.9516
138.321 3896 62.4179
138.438 3983 63.111
138.555 3963 62.9524
138.672 3827 61.8628
138.788 3821 61.8142
138.905 3867 62.1852
139.022 3752 61.2536
139.139 3542 59.5147
139.255 3438 58.6345
139.372 3309 57.5239
139.488 3170 56.3028
139.605 3116 55.8211
139.721 2802 52.9339
139.838 2875 53.619
139.954 2855 53.4322
140.071 2770 52.6308
140.187 2733 52.2781
140.303 2693 51.8941
140.419 2812 53.0283
140.535 2783 52.7541
140.652 2874 53.6097
140.768 0 1
140.884 0 1
141 0 1
141.115 0 1
141.231 0 1
141.347 0 1
141.463 0 1
141.578 0 1
141.694 0 1
144.104 0 1
144.219 0 1
144.335 0 1
144.45 0 1
144.566 0 1
144.682 0 1
144.798 0 1
144.914 0 1
145.03 0 1
145.146 8182 90.4544
145.262 8523 92.3201
145.378 8387 91.5806
145.494 8464 92
145.61 8722 93.3916
145.726 8558 92.5095
145.842 8797 93.7923
145.959 8820 93.9149
146.075 8475 92.0598
146.192 8565 92.5473
146.308 8506 92.228
146.425 8237 90.7579
146.541 7630 87.3499
146.658 6699 81.8474
146.774 5706 75.5381
146.891 5527 74.3438
147.008 6237 78.9747
147.125 7383 85.9244
147.241 8075 89.861
147.358 8340 91.3236
147.475 8417 91.7442
147.592 8520 92.3038
147.709 8403 91.6679
147.826 8601 92.7416
147.943 8417 91.7442
148.06 8668 93.1021
148.177 8627 92.8816
148.294 8534 92.3797
148.411 8630 92.8978
148.528 8673 93.1289
148.645 8566 92.5527
148.762 8617 92.8278
148.88 8651 93.0108
148.997 8244 90.7965
149.114 9044 95.0999
149.231 8437 91.8531
149.349 8925 94.4722
149.466 8794 93.7763
149.583 8804 93.8296
149.701 8689 93.2148
149.818 9027 95.0105
149.935 9011 94.9263
150.053 8773 93.6643
150.17 8505 92.2226
150.287 7697 87.7325
150.405 6591 81.185
150.522 5720 75.6307
150.64 6225 78.8987
150.757 7353 85.7496
150.875 8090 89.9444
150.992 8709 93.322
151.11 8484 92.1086
151.227 8622 92.8547
151.344 8436 91.8477
151.462 8557 92.5041
151.579 8518 92.293
151.697 8664 93.0806
151.814 8631 92.9032
151.932 8542 92.4229
152.049 8606 92.7685
152.167 8661 93.0645
152.284 8652 93.0161
152.402 8999 94.8631
152.519 8958 94.6467
152.636 8955 94.6309
152.754 8961 94.6626
152.871 8807 93.8456
152.989 8962 94.6678
153.106 9061 95.1893
153.223 8968 94.6995
153.341 9012 94.9316
153.458 9104 95.4149
153.575 9128 95.5406
153.693 9086 95.3205
153.81 8626 92.8763
153.927 7822 88.4421
154.044 6780 82.3408
154.162 6172 78.5621
154.279 6491 80.5667
154.396 7726 87.8977
154.513 8561 92.5257
154.63 8873 94.1966
154.747 8773 93.6643
154.864 8666 93.0914
154.981 8698 93.2631
155.098 8576 92.6067
155.215 8446 91.9021
155.332 8170 90.3881
155.449 8268 90.9285
155.566 7832 88.4986
155.683 7850 88.6002
155.8 7860 88.6566
155.917 7475 86.4581
156.033 7420 86.1394
156.15 0 1
156.267 0 1
156.383 0 1
156.5 0 1
156.617 0 1
156.733 0 1
156.85 0 1
156.966 0 1
157.082 0 1
157.199 0 1
157.315 0 1
157.431 0 1
157.547 0 1
157.664 0 1
157.78 0 1
157.896 0 1
158.012 0 1
158.128 0 1
158.244 0 1
158.359 0 1
158.475 0 1
158.591 0 1
158.706 0 1
