
6.15755 0 1
6.2731 0 1
6.3887 0 1
6.50437 0 1
6.62009 0 1
6.73587 0 1
6.8517 0 1
6.96759 0 1
7.08353 0 1
7.19952 0 1
7.31557 0 1
7.43166 0 1
7.54781 0 1
7.664 0 1
7.78024 0 1
7.89653 0 1
8.01286 0 1
8.12924 0 1
8.24567 0 1
8.36213 0 1
8.47864 0 1
8.59519 0 1
8.71178 0 1
8.82841 0 1
8.94508 0 1
9.06179 0 1
9.17853 0 1
9.29531 0 1
9.41212 0 1
9.52897 0 1
9.64584 0 1
9.76276 0 1
9.8797 0 1
9.99667 0 1
10.1137 0 1
10.2307 0 1
10.3478 0 1
10.4648 0 1
10.5819 0 1
10.6991 0 1
10.8162 0 1
10.9334 0 1
11.0506 0 1
11.1678 0 1
11.285 0 1
11.4023 0 1
11.5196 0 1
11.6369 0 1
11.7542 0 1
11.8715 0 1
11.9888 0 1
12.1062 0 1
12.2235 0 1
12.3409 0 1
12.4582 0 1
12.5756 0 1
12.693 0 1
12.8104 0 1
12.9278 0 1
13.0452 0 1
13.1626 0 1
13.28 0 1
13.3974 0 1
13.5149 0 1
13.6323 0 1
13.7497 0 1
13.8671 0 1
13.9845 0 1
14.1019 0 1
14.2193 0 1
14.3367 0 1
14.4541 0 1
14.5714 0 1
14.6888 0 1
14.8062 0 1
14.9235 0 1
15.0408 0 0
15.1581 0 0
15.2755 0 0
15.3927 0 0
15.51 0 0
15.6273 0 0
15.7445 0 0
15.8617 0 0
15.9789 0 0
16.0961 0 0
16.2132 0 0
16.3304 0 0
16.4475 0 0
16.5646 0 0
16.6816 0 0
16.7986 0 0
16.9156 0 0
17.0326 0 0
17.1496 0 0
17.2665 0 0
17.3833 0 0
17.5002 0 0
17.617 0 0
17.7338 0 0
17.8505 0 0
17.9672 0 0
18.0839 0 0
18.2005 0 0
18.3171 0 0
18.4337 0 0
18.5502 0 0
18.6666 0 0
18.7831 0 0
18.8994 0 0
19.0158 0 0
19.1321 0 0
19.2483 0 0
19.3645 0 0
19.4806 0 0
19.5967 0 0
19.7128 0 0
19.8288 0 0
19.9447 0 0
20.0606 0 1
20.1764 0 1
20.2922 0 1
20.4079 0 1
20.5236 0 1
20.6392 0 1
20.7548 0 1
20.8702 0 1
23.3078 0 1
23.4233 0 1
23.539 0 1
23.6547 0 1
23.7704 0 1
23.8862 0 1
24.0021 0 1
24.118 0 1
24.234 0 1
24.35 0 1
24.4661 17131 130.885
24.5822 17196 131.134
24.6984 17090 130.729
24.8146 16952 130.2
24.9309 17103 130.778
25.0472 17114 130.82
25.1636 17122 130.851
25.28 17525 132.382
25.3965 17892 133.761
25.513 18162 134.766
25.6296 18810 137.15
25.7462 19291 138.892
25.8628 19571 139.896
25.9795 19672 140.257
26.0962 19759 140.567
26.213 20045 141.58
26.3298 19853 140.901
26.4466 19704 140.371
26.5635 19667 140.239
26.6804 19228 138.665
26.7973 18621 136.459
26.9143 18728 136.85
27.0313 18903 137.488
27.1483 19244 138.723
27.2653 19343 139.079
27.3824 19978 141.344
27.4996 19696 140.342
27.6167 19122 138.282
27.7339 19068 138.087
27.8511 18492 135.985
27.9683 17878 133.709
28.0855 17526 132.386
28.2028 17448 132.091
28.3201 17095 130.748
28.4374 16977 130.296
28.5547 16740 129.383
28.6721 16756 129.445
28.7894 16965 130.25
28.9068 17273 131.427
29.0242 17750 133.229
29.1416 17921 133.869
29.259 18399 135.643
29.3764 18566 136.257
29.4939 18639 136.525
29.6113 18831 137.226
29.7288 19067 138.083
29.8463 19022 137.92
29.9638 19032 137.957
30.0812 19044 138
30.1987 18531 136.129
30.3162 18223 134.993
30.4337 17855 133.623
30.5512 18179 134.83
30.6687 18651 136.569
30.7862 18313 135.326
30.9037 19206 138.586
31.0212 19073 138.105
31.1387 19296 138.91
31.2562 18575 136.29
31.3737 18444 135.809
31.4912 18245 135.074
31.6087 17899 133.787
31.7262 17544 132.454
31.8436 17152 130.966
31.9611 17206 131.172
32.0785 16786 129.561
32.1959 16896 129.985
32.3134 17008 130.415
32.4308 17406 131.932
32.5482 17700 133.041
32.6655 17790 133.379
32.7829 18082 134.469
32.9002 18156 134.744
33.0176 18472 135.912
33.1349 18579 136.305
33.2522 18559 136.231
33.3694 19073 138.105
33.4867 18862 137.339
33.6039 18965 137.713
33.7211 18902 137.485
33.8383 18676 136.66
33.9554 18093 134.51
34.0725 17680 132.966
34.1896 18120 134.611
34.3067 18283 135.215
34.4237 18738 136.887
34.5407 18677 136.664
34.6577 18822 137.193
34.7746 19165 138.438
34.8915 18949 137.655
35.0084 18456 135.853
35.1252 17836 133.551
35.242 17701 133.045
35.3587 17413 131.958
35.4755 17311 131.571
35.5921 17103 130.778
35.7088 16965 130.25
35.8254 16704 129.244
35.9419 16543 128.62
36.0584 16693 129.201
36.1749 16913 130.05
36.2913 17138 130.912
36.4077 17504 132.303
36.524 17835 133.548
36.6403 18161 134.763
36.7565 18329 135.385
36.8727 18297 135.266
36.9889 18721 136.825
37.1049 18744 136.909
37.221 0 1
37.3369 0 1
37.4529 0 1
37.5687 0 1
37.6845 0 1
37.8003 0 1
37.916 0 1
38.0316 0 1
38.1472 0 1
40.5851 0 1
40.7008 0 1
40.8164 0 1
40.9322 0 1
41.048 0 1
41.1639 0 1
41.2798 0 1
41.3958 0 1
41.5118 0 1
41.6279 0 1
41.744 14701 121.248
41.8602 15403 124.109
41.9765 16183 127.212
42.0928 16236 127.421
42.2091 16471 128.339
42.3255 16430 128.18
42.4419 16630 128.957
42.5584 16366 127.93
42.675 15822 125.786
42.7915 15057 122.707
42.9081 15097 122.87
43.0248 15657 125.128
43.1415 15969 126.369
43.2582 15896 126.079
43.375 16281 127.597
43.4918 16233 127.409
43.6087 16231 127.401
43.7256 15895 126.075
43.8425 15719 125.375
43.9595 15363 123.948
44.0765 14898 122.057
44.1935 14562 120.673
44.3106 14250 119.373
44.4277 13818 117.55
44.5448 13769 117.341
44.6619 13352 115.551
44.7791 13525 116.297
44.8963 13292 115.291
45.0136 13259 115.148
45.1308 13431 115.892
45.2481 13509 116.228
45.3654 13857 117.716
45.4827 13844 117.661
45.6001 13802 117.482
45.7174 14041 118.495
45.8348 14069 118.613
45.9522 13978 118.229
46.0697 13591 116.58
46.1871 13154 114.691
46.3046 12780 113.049
46.422 12366 111.203
46.5395 12278 110.806
46.657 12394 111.328
46.7745 12778 113.04
46.892 12962 113.851
47.0096 13128 114.577
47.1271 13114 114.516
47.2446 12811 113.186
47.3622 12512 111.857
47.4797 12311 110.955
47.5973 12097 109.986
47.7149 11804 108.646
47.8324 11499 107.233
47.95 11009 104.924
48.0675 10889 104.35
48.1851 10489 102.416
48.3027 10476 102.352
48.4202 10459 102.269
48.5378 10484 102.391
48.6554 10616 103.034
48.7729 10798 103.913
48.8904 10937 104.58
49.008 11215 105.901
49.1255 11496 107.219
49.243 11537 107.41
49.3605 11413 106.832
49.478 11389 106.719
49.5955 11223 105.939
49.713 10995 104.857
49.8304 10442 102.186
49.9479 10366 101.814
50.0653 10780 103.827
50.1827 11193 105.797
50.3001 11619 107.791
50.4175 12069 109.859
50.5348 12461 111.629
50.6521 12842 113.323
50.7694 13117 114.529
50.8867 13089 114.407
51.004 13154 114.691
51.1212 13347 115.529
51.2384 13233 115.035
51.3556 13175 114.782
51.4727 13085 114.39
51.5899 12988 113.965
51.707 12965 113.864
51.824 12934 113.728
51.9411 12997 114.004
52.0581 13582 116.542
52.175 14381 119.921
52.2919 14327 119.695
52.4088 14993 122.446
52.5257 15352 123.903
52.6425 15428 124.21
52.7593 15804 125.714
52.876 15991 126.456
52.9927 16253 127.487
53.1094 16454 128.273
53.226 15896 126.079
53.3426 15401 124.101
53.4591 15458 124.33
53.5756 15378 124.008
53.692 15556 124.724
53.8084 16228 127.389
53.9248 16896 129.985
54.0411 17559 132.51
54.1573 18004 134.179
54.2735 0 1
54.3896 0 1
54.5057 0 1
54.6217 0 1
54.7377 0 1
54.8537 0 1
54.9695 0 1
55.0853 0 1
55.2011 0 1
55.3168 0 1
55.4324 0 1
57.824 0 1
57.9396 0 1
58.0553 0 1
58.1711 0 1
58.2869 0 1
58.4028 0 1
58.5187 0 1
58.6347 0 1
58.7508 0 1
58.8669 0 1
58.983 18684 136.689
59.0992 19764 140.584
59.2155 20322 142.555
59.3318 21097 145.248
59.4482 21666 147.194
59.5646 21582 146.908
59.681 21136 145.382
59.7975 21301 145.949
59.9141 20680 143.805
60.0306 19948 141.237
60.1473 19113 138.25
60.2639 18553 136.209
60.3807 17973 134.063
60.4974 17602 132.673
60.6142 17640 132.816
60.731 17547 132.465
60.8479 17864 133.656
60.9648 18147 134.711
61.0818 18667 136.627
61.1987 18880 137.405
61.3158 19240 138.708
61.4328 19412 139.327
61.5499 19349 139.101
61.667 18974 137.746
61.7841 18356 135.484
61.9013 17747 133.218
62.0185 17110 130.805
62.1357 17103 130.778
62.253 17120 130.843
62.3702 17888 133.746
62.4875 18456 135.853
62.6049 18925 137.568
62.7222 19661 140.218
62.8396 19640 140.143
62.9569 19873 140.972
63.0743 19856 140.911
63.1918 19511 139.682
63.3092 19210 138.6
63.4267 18655 136.583
63.5441 18137 134.674
63.6616 17440 132.061
63.7791 16659 129.07
63.8966 16363 127.918
64.0142 15753 125.511
64.1317 15743 125.471
64.2492 15639 125.056
64.3668 16032 126.618
64.4843 16294 127.648
64.6019 16927 130.104
64.7195 17277 131.442
64.837 17506 132.31
64.9546 17632 132.786
65.0722 17483 132.223
65.1898 17277 131.442
65.3074 16968 130.261
65.4249 16239 127.432
65.5425 15531 124.623
65.6601 15381 124.02
65.7777 15810 125.738
65.8952 16059 126.724
66.0128 16762 129.468
66.1304 17237 131.29
66.2479 17809 133.45
66.3655 18524 136.103
66.483 18753 136.942
66.6005 18756 136.953
66.718 18580 136.308
66.8355 18442 135.801
66.953 18048 134.343
67.0705 17648 132.846
67.1879 17000 130.384
67.3054 16115 126.945
67.4228 15931 126.218
67.5402 15432 124.226
67.6576 14868 121.934
67.7749 15008 122.507
67.8923 14985 122.413
68.0096 15283 123.624
68.1269 15793 125.67
68.2442 16714 129.283
68.3614 17376 131.818
68.4787 17451 132.102
68.5958 17604 132.68
68.713 17880 133.716
68.8302 17715 133.098
68.9473 17336 131.666
69.0643 16634 128.973
69.1814 16184 127.216
69.2984 15862 125.944
69.4154 16248 127.468
69.5323 16738 129.375
69.6492 17696 133.026
69.7661 18431 135.761
69.8829 19398 139.277
69.9997 19633 140.118
70.1165 20408 142.857
70.2332 20530 143.283
70.3499 20523 143.259
70.4665 20272 142.38
70.5831 19888 141.025
70.6996 18968 137.724
70.8161 18244 135.07
70.9326 17816 133.477
71.049 16867 129.873
71.1653 16159 127.118
71.2817 15544 124.676
71.3979 15361 123.94
71.5141 15114 122.939
71.6303 15315 123.754
71.7464 14638 120.988
71.8624 0 1
71.9784 0 1
72.0944 0 1
72.2102 0 1
72.3261 0 1
72.4418 0 1
72.5575 0 1
72.6732 0 1
75.1054 0 1
75.2209 0 1
75.3365 0 1
75.4521 0 1
75.5678 0 1
75.6835 0 1
75.7993 0 1
75.9151 0 1
76.031 0 1
76.147 17184 131.088
76.263 17991 134.131
76.3791 17386 131.856
76.4952 16699 129.225
76.6113 15812 125.746
76.7276 15836 125.841
76.8438 15831 125.821
76.9601 16136 127.028
77.0765 16932 130.123
77.1929 17470 132.174
77.3093 18576 136.294
77.4258 19149 138.38
77.5423 18908 137.506
77.6589 19273 138.827
77.7755 19014 137.891
77.8921 18552 136.206
78.0088 17585 132.608
78.1256 16716 129.29
78.2423 15888 126.048
78.3591 15591 124.864
78.4759 15954 126.309
78.5928 16594 128.818
78.7097 17598 132.657
78.8266 18308 135.307
78.9436 19170 138.456
79.0606 19541 139.789
79.1776 19662 140.221
79.2946 19875 140.979
79.4117 19884 141.011
79.5288 19454 139.478
79.6459 19264 138.795
79.7631 18111 134.577
79.8802 17349 131.716
79.9974 16623 128.93
80.1147 15627 125.008
80.2319 15119 122.959
80.3491 14419 120.079
80.4664 14543 120.594
80.5837 14837 121.807
80.701 15222 123.377
80.8183 15738 125.451
80.9357 16440 128.219
81.053 16837 129.757
81.1704 16971 130.273
81.2877 16976 130.292
81.4051 16734 129.36
81.5225 16653 129.047
81.6399 15407 124.125
81.7573 14988 122.425
81.8747 14098 118.735
81.9922 13868 117.762
82.1096 14337 119.737
82.227 14970 122.352
82.3444 15425 124.197
82.4619 16369 127.941
82.5793 16969 130.265
82.6967 17234 131.278
82.8142 17259 131.374
82.9316 17472 132.182
83.049 17688 132.996
83.1664 17299 131.526
83.2838 16484 128.39
83.4012 15671 125.184
83.5186 14701 121.248
83.636 14134 118.887
83.7534 13480 116.103
83.8708 13060 114.28
83.9881 12880 113.49
84.1055 13060 114.28
84.2228 13135 114.608
84.3401 13702 117.056
84.4575 14351 119.796
84.5747 14892 122.033
84.692 15365 123.956
84.8093 15782 125.626
84.9265 15876 126
85.0437 15497 124.487
85.1609 15135 123.024
85.2781 14401 120.004
85.3952 13851 117.69
85.5123 13348 115.534
85.6294 13516 116.258
85.7465 14387 119.946
85.8636 15311 123.738
85.9806 16301 127.675
86.0976 16990 130.346
86.2145 17714 133.094
86.3315 18319 135.348
86.4484 19115 138.257
86.5652 19598 139.993
86.682 19497 139.632
86.7988 19167 138.445
86.9156 18420 135.72
87.0323 17587 132.616
87.149 17124 130.859
87.2657 16539 128.604
87.3823 15898 126.087
87.4988 15458 124.33
87.6154 15344 123.871
87.7318 15804 125.714
87.8483 16621 128.922
87.9647 17246 131.324
88.081 18246 135.078
88.1973 18788 137.069
88.3136 19044 138
88.4298 19233 138.683
88.546 19182 138.499
88.6621 18353 135.473
88.7781 17756 133.252
88.8942 0 1
89.0101 0 1
89.126 0 1
89.2419 0 1
89.3577 0 1
89.4734 0 1
89.5891 0 1
89.7047 0 1
89.8203 0 1
89.9358 0 1
92.3269 0 1
92.4424 0 1
92.558 0 1
92.6736 0 1
92.7893 0 1
92.905 0 1
93.0208 0 1
93.1366 0 1
93.2525 0 1
93.3685 0 1
93.4845 0 1
93.6005 18139 134.681
93.7167 18808 137.142
93.8328 18870 137.368
93.949 18797 137.102
94.0653 18359 135.495
94.1816 17655 132.872
94.2979 17017 130.449
94.4143 16626 128.942
94.5307 16422 128.148
94.6472 16083 126.819
94.7637 16654 129.05
94.8803 17350 131.719
94.9969 18274 135.181
95.1135 19204 138.578
95.2302 19649 140.175
95.3469 20148 141.944
95.4637 20813 144.267
95.5805 21264 145.822
95.6973 21340 146.082
95.8142 21269 145.839
95.9311 20746 144.035
96.048 20241 142.271
96.1649 19586 139.95
96.2819 18483 135.952
96.3989 18008 134.194
96.516 17470 132.174
96.633 16541 128.612
96.7501 16525 128.55
96.8673 16712 129.275
96.9844 16927 130.104
97.1016 17644 132.831
97.2188 18474 135.919
97.336 18799 137.109
97.4532 18931 137.59
97.5704 19255 138.762
97.6877 18430 135.757
97.805 18283 135.215
97.9223 17183 131.084
98.0396 16405 128.082
98.1569 15732 125.427
98.2743 15922 126.182
98.3916 16277 127.581
98.509 17109 130.801
98.6264 17989 134.123
98.7438 18682 136.682
98.8612 19536 139.771
98.9786 20285 142.425
99.096 20737 144.003
99.2134 21005 144.931
99.3308 21496 146.615
99.4482 21542 146.772
99.5656 21166 145.485
99.6831 20728 143.972
99.8005 19693 140.332
99.9179 19439 139.424
100.035 18519 136.085
100.153 17853 133.615
100.27 17499 132.284
100.388 17755 133.248
100.505 18272 135.174
100.622 18959 137.692
100.74 19629 140.104
100.857 20214 142.176
100.975 20458 143.031
101.092 20924 144.651
101.209 20859 144.426
101.327 20381 142.762
101.444 19581 139.932
101.561 18786 137.062
101.679 18075 134.443
101.796 17635 132.797
101.913 17669 132.925
102.03 18666 136.624
102.148 19711 140.396
102.265 22256 149.184
102.382 20657 143.725
102.499 22856 151.182
102.616 23807 154.295
102.733 24016 154.971
102.851 24682 157.105
102.968 24906 157.816
103.085 24477 156.451
103.202 23630 153.721
103.319 22926 151.413
103.436 22474 149.913
103.552 21418 146.349
103.669 20679 143.802
103.786 20570 143.422
103.903 20418 142.892
104.02 21002 144.921
104.137 21909 148.017
104.253 22634 150.446
104.37 22309 149.362
104.487 23442 153.108
104.603 23631 153.724
104.72 23324 152.722
104.836 22412 149.706
104.953 21538 146.758
105.069 20752 144.056
105.186 20158 141.979
105.302 19537 139.775
105.418 20315 142.531
105.535 21194 145.582
105.651 22369 149.563
105.767 23726 154.032
105.883 24612 156.882
105.999 25492 159.662
106.115 0 1
106.231 0 1
106.347 0 1
106.463 0 1
106.579 0 1
106.694 0 1
106.81 0 1
106.926 0 1
107.041 0 1
107.157 0 1
109.576 0 1
109.692 0 1
109.807 0 1
109.923 0 1
110.039 0 1
110.155 0 1
110.27 0 1
110.386 0 1
110.502 0 1
110.618 20194 142.106
110.735 21897 147.976
110.851 22811 151.033
110.967 23723 154.023
111.083 24180 155.499
111.199 24730 157.258
111.316 25139 158.553
111.432 25385 159.327
111.549 25167 158.641
111.665 24610 156.876
111.782 23564 153.506
111.898 22980 151.592
112.015 22188 148.956
112.132 21499 146.625
112.248 20458 143.031
112.365 20392 142.801
112.482 20683 143.816
112.599 20641 143.67
112.716 21341 146.086
112.832 21587 146.925
112.949 21551 146.803
113.066 21627 147.061
113.183 21519 146.694
113.3 21140 145.396
113.417 20103 141.785
113.534 19249 138.741
113.652 18819 137.182
113.769 17906 133.813
113.886 17722 133.124
114.003 17717 133.105
114.12 19298 138.917
114.238 20002 141.428
114.355 20843 144.371
114.472 22767 150.887
114.589 21364 146.164
114.707 22573 150.243
114.824 23247 152.47
114.942 23813 154.315
115.059 23678 153.877
115.176 23185 152.266
115.294 22826 151.083
115.411 22243 149.141
115.529 21423 146.366
115.646 20953 144.752
115.764 20407 142.853
115.881 20027 141.517
115.999 20186 142.077
116.116 20326 142.569
116.234 20741 144.017
116.351 21023 144.993
116.469 21087 145.214
116.586 21166 145.485
116.704 21280 145.877
116.821 20838 144.354
116.939 20373 142.734
117.056 19505 139.66
117.174 19234 138.687
117.291 18607 136.407
117.409 18288 135.233
117.526 18386 135.595
117.644 19020 137.913
117.761 19863 140.936
117.879 21100 145.258
117.996 21342 146.089
118.114 22347 149.489
118.231 23121 152.056
118.349 23145 152.135
118.466 23736 154.065
118.584 23450 153.134
118.701 23820 154.337
118.819 23402 152.977
118.936 22711 150.702
119.053 22043 148.469
119.171 21566 146.854
119.288 21007 144.938
119.405 20410 142.864
119.523 20203 142.137
119.64 20494 143.157
119.757 20743 144.024
119.875 20726 143.965
119.992 21016 144.969
120.109 21021 144.986
120.226 21287 145.901
120.343 21193 145.578
120.46 20990 144.879
120.578 20190 142.092
120.695 19584 139.943
120.812 19078 138.123
120.929 18757 136.956
121.046 18349 135.458
121.163 18144 134.7
121.279 18818 137.179
121.396 19629 140.104
121.513 20535 143.3
121.63 21265 145.825
121.747 22018 148.385
121.863 22501 150.003
121.98 22624 150.413
122.097 23510 153.33
122.213 23337 152.765
122.33 23768 154.169
122.446 23333 152.751
122.563 22948 151.486
122.679 22283 149.275
122.795 21795 147.631
122.912 21212 145.643
123.028 20534 143.297
123.144 19983 141.361
123.26 19906 141.089
123.377 0 1
123.493 0 1
123.609 0 1
123.725 0 1
123.84 0 1
123.956 0 1
124.072 0 1
124.188 0 1
124.303 0 1
124.419 0 1
126.852 0 1
126.968 0 1
127.083 0 1
127.199 0 1
127.315 0 1
127.431 0 1
127.547 0 1
127.663 0 1
127.779 0 1
127.895 0 1
128.011 0 1
128.127 0 1
128.243 0 1
128.359 22654 150.512
128.476 22752 150.838
128.592 22789 150.96
128.708 23475 153.216
128.825 23622 153.695
128.941 23953 154.768
129.058 23696 153.935
129.174 23640 153.753
129.291 23378 152.899
129.408 23124 152.066
129.524 22520 150.067
129.641 21799 147.645
129.758 21321 146.017
129.875 20637 143.656
129.992 20287 142.432
130.108 20202 142.134
130.225 20812 144.264
130.342 21070 145.155
130.459 22111 148.698
130.576 23294 152.624
130.693 23170 152.217
130.81 23927 154.684
130.928 24314 155.929
131.045 24476 156.448
131.162 24748 157.315
131.279 25302 159.066
131.396 24982 158.057
131.513 24653 157.013
131.631 23947 154.748
131.748 23764 154.156
131.865 23349 152.804
131.983 23139 152.115
132.1 23095 151.97
132.217 23404 152.984
132.335 23616 153.675
132.452 23831 154.373
132.57 23729 154.042
132.687 22895 151.311
132.804 24491 156.496
132.922 23198 152.309
133.039 22814 151.043
133.157 21989 148.287
133.274 21410 146.322
133.392 21017 144.972
133.509 20394 142.808
133.627 20409 142.86
133.744 20643 143.677
133.862 21315 145.997
133.979 21884 147.932
134.097 22540 150.133
134.214 23131 152.089
134.332 23537 153.418
134.449 23622 153.695
134.567 24317 155.939
134.684 24808 157.506
134.802 25141 158.559
134.919 25493 159.665
135.037 24834 157.588
135.154 24338 156.006
135.272 23950 154.758
135.389 23776 154.195
135.507 23702 153.955
135.624 23579 153.555
135.742 24185 155.515
135.859 24284 155.833
135.977 24242 155.698
136.094 24405 156.221
136.211 24370 156.109
136.329 24244 155.705
136.446 23664 153.831
136.564 23402 152.977
136.681 22568 150.226
136.798 22361 149.536
136.915 21646 147.126
137.033 21162 145.472
137.15 20740 144.014
137.267 20546 143.339
137.384 20702 143.882
137.502 21643 147.116
137.619 22071 148.563
137.736 22318 149.392
137.853 22575 150.25
137.97 23883 154.541
138.087 23379 152.902
138.204 24518 156.582
138.321 24695 157.146
138.438 25044 158.253
138.555 25873 160.851
138.672 25574 159.919
138.788 25288 159.022
138.905 24813 157.521
139.022 24458 156.391
139.139 24363 156.087
139.255 24704 157.175
139.372 25130 158.524
139.488 25258 158.928
139.605 25728 160.4
139.721 25380 159.311
139.838 25139 158.553
139.954 24884 157.747
140.071 24461 156.4
140.187 24702 157.169
140.303 23031 151.76
140.419 22595 150.316
140.535 21969 148.219
140.652 21187 145.558
140.768 0 1
140.884 0 1
141 0 1
141.115 0 1
141.231 0 1
141.347 0 1
141.463 0 1
141.578 0 1
141.694 0 1
144.104 0 1
144.219 0 1
144.335 0 1
144.45 0 1
144.566 0 1
144.682 0 1
144.798 0 1
144.914 0 1
145.03 0 1
145.146 22439 149.797
145.262 22276 149.251
145.378 21853 147.828
145.494 21207 145.626
145.61 20704 143.889
145.726 20071 141.672
145.842 20072 141.676
145.959 19880 140.996
146.075 19952 141.252
146.192 20559 143.384
146.308 21207 145.626
146.425 21792 147.621
146.541 21855 147.834
146.658 22166 148.883
146.774 22644 150.479
146.891 23142 152.125
147.008 23335 152.758
147.125 23872 154.506
147.241 24122 155.313
147.358 23725 154.029
147.475 23098 151.98
147.592 23118 152.046
147.709 22763 150.874
147.826 22852 151.169
147.943 23568 153.519
148.06 23217 152.371
148.177 23302 152.65
148.294 23660 153.818
148.411 23448 153.127
148.528 23391 152.941
148.645 23093 151.964
148.762 23081 151.924
148.88 22190 148.963
148.997 21039 145.048
149.114 21610 147.003
149.231 20897 144.558
149.349 20491 143.147
149.466 19705 140.374
149.583 19729 140.46
149.701 19928 141.167
149.818 20689 143.837
149.935 20565 143.405
150.053 20957 144.765
150.17 21583 146.912
150.287 21675 147.224
150.405 22357 149.523
150.522 22846 151.149
150.64 23273 152.555
150.757 23666 153.838
150.875 24104 155.255
150.992 23180 152.25
151.11 23518 153.356
151.227 22730 150.765
151.344 22715 150.715
151.462 22659 150.529
151.579 23312 152.683
151.697 23534 153.408
151.814 23569 153.522
151.932 23523 153.372
152.049 23965 154.806
152.167 23549 153.457
152.284 23849 154.431
152.402 22671 150.569
152.519 22481 149.937
152.636 22131 148.765
152.754 21504 146.642
152.871 20929 144.669
152.989 20723 143.955
153.106 20048 141.591
153.223 20466 143.059
153.341 20425 142.916
153.458 20694 143.854
153.575 21080 145.19
153.693 21454 146.472
153.81 22045 148.476
153.927 22747 150.821
154.044 23303 152.653
154.162 23826 154.357
154.279 24039 155.045
154.396 24537 156.643
154.513 25051 158.275
154.63 24774 157.398
154.747 24466 156.416
154.864 23954 154.771
154.981 23905 154.612
155.098 24004 154.932
155.215 24247 155.714
155.332 24909 157.826
155.449 24397 156.195
155.566 24528 156.614
155.683 24468 156.423
155.8 24216 155.615
155.917 24279 155.817
156.033 23357 152.83
156.15 0 1
156.267 0 1
156.383 0 1
156.5 0 1
156.617 0 1
156.733 0 1
156.85 0 1
156.966 0 1
157.082 0 1
157.199 0 1
157.315 0 1
157.431 0 1
157.547 0 1
157.664 0 1
157.78 0 1
157.896 0 1
158.012 0 1
158.128 0 1
158.244 0 1
158.359 0 1
158.475 0 1
158.591 0 1
158.706 0 1
