
6.15755 0 1
6.2731 0 1
6.3887 0 1
6.50437 0 1
6.62009 0 1
6.73587 0 1
6.8517 0 1
6.96759 0 1
7.08353 0 1
7.19952 0 1
7.31557 0 1
7.43166 0 1
7.54781 0 1
7.664 0 1
7.78024 0 1
7.89653 0 1
8.01286 0 1
8.12924 0 1
8.24567 0 1
8.36213 0 1
8.47864 0 1
8.59519 0 1
8.71178 0 1
8.82841 0 1
8.94508 0 1
9.06179 0 1
9.17853 0 1
9.29531 0 1
9.41212 0 1
9.52897 0 1
9.64584 0 1
9.76276 0 1
9.8797 0 1
9.99667 0 1
10.1137 0 1
10.2307 0 1
10.3478 0 1
10.4648 0 1
10.5819 0 1
10.6991 0 1
10.8162 0 1
10.9334 0 1
11.0506 0 1
11.1678 0 1
11.285 0 1
11.4023 0 1
11.5196 0 1
11.6369 0 1
11.7542 0 1
11.8715 0 1
11.9888 0 1
12.1062 0 1
12.2235 0 1
12.3409 0 1
12.4582 0 1
12.5756 0 1
12.693 0 1
12.8104 0 1
12.9278 0 1
13.0452 0 1
13.1626 0 1
13.28 0 1
13.3974 0 1
13.5149 0 1
13.6323 0 1
13.7497 0 1
13.8671 0 1
13.9845 0 1
14.1019 0 1
14.2193 0 1
14.3367 0 1
14.4541 0 1
14.5714 0 1
14.6888 0 1
14.8062 0 1
14.9235 0 1
15.0408 29316 171.219
15.1581 29798 172.621
15.2755 30325 174.141
15.3927 30167 173.686
15.51 29855 172.786
15.6273 29177 170.813
15.7445 28858 169.876
15.8617 28849 169.85
15.9789 28489 168.787
16.0961 27622 166.199
16.2132 27516 165.879
16.3304 27422 165.596
16.4475 27475 165.756
16.5646 27430 165.62
16.6816 27114 164.663
16.7986 27368 165.433
16.9156 27458 165.705
17.0326 27500 165.831
17.1496 27493 165.81
17.2665 27702 166.439
17.3833 27858 166.907
17.5002 28145 167.765
17.617 28937 170.109
17.7338 29297 171.164
17.8505 29325 171.245
17.9672 29350 171.318
18.0839 28850 169.853
18.2005 29043 170.42
18.3171 30135 173.594
18.4337 30826 175.573
18.5502 31871 178.525
18.6666 32475 180.208
18.7831 31991 178.86
18.8994 31242 176.754
19.0158 30734 175.311
19.1321 29882 172.864
19.2483 29282 171.12
19.3645 28763 169.597
19.4806 28022 167.398
19.5967 27822 166.799
19.7128 27145 164.757
19.8288 26252 162.025
19.9447 23279 152.575
20.0606 0 1
20.1764 0 1
20.2922 0 1
20.4079 0 1
20.5236 0 1
20.6392 0 1
20.7548 0 1
20.8702 0 1
23.3078 0 1
23.4233 0 1
23.539 0 1
23.6547 0 1
23.7704 0 1
23.8862 0 1
24.0021 0 1
24.118 0 1
24.234 0 1
24.35 0 1
24.4661 26980 164.256
24.5822 27020 164.378
24.6984 26916 164.061
24.8146 26964 164.207
24.9309 27014 164.359
25.0472 26434 162.585
25.1636 26067 161.453
25.28 26429 162.57
25.3965 26771 163.618
25.513 27265 165.121
25.6296 27688 166.397
25.7462 29132 170.681
25.8628 29633 172.142
25.9795 30086 173.453
26.0962 30110 173.522
26.213 30211 173.813
26.3298 30400 174.356
26.4466 30577 174.863
26.5635 30447 174.491
26.6804 29653 172.2
26.7973 29384 171.418
26.9143 28122 167.696
27.0313 28533 168.917
27.1483 29551 171.904
27.2653 30430 174.442
27.3824 31166 176.539
27.4996 31083 176.304
27.6167 30962 175.96
27.7339 30020 173.263
27.8511 29634 172.145
27.9683 29197 170.871
28.0855 28889 169.968
28.2028 28283 168.176
28.3201 27550 165.982
28.4374 26974 164.238
28.5547 26758 163.579
28.6721 25868 160.835
28.7894 25874 160.854
28.9068 25531 159.784
29.0242 25736 160.424
29.1416 25994 161.227
29.259 26669 163.306
29.3764 27212 164.961
29.4939 27668 166.337
29.6113 28120 167.69
29.7288 28146 167.768
29.8463 28729 169.496
29.9638 28712 169.446
30.0812 29054 170.452
30.1987 28289 168.193
30.3162 27886 166.991
30.4337 26906 164.03
30.5512 26962 164.201
30.6687 28048 167.475
30.7862 29448 171.604
30.9037 29504 171.767
31.0212 30074 173.419
31.1387 30043 173.329
31.2562 29909 172.942
31.3737 29310 171.202
31.4912 28810 169.735
31.6087 28788 169.67
31.7262 28233 168.027
31.8436 28157 167.8
31.9611 27070 164.53
32.0785 26794 163.689
32.1959 25572 159.912
32.3134 25543 159.822
32.4308 25686 160.269
32.5482 25873 160.851
32.6655 26251 162.022
32.7829 26566 162.991
32.9002 26955 164.18
33.0176 27322 165.294
33.1349 27950 167.183
33.2522 28603 169.124
33.3694 28521 168.882
33.4867 28875 169.926
33.6039 29262 171.061
33.7211 29454 171.622
33.8383 28749 169.555
33.9554 28170 167.839
34.0725 26645 163.233
34.1896 26980 164.256
34.3067 27911 167.066
34.4237 28602 169.121
34.5407 29190 170.851
34.6577 29971 173.121
34.7746 29897 172.907
34.8915 29699 172.334
35.0084 29424 171.534
35.1252 28885 169.956
35.242 28596 169.104
35.3587 28521 168.882
35.4755 27758 166.607
35.5921 27472 165.747
35.7088 26847 163.851
35.8254 25934 161.04
35.9419 25675 160.234
36.0584 25141 158.559
36.1749 25439 159.496
36.2913 25452 159.537
36.4077 25852 160.786
36.524 26275 162.096
36.6403 26829 163.796
36.7565 27319 165.285
36.8727 27955 167.197
36.9889 28134 167.732
37.1049 28189 167.896
37.221 0 1
37.3369 0 1
37.4529 0 1
37.5687 0 1
37.6845 0 1
37.8003 0 1
37.916 0 1
38.0316 0 1
38.1472 0 1
40.5851 0 1
40.7008 0 1
40.8164 0 1
40.9322 0 1
41.048 0 1
41.1639 0 1
41.2798 0 1
41.3958 0 1
41.5118 0 1
41.6279 0 1
41.744 21316 146
41.8602 22675 150.582
41.9765 24100 155.242
42.0928 23982 154.861
42.2091 24635 156.955
42.3255 24918 157.854
42.4419 25262 158.94
42.5584 25421 159.44
42.675 24569 156.745
42.7915 23820 154.337
42.9081 22853 151.172
43.0248 23003 151.667
43.1415 23696 153.935
43.2582 24521 156.592
43.375 24998 158.108
43.4918 25118 158.487
43.6087 25542 159.819
43.7256 25189 158.71
43.8425 24662 157.041
43.9595 24008 154.945
44.0765 23653 153.795
44.1935 23463 153.176
44.3106 22520 150.067
44.4277 22265 149.215
44.5448 21512 146.67
44.6619 20427 142.923
44.7791 19853 140.901
44.8963 19276 138.838
45.0136 19335 139.05
45.1308 19222 138.643
45.2481 19540 139.786
45.3654 19776 140.627
45.4827 20071 141.672
45.6001 20474 143.087
45.7174 20531 143.286
45.8348 20476 143.094
45.9522 20864 144.444
46.0697 20477 143.098
46.1871 20564 143.402
46.3046 19666 140.236
46.422 18833 137.233
46.5395 18817 137.175
46.657 19161 138.423
46.7745 19970 141.315
46.892 20126 141.866
47.0096 20696 143.861
47.1271 20791 144.191
47.2446 20458 143.031
47.3622 20231 142.236
47.4797 19939 141.206
47.5973 19356 139.126
47.7149 19192 138.535
47.8324 18510 136.051
47.95 18124 134.625
48.0675 17116 130.828
48.1851 16833 129.742
48.3027 15902 126.103
48.4202 15601 124.904
48.5378 15458 124.33
48.6554 15603 124.912
48.7729 15498 124.491
48.8904 16356 127.891
49.008 16952 130.2
49.1255 17069 130.648
49.243 17037 130.526
49.3605 17269 131.412
49.478 17694 133.019
49.5955 17520 132.363
49.713 17257 131.366
49.8304 16804 129.63
49.9479 16292 127.64
50.0653 16181 127.205
50.1827 17367 131.784
50.3001 17987 134.116
50.4175 19018 137.906
50.5348 19769 140.602
50.6521 20163 141.996
50.7694 20482 143.115
50.8867 20804 144.236
51.004 20850 144.395
51.1212 21417 146.345
51.2384 21236 145.726
51.3556 21611 147.007
51.4727 21299 145.942
51.5899 20891 144.537
51.707 20405 142.846
51.824 20030 141.527
51.9411 20100 141.774
52.0581 20526 143.269
52.175 20998 144.907
52.2919 21926 148.074
52.4088 22623 150.409
52.5257 23485 153.248
52.6425 24082 155.184
52.7593 24313 155.926
52.876 24935 157.908
52.9927 25648 160.15
53.1094 26233 161.966
53.226 26552 162.948
53.3426 26513 162.828
53.4591 25850 160.779
53.5756 25151 158.591
53.692 25414 159.418
53.8084 27090 164.59
53.9248 28331 168.318
54.0411 30004 173.217
54.1573 30914 175.824
54.2735 0 1
54.3896 0 1
54.5057 0 1
54.6217 0 1
54.7377 0 1
54.8537 0 1
54.9695 0 1
55.0853 0 1
55.2011 0 1
55.3168 0 1
55.4324 0 1
57.824 0 1
57.9396 0 1
58.0553 0 1
58.1711 0 1
58.2869 0 1
58.4028 0 1
58.5187 0 1
58.6347 0 1
58.7508 0 1
58.8669 0 1
58.983 30080 173.436
59.0992 33071 181.854
59.2155 34251 185.07
59.3318 35534 188.505
59.4482 36042 189.847
59.5646 36477 190.99
59.681 36391 190.764
59.7975 36022 189.795
59.9141 35321 187.939
60.0306 34144 184.781
60.1473 33256 182.362
60.2639 31926 178.678
60.3807 30721 175.274
60.4974 29453 171.619
60.6142 28856 169.871
60.731 28422 168.588
60.8479 27919 167.09
60.9648 28799 169.703
61.0818 29801 172.63
61.1987 29970 173.118
61.3158 30584 174.883
61.4328 30513 174.68
61.5499 31013 176.105
61.667 30782 175.448
61.7841 30386 174.316
61.9013 29645 172.177
62.0185 29181 170.824
62.1357 29189 170.848
62.253 28945 170.132
62.3702 29911 172.948
62.4875 30948 175.92
62.6049 32471 180.197
62.7222 32902 181.389
62.8396 33571 183.224
62.9569 34313 185.238
63.0743 34313 185.238
63.1918 33748 183.706
63.3092 33236 182.307
63.4267 32583 180.508
63.5441 31619 177.817
63.6616 30455 174.514
63.7791 28978 170.229
63.8966 27717 166.484
64.0142 26746 163.542
64.1317 25861 160.814
64.2492 26042 161.375
64.3668 25679 160.247
64.4843 26048 161.394
64.6019 26576 163.021
64.7195 27744 166.565
64.837 28061 167.514
64.9546 28486 168.778
65.0722 28596 169.104
65.1898 28132 167.726
65.3074 28900 170
65.4249 27920 167.093
65.5425 27666 166.331
65.6601 27163 164.812
65.7777 27326 165.306
65.8952 27818 166.787
66.0128 28967 170.197
66.1304 30417 174.405
66.2479 31517 177.53
66.3655 32225 179.513
66.483 33211 182.239
66.6005 33938 184.223
66.718 33732 183.663
66.8355 33719 183.627
66.953 33344 182.603
67.0705 32556 180.433
67.1879 31605 177.778
67.3054 30171 173.698
67.4228 29575 171.974
67.5402 28315 168.271
67.6576 27321 165.291
67.7749 27210 164.955
67.8923 27827 166.814
68.0096 28925 170.074
68.1269 30944 175.909
68.2442 33420 182.811
68.3614 36523 191.11
68.4787 38828 197.048
68.5958 40942 202.341
68.713 43297 208.079
68.8302 45861 214.152
68.9473 47986 219.057
69.0643 50110 223.853
69.1814 51468 226.866
69.2984 53329 230.931
69.4154 56039 236.726
69.5323 60446 245.858
69.6492 65333 255.603
69.7661 71494 267.384
69.8829 77395 278.2
69.9997 82465 287.167
70.1165 86575 294.236
70.2332 90944 301.569
70.3499 94280 307.05
70.4665 96409 310.498
70.5831 98945 314.555
70.6996 99642 315.661
70.8161 99937 316.128
70.9326 98812 314.344
71.049 97709 312.584
71.1653 95005 308.229
71.2817 92456 304.066
71.3979 90755 301.256
71.5141 90356 300.593
71.6303 87044 295.032
71.7464 78592 280.343
71.8624 0 1
71.9784 0 1
72.0944 0 1
72.2102 0 1
72.3261 0 1
72.4418 0 1
72.5575 0 1
72.6732 0 1
75.1054 0 1
75.2209 0 1
75.3365 0 1
75.4521 0 1
75.5678 0 1
75.6835 0 1
75.7993 0 1
75.9151 0 1
76.031 0 1
76.147 107619 328.053
76.263 116674 341.576
76.3791 115156 339.346
76.4952 110344 332.181
76.6113 101880 319.186
76.7276 96060 309.935
76.8438 93700 306.105
76.9601 93724 306.144
77.0765 96054 309.926
77.1929 97874 312.848
77.3093 98777 314.288
77.4258 97814 312.752
77.5423 96403 310.488
77.6589 92666 304.411
77.7755 88834 298.05
77.8921 84394 290.506
78.0088 77278 277.989
78.1256 70487 265.494
78.2423 62687 250.374
78.3591 57239 239.247
78.4759 54753 233.994
78.5928 56767 238.258
78.7097 59269 243.452
78.8266 59579 244.088
78.9436 64308 253.59
79.0606 61774 248.544
79.1776 60964 246.909
79.2946 59428 243.779
79.4117 58290 241.433
79.5288 55969 236.578
79.6459 54233 232.88
79.7631 50462 224.637
79.8802 47786 218.6
79.9974 45006 212.146
80.1147 41976 204.88
80.2319 38540 196.316
80.3491 36646 191.431
80.4664 35095 187.337
80.5837 35544 188.531
80.701 36583 191.267
80.8183 37832 194.504
80.9357 39320 198.293
81.053 40572 201.425
81.1704 40597 201.487
81.2877 40084 200.21
81.4051 40387 200.965
81.5225 39121 197.79
81.6399 38911 197.259
81.7573 37538 193.747
81.8747 35151 187.486
81.9922 34345 185.324
82.1096 34995 187.07
82.227 36742 191.682
82.3444 39719 199.296
82.4619 43153 207.733
82.5793 45538 213.396
82.6967 46367 215.33
82.8142 48738 220.767
82.9316 49812 223.186
83.049 50760 225.3
83.1664 51226 226.332
83.2838 51049 225.94
83.4012 50601 224.947
83.5186 50055 223.73
83.636 48709 220.701
83.7534 47251 217.373
83.8708 44814 211.693
83.9881 43587 208.775
84.1055 44385 210.677
84.2228 46740 216.194
84.3401 50856 225.513
84.4575 55237 235.026
84.5747 60102 245.157
84.692 63836 252.658
84.8093 65361 255.658
84.9265 66616 258.101
85.0437 68043 260.851
85.1609 66717 258.296
85.2781 65214 255.37
85.3952 61803 248.602
85.5123 59586 244.102
85.6294 59361 243.641
85.7465 61742 248.479
85.8636 66866 258.585
85.9806 72529 269.312
86.0976 76950 277.399
86.2145 80411 283.568
86.3315 86307 293.781
86.4484 83086 288.246
86.5652 87137 295.19
86.682 87985 296.623
86.7988 87100 295.127
86.9156 85955 293.181
87.0323 83863 289.591
87.149 82004 286.363
87.2657 78580 280.321
87.3823 74732 273.372
87.4988 69960 264.5
87.6154 68714 262.134
87.7318 70714 265.921
87.8483 74477 272.905
87.9647 79686 282.287
88.081 84155 290.095
88.1973 87365 295.576
88.3136 88387 297.3
88.4298 89153 298.585
88.546 88232 297.039
88.6621 87177 295.258
88.7781 82658 287.503
88.8942 0 1
89.0101 0 1
89.126 0 1
89.2419 0 1
89.3577 0 1
89.4734 0 1
89.5891 0 1
89.7047 0 1
89.8203 0 1
89.9358 0 1
92.3269 0 1
92.4424 0 1
92.558 0 1
92.6736 0 1
92.7893 0 1
92.905 0 1
93.0208 0 1
93.1366 0 1
93.2525 0 1
93.3685 0 1
93.4845 0 1
93.6005 56313 237.304
93.7167 56630 237.971
93.8328 56049 236.747
93.949 54523 233.502
94.0653 52581 229.305
94.1816 50721 225.213
94.2979 47679 218.355
94.4143 44736 211.509
94.5307 41822 204.504
94.6472 40056 200.14
94.7637 39757 199.392
94.8803 41093 202.714
94.9969 43416 208.365
95.1135 45164 212.518
95.2302 46807 216.349
95.3469 47131 217.097
95.4637 48106 219.331
95.5805 48691 220.66
95.6973 49050 221.472
95.8142 48628 220.518
95.9311 47346 217.591
96.048 45860 214.149
96.1649 44248 210.352
96.2819 42549 206.274
96.3989 40410 201.022
96.516 38350 195.832
96.633 35865 189.381
96.7501 34443 185.588
96.8673 34195 184.919
96.9844 34664 186.183
97.1016 36591 191.288
97.2188 38393 195.941
97.336 40878 202.183
97.4532 41657 204.1
97.5704 41307 203.241
97.6877 40633 201.576
97.805 39500 198.746
97.9223 37460 193.546
98.0396 36464 190.955
98.1569 35093 187.331
98.2743 34059 184.551
98.3916 33867 184.03
98.509 35089 187.321
98.6264 38390 195.934
98.7438 40412 201.027
98.8612 42771 206.812
98.9786 45081 212.323
99.096 46379 215.358
99.2134 47310 217.509
99.3308 47652 218.293
99.4482 47915 218.895
99.5656 46519 215.683
99.6831 45310 212.861
99.8005 43739 209.139
99.9179 42432 205.99
100.035 40465 201.159
100.153 37732 194.247
100.27 35660 188.839
100.388 34910 186.842
100.505 36225 190.329
100.622 37715 194.204
100.74 40059 200.147
100.857 41618 204.005
100.975 42373 205.847
101.092 42536 206.243
101.209 42137 205.273
101.327 41135 202.818
101.444 40157 200.392
101.561 38806 196.992
101.679 37364 193.298
101.796 35952 189.61
101.913 35674 188.876
102.03 37223 192.933
102.148 39837 199.592
102.265 41973 204.873
102.382 46812 216.361
102.499 47384 217.679
102.616 49478 222.437
102.733 50343 224.372
102.851 50793 225.373
102.968 50973 225.772
103.085 50460 224.633
103.202 48806 220.921
103.319 47789 218.607
103.436 45357 212.972
103.552 43547 208.679
103.669 40904 202.247
103.786 38539 196.314
103.903 38093 195.174
104.02 39154 197.874
104.137 41492 203.696
104.253 43326 208.149
104.37 45467 213.23
104.487 46235 215.023
104.603 47038 216.882
104.72 46281 215.13
104.836 45493 213.291
104.953 44134 210.081
105.069 42360 205.815
105.186 40648 201.613
105.302 39623 199.055
105.418 40219 200.547
105.535 42798 206.877
105.651 45767 213.932
105.767 49444 222.36
105.883 52840 229.87
105.999 54570 233.602
106.115 0 1
106.231 0 1
106.347 0 1
106.463 0 1
106.579 0 1
106.694 0 1
106.81 0 1
106.926 0 1
107.041 0 1
107.157 0 1
109.576 0 1
109.692 0 1
109.807 0 1
109.923 0 1
110.039 0 1
110.155 0 1
110.27 0 1
110.386 0 1
110.502 0 1
110.618 43183 207.805
110.735 47245 217.359
110.851 50998 225.827
110.967 53079 230.389
111.083 54216 232.843
111.199 55484 235.55
111.316 56795 238.317
111.432 57251 239.272
111.549 56717 238.153
111.665 55870 236.368
111.782 53722 231.78
111.898 52053 228.151
112.015 49573 222.65
112.132 46848 216.444
112.248 43354 208.216
112.365 42515 206.192
112.482 41291 203.202
112.599 45186 212.57
112.716 46205 214.953
112.832 47722 218.454
112.949 48694 220.667
113.066 48598 220.45
113.183 47727 218.465
113.3 47278 217.435
113.417 45633 213.619
113.534 44572 211.121
113.652 42776 206.824
113.769 40908 202.257
113.886 40475 201.184
114.003 40476 201.186
114.12 43499 208.564
114.238 46431 215.479
114.355 49092 221.567
114.472 51225 226.329
114.589 53529 231.363
114.707 53771 231.886
114.824 54831 234.16
114.942 54938 234.389
115.059 55713 236.036
115.176 55154 234.849
115.294 53714 231.763
115.411 51960 227.947
115.529 50214 224.085
115.646 48016 219.126
115.764 45453 213.197
115.881 43647 208.919
115.999 43378 208.274
116.116 44738 211.514
116.234 46273 215.112
116.351 47748 218.513
116.469 48881 221.09
116.586 49511 222.511
116.704 49110 221.608
116.821 48223 219.597
116.939 47646 218.28
117.056 46340 215.267
117.174 44721 211.473
117.291 43730 209.117
117.409 42699 206.637
117.526 42868 207.046
117.644 44680 211.376
117.761 47525 218.002
117.879 50632 225.016
117.996 51756 227.499
118.114 53907 232.179
118.231 55386 235.342
118.349 56064 236.778
118.466 57256 239.282
118.584 57212 239.19
118.701 57559 239.915
118.819 56411 237.51
118.936 55091 234.715
119.053 53466 231.227
119.171 51336 226.574
119.288 49232 221.883
119.405 46888 216.536
119.523 45216 212.641
119.64 45376 213.016
119.757 46703 216.109
119.875 48939 221.222
119.992 49016 221.396
120.109 50182 224.013
120.226 49786 223.128
120.343 49983 223.569
120.46 49174 221.752
120.578 48122 219.367
120.695 47762 218.545
120.812 46272 215.109
120.929 45276 212.782
121.046 44584 211.149
121.163 44144 210.105
121.279 44785 211.625
121.396 47151 217.143
121.513 49901 223.385
121.63 52167 228.401
121.747 53385 231.052
121.863 54777 234.045
121.98 56030 236.707
122.097 56347 237.375
122.213 57076 238.906
122.33 56809 238.346
122.446 57225 239.217
122.563 55593 235.782
122.679 54692 233.863
122.795 53067 230.363
122.912 51776 227.543
123.028 49892 223.365
123.144 47740 218.495
123.26 46589 215.845
123.377 0 1
123.493 0 1
123.609 0 1
123.725 0 1
123.84 0 1
123.956 0 1
124.072 0 1
124.188 0 1
124.303 0 1
124.419 0 1
126.852 0 1
126.968 0 1
127.083 0 1
127.199 0 1
127.315 0 1
127.431 0 1
127.547 0 1
127.663 0 1
127.779 0 1
127.895 0 1
128.011 0 1
128.127 0 1
128.243 0 1
128.359 70213 264.977
128.476 68509 261.742
128.592 69991 264.558
128.708 74162 272.327
128.825 78098 279.46
128.941 80808 284.267
129.058 82620 287.437
129.174 82868 287.868
129.291 82735 287.637
129.408 82306 286.89
129.524 80628 283.951
129.641 78491 280.162
129.758 75620 274.991
129.875 72940 270.074
129.992 71479 267.356
130.108 70064 264.696
130.225 72209 268.717
130.342 75371 274.538
130.459 77336 278.094
130.576 83449 288.875
130.693 83449 288.875
130.81 84718 291.064
130.928 86309 293.784
131.045 86914 294.812
131.162 87762 296.247
131.279 88795 297.985
131.396 88465 297.431
131.513 86843 294.691
131.631 84454 290.61
131.748 81154 284.875
131.865 77416 278.237
131.983 74100 272.213
132.1 75353 274.505
132.217 78285 279.795
132.335 82186 286.681
132.452 84811 291.223
132.57 84696 291.026
132.687 83598 289.133
132.804 85783 292.887
132.922 84209 290.188
133.039 82552 287.319
133.157 80311 283.392
133.274 77574 278.521
133.392 74479 272.908
133.509 72578 269.403
133.627 70811 266.103
133.744 72009 268.345
133.862 73940 271.919
133.979 76894 277.298
134.097 79620 282.17
134.214 80765 284.192
134.332 84348 290.427
134.449 84330 290.396
134.567 85221 291.926
134.684 86159 293.529
134.802 87277 295.427
134.919 86916 294.815
135.037 86364 293.878
135.154 84027 289.874
135.272 81930 286.234
135.389 77701 278.749
135.507 74903 273.684
135.624 73792 271.647
135.742 76413 276.429
135.859 80222 283.235
135.977 83205 288.453
136.094 84956 291.472
136.211 84743 291.107
136.329 84632 290.916
136.446 84020 289.862
136.564 83322 288.656
136.681 81920 286.217
136.798 79705 282.321
136.915 76636 276.832
137.033 74403 272.769
137.15 72072 268.462
137.267 71591 267.565
137.384 71970 268.272
137.502 74477 272.905
137.619 77612 278.589
137.736 79709 282.328
137.853 80350 283.461
137.97 82972 288.049
138.087 83070 288.219
138.204 85389 292.214
138.321 86729 294.498
138.438 87178 295.259
138.555 88698 297.822
138.672 88223 297.024
138.788 85877 293.048
138.905 84384 290.489
139.022 80877 284.389
139.139 77858 279.03
139.255 77795 278.918
139.372 80154 283.115
139.488 83349 288.702
139.605 86853 294.708
139.721 88000 296.648
139.838 88915 298.186
139.954 88019 296.68
140.071 86757 294.545
140.187 87843 296.383
140.303 84359 290.446
140.419 82515 287.254
140.535 79240 281.496
140.652 76919 277.343
140.768 0 1
140.884 0 1
141 0 1
141.115 0 1
141.231 0 1
141.347 0 1
141.463 0 1
141.578 0 1
141.694 0 1
144.104 0 1
144.219 0 1
144.335 0 1
144.45 0 1
144.566 0 1
144.682 0 1
144.798 0 1
144.914 0 1
145.03 0 1
145.146 74981 273.827
145.262 81703 285.837
145.378 82841 287.821
145.494 81553 285.575
145.61 79557 282.059
145.726 77338 278.097
145.842 76491 276.57
145.959 74497 272.941
146.075 74681 273.278
146.192 75333 274.469
146.308 76370 276.351
146.425 77958 279.21
146.541 80609 283.917
146.658 82426 287.099
146.774 83916 289.683
146.891 84782 291.173
147.008 86885 294.763
147.125 86599 294.277
147.241 88520 297.523
147.358 88646 297.735
147.475 88424 297.362
147.592 87028 295.005
147.709 85422 292.27
147.826 82823 287.79
147.943 79783 282.459
148.06 78496 280.171
148.177 78492 280.164
148.294 81236 285.019
148.411 84088 289.979
148.528 86602 294.282
148.645 86514 294.133
148.762 87207 295.308
148.88 86493 294.097
148.997 83871 289.605
149.114 86733 294.505
149.231 83720 289.344
149.349 80735 284.139
149.466 79788 282.468
149.583 77076 277.626
149.701 74784 273.467
149.818 73883 271.814
149.935 73330 270.795
150.053 74381 272.729
150.17 76149 275.951
150.287 78264 279.757
150.405 79627 282.183
150.522 81092 284.767
150.64 82603 287.407
150.757 84488 290.668
150.875 85460 292.335
150.992 85977 293.218
151.11 87748 296.223
151.227 86171 293.549
151.344 84966 291.489
151.462 82638 287.468
151.579 81520 285.517
151.697 78839 280.783
151.814 77888 279.084
151.932 79352 281.695
152.049 82313 286.902
152.167 84792 291.191
152.284 86854 294.71
152.402 86888 294.768
152.519 86504 294.116
152.636 86009 293.273
152.754 84770 291.153
152.871 83136 288.333
152.989 81433 285.365
153.106 78170 279.589
153.223 76932 277.366
153.341 75467 274.713
153.458 73910 271.864
153.575 74783 273.465
153.693 75523 274.814
153.81 77137 277.735
153.927 78817 280.744
154.044 80586 283.877
154.162 82414 287.078
154.279 84097 289.995
154.396 86076 293.387
154.513 87373 295.589
154.63 88836 298.054
154.747 89319 298.863
154.864 89275 298.789
154.981 88258 297.082
155.098 85865 293.027
155.215 84217 290.202
155.332 82090 286.514
155.449 83569 289.083
155.566 85512 292.424
155.683 87892 296.466
155.8 89534 299.222
155.917 89654 299.423
156.033 89549 299.247
156.15 0 1
156.267 0 1
156.383 0 1
156.5 0 1
156.617 0 1
156.733 0 1
156.85 0 1
156.966 0 1
157.082 0 1
157.199 0 1
157.315 0 1
157.431 0 1
157.547 0 1
157.664 0 1
157.78 0 1
157.896 0 1
158.012 0 1
158.128 0 1
158.244 0 1
158.359 0 1
158.475 0 1
158.591 0 1
158.706 0 1
