
6.15755 0 1
6.2731 0 1
6.3887 0 1
6.50437 0 1
6.62009 0 1
6.73587 0 1
6.8517 0 1
6.96759 0 1
7.08353 0 1
7.19952 0 1
7.31557 0 1
7.43166 0 1
7.54781 0 1
7.664 0 1
7.78024 0 1
7.89653 0 1
8.01286 0 1
8.12924 0 1
8.24567 0 1
8.36213 0 1
8.47864 0 1
8.59519 0 1
8.71178 0 1
8.82841 0 1
8.94508 0 1
9.06179 0 1
9.17853 0 1
9.29531 0 1
9.41212 0 1
9.52897 0 1
9.64584 0 1
9.76276 0 1
9.8797 0 1
9.99667 0 1
10.1137 0 1
10.2307 0 1
10.3478 0 1
10.4648 0 1
10.5819 0 1
10.6991 0 1
10.8162 0 1
10.9334 0 1
11.0506 0 1
11.1678 0 1
11.285 0 1
11.4023 0 1
11.5196 0 1
11.6369 0 1
11.7542 0 1
11.8715 0 1
11.9888 0 1
12.1062 0 1
12.2235 0 1
12.3409 0 1
12.4582 0 1
12.5756 0 1
12.693 0 1
12.8104 0 1
12.9278 0 1
13.0452 0 1
13.1626 0 1
13.28 0 1
13.3974 0 1
13.5149 0 1
13.6323 0 1
13.7497 0 1
13.8671 0 1
13.9845 0 1
14.1019 0 1
14.2193 0 1
14.3367 0 1
14.4541 0 1
14.5714 0 1
14.6888 0 1
14.8062 0 1
14.9235 0 1
15.0408 968 31.1127
15.1581 1022 31.9687
15.2755 1064 32.619
15.3927 1105 33.2415
15.51 1081 32.8786
15.6273 1076 32.8024
15.7445 1128 33.5857
15.8617 1129 33.6006
15.9789 1079 32.8481
16.0961 1069 32.6956
16.2132 1063 32.6037
16.3304 1052 32.4345
16.4475 1123 33.5112
16.5646 1192 34.5254
16.6816 1207 34.7419
16.7986 1214 34.8425
16.9156 1306 36.1386
17.0326 1347 36.7015
17.1496 1348 36.7151
17.2665 1238 35.1852
17.3833 1199 34.6266
17.5002 1261 35.5106
17.617 1159 34.0441
17.7338 1153 33.9559
17.8505 1107 33.2716
17.9672 1073 32.7567
18.0839 1122 33.4963
18.2005 1133 33.6601
18.3171 1166 34.1467
18.4337 1189 34.4819
18.5502 1203 34.6843
18.6666 1183 34.3948
18.7831 1306 36.1386
18.8994 1281 35.7911
19.0158 1300 36.0555
19.1321 1222 34.9571
19.2483 1192 34.5254
19.3645 1008 31.749
19.4806 1046 32.3419
19.5967 944 30.7246
19.7128 882 29.6985
19.8288 787 28.0535
19.9447 696 26.3818
20.0606 0 1
20.1764 0 1
20.2922 0 1
20.4079 0 1
20.5236 0 1
20.6392 0 1
20.7548 0 1
20.8702 0 1
23.3078 0 1
23.4233 0 1
23.539 0 1
23.6547 0 1
23.7704 0 1
23.8862 0 1
24.0021 0 1
24.118 0 1
24.234 0 1
24.35 0 1
24.4661 461 21.4709
24.5822 574 23.9583
24.6984 673 25.9422
24.8146 772 27.7849
24.9309 787 28.0535
25.0472 815 28.5482
25.1636 856 29.2575
25.28 974 31.209
25.3965 1100 33.1662
25.513 1197 34.5977
25.6296 1240 35.2136
25.7462 1246 35.2987
25.8628 1255 35.426
25.9795 1345 36.6742
26.0962 1307 36.1525
26.213 1294 35.9722
26.3298 1220 34.9285
26.4466 1106 33.2566
26.5635 1085 32.9393
26.6804 1112 33.3467
26.7973 1161 34.0735
26.9143 1193 34.5398
27.0313 1149 33.8969
27.1483 1182 34.3802
27.2653 1187 34.4529
27.3824 1248 35.327
27.4996 1231 35.0856
27.6167 1226 35.0143
27.7339 1250 35.3553
27.8511 1274 35.6931
27.9683 1134 33.6749
28.0855 1058 32.5269
28.2028 1105 33.2415
28.3201 1066 32.6497
28.4374 999 31.607
28.5547 1052 32.4345
28.6721 1064 32.619
28.7894 1100 33.1662
28.9068 1205 34.7131
29.0242 1217 34.8855
29.1416 1313 36.2353
29.259 1277 35.7351
29.3764 1283 35.819
29.4939 1257 35.4542
29.6113 1259 35.4824
29.7288 1218 34.8999
29.8463 1121 33.4813
29.9638 1083 32.909
30.0812 1001 31.6386
30.1987 1015 31.8591
30.3162 1043 32.2955
30.4337 1095 33.0908
30.5512 1102 33.1964
30.6687 1209 34.7707
30.7862 1221 34.9428
30.9037 1200 34.641
31.0212 1208 34.7563
31.1387 1213 34.8281
31.2562 1225 35
31.3737 1199 34.6266
31.4912 1201 34.6554
31.6087 1060 32.5576
31.7262 1052 32.4345
31.8436 1019 31.9218
31.9611 979 31.289
32.0785 1057 32.5115
32.1959 997 31.5753
32.3134 1038 32.218
32.4308 1165 34.1321
32.5482 1167 34.1614
32.6655 1198 34.6121
32.7829 1160 34.0588
32.9002 1231 35.0856
33.0176 1256 35.4401
33.1349 1225 35
33.2522 1217 34.8855
33.3694 1204 34.6987
33.4867 1099 33.1512
33.6039 1062 32.5883
33.7211 969 31.1288
33.8383 988 31.4325
33.9554 1034 32.1559
34.0725 1051 32.4191
34.1896 1111 33.3317
34.3067 1089 33
34.4237 1120 33.4664
34.5407 1212 34.8138
34.6577 1101 33.1813
34.7746 1193 34.5398
34.8915 1159 34.0441
35.0084 1096 33.1059
35.1252 1152 33.9411
35.242 1118 33.4365
35.3587 1027 32.0468
35.4755 1032 32.1248
35.5921 972 31.1769
35.7088 888 29.7993
35.8254 974 31.209
35.9419 958 30.9516
36.0584 917 30.282
36.1749 1036 32.187
36.2913 1040 32.249
36.4077 1043 32.2955
36.524 982 31.3369
36.6403 992 31.496
36.7565 981 31.3209
36.8727 957 30.9354
36.9889 837 28.931
37.1049 768 27.7128
37.221 0 1
37.3369 0 1
37.4529 0 1
37.5687 0 1
37.6845 0 1
37.8003 0 1
37.916 0 1
38.0316 0 1
38.1472 0 1
40.5851 0 1
40.7008 0 1
40.8164 0 1
40.9322 0 1
41.048 0 1
41.1639 0 1
41.2798 0 1
41.3958 0 1
41.5118 0 1
41.6279 0 1
41.744 508 22.5389
41.8602 597 24.4336
41.9765 679 26.0576
42.0928 697 26.4008
42.2091 671 25.9037
42.3255 673 25.9422
42.4419 691 26.2869
42.5584 641 25.318
42.675 679 26.0576
42.7915 769 27.7308
42.9081 852 29.189
43.0248 870 29.4958
43.1415 887 29.7825
43.2582 987 31.4166
43.375 930 30.4959
43.4918 955 30.9031
43.6087 913 30.2159
43.7256 932 30.5287
43.8425 942 30.692
43.9595 938 30.6268
44.0765 858 29.2916
44.1935 859 29.3087
44.3106 903 30.05
44.4277 806 28.3901
44.5448 729 27
44.6619 767 27.6948
44.7791 867 29.4449
44.8963 821 28.6531
45.0136 915 30.249
45.1308 998 31.5911
45.2481 925 30.4138
45.3654 970 31.1448
45.4827 974 31.209
45.6001 991 31.4802
45.7174 962 31.0161
45.8348 927 30.4467
45.9522 853 29.2062
46.0697 813 28.5132
46.1871 787 28.0535
46.3046 798 28.2489
46.422 892 29.8664
46.5395 872 29.5296
46.657 981 31.3209
46.7745 858 29.2916
46.892 955 30.9031
47.0096 898 29.9666
47.1271 966 31.0805
47.2446 981 31.3209
47.3622 1059 32.5423
47.4797 923 30.3809
47.5973 931 30.5123
47.7149 883 29.7153
47.8324 863 29.3769
47.95 861 29.3428
48.0675 831 28.8271
48.1851 757 27.5136
48.3027 840 28.9828
48.4202 836 28.9137
48.5378 957 30.9354
48.6554 959 30.9677
48.7729 842 29.0172
48.8904 1006 31.7175
49.008 1021 31.9531
49.1255 980 31.305
49.243 907 30.1164
49.3605 861 29.3428
49.478 817 28.5832
49.5955 781 27.9464
49.713 726 26.9444
49.8304 818 28.6007
49.9479 849 29.1376
50.0653 885 29.7489
50.1827 916 30.2655
50.3001 973 31.1929
50.4175 955 30.9031
50.5348 925 30.4138
50.6521 974 31.209
50.7694 948 30.7896
50.8867 961 31
51.004 973 31.1929
51.1212 914 30.2324
51.2384 903 30.05
51.3556 840 28.9828
51.4727 861 29.3428
51.5899 817 28.5832
51.707 736 27.1293
51.824 765 27.6586
51.9411 868 29.4618
52.0581 919 30.315
52.175 1031 32.1092
52.2919 952 30.8545
52.4088 996 31.5595
52.5257 1002 31.6544
52.6425 1037 32.2025
52.7593 955 30.9031
52.876 976 31.241
52.9927 935 30.5778
53.1094 789 28.0891
53.226 724 26.9072
53.3426 760 27.5681
53.4591 782 27.9643
53.5756 708 26.6083
53.692 784 28
53.8084 694 26.3439
53.9248 719 26.8142
54.0411 726 26.9444
54.1573 697 26.4008
54.2735 0 1
54.3896 0 1
54.5057 0 1
54.6217 0 1
54.7377 0 1
54.8537 0 1
54.9695 0 1
55.0853 0 1
55.2011 0 1
55.3168 0 1
55.4324 0 1
57.824 0 1
57.9396 0 1
58.0553 0 1
58.1711 0 1
58.2869 0 1
58.4028 0 1
58.5187 0 1
58.6347 0 1
58.7508 0 1
58.8669 0 1
58.983 657 25.632
59.0992 759 27.55
59.2155 860 29.3258
59.3318 960 30.9839
59.4482 984 31.3688
59.5646 1099 33.1512
59.681 1083 32.909
59.7975 1009 31.7648
59.9141 1085 32.9393
60.0306 1180 34.3511
60.1473 1060 32.5576
60.2639 1059 32.5423
60.3807 952 30.8545
60.4974 1019 31.9218
60.6142 1086 32.9545
60.731 1108 33.2866
60.8479 1238 35.1852
60.9648 1170 34.2053
61.0818 1195 34.5688
61.1987 1178 34.322
61.3158 1227 35.0286
61.4328 1227 35.0286
61.5499 1160 34.0588
61.667 1075 32.7872
61.7841 1004 31.686
61.9013 921 30.348
62.0185 1005 31.7017
62.1357 1024 32
62.253 1112 33.3467
62.3702 1132 33.6452
62.4875 1226 35.0143
62.6049 1189 34.4819
62.7222 1182 34.3802
62.8396 1234 35.1283
62.9569 1209 34.7707
63.0743 1193 34.5398
63.1918 1216 34.8712
63.3092 1283 35.819
63.4267 1212 34.8138
63.5441 1141 33.7787
63.6616 1095 33.0908
63.7791 1040 32.249
63.8966 959 30.9677
64.0142 1046 32.3419
64.1317 978 31.273
64.2492 1138 33.7343
64.3668 1160 34.0588
64.4843 1205 34.7131
64.6019 1212 34.8138
64.7195 1297 36.0139
64.837 1259 35.4824
64.9546 1196 34.5832
65.0722 1147 33.8674
65.1898 1122 33.4963
65.3074 1073 32.7567
65.4249 945 30.7409
65.5425 984 31.3688
65.6601 980 31.305
65.7777 1062 32.5883
65.8952 1104 33.2265
66.0128 1138 33.7343
66.1304 1150 33.9116
66.2479 1218 34.8999
66.3655 1238 35.1852
66.483 1295 35.9861
66.6005 1202 34.6699
66.718 1221 34.9428
66.8355 1151 33.9264
66.953 1249 35.3412
67.0705 1204 34.6987
67.1879 1180 34.3511
67.3054 1152 33.9411
67.4228 1033 32.1403
67.5402 998 31.5911
67.6576 962 31.0161
67.7749 1047 32.3574
67.8923 1073 32.7567
68.0096 1169 34.1906
68.1269 1189 34.4819
68.2442 1329 36.4555
68.3614 1302 36.0832
68.4787 1252 35.3836
68.5958 1298 36.0278
68.713 1249 35.3412
68.8302 1222 34.9571
68.9473 1134 33.6749
69.0643 1014 31.8434
69.1814 999 31.607
69.2984 1043 32.2955
69.4154 1134 33.6749
69.5323 1230 35.0714
69.6492 1280 35.7771
69.7661 1338 36.5787
69.8829 1315 36.2629
69.9997 1346 36.6879
70.1165 1383 37.1887
70.2332 1361 36.8917
70.3499 1290 35.9166
70.4665 1185 34.4238
70.5831 1197 34.5977
70.6996 1160 34.0588
70.8161 1101 33.1813
70.9326 1002 31.6544
71.049 870 29.4958
71.1653 673 25.9422
71.2817 535 23.1301
71.3979 526 22.9347
71.5141 535 23.1301
71.6303 504 22.4499
71.7464 489 22.1133
71.8624 0 1
71.9784 0 1
72.0944 0 1
72.2102 0 1
72.3261 0 1
72.4418 0 1
72.5575 0 1
72.6732 0 1
75.1054 0 1
75.2209 0 1
75.3365 0 1
75.4521 0 1
75.5678 0 1
75.6835 0 1
75.7993 0 1
75.9151 0 1
76.031 0 1
76.147 844 29.0517
76.263 876 29.5973
76.3791 901 30.0167
76.4952 891 29.8496
76.6113 909 30.1496
76.7276 951 30.8383
76.8438 969 31.1288
76.9601 1094 33.0757
77.0765 1152 33.9411
77.1929 1171 34.2199
77.3093 1188 34.4674
77.4258 1203 34.6843
77.5423 1160 34.0588
77.6589 1125 33.541
77.7755 1058 32.5269
77.8921 927 30.4467
78.0088 906 30.0998
78.1256 784 28
78.2423 847 29.1033
78.3591 832 28.8444
78.4759 955 30.9031
78.5928 1023 31.9844
78.7097 1056 32.4962
78.8266 1073 32.7567
78.9436 1125 33.541
79.0606 1113 33.3617
79.1776 1084 32.9242
79.2946 1096 33.1059
79.4117 1164 34.1174
79.5288 1167 34.1614
79.6459 1071 32.7261
79.7631 1072 32.7414
79.8802 1023 31.9844
79.9974 1004 31.686
80.1147 926 30.4302
80.2319 867 29.4449
80.3491 826 28.7402
80.4664 864 29.3939
80.5837 956 30.9192
80.701 1020 31.9374
80.8183 1101 33.1813
80.9357 1142 33.7935
81.053 1100 33.1662
81.1704 1078 32.8329
81.2877 1090 33.0151
81.4051 1080 32.8634
81.5225 1012 31.8119
81.6399 897 29.95
81.7573 845 29.0689
81.8747 836 28.9137
81.9922 777 27.8747
82.1096 915 30.249
82.227 950 30.8221
82.3444 976 31.241
82.4619 1104 33.2265
82.5793 1098 33.1361
82.6967 1019 31.9218
82.8142 1140 33.7639
82.9316 1109 33.3017
83.049 1191 34.5109
83.1664 1094 33.0757
83.2838 1144 33.8231
83.4012 1106 33.2566
83.5186 1061 32.573
83.636 991 31.4802
83.7534 945 30.7409
83.8708 806 28.3901
83.9881 865 29.4109
84.1055 836 28.9137
84.2228 953 30.8707
84.3401 958 30.9516
84.4575 1095 33.0908
84.5747 1064 32.619
84.692 1110 33.3167
84.8093 1114 33.3766
84.9265 1140 33.7639
85.0437 1078 32.8329
85.1609 984 31.3688
85.2781 875 29.5804
85.3952 883 29.7153
85.5123 813 28.5132
85.6294 837 28.931
85.7465 1000 31.6228
85.8636 999 31.607
85.9806 1062 32.5883
86.0976 1115 33.3916
86.2145 1135 33.6898
86.3315 1083 32.909
86.4484 1122 33.4963
86.5652 1110 33.3167
86.682 1203 34.6843
86.7988 1181 34.3657
86.9156 1170 34.2053
87.0323 1091 33.0303
87.149 1047 32.3574
87.2657 1011 31.7962
87.3823 879 29.6479
87.4988 805 28.3725
87.6154 751 27.4044
87.7318 820 28.6356
87.8483 844 29.0517
87.9647 860 29.3258
88.081 907 30.1164
88.1973 882 29.6985
88.3136 851 29.1719
88.4298 807 28.4077
88.546 716 26.7582
88.6621 644 25.3772
88.7781 531 23.0434
88.8942 0 1
89.0101 0 1
89.126 0 1
89.2419 0 1
89.3577 0 1
89.4734 0 1
89.5891 0 1
89.7047 0 1
89.8203 0 1
89.9358 0 1
92.3269 0 1
92.4424 0 1
92.558 0 1
92.6736 0 1
92.7893 0 1
92.905 0 1
93.0208 0 1
93.1366 0 1
93.2525 0 1
93.3685 0 1
93.4845 0 1
93.6005 751 27.4044
93.7167 853 29.2062
93.8328 819 28.6182
93.949 862 29.3598
94.0653 958 30.9516
94.1816 930 30.4959
94.2979 917 30.282
94.4143 870 29.4958
94.5307 843 29.0345
94.6472 791 28.1247
94.7637 859 29.3087
94.8803 934 30.5614
94.9969 963 31.0322
95.1135 1015 31.8591
95.2302 1072 32.7414
95.3469 1151 33.9264
95.4637 1115 33.3916
95.5805 1161 34.0735
95.6973 1179 34.3366
95.8142 1131 33.6303
95.9311 1094 33.0757
96.048 1147 33.8674
96.1649 1123 33.5112
96.2819 1083 32.909
96.3989 1065 32.6343
96.516 994 31.5278
96.633 881 29.6816
96.7501 828 28.775
96.8673 871 29.5127
96.9844 799 28.2666
97.1016 967 31.0966
97.2188 1049 32.3883
97.336 1077 32.8177
97.4532 1124 33.5261
97.5704 1127 33.5708
97.6877 1096 33.1059
97.805 1126 33.5559
97.9223 1044 32.311
98.0396 945 30.7409
98.1569 952 30.8545
98.2743 824 28.7054
98.3916 822 28.6705
98.509 890 29.8329
98.6264 994 31.5278
98.7438 1045 32.3265
98.8612 1048 32.3728
98.9786 1090 33.0151
99.096 1112 33.3467
99.2134 1172 34.2345
99.3308 1191 34.5109
99.4482 1233 35.1141
99.5656 1088 32.9848
99.6831 1161 34.0735
99.8005 1173 34.2491
99.9179 1143 33.8083
100.035 1024 32
100.153 962 31.0161
100.27 960 30.9839
100.388 928 30.4631
100.505 916 30.2655
100.622 969 31.1288
100.74 1114 33.3766
100.857 1119 33.4515
100.975 1155 33.9853
101.092 1218 34.8999
101.209 1189 34.4819
101.327 1181 34.3657
101.444 1121 33.4813
101.561 1017 31.8904
101.679 1001 31.6386
101.796 920 30.3315
101.913 859 29.3087
102.03 900 30
102.148 959 30.9677
102.265 1063 32.6037
102.382 1084 32.9242
102.499 1158 34.0294
102.616 1240 35.2136
102.733 1251 35.3695
102.851 1280 35.7771
102.968 1182 34.3802
103.085 1230 35.0714
103.202 1234 35.1283
103.319 1248 35.327
103.436 1144 33.8231
103.552 1113 33.3617
103.669 1070 32.7109
103.786 978 31.273
103.903 926 30.4302
104.02 1005 31.7017
104.137 1009 31.7648
104.253 1107 33.2716
104.37 1246 35.2987
104.487 1220 34.9285
104.603 1227 35.0286
104.72 1247 35.3129
104.836 1188 34.4674
104.953 1120 33.4664
105.069 999 31.607
105.186 921 30.348
105.302 811 28.4781
105.418 788 28.0713
105.535 817 28.5832
105.651 792 28.1425
105.767 872 29.5296
105.883 841 29
105.999 750 27.3861
106.115 0 1
106.231 0 1
106.347 0 1
106.463 0 1
106.579 0 1
106.694 0 1
106.81 0 1
106.926 0 1
107.041 0 1
107.157 0 1
109.576 0 1
109.692 0 1
109.807 0 1
109.923 0 1
110.039 0 1
110.155 0 1
110.27 0 1
110.386 0 1
110.502 0 1
110.618 445 21.095
110.735 628 25.0599
110.851 747 27.3313
110.967 878 29.6311
111.083 971 31.1609
111.199 1079 32.8481
111.316 1053 32.45
111.432 1111 33.3317
111.549 1081 32.8786
111.665 1091 33.0303
111.782 1164 34.1174
111.898 1121 33.4813
112.015 1006 31.7175
112.132 972 31.1769
112.248 1018 31.9061
112.365 923 30.3809
112.482 871 29.5127
112.599 984 31.3688
112.716 987 31.4166
112.832 1042 32.28
112.949 1031 32.1092
113.066 1098 33.1361
113.183 1170 34.2053
113.3 1115 33.3916
113.417 1110 33.3167
113.534 1104 33.2265
113.652 954 30.8869
113.769 949 30.8058
113.886 892 29.8664
114.003 780 27.9285
114.12 865 29.4109
114.238 947 30.7734
114.355 1001 31.6386
114.472 978 31.273
114.589 1182 34.3802
114.707 1099 33.1512
114.824 1102 33.1964
114.942 1190 34.4964
115.059 1098 33.1361
115.176 1164 34.1174
115.294 1168 34.176
115.411 1135 33.6898
115.529 1106 33.2566
115.646 1042 32.28
115.764 1039 32.2335
115.881 907 30.1164
115.999 877 29.6142
116.116 891 29.8496
116.234 953 30.8707
116.351 1027 32.0468
116.469 1055 32.4808
116.586 1071 32.7261
116.704 1070 32.7109
116.821 1180 34.3511
116.939 1132 33.6452
117.056 1098 33.1361
117.174 1007 31.7333
117.291 883 29.7153
117.409 871 29.5127
117.526 869 29.4788
117.644 829 28.7924
117.761 940 30.6594
117.879 936 30.5941
117.996 1029 32.078
118.114 1073 32.7567
118.231 1071 32.7261
118.349 1174 34.2637
118.466 1159 34.0441
118.584 1124 33.5261
118.701 1142 33.7935
118.819 1084 32.9242
118.936 1101 33.1813
119.053 1132 33.6452
119.171 1059 32.5423
119.288 1040 32.249
119.405 1017 31.8904
119.523 862 29.3598
119.64 818 28.6007
119.757 879 29.6479
119.875 965 31.0644
119.992 941 30.6757
120.109 1075 32.7872
120.226 1081 32.8786
120.343 1083 32.909
120.46 1041 32.2645
120.578 1077 32.8177
120.695 1062 32.5883
120.812 996 31.5595
120.929 1013 31.8277
121.046 874 29.5635
121.163 838 28.9482
121.279 779 27.9106
121.396 850 29.1548
121.513 833 28.8617
121.63 902 30.0333
121.747 898 29.9666
121.863 859 29.3087
121.98 908 30.133
122.097 956 30.9192
122.213 922 30.3645
122.33 869 29.4788
122.446 837 28.931
122.563 827 28.7576
122.679 812 28.4956
122.795 726 26.9444
122.912 628 25.0599
123.028 555 23.5584
123.144 483 21.9773
123.26 447 21.1424
123.377 0 1
123.493 0 1
123.609 0 1
123.725 0 1
123.84 0 1
123.956 0 1
124.072 0 1
124.188 0 1
124.303 0 1
124.419 0 1
126.852 0 1
126.968 0 1
127.083 0 1
127.199 0 1
127.315 0 1
127.431 0 1
127.547 0 1
127.663 0 1
127.779 0 1
127.895 0 1
128.011 0 1
128.127 0 1
128.243 0 1
128.359 1076 32.8024
128.476 1150 33.9116
128.592 1110 33.3167
128.708 1116 33.4066
128.825 1207 34.7419
128.941 1207 34.7419
129.058 1176 34.2929
129.174 1344 36.6606
129.291 1379 37.1349
129.408 1374 37.0675
129.524 1356 36.8239
129.641 1345 36.6742
129.758 1286 35.8608
129.875 1274 35.6931
129.992 1160 34.0588
130.108 1080 32.8634
130.225 1064 32.619
130.342 994 31.5278
130.459 975 31.225
130.576 1216 34.8712
130.693 1222 34.9571
130.81 1194 34.5543
130.928 1198 34.6121
131.045 1290 35.9166
131.162 1345 36.6742
131.279 1364 36.9324
131.396 1334 36.524
131.513 1354 36.7967
131.631 1277 35.7351
131.748 1327 36.428
131.865 1269 35.623
131.983 1260 35.4965
132.1 1201 34.6554
132.217 1109 33.3017
132.335 1128 33.5857
132.452 1175 34.2783
132.57 1199 34.6266
132.687 1321 36.3456
132.804 1255 35.426
132.922 1348 36.7151
133.039 1381 37.1618
133.157 1363 36.9188
133.274 1336 36.5513
133.392 1308 36.1663
133.509 1216 34.8712
133.627 1182 34.3802
133.744 1080 32.8634
133.862 1048 32.3728
133.979 1043 32.2955
134.097 1116 33.4066
134.214 1207 34.7419
134.332 1190 34.4964
134.449 1217 34.8855
134.567 1329 36.4555
134.684 1348 36.7151
134.802 1338 36.5787
134.919 1323 36.3731
135.037 1287 35.8748
135.154 1288 35.8887
135.272 1260 35.4965
135.389 1293 35.9583
135.507 1208 34.7563
135.624 1175 34.2783
135.742 1108 33.2866
135.859 1139 33.7491
135.977 1154 33.9706
136.094 1209 34.7707
136.211 1218 34.8999
136.329 1316 36.2767
136.446 1336 36.5513
136.564 1301 36.0694
136.681 1308 36.1663
136.798 1379 37.1349
136.915 1342 36.6333
137.033 1276 35.7211
137.15 1145 33.8378
137.267 1084 32.9242
137.384 1044 32.311
137.502 986 31.4006
137.619 1023 31.9844
137.736 1150 33.9116
137.853 1130 33.6155
137.97 1138 33.7343
138.087 1150 33.9116
138.204 1228 35.0428
138.321 1334 36.524
138.438 1232 35.0999
138.555 1286 35.8608
138.672 1254 35.4119
138.788 1283 35.819
138.905 1142 33.7935
139.022 1122 33.4963
139.139 1095 33.0908
139.255 1031 32.1092
139.372 909 30.1496
139.488 877 29.6142
139.605 829 28.7924
139.721 852 29.189
139.838 827 28.7576
139.954 838 28.9482
140.071 815 28.5482
140.187 755 27.4773
140.303 668 25.8457
140.419 648 25.4558
140.535 577 24.0208
140.652 576 24
140.768 0 1
140.884 0 1
141 0 1
141.115 0 1
141.231 0 1
141.347 0 1
141.463 0 1
141.578 0 1
141.694 0 1
144.104 0 1
144.219 0 1
144.335 0 1
144.45 0 1
144.566 0 1
144.682 0 1
144.798 0 1
144.914 0 1
145.03 0 1
145.146 836 28.9137
145.262 939 30.6431
145.378 964 31.0483
145.494 1047 32.3574
145.61 896 29.9333
145.726 888 29.7993
145.842 902 30.0333
145.959 825 28.7228
146.075 774 27.8209
146.192 778 27.8927
146.308 713 26.7021
146.425 734 27.0924
146.541 799 28.2666
146.658 809 28.4429
146.774 845 29.0689
146.891 864 29.3939
147.008 880 29.6648
147.125 877 29.6142
147.241 928 30.4631
147.358 932 30.5287
147.475 940 30.6594
147.592 900 30
147.709 889 29.8161
147.826 895 29.9166
147.943 845 29.0689
148.06 840 28.9828
148.177 774 27.8209
148.294 852 29.189
148.411 799 28.2666
148.528 797 28.2312
148.645 829 28.7924
148.762 893 29.8831
148.88 940 30.6594
148.997 887 29.7825
149.114 859 29.3087
149.231 910 30.1662
149.349 907 30.1164
149.466 939 30.6431
149.583 790 28.1069
149.701 819 28.6182
149.818 792 28.1425
149.935 689 26.2488
150.053 700 26.4575
150.17 762 27.6043
150.287 800 28.2843
150.405 833 28.8617
150.522 852 29.189
150.64 857 29.2746
150.757 876 29.5973
150.875 867 29.4449
150.992 856 29.2575
151.11 865 29.4109
151.227 881 29.6816
151.344 797 28.2312
151.462 796 28.2135
151.579 827 28.7576
151.697 831 28.8271
151.814 778 27.8927
151.932 760 27.5681
152.049 827 28.7576
152.167 804 28.3549
152.284 822 28.6705
152.402 895 29.9166
152.519 865 29.4109
152.636 911 30.1828
152.754 839 28.9655
152.871 837 28.931
152.989 787 28.0535
153.106 810 28.4605
153.223 791 28.1247
153.341 735 27.1109
153.458 682 26.1151
153.575 668 25.8457
153.693 689 26.2488
153.81 680 26.0768
153.927 747 27.3313
154.044 766 27.6767
154.162 797 28.2312
154.279 799 28.2666
154.396 820 28.6356
154.513 852 29.189
154.63 830 28.8097
154.747 867 29.4449
154.864 798 28.2489
154.981 779 27.9106
155.098 797 28.2312
155.215 727 26.9629
155.332 719 26.8142
155.449 655 25.593
155.566 711 26.6646
155.683 691 26.2869
155.8 728 26.9815
155.917 733 27.074
156.033 767 27.6948
156.15 0 1
156.267 0 1
156.383 0 1
156.5 0 1
156.617 0 1
156.733 0 1
156.85 0 1
156.966 0 1
157.082 0 1
157.199 0 1
157.315 0 1
157.431 0 1
157.547 0 1
157.664 0 1
157.78 0 1
157.896 0 1
158.012 0 1
158.128 0 1
158.244 0 1
158.359 0 1
158.475 0 1
158.591 0 1
158.706 0 1
