
6.15755 0 1
6.2731 0 1
6.3887 0 1
6.50437 0 1
6.62009 0 1
6.73587 0 1
6.8517 0 1
6.96759 0 1
7.08353 0 1
7.19952 0 1
7.31557 0 1
7.43166 0 1
7.54781 0 1
7.664 0 1
7.78024 0 1
7.89653 0 1
8.01286 0 1
8.12924 0 1
8.24567 0 1
8.36213 0 1
8.47864 0 1
8.59519 0 1
8.71178 0 1
8.82841 0 1
8.94508 0 1
9.06179 0 1
9.17853 0 1
9.29531 0 1
9.41212 0 1
9.52897 0 1
9.64584 0 1
9.76276 0 1
9.8797 0 1
9.99667 0 1
10.1137 0 1
10.2307 0 1
10.3478 0 1
10.4648 0 1
10.5819 0 1
10.6991 0 1
10.8162 0 1
10.9334 0 1
11.0506 0 1
11.1678 0 1
11.285 0 1
11.4023 0 1
11.5196 0 1
11.6369 0 1
11.7542 0 1
11.8715 0 1
11.9888 0 1
12.1062 0 1
12.2235 0 1
12.3409 0 1
12.4582 0 1
12.5756 0 1
12.693 0 1
12.8104 0 1
12.9278 0 1
13.0452 0 1
13.1626 0 1
13.28 0 1
13.3974 0 1
13.5149 0 1
13.6323 0 1
13.7497 0 1
13.8671 0 1
13.9845 0 1
14.1019 0 1
14.2193 0 1
14.3367 0 1
14.4541 0 1
14.5714 0 1
14.6888 0 1
14.8062 0 1
14.9235 0 1
15.0408 0 0
15.1581 0 0
15.2755 0 0
15.3927 0 0
15.51 0 0
15.6273 0 0
15.7445 0 0
15.8617 0 0
15.9789 0 0
16.0961 0 0
16.2132 0 0
16.3304 0 0
16.4475 0 0
16.5646 0 0
16.6816 0 0
16.7986 0 0
16.9156 0 0
17.0326 0 0
17.1496 0 0
17.2665 0 0
17.3833 0 0
17.5002 0 0
17.617 0 0
17.7338 0 0
17.8505 0 0
17.9672 0 0
18.0839 0 0
18.2005 0 0
18.3171 0 0
18.4337 0 0
18.5502 0 0
18.6666 0 0
18.7831 0 0
18.8994 0 0
19.0158 0 0
19.1321 0 0
19.2483 0 0
19.3645 0 0
19.4806 0 0
19.5967 0 0
19.7128 0 0
19.8288 0 0
19.9447 0 0
20.0606 0 1
20.1764 0 1
20.2922 0 1
20.4079 0 1
20.5236 0 1
20.6392 0 1
20.7548 0 1
20.8702 0 1
23.3078 0 1
23.4233 0 1
23.539 0 1
23.6547 0 1
23.7704 0 1
23.8862 0 1
24.0021 0 1
24.118 0 1
24.234 0 1
24.35 0 1
24.4661 1295 35.9861
24.5822 1246 35.2987
24.6984 1313 36.2353
24.8146 1279 35.7631
24.9309 1255 35.426
25.0472 1212 34.8138
25.1636 1281 35.7911
25.28 1282 35.805
25.3965 1264 35.5528
25.513 1275 35.7071
25.6296 1380 37.1484
25.7462 1407 37.51
25.8628 1321 36.3456
25.9795 1320 36.3318
26.0962 1289 35.9026
26.213 1334 36.524
26.3298 1379 37.1349
26.4466 1307 36.1525
26.5635 1251 35.3695
26.6804 1211 34.7994
26.7973 1263 35.5387
26.9143 1286 35.8608
27.0313 1321 36.3456
27.1483 1421 37.6962
27.2653 1403 37.4566
27.3824 1423 37.7227
27.4996 1407 37.51
27.6167 1429 37.8021
27.7339 1399 37.4032
27.8511 1276 35.7211
27.9683 1367 36.973
28.0855 1320 36.3318
28.2028 1274 35.6931
28.3201 1285 35.8469
28.4374 1212 34.8138
28.5547 1161 34.0735
28.6721 1223 34.9714
28.7894 1170 34.2053
28.9068 1181 34.3657
29.0242 1211 34.7994
29.1416 1234 35.1283
29.259 1196 34.5832
29.3764 1263 35.5387
29.4939 1263 35.5387
29.6113 1191 34.5109
29.7288 1282 35.805
29.8463 1220 34.9285
29.9638 1203 34.6843
30.0812 1198 34.6121
30.1987 1135 33.6898
30.3162 1113 33.3617
30.4337 1202 34.6699
30.5512 1284 35.8329
30.6687 1329 36.4555
30.7862 1386 37.229
30.9037 1292 35.9444
31.0212 1426 37.7624
31.1387 1311 36.2077
31.2562 1333 36.5103
31.3737 1330 36.4692
31.4912 1285 35.8469
31.6087 1274 35.6931
31.7262 1344 36.6606
31.8436 1209 34.7707
31.9611 1253 35.3977
32.0785 1235 35.1426
32.1959 1169 34.1906
32.3134 1171 34.2199
32.4308 1178 34.322
32.5482 1129 33.6006
32.6655 1119 33.4515
32.7829 1221 34.9428
32.9002 1153 33.9559
33.0176 1221 34.9428
33.1349 1163 34.1028
33.2522 1175 34.2783
33.3694 1197 34.5977
33.4867 1225 35
33.6039 1174 34.2637
33.7211 1110 33.3167
33.8383 1136 33.7046
33.9554 1090 33.0151
34.0725 1158 34.0294
34.1896 1185 34.4238
34.3067 1195 34.5688
34.4237 1317 36.2905
34.5407 1301 36.0694
34.6577 1339 36.5923
34.7746 1261 35.5106
34.8915 1265 35.5668
35.0084 1302 36.0832
35.1252 1319 36.318
35.242 1212 34.8138
35.3587 1176 34.2929
35.4755 1192 34.5254
35.5921 1168 34.176
35.7088 1134 33.6749
35.8254 1082 32.8938
35.9419 1062 32.5883
36.0584 1109 33.3017
36.1749 1069 32.6956
36.2913 1107 33.2716
36.4077 1065 32.6343
36.524 1076 32.8024
36.6403 1072 32.7414
36.7565 1138 33.7343
36.8727 1162 34.0881
36.9889 1181 34.3657
37.1049 1095 33.0908
37.221 0 1
37.3369 0 1
37.4529 0 1
37.5687 0 1
37.6845 0 1
37.8003 0 1
37.916 0 1
38.0316 0 1
38.1472 0 1
40.5851 0 1
40.7008 0 1
40.8164 0 1
40.9322 0 1
41.048 0 1
41.1639 0 1
41.2798 0 1
41.3958 0 1
41.5118 0 1
41.6279 0 1
41.744 824 28.7054
41.8602 857 29.2746
41.9765 882 29.6985
42.0928 893 29.8831
42.2091 945 30.7409
42.3255 984 31.3688
42.4419 921 30.348
42.5584 895 29.9166
42.675 806 28.3901
42.7915 834 28.8791
42.9081 917 30.282
43.0248 853 29.2062
43.1415 933 30.545
43.2582 932 30.5287
43.375 1017 31.8904
43.4918 910 30.1662
43.6087 989 31.4484
43.7256 941 30.6757
43.8425 918 30.2985
43.9595 905 30.0832
44.0765 886 29.7658
44.1935 875 29.5804
44.3106 828 28.775
44.4277 803 28.3373
44.5448 741 27.2213
44.6619 687 26.2107
44.7791 694 26.3439
44.8963 673 25.9422
45.0136 626 25.02
45.1308 643 25.3574
45.2481 660 25.6905
45.3654 609 24.6779
45.4827 677 26.0192
45.6001 700 26.4575
45.7174 668 25.8457
45.8348 726 26.9444
45.9522 685 26.1725
46.0697 630 25.0998
46.1871 642 25.3377
46.3046 583 24.1454
46.422 636 25.219
46.5395 638 25.2587
46.657 679 26.0576
46.7745 642 25.3377
46.892 648 25.4558
47.0096 732 27.0555
47.1271 660 25.6905
47.2446 644 25.3772
47.3622 666 25.807
47.4797 645 25.3969
47.5973 652 25.5343
47.7149 636 25.219
47.8324 601 24.5153
47.95 557 23.6008
48.0675 522 22.8473
48.1851 477 21.8403
48.3027 448 21.166
48.4202 465 21.5639
48.5378 454 21.3073
48.6554 402 20.0499
48.7729 464 21.5407
48.8904 473 21.7486
49.008 470 21.6795
49.1255 463 21.5174
49.243 558 23.622
49.3605 501 22.383
49.478 523 22.8692
49.5955 494 22.2261
49.713 473 21.7486
49.8304 481 21.9317
49.9479 557 23.6008
50.0653 558 23.622
50.1827 547 23.388
50.3001 574 23.9583
50.4175 616 24.8193
50.5348 635 25.1992
50.6521 644 25.3772
50.7694 631 25.1197
50.8867 644 25.3772
51.004 677 26.0192
51.1212 683 26.1343
51.2384 645 25.3969
51.3556 682 26.1151
51.4727 684 26.1534
51.5899 636 25.219
51.707 607 24.6374
51.824 611 24.7184
51.9411 641 25.318
52.0581 622 24.9399
52.175 657 25.632
52.2919 665 25.7876
52.4088 707 26.5895
52.5257 710 26.6458
52.6425 725 26.9258
52.7593 752 27.4226
52.876 858 29.2916
52.9927 865 29.4109
53.1094 849 29.1376
53.226 830 28.8097
53.3426 774 27.8209
53.4591 827 28.7576
53.5756 899 29.9833
53.692 975 31.225
53.8084 941 30.6757
53.9248 1052 32.4345
54.0411 1061 32.573
54.1573 1051 32.4191
54.2735 0 1
54.3896 0 1
54.5057 0 1
54.6217 0 1
54.7377 0 1
54.8537 0 1
54.9695 0 1
55.0853 0 1
55.2011 0 1
55.3168 0 1
55.4324 0 1
57.824 0 1
57.9396 0 1
58.0553 0 1
58.1711 0 1
58.2869 0 1
58.4028 0 1
58.5187 0 1
58.6347 0 1
58.7508 0 1
58.8669 0 1
58.983 1096 33.1059
59.0992 1174 34.2637
59.2155 1176 34.2929
59.3318 1304 36.1109
59.4482 1247 35.3129
59.5646 1230 35.0714
59.681 1249 35.3412
59.7975 1129 33.6006
59.9141 1167 34.1614
60.0306 1114 33.3766
60.1473 1026 32.0312
60.2639 969 31.1288
60.3807 895 29.9166
60.4974 815 28.5482
60.6142 876 29.5973
60.731 850 29.1548
60.8479 833 28.8617
60.9648 893 29.8831
61.0818 877 29.6142
61.1987 965 31.0644
61.3158 1013 31.8277
61.4328 995 31.5436
61.5499 987 31.4166
61.667 987 31.4166
61.7841 937 30.6105
61.9013 912 30.1993
62.0185 933 30.545
62.1357 1003 31.6702
62.253 1027 32.0468
62.3702 1054 32.4654
62.4875 1059 32.5423
62.6049 1109 33.3017
62.7222 1112 33.3467
62.8396 1175 34.2783
62.9569 1211 34.7994
63.0743 1169 34.1906
63.1918 1161 34.0735
63.3092 1116 33.4066
63.4267 1068 32.6803
63.5441 1032 32.1248
63.6616 951 30.8383
63.7791 911 30.1828
63.8966 895 29.9166
64.0142 881 29.6816
64.1317 847 29.1033
64.2492 855 29.2404
64.3668 793 28.1603
64.4843 864 29.3939
64.6019 896 29.9333
64.7195 961 31
64.837 1028 32.0624
64.9546 1024 32
65.0722 1059 32.5423
65.1898 1002 31.6544
65.3074 989 31.4484
65.4249 964 31.0483
65.5425 956 30.9192
65.6601 1044 32.311
65.7777 1026 32.0312
65.8952 1064 32.619
66.0128 1101 33.1813
66.1304 1140 33.7639
66.2479 1128 33.5857
66.3655 1241 35.2278
66.483 1191 34.5109
66.6005 1206 34.7275
66.718 1147 33.8674
66.8355 1205 34.7131
66.953 1116 33.4066
67.0705 1075 32.7872
67.1879 1019 31.9218
67.3054 1004 31.686
67.4228 923 30.3809
67.5402 816 28.5657
67.6576 779 27.9106
67.7749 738 27.1662
67.8923 791 28.1247
68.0096 841 29
68.1269 822 28.6705
68.2442 935 30.5778
68.3614 983 31.3528
68.4787 1020 31.9374
68.5958 989 31.4484
68.713 965 31.0644
68.8302 1023 31.9844
68.9473 971 31.1609
69.0643 910 30.1662
69.1814 909 30.1496
69.2984 974 31.209
69.4154 965 31.0644
69.5323 1045 32.3265
69.6492 1096 33.1059
69.7661 1169 34.1906
69.8829 1223 34.9714
69.9997 1196 34.5832
70.1165 1258 35.4683
70.2332 1161 34.0735
70.3499 1231 35.0856
70.4665 1131 33.6303
70.5831 1175 34.2783
70.6996 1048 32.3728
70.8161 1003 31.6702
70.9326 915 30.249
71.049 895 29.9166
71.1653 828 28.775
71.2817 745 27.2947
71.3979 694 26.3439
71.5141 744 27.2764
71.6303 758 27.5318
71.7464 714 26.7208
71.8624 0 1
71.9784 0 1
72.0944 0 1
72.2102 0 1
72.3261 0 1
72.4418 0 1
72.5575 0 1
72.6732 0 1
75.1054 0 1
75.2209 0 1
75.3365 0 1
75.4521 0 1
75.5678 0 1
75.6835 0 1
75.7993 0 1
75.9151 0 1
76.031 0 1
76.147 933 30.545
76.263 957 30.9354
76.3791 890 29.8329
76.4952 854 29.2233
76.6113 743 27.258
76.7276 788 28.0713
76.8438 788 28.0713
76.9601 751 27.4044
77.0765 820 28.6356
77.1929 946 30.7571
77.3093 952 30.8545
77.4258 1037 32.2025
77.5423 1039 32.2335
77.6589 1018 31.9061
77.7755 1003 31.6702
77.8921 988 31.4325
78.0088 935 30.5778
78.1256 936 30.5941
78.2423 962 31.0161
78.3591 930 30.4959
78.4759 946 30.7571
78.5928 1015 31.8591
78.7097 1034 32.1559
78.8266 1009 31.7648
78.9436 1197 34.5977
79.0606 1177 34.3074
79.1776 1189 34.4819
79.2946 1141 33.7787
79.4117 1180 34.3511
79.5288 1169 34.1906
79.6459 1106 33.2566
79.7631 1031 32.1092
79.8802 914 30.2324
79.9974 771 27.7669
80.1147 741 27.2213
80.2319 699 26.4386
80.3491 610 24.6982
80.4664 723 26.8887
80.5837 687 26.2107
80.701 754 27.4591
80.8183 837 28.931
80.9357 842 29.0172
81.053 879 29.6479
81.1704 875 29.5804
81.2877 869 29.4788
81.4051 871 29.5127
81.5225 838 28.9482
81.6399 865 29.4109
81.7573 824 28.7054
81.8747 752 27.4226
81.9922 813 28.5132
82.1096 849 29.1376
82.227 836 28.9137
82.3444 923 30.3809
82.4619 973 31.1929
82.5793 938 30.6268
82.6967 938 30.6268
82.8142 991 31.4802
82.9316 959 30.9677
83.049 973 31.1929
83.1664 948 30.7896
83.2838 882 29.6985
83.4012 785 28.0179
83.5186 737 27.1477
83.636 691 26.2869
83.7534 623 24.96
83.8708 578 24.0416
83.9881 518 22.7596
84.1055 561 23.6854
84.2228 600 24.4949
84.3401 652 25.5343
84.4575 723 26.8887
84.5747 769 27.7308
84.692 781 27.9464
84.8093 876 29.5973
84.9265 776 27.8568
85.0437 809 28.4429
85.1609 755 27.4773
85.2781 757 27.5136
85.3952 692 26.3059
85.5123 793 28.1603
85.6294 754 27.4591
85.7465 830 28.8097
85.8636 889 29.8161
85.9806 964 31.0483
86.0976 994 31.5278
86.2145 1006 31.7175
86.3315 1099 33.1512
86.4484 1069 32.6956
86.5652 1052 32.4345
86.682 1045 32.3265
86.7988 1008 31.749
86.9156 1036 32.187
87.0323 901 30.0167
87.149 827 28.7576
87.2657 792 28.1425
87.3823 746 27.313
87.4988 677 26.0192
87.6154 685 26.1725
87.7318 725 26.9258
87.8483 748 27.3496
87.9647 826 28.7402
88.081 900 30
88.1973 979 31.289
88.3136 939 30.6431
88.4298 1060 32.5576
88.546 949 30.8058
88.6621 956 30.9192
88.7781 944 30.7246
88.8942 0 1
89.0101 0 1
89.126 0 1
89.2419 0 1
89.3577 0 1
89.4734 0 1
89.5891 0 1
89.7047 0 1
89.8203 0 1
89.9358 0 1
92.3269 0 1
92.4424 0 1
92.558 0 1
92.6736 0 1
92.7893 0 1
92.905 0 1
93.0208 0 1
93.1366 0 1
93.2525 0 1
93.3685 0 1
93.4845 0 1
93.6005 971 31.1609
93.7167 1018 31.9061
93.8328 1005 31.7017
93.949 1000 31.6228
94.0653 930 30.4959
94.1816 906 30.0998
94.2979 993 31.5119
94.4143 992 31.496
94.5307 925 30.4138
94.6472 898 29.9666
94.7637 979 31.289
94.8803 1052 32.4345
94.9969 1067 32.665
95.1135 1202 34.6699
95.2302 1207 34.7419
95.3469 1160 34.0588
95.4637 1181 34.3657
95.5805 1200 34.641
95.6973 1233 35.1141
95.8142 1155 33.9853
95.9311 1176 34.2929
96.048 1053 32.45
96.1649 1010 31.7805
96.2819 945 30.7409
96.3989 864 29.3939
96.516 839 28.9655
96.633 729 27
96.7501 665 25.7876
96.8673 697 26.4008
96.9844 794 28.178
97.1016 819 28.6182
97.2188 941 30.6757
97.336 1027 32.0468
97.4532 1042 32.28
97.5704 1019 31.9218
97.6877 1047 32.3574
97.805 973 31.1929
97.9223 954 30.8869
98.0396 981 31.3209
98.1569 894 29.8998
98.2743 948 30.7896
98.3916 969 31.1288
98.509 1002 31.6544
98.6264 1042 32.28
98.7438 1130 33.6155
98.8612 1163 34.1028
98.9786 1160 34.0588
99.096 1197 34.5977
99.2134 1247 35.3129
99.3308 1185 34.4238
99.4482 1172 34.2345
99.5656 1198 34.6121
99.6831 1121 33.4813
99.8005 1008 31.749
99.9179 1001 31.6386
100.035 877 29.6142
100.153 875 29.5804
100.27 798 28.2489
100.388 775 27.8388
100.505 766 27.6767
100.622 832 28.8444
100.74 975 31.225
100.857 1008 31.749
100.975 1039 32.2335
101.092 1030 32.0936
101.209 959 30.9677
101.327 986 31.4006
101.444 1006 31.7175
101.561 977 31.257
101.679 975 31.225
101.796 971 31.1609
101.913 988 31.4325
102.03 1093 33.0606
102.148 1127 33.5708
102.265 1097 33.121
102.382 1294 35.9722
102.499 1196 34.5832
102.616 1300 36.0555
102.733 1312 36.2215
102.851 1354 36.7967
102.968 1281 35.7911
103.085 1297 36.0139
103.202 1193 34.5398
103.319 1151 33.9264
103.436 1076 32.8024
103.552 981 31.3209
103.669 897 29.95
103.786 854 29.2233
103.903 795 28.1957
104.02 827 28.7576
104.137 926 30.4302
104.253 999 31.607
104.37 1056 32.4962
104.487 1129 33.6006
104.603 1063 32.6037
104.72 1136 33.7046
104.836 1049 32.3883
104.953 1083 32.909
105.069 1081 32.8786
105.186 1059 32.5423
105.302 1074 32.7719
105.418 1069 32.6956
105.535 1149 33.8969
105.651 1219 34.9142
105.767 1365 36.9459
105.883 1412 37.5766
105.999 1368 36.9865
106.115 0 1
106.231 0 1
106.347 0 1
106.463 0 1
106.579 0 1
106.694 0 1
106.81 0 1
106.926 0 1
107.041 0 1
107.157 0 1
109.576 0 1
109.692 0 1
109.807 0 1
109.923 0 1
110.039 0 1
110.155 0 1
110.27 0 1
110.386 0 1
110.502 0 1
110.618 1060 32.5576
110.735 1207 34.7419
110.851 1257 35.4542
110.967 1173 34.2491
111.083 1260 35.4965
111.199 1340 36.606
111.316 1305 36.1248
111.432 1315 36.2629
111.549 1276 35.7211
111.665 1230 35.0714
111.782 1151 33.9264
111.898 1181 34.3657
112.015 1043 32.2955
112.132 1038 32.218
112.248 871 29.5127
112.365 873 29.5466
112.482 754 27.4591
112.599 883 29.7153
112.716 952 30.8545
112.832 906 30.0998
112.949 1068 32.6803
113.066 1030 32.0936
113.183 1042 32.28
113.3 1009 31.7648
113.417 1030 32.0936
113.534 985 31.3847
113.652 1030 32.0936
113.769 1039 32.2335
113.886 1023 31.9844
114.003 1020 31.9374
114.12 1093 33.0606
114.238 1132 33.6452
114.355 1189 34.4819
114.472 1282 35.805
114.589 1289 35.9026
114.707 1319 36.318
114.824 1387 37.2424
114.942 1297 36.0139
115.059 1282 35.805
115.176 1230 35.0714
115.294 1260 35.4965
115.411 1176 34.2929
115.529 1071 32.7261
115.646 1036 32.187
115.764 944 30.7246
115.881 890 29.8329
115.999 872 29.5296
116.116 960 30.9839
116.234 968 31.1127
116.351 994 31.5278
116.469 1079 32.8481
116.586 1087 32.9697
116.704 1046 32.3419
116.821 1042 32.28
116.939 1065 32.6343
117.056 1082 32.8938
117.174 1080 32.8634
117.291 1062 32.5883
117.409 1112 33.3467
117.526 1108 33.2866
117.644 1115 33.3916
117.761 1222 34.9571
117.879 1331 36.4829
117.996 1271 35.6511
118.114 1347 36.7015
118.231 1389 37.2693
118.349 1313 36.2353
118.466 1438 37.921
118.584 1430 37.8153
118.701 1381 37.1618
118.819 1407 37.51
118.936 1254 35.4119
119.053 1246 35.2987
119.171 1177 34.3074
119.288 1115 33.3916
119.405 992 31.496
119.523 955 30.9031
119.64 943 30.7083
119.757 925 30.4138
119.875 1007 31.7333
119.992 998 31.5911
120.109 1046 32.3419
120.226 1123 33.5112
120.343 1092 33.0454
120.46 1064 32.619
120.578 1034 32.1559
120.695 1113 33.3617
120.812 1103 33.2114
120.929 1044 32.311
121.046 1098 33.1361
121.163 1154 33.9706
121.279 1173 34.2491
121.396 1266 35.5809
121.513 1257 35.4542
121.63 1338 36.5787
121.747 1320 36.3318
121.863 1316 36.2767
121.98 1363 36.9188
122.097 1341 36.6197
122.213 1348 36.7151
122.33 1403 37.4566
122.446 1364 36.9324
122.563 1261 35.5106
122.679 1234 35.1283
122.795 1196 34.5832
122.912 1144 33.8231
123.028 1071 32.7261
123.144 985 31.3847
123.26 925 30.4138
123.377 0 1
123.493 0 1
123.609 0 1
123.725 0 1
123.84 0 1
123.956 0 1
124.072 0 1
124.188 0 1
124.303 0 1
124.419 0 1
126.852 0 1
126.968 0 1
127.083 0 1
127.199 0 1
127.315 0 1
127.431 0 1
127.547 0 1
127.663 0 1
127.779 0 1
127.895 0 1
128.011 0 1
128.127 0 1
128.243 0 1
128.359 1134 33.6749
128.476 1099 33.1512
128.592 1043 32.2955
128.708 1074 32.7719
128.825 1067 32.665
128.941 1150 33.9116
129.058 1184 34.4093
129.174 1240 35.2136
129.291 1108 33.2866
129.408 1123 33.5112
129.524 1117 33.4215
129.641 1092 33.0454
129.758 1133 33.6601
129.875 1155 33.9853
129.992 1254 35.4119
130.108 1241 35.2278
130.225 1255 35.426
130.342 1351 36.756
130.459 1308 36.1663
130.576 1414 37.6032
130.693 1415 37.6165
130.81 1391 37.2961
130.928 1315 36.2629
131.045 1406 37.4967
131.162 1463 38.2492
131.279 1334 36.524
131.396 1331 36.4829
131.513 1367 36.973
131.631 1306 36.1386
131.748 1271 35.6511
131.865 1202 34.6699
131.983 1073 32.7567
132.1 1031 32.1092
132.217 1037 32.2025
132.335 1105 33.2415
132.452 1130 33.6155
132.57 1183 34.3948
132.687 1144 33.8231
132.804 1203 34.6843
132.922 1157 34.0147
133.039 1153 33.9559
133.157 1126 33.5559
133.274 1152 33.9411
133.392 1165 34.1321
133.509 1201 34.6554
133.627 1106 33.2566
133.744 1289 35.9026
133.862 1362 36.9053
133.979 1319 36.318
134.097 1341 36.6197
134.214 1326 36.4143
134.332 1506 38.8072
134.449 1252 35.3836
134.567 1336 36.5513
134.684 1324 36.3868
134.802 1347 36.7015
134.919 1398 37.3898
135.037 1387 37.2424
135.154 1301 36.0694
135.272 1293 35.9583
135.389 1188 34.4674
135.507 1164 34.1174
135.624 1047 32.3574
135.742 1089 33
135.859 1083 32.909
135.977 1201 34.6554
136.094 1159 34.0441
136.211 1147 33.8674
136.329 1169 34.1906
136.446 1118 33.4365
136.564 1149 33.8969
136.681 1141 33.7787
136.798 1190 34.4964
136.915 1163 34.1028
137.033 1202 34.6699
137.15 1180 34.3511
137.267 1231 35.0856
137.384 1210 34.7851
137.502 1340 36.606
137.619 1295 35.9861
137.736 1297 36.0139
137.853 1284 35.8329
137.97 1365 36.9459
138.087 1357 36.8375
138.204 1330 36.4692
138.321 1375 37.081
138.438 1369 37
138.555 1354 36.7967
138.672 1371 37.027
138.788 1328 36.4417
138.905 1258 35.4683
139.022 1227 35.0286
139.139 1164 34.1174
139.255 1121 33.4813
139.372 1077 32.8177
139.488 1092 33.0454
139.605 1190 34.4964
139.721 1133 33.6601
139.838 1179 34.3366
139.954 1207 34.7419
140.071 1184 34.4093
140.187 1159 34.0441
140.303 1173 34.2491
140.419 1188 34.4674
140.535 1063 32.6037
140.652 1098 33.1361
140.768 0 1
140.884 0 1
141 0 1
141.115 0 1
141.231 0 1
141.347 0 1
141.463 0 1
141.578 0 1
141.694 0 1
144.104 0 1
144.219 0 1
144.335 0 1
144.45 0 1
144.566 0 1
144.682 0 1
144.798 0 1
144.914 0 1
145.03 0 1
145.146 842 29.0172
145.262 925 30.4138
145.378 868 29.4618
145.494 908 30.133
145.61 903 30.05
145.726 940 30.6594
145.842 955 30.9031
145.959 942 30.692
146.075 852 29.189
146.192 960 30.9839
146.308 985 31.3847
146.425 956 30.9192
146.541 1029 32.078
146.658 1072 32.7414
146.774 1049 32.3883
146.891 1015 31.8591
147.008 1052 32.4345
147.125 1028 32.0624
147.241 1013 31.8277
147.358 1015 31.8591
147.475 1109 33.3017
147.592 1066 32.6497
147.709 1025 32.0156
147.826 963 31.0322
147.943 940 30.6594
148.06 854 29.2233
148.177 849 29.1376
148.294 887 29.7825
148.411 885 29.7489
148.528 931 30.5123
148.645 949 30.8058
148.762 1011 31.7962
148.88 955 30.9031
148.997 984 31.3688
149.114 942 30.692
149.231 1001 31.6386
149.349 977 31.257
149.466 938 30.6268
149.583 982 31.3369
149.701 947 30.7734
149.818 1025 32.0156
149.935 1010 31.7805
150.053 967 31.0966
150.17 986 31.4006
150.287 1101 33.1813
150.405 1068 32.6803
150.522 1050 32.4037
150.64 1024 32
150.757 1012 31.8119
150.875 1054 32.4654
150.992 1080 32.8634
151.11 1093 33.0606
151.227 1078 32.8329
151.344 1093 33.0606
151.462 1067 32.665
151.579 996 31.5595
151.697 999 31.607
151.814 943 30.7083
151.932 893 29.8831
152.049 900 30
152.167 955 30.9031
152.284 1006 31.7175
152.402 1072 32.7414
152.519 1024 32
152.636 1006 31.7175
152.754 1007 31.7333
152.871 978 31.273
152.989 1029 32.078
153.106 982 31.3369
153.223 1004 31.686
153.341 1012 31.8119
153.458 1075 32.7872
153.575 1022 31.9687
153.693 1037 32.2025
153.81 1061 32.573
153.927 1122 33.4963
154.044 1115 33.3916
154.162 1116 33.4066
154.279 1150 33.9116
154.396 1155 33.9853
154.513 1241 35.2278
154.63 1259 35.4824
154.747 1219 34.9142
154.864 1225 35
154.981 1266 35.5809
155.098 1166 34.1467
155.215 1151 33.9264
155.332 1111 33.3317
155.449 1056 32.4962
155.566 1045 32.3265
155.683 1124 33.5261
155.8 1219 34.9142
155.917 1189 34.4819
156.033 1145 33.8378
156.15 0 1
156.267 0 1
156.383 0 1
156.5 0 1
156.617 0 1
156.733 0 1
156.85 0 1
156.966 0 1
157.082 0 1
157.199 0 1
157.315 0 1
157.431 0 1
157.547 0 1
157.664 0 1
157.78 0 1
157.896 0 1
158.012 0 1
158.128 0 1
158.244 0 1
158.359 0 1
158.475 0 1
158.591 0 1
158.706 0 1
