
6.15755 0 1
6.2731 0 1
6.3887 0 1
6.50437 0 1
6.62009 0 1
6.73587 0 1
6.8517 0 1
6.96759 0 1
7.08353 0 1
7.19952 0 1
7.31557 0 1
7.43166 0 1
7.54781 0 1
7.664 0 1
7.78024 0 1
7.89653 0 1
8.01286 0 1
8.12924 0 1
8.24567 0 1
8.36213 0 1
8.47864 0 1
8.59519 0 1
8.71178 0 1
8.82841 0 1
8.94508 0 1
9.06179 0 1
9.17853 0 1
9.29531 0 1
9.41212 0 1
9.52897 0 1
9.64584 0 1
9.76276 0 1
9.8797 0 1
9.99667 0 1
10.1137 0 1
10.2307 0 1
10.3478 0 1
10.4648 0 1
10.5819 0 1
10.6991 0 1
10.8162 0 1
10.9334 0 1
11.0506 0 1
11.1678 0 1
11.285 0 1
11.4023 0 1
11.5196 0 1
11.6369 0 1
11.7542 0 1
11.8715 0 1
11.9888 0 1
12.1062 0 1
12.2235 0 1
12.3409 0 1
12.4582 0 1
12.5756 0 1
12.693 0 1
12.8104 0 1
12.9278 0 1
13.0452 0 1
13.1626 0 1
13.28 0 1
13.3974 0 1
13.5149 0 1
13.6323 0 1
13.7497 0 1
13.8671 0 1
13.9845 0 1
14.1019 0 1
14.2193 0 1
14.3367 0 1
14.4541 0 1
14.5714 0 1
14.6888 0 1
14.8062 0 1
14.9235 0 1
15.0408 0 0
15.1581 0 0
15.2755 0 0
15.3927 0 0
15.51 0 0
15.6273 0 0
15.7445 0 0
15.8617 0 0
15.9789 0 0
16.0961 0 0
16.2132 0 0
16.3304 0 0
16.4475 0 0
16.5646 0 0
16.6816 0 0
16.7986 0 0
16.9156 0 0
17.0326 0 0
17.1496 0 0
17.2665 0 0
17.3833 0 0
17.5002 0 0
17.617 0 0
17.7338 0 0
17.8505 0 0
17.9672 0 0
18.0839 0 0
18.2005 0 0
18.3171 0 0
18.4337 0 0
18.5502 0 0
18.6666 0 0
18.7831 0 0
18.8994 0 0
19.0158 0 0
19.1321 0 0
19.2483 0 0
19.3645 0 0
19.4806 0 0
19.5967 0 0
19.7128 0 0
19.8288 0 0
19.9447 0 0
20.0606 0 1
20.1764 0 1
20.2922 0 1
20.4079 0 1
20.5236 0 1
20.6392 0 1
20.7548 0 1
20.8702 0 1
23.3078 0 1
23.4233 0 1
23.539 0 1
23.6547 0 1
23.7704 0 1
23.8862 0 1
24.0021 0 1
24.118 0 1
24.234 0 1
24.35 0 1
24.4661 1768 42.0476
24.5822 1632 40.398
24.6984 1707 41.3159
24.8146 1712 41.3763
24.9309 1647 40.5832
25.0472 1597 39.9625
25.1636 1675 40.9268
25.28 1664 40.7922
25.3965 1662 40.7676
25.513 1746 41.7852
25.6296 1633 40.4104
25.7462 1704 41.2795
25.8628 1771 42.0833
25.9795 1766 42.0238
26.0962 1814 42.5911
26.213 1791 42.3202
26.3298 1808 42.5206
26.4466 1765 42.0119
26.5635 1651 40.6325
26.6804 1489 38.5876
26.7973 1543 39.281
26.9143 1591 39.8873
27.0313 1659 40.7308
27.1483 1556 39.4462
27.2653 1693 41.1461
27.3824 1716 41.4246
27.4996 1755 41.8927
27.6167 1811 42.5558
27.7339 1799 42.4146
27.8511 1708 41.328
27.9683 1747 41.7971
28.0855 1724 41.5211
28.2028 1754 41.8808
28.3201 1645 40.5586
28.4374 1653 40.6571
28.5547 1671 40.8779
28.6721 1686 41.0609
28.7894 1654 40.6694
28.9068 1656 40.694
29.0242 1589 39.8623
29.1416 1638 40.4722
29.259 1622 40.2741
29.3764 1569 39.6106
29.4939 1662 40.7676
29.6113 1720 41.4729
29.7288 1681 41
29.8463 1623 40.2865
29.9638 1610 40.1248
30.0812 1522 39.0128
30.1987 1456 38.1576
30.3162 1368 36.9865
30.4337 1484 38.5227
30.5512 1545 39.3065
30.6687 1498 38.704
30.7862 1642 40.5216
30.9037 1691 41.1218
31.0212 1671 40.8779
31.1387 1651 40.6325
31.2562 1685 41.0488
31.3737 1648 40.5956
31.4912 1657 40.7063
31.6087 1669 40.8534
31.7262 1715 41.4126
31.8436 1711 41.3642
31.9611 1566 39.5727
32.0785 1591 39.8873
32.1959 1558 39.4715
32.3134 1525 39.0512
32.4308 1603 40.0375
32.5482 1597 39.9625
32.6655 1546 39.3192
32.7829 1561 39.5095
32.9002 1617 40.2119
33.0176 1600 40
33.1349 1622 40.2741
33.2522 1636 40.4475
33.3694 1581 39.7618
33.4867 1655 40.6817
33.6039 1599 39.9875
33.7211 1468 38.3145
33.8383 1384 37.2022
33.9554 1382 37.1753
34.0725 1394 37.3363
34.1896 1418 37.6563
34.3067 1485 38.5357
34.4237 1524 39.0384
34.5407 1605 40.0625
34.6577 1642 40.5216
34.7746 1597 39.9625
34.8915 1643 40.5339
35.0084 1689 41.0974
35.1252 1634 40.4228
35.242 1706 41.3038
35.3587 1675 40.9268
35.4755 1638 40.4722
35.5921 1586 39.8246
35.7088 1636 40.4475
35.8254 1510 38.8587
35.9419 1517 38.9487
36.0584 1573 39.6611
36.1749 1499 38.7169
36.2913 1563 39.5348
36.4077 1552 39.3954
36.524 1559 39.4842
36.6403 1500 38.7298
36.7565 1549 39.3573
36.8727 1443 37.9868
36.9889 1610 40.1248
37.1049 1506 38.8072
37.221 0 1
37.3369 0 1
37.4529 0 1
37.5687 0 1
37.6845 0 1
37.8003 0 1
37.916 0 1
38.0316 0 1
38.1472 0 1
40.5851 0 1
40.7008 0 1
40.8164 0 1
40.9322 0 1
41.048 0 1
41.1639 0 1
41.2798 0 1
41.3958 0 1
41.5118 0 1
41.6279 0 1
41.744 1219 34.9142
41.8602 1210 34.7851
41.9765 1282 35.805
42.0928 1276 35.7211
42.2091 1279 35.7631
42.3255 1301 36.0694
42.4419 1225 35
42.5584 1110 33.3167
42.675 1051 32.4191
42.7915 1007 31.7333
42.9081 1024 32
43.0248 1077 32.8177
43.1415 1119 33.4515
43.2582 1208 34.7563
43.375 1236 35.1568
43.4918 1234 35.1283
43.6087 1217 34.8855
43.7256 1260 35.4965
43.8425 1186 34.4384
43.9595 1141 33.7787
44.0765 1287 35.8748
44.1935 1159 34.0441
44.3106 1121 33.4813
44.4277 1131 33.6303
44.5448 1035 32.1714
44.6619 1060 32.5576
44.7791 1008 31.749
44.8963 986 31.4006
45.0136 951 30.8383
45.1308 934 30.5614
45.2481 972 31.1769
45.3654 968 31.1127
45.4827 975 31.225
45.6001 995 31.5436
45.7174 995 31.5436
45.8348 994 31.5278
45.9522 927 30.4467
46.0697 790 28.1069
46.1871 764 27.6405
46.3046 741 27.2213
46.422 701 26.4764
46.5395 800 28.2843
46.657 867 29.4449
46.7745 908 30.133
46.892 935 30.5778
47.0096 807 28.4077
47.1271 889 29.8161
47.2446 916 30.2655
47.3622 860 29.3258
47.4797 883 29.7153
47.5973 875 29.5804
47.7149 805 28.3725
47.8324 838 28.9482
47.95 823 28.688
48.0675 728 26.9815
48.1851 736 27.1293
48.3027 721 26.8514
48.4202 667 25.8263
48.5378 663 25.7488
48.6554 701 26.4764
48.7729 658 25.6515
48.8904 681 26.096
49.008 739 27.1846
49.1255 744 27.2764
49.243 717 26.7769
49.3605 714 26.7208
49.478 677 26.0192
49.5955 623 24.96
49.713 578 24.0416
49.8304 529 23
49.9479 580 24.0832
50.0653 621 24.9199
50.1827 731 27.037
50.3001 789 28.0891
50.4175 801 28.3019
50.5348 861 29.3428
50.6521 829 28.7924
50.7694 865 29.4109
50.8867 855 29.2404
51.004 893 29.8831
51.1212 940 30.6594
51.2384 1005 31.7017
51.3556 983 31.3528
51.4727 1006 31.7175
51.5899 919 30.315
51.707 944 30.7246
51.824 946 30.7571
51.9411 970 31.1448
52.0581 1064 32.619
52.175 995 31.5436
52.2919 1016 31.8748
52.4088 1019 31.9218
52.5257 1109 33.3017
52.6425 1140 33.7639
52.7593 1161 34.0735
52.876 1171 34.2199
52.9927 1250 35.3553
53.1094 1129 33.6006
53.226 1019 31.9218
53.3426 959 30.9677
53.4591 960 30.9839
53.5756 932 30.5287
53.692 1128 33.5857
53.8084 1198 34.6121
53.9248 1299 36.0416
54.0411 1366 36.9594
54.1573 1367 36.973
54.2735 0 1
54.3896 0 1
54.5057 0 1
54.6217 0 1
54.7377 0 1
54.8537 0 1
54.9695 0 1
55.0853 0 1
55.2011 0 1
55.3168 0 1
55.4324 0 1
57.824 0 1
57.9396 0 1
58.0553 0 1
58.1711 0 1
58.2869 0 1
58.4028 0 1
58.5187 0 1
58.6347 0 1
58.7508 0 1
58.8669 0 1
58.983 1423 37.7227
59.0992 1602 40.025
59.2155 1513 38.8973
59.3318 1645 40.5586
59.4482 1619 40.2368
59.5646 1694 41.1582
59.681 1658 40.7185
59.7975 1597 39.9625
59.9141 1652 40.6448
60.0306 1573 39.6611
60.1473 1494 38.6523
60.2639 1412 37.5766
60.3807 1458 38.1838
60.4974 1354 36.7967
60.6142 1371 37.027
60.731 1310 36.1939
60.8479 1323 36.3731
60.9648 1417 37.6431
61.0818 1396 37.3631
61.1987 1424 37.7359
61.3158 1370 37.0135
61.4328 1382 37.1753
61.5499 1348 36.7151
61.667 1177 34.3074
61.7841 1181 34.3657
61.9013 1092 33.0454
62.0185 1054 32.4654
62.1357 1094 33.0757
62.253 1246 35.2987
62.3702 1400 37.4166
62.4875 1433 37.855
62.6049 1474 38.3927
62.7222 1602 40.025
62.8396 1622 40.2741
62.9569 1666 40.8167
63.0743 1647 40.5832
63.1918 1608 40.0999
63.3092 1594 39.9249
63.4267 1549 39.3573
63.5441 1439 37.9342
63.6616 1427 37.7757
63.7791 1507 38.8201
63.8966 1367 36.973
64.0142 1340 36.606
64.1317 1436 37.8946
64.2492 1389 37.2693
64.3668 1396 37.3631
64.4843 1418 37.6563
64.6019 1418 37.6563
64.7195 1459 38.1969
64.837 1449 38.0657
64.9546 1538 39.2173
65.0722 1381 37.1618
65.1898 1367 36.973
65.3074 1199 34.6266
65.4249 1001 31.6386
65.5425 1030 32.0936
65.6601 1025 32.0156
65.7777 1185 34.4238
65.8952 1322 36.3593
66.0128 1391 37.2961
66.1304 1523 39.0256
66.2479 1595 39.9375
66.3655 1569 39.6106
66.483 1561 39.5095
66.6005 1610 40.1248
66.718 1629 40.3609
66.8355 1562 39.5221
66.953 1603 40.0375
67.0705 1517 38.9487
67.1879 1473 38.3797
67.3054 1370 37.0135
67.4228 1344 36.6606
67.5402 1283 35.819
67.6576 1363 36.9188
67.7749 1274 35.6931
67.8923 1262 35.5246
68.0096 1294 35.9722
68.1269 1277 35.7351
68.2442 1257 35.4542
68.3614 1313 36.2353
68.4787 1391 37.2961
68.5958 1334 36.524
68.713 1351 36.756
68.8302 1212 34.8138
68.9473 1074 32.7719
69.0643 988 31.4325
69.1814 936 30.5941
69.2984 962 31.0161
69.4154 1170 34.2053
69.5323 1292 35.9444
69.6492 1342 36.6333
69.7661 1518 38.9615
69.8829 1442 37.9737
69.9997 1526 39.064
70.1165 1605 40.0625
70.2332 1601 40.0125
70.3499 1619 40.2368
70.4665 1565 39.5601
70.5831 1526 39.064
70.6996 1531 39.128
70.8161 1421 37.6962
70.9326 1428 37.7889
71.049 1339 36.5923
71.1653 1244 35.2704
71.2817 1196 34.5832
71.3979 1196 34.5832
71.5141 1162 34.0881
71.6303 1209 34.7707
71.7464 1076 32.8024
71.8624 0 1
71.9784 0 1
72.0944 0 1
72.2102 0 1
72.3261 0 1
72.4418 0 1
72.5575 0 1
72.6732 0 1
75.1054 0 1
75.2209 0 1
75.3365 0 1
75.4521 0 1
75.5678 0 1
75.6835 0 1
75.7993 0 1
75.9151 0 1
76.031 0 1
76.147 1327 36.428
76.263 1395 37.3497
76.3791 1329 36.4555
76.4952 1260 35.4965
76.6113 1231 35.0856
76.7276 1193 34.5398
76.8438 1270 35.6371
76.9601 1347 36.7015
77.0765 1309 36.1801
77.1929 1347 36.7015
77.3093 1396 37.3631
77.4258 1369 37
77.5423 1365 36.9459
77.6589 1324 36.3868
77.7755 1260 35.4965
77.8921 1115 33.3916
78.0088 983 31.3528
78.1256 873 29.5466
78.2423 883 29.7153
78.3591 943 30.7083
78.4759 1092 33.0454
78.5928 1231 35.0856
78.7097 1487 38.5616
78.8266 1446 38.0263
78.9436 1531 39.128
79.0606 1579 39.7366
79.1776 1529 39.1024
79.2946 1530 39.1152
79.4117 1570 39.6232
79.5288 1498 38.704
79.6459 1456 38.1576
79.7631 1383 37.1887
79.8802 1262 35.5246
79.9974 1240 35.2136
80.1147 1117 33.4215
80.2319 1150 33.9116
80.3491 1141 33.7787
80.4664 1174 34.2637
80.5837 1105 33.2415
80.701 1156 34
80.8183 1169 34.1906
80.9357 1191 34.5109
81.053 1235 35.1426
81.1704 1238 35.1852
81.2877 1236 35.1568
81.4051 1237 35.171
81.5225 1026 32.0312
81.6399 929 30.4795
81.7573 788 28.0713
81.8747 781 27.9464
81.9922 829 28.7924
82.1096 962 31.0161
82.227 1157 34.0147
82.3444 1142 33.7935
82.4619 1321 36.3456
82.5793 1420 37.6829
82.6967 1302 36.0832
82.8142 1331 36.4829
82.9316 1350 36.7423
83.049 1307 36.1525
83.1664 1318 36.3043
83.2838 1235 35.1426
83.4012 1167 34.1614
83.5186 1053 32.45
83.636 1113 33.3617
83.7534 1008 31.749
83.8708 1000 31.6228
83.9881 999 31.607
84.1055 1012 31.8119
84.2228 1017 31.8904
84.3401 1033 32.1403
84.4575 1109 33.3017
84.5747 1147 33.8674
84.692 1167 34.1614
84.8093 1176 34.2929
84.9265 1111 33.3317
85.0437 1049 32.3883
85.1609 851 29.1719
85.2781 800 28.2843
85.3952 703 26.5141
85.5123 755 27.4773
85.6294 856 29.2575
85.7465 1063 32.6037
85.8636 1263 35.5387
85.9806 1296 36
86.0976 1379 37.1349
86.2145 1441 37.9605
86.3315 1469 38.3275
86.4484 1421 37.6962
86.5652 1474 38.3927
86.682 1461 38.223
86.7988 1390 37.2827
86.9156 1427 37.7757
87.0323 1346 36.6879
87.149 1264 35.5528
87.2657 1256 35.4401
87.3823 1205 34.7131
87.4988 1206 34.7275
87.6154 1148 33.8821
87.7318 1161 34.0735
87.8483 1234 35.1283
87.9647 1359 36.8646
88.081 1381 37.1618
88.1973 1441 37.9605
88.3136 1459 38.1969
88.4298 1391 37.2961
88.546 1247 35.3129
88.6621 1169 34.1906
88.7781 1021 31.9531
88.8942 0 1
89.0101 0 1
89.126 0 1
89.2419 0 1
89.3577 0 1
89.4734 0 1
89.5891 0 1
89.7047 0 1
89.8203 0 1
89.9358 0 1
92.3269 0 1
92.4424 0 1
92.558 0 1
92.6736 0 1
92.7893 0 1
92.905 0 1
93.0208 0 1
93.1366 0 1
93.2525 0 1
93.3685 0 1
93.4845 0 1
93.6005 1380 37.1484
93.7167 1363 36.9188
93.8328 1409 37.5366
93.949 1350 36.7423
94.0653 1247 35.3129
94.1816 1101 33.1813
94.2979 1033 32.1403
94.4143 950 30.8221
94.5307 978 31.273
94.6472 1043 32.2955
94.7637 1134 33.6749
94.8803 1330 36.4692
94.9969 1401 37.4299
95.1135 1478 38.4448
95.2302 1547 39.3319
95.3469 1549 39.3573
95.4637 1606 40.0749
95.5805 1719 41.4608
95.6973 1652 40.6448
95.8142 1560 39.4968
95.9311 1609 40.1123
96.048 1531 39.128
96.1649 1536 39.1918
96.2819 1414 37.6032
96.3989 1383 37.1887
96.516 1320 36.3318
96.633 1231 35.0856
96.7501 1246 35.2987
96.8673 1194 34.5543
96.9844 1302 36.0832
97.1016 1370 37.0135
97.2188 1441 37.9605
97.336 1490 38.6005
97.4532 1413 37.5899
97.5704 1490 38.6005
97.6877 1340 36.606
97.805 1177 34.3074
97.9223 1104 33.2265
98.0396 1017 31.8904
98.1569 887 29.7825
98.2743 969 31.1288
98.3916 1112 33.3467
98.509 1229 35.0571
98.6264 1317 36.2905
98.7438 1474 38.3927
98.8612 1572 39.6485
98.9786 1567 39.5854
99.096 1643 40.5339
99.2134 1584 39.7995
99.3308 1654 40.6694
99.4482 1594 39.9249
99.5656 1554 39.4208
99.6831 1557 39.4588
99.8005 1405 37.4833
99.9179 1428 37.7889
100.035 1334 36.524
100.153 1248 35.327
100.27 1305 36.1248
100.388 1298 36.0278
100.505 1294 35.9722
100.622 1391 37.2961
100.74 1412 37.5766
100.857 1477 38.4318
100.975 1446 38.0263
101.092 1468 38.3145
101.209 1389 37.2693
101.327 1277 35.7351
101.444 1187 34.4529
101.561 1113 33.3617
101.679 1024 32
101.796 992 31.496
101.913 1087 32.9697
102.03 1346 36.6879
102.148 1425 37.7492
102.265 1511 38.8716
102.382 1629 40.3609
102.499 1668 40.8412
102.616 1647 40.5832
102.733 1744 41.7612
102.851 1744 41.7612
102.968 1707 41.3159
103.085 1754 41.8808
103.202 1681 41
103.319 1629 40.3609
103.436 1460 38.2099
103.552 1476 38.4187
103.669 1375 37.081
103.786 1357 36.8375
103.903 1344 36.6606
104.02 1430 37.8153
104.137 1420 37.6829
104.253 1506 38.8072
104.37 1537 39.2046
104.487 1601 40.0125
104.603 1638 40.4722
104.72 1553 39.4081
104.836 1313 36.2353
104.953 1203 34.6843
105.069 1199 34.6266
105.186 1104 33.2265
105.302 1128 33.5857
105.418 1274 35.6931
105.535 1335 36.5377
105.651 1656 40.694
105.767 1763 41.9881
105.883 1848 42.9884
105.999 1892 43.4971
106.115 0 1
106.231 0 1
106.347 0 1
106.463 0 1
106.579 0 1
106.694 0 1
106.81 0 1
106.926 0 1
107.041 0 1
107.157 0 1
109.576 0 1
109.692 0 1
109.807 0 1
109.923 0 1
110.039 0 1
110.155 0 1
110.27 0 1
110.386 0 1
110.502 0 1
110.618 1418 37.6563
110.735 1609 40.1123
110.851 1691 41.1218
110.967 1708 41.328
111.083 1760 41.9524
111.199 1776 42.1426
111.316 1759 41.9404
111.432 1806 42.4971
111.549 1810 42.5441
111.665 1750 41.833
111.782 1678 40.9634
111.898 1579 39.7366
112.015 1482 38.4968
112.132 1425 37.7492
112.248 1420 37.6829
112.365 1409 37.5366
112.482 1390 37.2827
112.599 1434 37.8682
112.716 1539 39.2301
112.832 1527 39.0768
112.949 1491 38.6135
113.066 1478 38.4448
113.183 1521 39
113.3 1468 38.3145
113.417 1330 36.4692
113.534 1240 35.2136
113.652 1150 33.9116
113.769 1087 32.9697
113.886 1089 33
114.003 1222 34.9571
114.12 1310 36.1939
114.238 1499 38.7169
114.355 1552 39.3954
114.472 1593 39.9124
114.589 1687 41.0731
114.707 1670 40.8656
114.824 1808 42.5206
114.942 1740 41.7133
115.059 1730 41.5933
115.176 1738 41.6893
115.294 1678 40.9634
115.411 1579 39.7366
115.529 1546 39.3192
115.646 1548 39.3446
115.764 1456 38.1576
115.881 1435 37.8814
115.999 1360 36.8782
116.116 1337 36.565
116.234 1579 39.7366
116.351 1567 39.5854
116.469 1527 39.0768
116.586 1549 39.3573
116.704 1516 38.9358
116.821 1529 39.1024
116.939 1457 38.1707
117.056 1371 37.027
117.174 1285 35.8469
117.291 1226 35.0143
117.409 1192 34.5254
117.526 1147 33.8674
117.644 1374 37.0675
117.761 1555 39.4335
117.879 1685 41.0488
117.996 1700 41.2311
118.114 1776 42.1426
118.231 1768 42.0476
118.349 1720 41.4729
118.466 1876 43.3128
118.584 1849 43
118.701 1743 41.7493
118.819 1823 42.6966
118.936 1669 40.8534
119.053 1676 40.939
119.171 1657 40.7063
119.288 1532 39.1408
119.405 1429 37.8021
119.523 1391 37.2961
119.64 1391 37.2961
119.757 1434 37.8682
119.875 1553 39.4081
119.992 1547 39.3319
120.109 1530 39.1152
120.226 1550 39.37
120.343 1497 38.6911
120.46 1533 39.1535
120.578 1463 38.2492
120.695 1362 36.9053
120.812 1284 35.8329
120.929 1269 35.623
121.046 1215 34.8569
121.163 1291 35.9305
121.279 1290 35.9166
121.396 1465 38.2753
121.513 1578 39.724
121.63 1654 40.6694
121.747 1672 40.8901
121.863 1754 41.8808
121.98 1751 41.845
122.097 1751 41.845
122.213 1795 42.3674
122.33 1784 42.2374
122.446 1694 41.1582
122.563 1696 41.1825
122.679 1747 41.7971
122.795 1543 39.281
122.912 1580 39.7492
123.028 1582 39.7744
123.144 1437 37.9078
123.26 1385 37.2156
123.377 0 1
123.493 0 1
123.609 0 1
123.725 0 1
123.84 0 1
123.956 0 1
124.072 0 1
124.188 0 1
124.303 0 1
124.419 0 1
126.852 0 1
126.968 0 1
127.083 0 1
127.199 0 1
127.315 0 1
127.431 0 1
127.547 0 1
127.663 0 1
127.779 0 1
127.895 0 1
128.011 0 1
128.127 0 1
128.243 0 1
128.359 1610 40.1248
128.476 1594 39.9249
128.592 1558 39.4715
128.708 1541 39.2556
128.825 1631 40.3856
128.941 1706 41.3038
129.058 1791 42.3202
129.174 1664 40.7922
129.291 1692 41.1339
129.408 1670 40.8656
129.524 1614 40.1746
129.641 1558 39.4715
129.758 1458 38.1838
129.875 1418 37.6563
129.992 1402 37.4433
130.108 1418 37.6563
130.225 1395 37.3497
130.342 1561 39.5095
130.459 1645 40.5586
130.576 1826 42.7317
130.693 1781 42.2019
130.81 1878 43.3359
130.928 1835 42.8369
131.045 1946 44.1135
131.162 1993 44.643
131.279 1899 43.5775
131.396 1956 44.2267
131.513 1919 43.8064
131.631 1808 42.5206
131.748 1809 42.5323
131.865 1815 42.6028
131.983 1629 40.3609
132.1 1648 40.5956
132.217 1689 41.0974
132.335 1701 41.2432
132.452 1763 41.9881
132.57 1791 42.3202
132.687 1733 41.6293
132.804 1721 41.4849
132.922 1656 40.694
133.039 1670 40.8656
133.157 1646 40.5709
133.274 1551 39.3827
133.392 1535 39.1791
133.509 1430 37.8153
133.627 1418 37.6563
133.744 1401 37.4299
133.862 1524 39.0384
133.979 1605 40.0625
134.097 1731 41.6053
134.214 1733 41.6293
134.332 1868 43.2204
134.449 1817 42.6263
134.567 1817 42.6263
134.684 1909 43.6921
134.802 1884 43.4051
134.919 1854 43.0581
135.037 1881 43.3705
135.154 1804 42.4735
135.272 1804 42.4735
135.389 1813 42.5793
135.507 1681 41
135.624 1669 40.8534
135.742 1651 40.6325
135.859 1667 40.8289
135.977 1734 41.6413
136.094 1803 42.4617
136.211 1735 41.6533
136.329 1747 41.7971
136.446 1720 41.4729
136.564 1731 41.6053
136.681 1696 41.1825
136.798 1675 40.9268
136.915 1547 39.3319
137.033 1577 39.7115
137.15 1471 38.3536
137.267 1476 38.4187
137.384 1470 38.3406
137.502 1532 39.1408
137.619 1569 39.6106
137.736 1650 40.6202
137.853 1700 41.2311
137.97 1797 42.391
138.087 1766 42.0238
138.204 1817 42.6263
138.321 1869 43.2319
138.438 1886 43.4281
138.555 1909 43.6921
138.672 1928 43.909
138.788 1829 42.7668
138.905 1797 42.391
139.022 1735 41.6533
139.139 1669 40.8534
139.255 1609 40.1123
139.372 1645 40.5586
139.488 1630 40.3733
139.605 1696 41.1825
139.721 1727 41.5572
139.838 1698 41.2068
139.954 1786 42.2611
140.071 1728 41.5692
140.187 1722 41.497
140.303 1740 41.7133
140.419 1696 41.1825
140.535 1673 40.9023
140.652 1593 39.9124
140.768 0 1
140.884 0 1
141 0 1
141.115 0 1
141.231 0 1
141.347 0 1
141.463 0 1
141.578 0 1
141.694 0 1
144.104 0 1
144.219 0 1
144.335 0 1
144.45 0 1
144.566 0 1
144.682 0 1
144.798 0 1
144.914 0 1
145.03 0 1
145.146 1285 35.8469
145.262 1360 36.8782
145.378 1340 36.606
145.494 1372 37.0405
145.61 1311 36.2077
145.726 1303 36.0971
145.842 1280 35.7771
145.959 1330 36.4692
146.075 1239 35.1994
146.192 1211 34.7994
146.308 1245 35.2846
146.425 1235 35.1426
146.541 1304 36.1109
146.658 1357 36.8375
146.774 1390 37.2827
146.891 1371 37.027
147.008 1454 38.1314
147.125 1495 38.6652
147.241 1426 37.7624
147.358 1471 38.3536
147.475 1559 39.4842
147.592 1491 38.6135
147.709 1427 37.7757
147.826 1483 38.5097
147.943 1408 37.5233
148.06 1316 36.2767
148.177 1277 35.7351
148.294 1282 35.805
148.411 1431 37.8286
148.528 1435 37.8814
148.645 1434 37.8682
148.762 1423 37.7227
148.88 1482 38.4968
148.997 1420 37.6829
149.114 1439 37.9342
149.231 1423 37.7227
149.349 1403 37.4566
149.466 1444 38
149.583 1373 37.054
149.701 1374 37.0675
149.818 1288 35.8887
149.935 1222 34.9571
150.053 1249 35.3412
150.17 1278 35.7491
150.287 1306 36.1386
150.405 1386 37.229
150.522 1358 36.8511
150.64 1424 37.7359
150.757 1557 39.4588
150.875 1520 38.9872
150.992 1566 39.5727
151.11 1521 39
151.227 1483 38.5097
151.344 1571 39.6358
151.462 1462 38.2361
151.579 1451 38.092
151.697 1410 37.55
151.814 1346 36.6879
151.932 1314 36.2491
152.049 1413 37.5899
152.167 1503 38.7685
152.284 1386 37.229
152.402 1529 39.1024
152.519 1469 38.3275
152.636 1448 38.0526
152.754 1436 37.8946
152.871 1418 37.6563
152.989 1486 38.5487
153.106 1505 38.7943
153.223 1463 38.2492
153.341 1377 37.108
153.458 1361 36.8917
153.575 1403 37.4566
153.693 1305 36.1248
153.81 1396 37.3631
153.927 1387 37.2424
154.044 1440 37.9473
154.162 1433 37.855
154.279 1562 39.5221
154.396 1543 39.281
154.513 1653 40.6571
154.63 1675 40.9268
154.747 1608 40.0999
154.864 1604 40.05
154.981 1689 41.0974
155.098 1659 40.7308
155.215 1573 39.6611
155.332 1502 38.7556
155.449 1415 37.6165
155.566 1507 38.8201
155.683 1573 39.6611
155.8 1583 39.7869
155.917 1655 40.6817
156.033 1553 39.4081
156.15 0 1
156.267 0 1
156.383 0 1
156.5 0 1
156.617 0 1
156.733 0 1
156.85 0 1
156.966 0 1
157.082 0 1
157.199 0 1
157.315 0 1
157.431 0 1
157.547 0 1
157.664 0 1
157.78 0 1
157.896 0 1
158.012 0 1
158.128 0 1
158.244 0 1
158.359 0 1
158.475 0 1
158.591 0 1
158.706 0 1
