
6.15755 0 1
6.2731 0 1
6.3887 0 1
6.50437 0 1
6.62009 0 1
6.73587 0 1
6.8517 0 1
6.96759 0 1
7.08353 0 1
7.19952 0 1
7.31557 0 1
7.43166 0 1
7.54781 0 1
7.664 0 1
7.78024 0 1
7.89653 0 1
8.01286 0 1
8.12924 0 1
8.24567 0 1
8.36213 0 1
8.47864 0 1
8.59519 0 1
8.71178 0 1
8.82841 0 1
8.94508 0 1
9.06179 0 1
9.17853 0 1
9.29531 0 1
9.41212 0 1
9.52897 0 1
9.64584 0 1
9.76276 0 1
9.8797 0 1
9.99667 0 1
10.1137 0 1
10.2307 0 1
10.3478 0 1
10.4648 0 1
10.5819 0 1
10.6991 0 1
10.8162 0 1
10.9334 0 1
11.0506 0 1
11.1678 0 1
11.285 0 1
11.4023 0 1
11.5196 0 1
11.6369 0 1
11.7542 0 1
11.8715 0 1
11.9888 0 1
12.1062 0 1
12.2235 0 1
12.3409 0 1
12.4582 0 1
12.5756 0 1
12.693 0 1
12.8104 0 1
12.9278 0 1
13.0452 0 1
13.1626 0 1
13.28 0 1
13.3974 0 1
13.5149 0 1
13.6323 0 1
13.7497 0 1
13.8671 0 1
13.9845 0 1
14.1019 0 1
14.2193 0 1
14.3367 0 1
14.4541 0 1
14.5714 0 1
14.6888 0 1
14.8062 0 1
14.9235 0 1
15.0408 0 0
15.1581 0 0
15.2755 0 0
15.3927 0 0
15.51 0 0
15.6273 0 0
15.7445 0 0
15.8617 0 0
15.9789 0 0
16.0961 0 0
16.2132 0 0
16.3304 0 0
16.4475 0 0
16.5646 0 0
16.6816 0 0
16.7986 0 0
16.9156 0 0
17.0326 0 0
17.1496 0 0
17.2665 0 0
17.3833 0 0
17.5002 0 0
17.617 0 0
17.7338 0 0
17.8505 0 0
17.9672 0 0
18.0839 0 0
18.2005 0 0
18.3171 0 0
18.4337 0 0
18.5502 0 0
18.6666 0 0
18.7831 0 0
18.8994 0 0
19.0158 0 0
19.1321 0 0
19.2483 0 0
19.3645 0 0
19.4806 0 0
19.5967 0 0
19.7128 0 0
19.8288 0 0
19.9447 0 0
20.0606 0 1
20.1764 0 1
20.2922 0 1
20.4079 0 1
20.5236 0 1
20.6392 0 1
20.7548 0 1
20.8702 0 1
23.3078 0 1
23.4233 0 1
23.539 0 1
23.6547 0 1
23.7704 0 1
23.8862 0 1
24.0021 0 1
24.118 0 1
24.234 0 1
24.35 0 1
24.4661 1287 35.8748
24.5822 1459 38.1969
24.6984 1556 39.4462
24.8146 1709 41.3401
24.9309 1931 43.9431
25.0472 2252 47.4552
25.1636 2633 51.3128
25.28 2636 51.342
25.3965 2667 51.643
25.513 2735 52.2972
25.6296 2718 52.1344
25.7462 2804 52.9528
25.8628 2780 52.7257
25.9795 2668 51.6527
26.0962 2794 52.8583
26.213 2770 52.6308
26.3298 2840 53.2917
26.4466 2824 53.1413
26.5635 2787 52.792
26.6804 2841 53.301
26.7973 2695 51.9134
26.9143 2614 51.1273
27.0313 2531 50.309
27.1483 2578 50.774
27.2653 2511 50.1099
27.3824 2496 49.96
27.4996 2318 48.1456
27.6167 2172 46.6047
27.7339 2218 47.0956
27.8511 2410 49.0918
27.9683 2414 49.1325
28.0855 2560 50.5964
28.2028 2553 50.5272
28.3201 2533 50.3289
28.4374 2590 50.892
28.5547 2538 50.3786
28.6721 2536 50.3587
28.7894 2589 50.8822
28.9068 2542 50.4183
29.0242 2584 50.8331
29.1416 2575 50.7445
29.259 2611 51.0979
29.3764 2590 50.892
29.4939 2468 49.679
29.6113 2556 50.5569
29.7288 2400 48.9898
29.8463 2402 49.0102
29.9638 2389 48.8774
30.0812 2438 49.3761
30.1987 2419 49.1833
30.3162 2511 50.1099
30.4337 2376 48.7442
30.5512 2524 50.2394
30.6687 2496 49.96
30.7862 2558 50.5767
30.9037 2329 48.2597
31.0212 2278 47.7284
31.1387 2369 48.6724
31.2562 2285 47.8017
31.3737 2366 48.6415
31.4912 2630 51.2835
31.6087 2698 51.9423
31.7262 2594 50.9313
31.8436 2658 51.5558
31.9611 2570 50.6952
32.0785 2557 50.5668
32.1959 2484 49.8397
32.3134 2460 49.5984
32.4308 2397 48.9592
32.5482 2433 49.3254
32.6655 2321 48.1768
32.7829 2407 49.0612
32.9002 2175 46.6369
33.0176 2190 46.7974
33.1349 2199 46.8935
33.2522 2190 46.7974
33.3694 2155 46.422
33.4867 2197 46.8722
33.6039 2182 46.7119
33.7211 2226 47.1805
33.8383 2299 47.9479
33.9554 2424 49.2341
34.0725 2345 48.4252
34.1896 2516 50.1597
34.3067 2502 50.02
34.4237 2396 48.949
34.5407 2292 47.8748
34.6577 2328 48.2494
34.7746 2302 47.9792
34.8915 2216 47.0744
35.0084 2362 48.6004
35.1252 2459 49.5883
35.242 2523 50.2295
35.3587 2538 50.3786
35.4755 2585 50.8429
35.5921 2488 49.8799
35.7088 2374 48.7237
35.8254 2295 47.9062
35.9419 2268 47.6235
36.0584 2175 46.6369
36.1749 2097 45.793
36.2913 2090 45.7165
36.4077 2005 44.7772
36.524 1894 43.5201
36.6403 1716 41.4246
36.7565 1495 38.6652
36.8727 1398 37.3898
36.9889 1404 37.47
37.1049 1365 36.9459
37.221 0 1
37.3369 0 1
37.4529 0 1
37.5687 0 1
37.6845 0 1
37.8003 0 1
37.916 0 1
38.0316 0 1
38.1472 0 1
40.5851 0 1
40.7008 0 1
40.8164 0 1
40.9322 0 1
41.048 0 1
41.1639 0 1
41.2798 0 1
41.3958 0 1
41.5118 0 1
41.6279 0 1
41.744 1815 42.6028
41.8602 2408 49.0714
41.9765 2833 53.2259
42.0928 3072 55.4256
42.2091 3106 55.7315
42.3255 3129 55.9375
42.4419 3192 56.4978
42.5584 3094 55.6237
42.675 3314 57.5674
42.7915 3463 58.8473
42.9081 3560 59.6657
43.0248 3459 58.8133
43.1415 3616 60.1332
43.2582 3384 58.1722
43.375 3130 55.9464
43.4918 3108 55.7494
43.6087 3052 55.2449
43.7256 3261 57.1052
43.8425 3347 57.8533
43.9595 3400 58.3095
44.0765 3358 57.9483
44.1935 3316 57.5847
44.3106 3172 56.3205
44.4277 3138 56.0179
44.5448 2973 54.5252
44.6619 2833 53.2259
44.7791 2783 52.7541
44.8963 2612 51.1077
45.0136 2575 50.7445
45.1308 2414 49.1325
45.2481 2329 48.2597
45.3654 2224 47.1593
45.4827 2128 46.1303
45.6001 2076 45.5631
45.7174 2084 45.6508
45.8348 2013 44.8665
45.9522 1969 44.3734
46.0697 2023 44.9778
46.1871 2039 45.1553
46.3046 2137 46.2277
46.422 2185 46.744
46.5395 2123 46.076
46.657 2198 46.8828
46.7745 2165 46.5296
46.892 1992 44.6318
47.0096 1895 43.5316
47.1271 1964 44.317
47.2446 2068 45.4753
47.3622 2020 44.9444
47.4797 2106 45.8912
47.5973 2160 46.4758
47.7149 2091 45.7275
47.8324 2101 45.8367
47.95 2155 46.422
48.0675 1935 43.9886
48.1851 2126 46.1086
48.3027 1981 44.5084
48.4202 1900 43.589
48.5378 1961 44.2832
48.6554 1897 43.5546
48.7729 1918 43.795
48.8904 1868 43.2204
49.008 1799 42.4146
49.1255 1802 42.45
49.243 1831 42.7902
49.3605 1898 43.566
49.478 1889 43.4626
49.5955 1945 44.1022
49.713 1986 44.5646
49.8304 2027 45.0222
49.9479 2067 45.4643
50.0653 2099 45.8148
50.1827 1975 44.441
50.3001 1813 42.5793
50.4175 1684 41.0366
50.5348 1576 39.6989
50.6521 1705 41.2916
50.7694 1844 42.9418
50.8867 2036 45.1221
51.004 2062 45.4093
51.1212 2027 45.0222
51.2384 2048 45.2548
51.3556 2073 45.5302
51.4727 1978 44.4747
51.5899 2069 45.4863
51.707 1997 44.6878
51.824 1998 44.699
51.9411 2072 45.5192
52.0581 2030 45.0555
52.175 1974 44.4297
52.2919 1970 44.3847
52.4088 1880 43.359
52.5257 1922 43.8406
52.6425 1810 42.5441
52.7593 1863 43.1625
52.876 1798 42.4028
52.9927 1788 42.2847
53.1094 1942 44.0681
53.226 1884 43.4051
53.3426 1858 43.1045
53.4591 1930 43.9318
53.5756 1629 40.3609
53.692 1424 37.7359
53.8084 1279 35.7631
53.9248 1200 34.641
54.0411 1124 33.5261
54.1573 1053 32.45
54.2735 0 1
54.3896 0 1
54.5057 0 1
54.6217 0 1
54.7377 0 1
54.8537 0 1
54.9695 0 1
55.0853 0 1
55.2011 0 1
55.3168 0 1
55.4324 0 1
57.824 0 1
57.9396 0 1
58.0553 0 1
58.1711 0 1
58.2869 0 1
58.4028 0 1
58.5187 0 1
58.6347 0 1
58.7508 0 1
58.8669 0 1
58.983 1660 40.7431
59.0992 1685 41.0488
59.2155 1681 41
59.3318 1789 42.2966
59.4482 2100 45.8258
59.5646 2148 46.3465
59.681 2269 47.634
59.7975 2356 48.5386
59.9141 2454 49.5379
60.0306 2497 49.97
60.1473 2378 48.7647
60.2639 2396 48.949
60.3807 2393 48.9183
60.4974 2408 49.0714
60.6142 2327 48.239
60.731 2440 49.3964
60.8479 2411 49.1019
60.9648 2412 49.1121
61.0818 2426 49.2544
61.1987 2430 49.295
61.3158 2331 48.2804
61.4328 2392 48.9081
61.5499 2316 48.1248
61.667 2253 47.4658
61.7841 2309 48.0521
61.9013 2361 48.5901
62.0185 2480 49.7996
62.1357 2427 49.2646
62.253 2418 49.1732
62.3702 2396 48.949
62.4875 2237 47.2969
62.6049 2061 45.3982
62.7222 2098 45.8039
62.8396 2233 47.2546
62.9569 2365 48.6313
63.0743 2501 50.01
63.1918 2530 50.2991
63.3092 2556 50.5569
63.4267 2506 50.06
63.5441 2491 49.9099
63.6616 2485 49.8498
63.7791 2471 49.7092
63.8966 2410 49.0918
64.0142 2428 49.2747
64.1317 2450 49.4975
64.2492 2398 48.9694
64.3668 2349 48.4665
64.4843 2411 49.1019
64.6019 2403 49.0204
64.7195 2470 49.6991
64.837 2275 47.697
64.9546 2278 47.7284
65.0722 2301 47.9687
65.1898 2279 47.7389
65.3074 2366 48.6415
65.4249 2255 47.4868
65.5425 2278 47.7284
65.6601 2366 48.6415
65.7777 2392 48.9081
65.8952 2356 48.5386
66.0128 2222 47.1381
66.1304 1999 44.7102
66.2479 1930 43.9318
66.3655 1942 44.0681
66.483 2164 46.5188
66.6005 2326 48.2286
66.718 2375 48.734
66.8355 2451 49.5076
66.953 2551 50.5074
67.0705 2457 49.5681
67.1879 2452 49.5177
67.3054 2334 48.3115
67.4228 2341 48.3839
67.5402 2328 48.2494
67.6576 2354 48.518
67.7749 2317 48.1352
67.8923 2285 47.8017
68.0096 2351 48.4871
68.1269 2339 48.3632
68.2442 2360 48.5798
68.3614 2369 48.6724
68.4787 2302 47.9792
68.5958 2268 47.6235
68.713 2277 47.7179
68.8302 2179 46.6798
68.9473 2182 46.7119
69.0643 2182 46.7119
69.1814 2216 47.0744
69.2984 2148 46.3465
69.4154 2201 46.9148
69.5323 2223 47.1487
69.6492 2243 47.3603
69.7661 1871 43.2551
69.8829 1724 41.5211
69.9997 1893 43.5086
70.1165 2009 44.8219
70.2332 2016 44.8999
70.3499 1977 44.4635
70.4665 1743 41.7493
70.5831 1630 40.3733
70.6996 1630 40.3733
70.8161 1460 38.2099
70.9326 1406 37.4967
71.049 1450 38.0789
71.1653 1290 35.9166
71.2817 1239 35.1994
71.3979 1288 35.8887
71.5141 1211 34.7994
71.6303 1114 33.3766
71.7464 1074 32.7719
71.8624 0 1
71.9784 0 1
72.0944 0 1
72.2102 0 1
72.3261 0 1
72.4418 0 1
72.5575 0 1
72.6732 0 1
75.1054 0 1
75.2209 0 1
75.3365 0 1
75.4521 0 1
75.5678 0 1
75.6835 0 1
75.7993 0 1
75.9151 0 1
76.031 0 1
76.147 1898 43.566
76.263 2029 45.0444
76.3791 2199 46.8935
76.4952 2123 46.076
76.6113 2113 45.9674
76.7276 2094 45.7602
76.8438 2232 47.244
76.9601 2191 46.8081
77.0765 2200 46.9042
77.1929 2227 47.1911
77.3093 2239 47.3181
77.4258 2231 47.2335
77.5423 2133 46.1844
77.6589 2113 45.9674
77.7755 2102 45.8476
77.8921 2056 45.3431
78.0088 2167 46.551
78.1256 2165 46.5296
78.2423 2286 47.8121
78.3591 2240 47.3286
78.4759 2204 46.9468
78.5928 2198 46.8828
78.7097 1938 44.0227
78.8266 1689 41.0974
78.9436 1487 38.5616
79.0606 1629 40.3609
79.1776 1854 43.0581
79.2946 2098 45.8039
79.4117 2245 47.3814
79.5288 2227 47.1911
79.6459 2282 47.7703
79.7631 2272 47.6655
79.8802 2222 47.1381
79.9974 2285 47.8017
80.1147 2209 47
80.2319 2327 48.239
80.3491 2363 48.6107
80.4664 2284 47.7912
80.5837 2276 47.7074
80.701 2306 48.0208
80.8183 2400 48.9898
80.9357 2384 48.8262
81.053 2339 48.3632
81.1704 2312 48.0833
81.2877 2219 47.1063
81.4051 2247 47.4025
81.5225 2269 47.634
81.6399 2248 47.4131
81.7573 2347 48.4458
81.8747 2362 48.6004
81.9922 2491 49.9099
82.1096 2658 51.5558
82.227 2642 51.4004
82.3444 2493 49.93
82.4619 2172 46.6047
82.5793 2084 45.6508
82.6967 2116 46
82.8142 2639 51.3712
82.9316 3230 56.8331
83.049 3473 58.9322
83.1664 3607 60.0583
83.2838 3702 60.8441
83.4012 3762 61.3351
83.5186 3947 62.8252
83.636 4066 63.7652
83.7534 4104 64.0625
83.8708 4091 63.9609
83.9881 4153 64.4438
84.1055 4146 64.3894
84.2228 4178 64.6375
84.3401 4383 66.2042
84.4575 4307 65.6277
84.5747 4434 66.5883
84.692 4243 65.1383
84.8093 4233 65.0615
84.9265 4274 65.3758
85.0437 4172 64.591
85.1609 4084 63.9062
85.2781 4201 64.8151
85.3952 4205 64.846
85.5123 4080 63.8749
85.6294 4223 64.9846
85.7465 4123 64.2106
85.8636 3759 61.3107
85.9806 3127 55.9196
86.0976 2747 52.4118
86.2145 2686 51.8266
86.3315 3071 55.4166
86.4484 3868 62.1932
86.5652 3910 62.53
86.682 4023 63.4271
86.7988 3997 63.2218
86.9156 4075 63.8357
87.0323 4035 63.5216
87.149 3900 62.45
87.2657 4103 64.0547
87.3823 4023 63.4271
87.4988 4008 63.3088
87.6154 3544 59.5315
87.7318 3266 57.1489
87.8483 3069 55.3986
87.9647 2933 54.1572
88.081 2929 54.1202
88.1973 2806 52.9717
88.3136 2741 52.3546
88.4298 2447 49.4672
88.546 2460 49.5984
88.6621 2350 48.4768
88.7781 2318 48.1456
88.8942 0 1
89.0101 0 1
89.126 0 1
89.2419 0 1
89.3577 0 1
89.4734 0 1
89.5891 0 1
89.7047 0 1
89.8203 0 1
89.9358 0 1
92.3269 0 1
92.4424 0 1
92.558 0 1
92.6736 0 1
92.7893 0 1
92.905 0 1
93.0208 0 1
93.1366 0 1
93.2525 0 1
93.3685 0 1
93.4845 0 1
93.6005 4491 67.0149
93.7167 4376 66.1513
93.8328 4358 66.0151
93.949 4137 64.3195
94.0653 4355 65.9924
94.1816 4213 64.9076
94.2979 4197 64.7843
94.4143 4324 65.7571
94.5307 4167 64.5523
94.6472 4243 65.1383
94.7637 4119 64.1794
94.8803 3704 60.8605
94.9969 3317 57.5934
95.1135 2971 54.5069
95.2302 3147 56.0981
95.3469 3574 59.7829
95.4637 4064 63.7495
95.5805 4308 65.6354
95.6973 4332 65.8179
95.8142 4428 66.5432
95.9311 4367 66.0833
96.048 4496 67.0522
96.1649 4363 66.053
96.2819 4418 66.468
96.3989 4404 66.3626
96.516 4502 67.0969
96.633 4291 65.5057
96.7501 4563 67.55
96.8673 4537 67.3573
96.9844 4447 66.6858
97.1016 4536 67.3498
97.2188 4477 66.9104
97.336 4412 66.4229
97.4532 4358 66.0151
97.5704 4282 65.437
97.6877 4349 65.9469
97.805 4510 67.1565
97.9223 4389 66.2495
98.0396 4425 66.5207
98.1569 4339 65.8711
98.2743 4221 64.9692
98.3916 3700 60.8276
98.509 3299 57.4369
98.6264 2859 53.4696
98.7438 3004 54.8088
98.8612 3415 58.438
98.9786 3835 61.9274
99.096 3918 62.5939
99.2134 3823 61.8304
99.3308 3750 61.2372
99.4482 3687 60.7207
99.5656 3597 59.975
99.6831 3455 58.7792
99.8005 3444 58.6856
99.9179 3216 56.7098
100.035 3272 57.2014
100.153 3181 56.4004
100.27 3167 56.2761
100.388 3115 55.8122
100.505 3117 55.8301
100.622 3196 56.5332
100.74 3071 55.4166
100.857 3124 55.8928
100.975 3088 55.5698
101.092 2884 53.7029
101.209 3027 55.0182
101.327 2944 54.2586
101.444 2981 54.5985
101.561 2978 54.5711
101.679 2924 54.074
101.796 3010 54.8635
101.913 2920 54.037
102.03 2566 50.6557
102.148 2329 48.2597
102.265 2120 46.0435
102.382 2380 48.7852
102.499 2526 50.2593
102.616 2769 52.6213
102.733 2768 52.6118
102.851 2946 54.2771
102.968 2794 52.8583
103.085 2769 52.6213
103.202 2697 51.9326
103.319 2789 52.811
103.436 2661 51.5849
103.552 2767 52.6023
103.669 2645 51.4296
103.786 2545 50.448
103.903 2750 52.4404
104.02 2692 51.8845
104.137 2704 52
104.253 2835 53.2447
104.37 2705 52.0096
104.487 2710 52.0577
104.603 2632 51.303
104.72 2583 50.8232
104.836 2479 49.7896
104.953 2250 47.4342
105.069 1854 43.0581
105.186 1747 41.7971
105.302 1674 40.9145
105.418 1501 38.7427
105.535 1398 37.3898
105.651 1262 35.5246
105.767 1036 32.187
105.883 873 29.5466
105.999 803 28.3373
106.115 0 1
106.231 0 1
106.347 0 1
106.463 0 1
106.579 0 1
106.694 0 1
106.81 0 1
106.926 0 1
107.041 0 1
107.157 0 1
109.576 0 1
109.692 0 1
109.807 0 1
109.923 0 1
110.039 0 1
110.155 0 1
110.27 0 1
110.386 0 1
110.502 0 1
110.618 2684 51.8073
110.735 2885 53.7122
110.851 2573 50.7247
110.967 2410 49.0918
111.083 2308 48.0416
111.199 2567 50.6656
111.316 2762 52.5547
111.432 2935 54.1756
111.549 2995 54.7266
111.665 3077 55.4707
111.782 2947 54.2863
111.898 3016 54.9181
112.015 2997 54.7449
112.132 2956 54.3691
112.248 2908 53.9259
112.365 2970 54.4977
112.482 2987 54.6535
112.599 3071 55.4166
112.716 3311 57.5413
112.832 3219 56.7362
112.949 3258 57.0789
113.066 3353 57.9051
113.183 3333 57.7321
113.3 3341 57.8014
113.417 3284 57.3062
113.534 3261 57.1052
113.652 3424 58.515
113.769 3309 57.5239
113.886 3270 57.1839
114.003 3236 56.8859
114.12 3232 56.8507
114.238 3161 56.2228
114.355 3092 55.6058
114.472 2572 50.7149
114.589 2565 50.6458
114.707 2608 51.0686
114.824 2888 53.7401
114.942 3050 55.2268
115.059 3138 56.0179
115.176 3091 55.5968
115.294 3097 55.6507
115.411 3059 55.3082
115.529 3143 56.0625
115.646 2971 54.5069
115.764 3052 55.2449
115.881 3070 55.4076
115.999 3057 55.2901
116.116 3048 55.2087
116.234 3115 55.8122
116.351 3224 56.7803
116.469 3295 57.4021
116.586 3362 57.9828
116.704 3285 57.3149
116.821 3387 58.1979
116.939 3415 58.438
117.056 3293 57.3847
117.174 3212 56.6745
117.291 3312 57.55
117.409 3330 57.7062
117.526 3313 57.5587
117.644 3311 57.5413
117.761 3407 58.3695
117.879 3241 56.9298
117.996 2843 53.3198
118.114 2634 51.3225
118.231 2586 50.8527
118.349 2750 52.4404
118.466 2867 53.5444
118.584 3062 55.3353
118.701 3215 56.701
118.819 3106 55.7315
118.936 3042 55.1543
119.053 3050 55.2268
119.171 3076 55.4617
119.288 2979 54.5802
119.405 2899 53.8424
119.523 2916 54
119.64 3062 55.3353
119.757 2977 54.5619
119.875 2980 54.5894
119.992 2983 54.6168
120.109 3104 55.7136
120.226 3179 56.3826
120.343 3129 55.9375
120.46 3168 56.285
120.578 3147 56.0981
120.695 3096 55.6417
120.812 3061 55.3263
120.929 2951 54.3231
121.046 3170 56.3028
121.163 3066 55.3715
121.279 3047 55.1996
121.396 3099 55.6687
121.513 2872 53.591
121.63 2735 52.2972
121.747 2458 49.5782
121.863 2195 46.8508
121.98 2053 45.31
122.097 2040 45.1664
122.213 2166 46.5403
122.33 2248 47.4131
122.446 2210 47.0106
122.563 2057 45.3542
122.679 2002 44.7437
122.795 1942 44.0681
122.912 1911 43.715
123.028 1823 42.6966
123.144 1820 42.6615
123.26 1768 42.0476
123.377 0 1
123.493 0 1
123.609 0 1
123.725 0 1
123.84 0 1
123.956 0 1
124.072 0 1
124.188 0 1
124.303 0 1
124.419 0 1
126.852 0 1
126.968 0 1
127.083 0 1
127.199 0 1
127.315 0 1
127.431 0 1
127.547 0 1
127.663 0 1
127.779 0 1
127.895 0 1
128.011 0 1
128.127 0 1
128.243 0 1
128.359 3518 59.3127
128.476 3475 58.9491
128.592 3553 59.607
128.708 3417 58.4551
128.825 3523 59.3549
128.941 3601 60.0083
129.058 3667 60.5558
129.174 3681 60.6712
129.291 3656 60.4649
129.408 3809 61.7171
129.524 3902 62.466
129.641 3893 62.3939
129.758 4124 64.2184
129.875 4183 64.6761
129.992 4217 64.9384
130.108 4280 65.4217
130.225 4270 65.3452
130.342 4211 64.8922
130.459 4102 64.0469
130.576 4042 63.5767
130.693 3689 60.7371
130.81 3752 61.2536
130.928 3694 60.7783
131.045 3861 62.1369
131.162 3821 61.8142
131.279 4009 63.3167
131.396 4065 63.7574
131.513 4150 64.4205
131.631 4186 64.6993
131.748 4098 64.0156
131.865 4031 63.4902
131.983 3902 62.466
132.1 3851 62.0564
132.217 3898 62.434
132.335 3902 62.466
132.452 3841 61.9758
132.57 3888 62.3538
132.687 3761 61.327
132.804 4149 64.4127
132.922 4029 63.4744
133.039 4032 63.498
133.157 3945 62.8092
133.274 4194 64.7611
133.392 4263 65.2917
133.509 4314 65.681
133.627 4412 66.4229
133.744 4325 65.7647
133.862 4316 65.6963
133.979 4494 67.0373
134.097 4380 66.1816
134.214 4174 64.6065
134.332 4101 64.0391
134.449 4059 63.7103
134.567 4074 63.8279
134.684 4183 64.6761
134.802 4191 64.7379
134.919 4326 65.7723
135.037 4319 65.7191
135.154 4349 65.9469
135.272 4200 64.8074
135.389 4312 65.6658
135.507 4214 64.9153
135.624 4073 63.8201
135.742 4096 64
135.859 4041 63.5689
135.977 4062 63.7338
136.094 4048 63.6239
136.211 4059 63.7103
136.329 4085 63.914
136.446 4215 64.923
136.564 4046 63.6082
136.681 4115 64.1483
136.798 4268 65.3299
136.915 4173 64.5988
137.033 4188 64.7148
137.15 4293 65.521
137.267 4299 65.5668
137.384 4269 65.3376
137.502 4215 64.923
137.619 4274 65.3758
137.736 4329 65.7951
137.853 3944 62.8013
137.97 3940 62.7694
138.087 3754 61.2699
138.204 3899 62.442
138.321 4041 63.5689
138.438 4096 64
138.555 4174 64.6065
138.672 4085 63.914
138.788 4013 63.3482
138.905 4024 63.435
139.022 3848 62.0322
139.139 3772 61.4166
139.255 3713 60.9344
139.372 3433 58.5918
139.488 3334 57.7408
139.605 3004 54.8088
139.721 3038 55.1181
139.838 2964 54.4426
139.954 2908 53.9259
140.071 2895 53.8052
140.187 2814 53.0471
140.303 2738 52.3259
140.419 2855 53.4322
140.535 2949 54.3047
140.652 2975 54.5436
140.768 0 1
140.884 0 1
141 0 1
141.115 0 1
141.231 0 1
141.347 0 1
141.463 0 1
141.578 0 1
141.694 0 1
144.104 0 1
144.219 0 1
144.335 0 1
144.45 0 1
144.566 0 1
144.682 0 1
144.798 0 1
144.914 0 1
145.03 0 1
145.146 8281 91
145.262 8653 93.0215
145.378 8614 92.8116
145.494 8787 93.739
145.61 8720 93.3809
145.726 8855 94.101
145.842 8913 94.4087
145.959 8977 94.747
146.075 8694 93.2416
146.192 8842 94.0319
146.308 8724 93.4024
146.425 8702 93.2845
146.541 7976 89.3085
146.658 6846 82.7406
146.774 5840 76.4199
146.891 5723 75.6505
147.008 6503 80.6412
147.125 7535 86.8044
147.241 8383 91.5587
147.358 8488 92.1303
147.475 8741 93.4933
147.592 8649 93
147.709 8636 92.9301
147.826 8685 93.1933
147.943 8669 93.1075
148.06 8800 93.8083
148.177 8692 93.2309
148.294 8983 94.7787
148.411 8777 93.6856
148.528 8904 94.361
148.645 8931 94.504
148.762 8847 94.0585
148.88 8968 94.6995
148.997 8617 92.8278
149.114 9250 96.1769
149.231 8807 93.8456
149.349 9195 95.8906
149.466 9034 95.0474
149.583 9107 95.4306
149.701 9098 95.3834
149.818 9054 95.1525
149.935 9156 95.687
150.053 9042 95.0894
150.17 8724 93.4024
150.287 7609 87.2296
150.405 6601 81.2465
150.522 5900 76.8115
150.64 6451 80.3181
150.757 7542 86.8447
150.875 8296 91.0824
150.992 8673 93.1289
151.11 8552 92.477
151.227 8707 93.3113
151.344 8808 93.8509
151.462 8606 92.7685
151.579 8817 93.8989
151.697 8678 93.1558
151.814 8940 94.5516
151.932 8750 93.5414
152.049 8906 94.3716
152.167 8821 93.9202
152.284 8951 94.6097
152.402 8822 93.9255
152.519 8931 94.504
152.636 9084 95.31
152.754 9144 95.6243
152.871 9149 95.6504
152.989 9045 95.1052
153.106 9217 96.0052
153.223 9418 97.0464
153.341 9158 95.6974
153.458 9364 96.7678
153.575 9320 96.5401
153.693 9414 97.0258
153.81 8754 93.5628
153.927 7930 89.0505
154.044 6770 82.28
154.162 6289 79.3032
154.279 6808 82.5106
154.396 7893 88.8426
154.513 8796 93.787
154.63 9094 95.3625
154.747 8952 94.615
154.864 8776 93.6803
154.981 8824 93.9361
155.098 8773 93.6643
155.215 8802 93.819
155.332 8480 92.0869
155.449 8416 91.7388
155.566 8191 90.5041
155.683 7896 88.8594
155.8 7952 89.174
155.917 7704 87.7724
156.033 7657 87.5043
156.15 0 1
156.267 0 1
156.383 0 1
156.5 0 1
156.617 0 1
156.733 0 1
156.85 0 1
156.966 0 1
157.082 0 1
157.199 0 1
157.315 0 1
157.431 0 1
157.547 0 1
157.664 0 1
157.78 0 1
157.896 0 1
158.012 0 1
158.128 0 1
158.244 0 1
158.359 0 1
158.475 0 1
158.591 0 1
158.706 0 1
