
6.15755 0 1
6.2731 0 1
6.3887 0 1
6.50437 0 1
6.62009 0 1
6.73587 0 1
6.8517 0 1
6.96759 0 1
7.08353 0 1
7.19952 0 1
7.31557 0 1
7.43166 0 1
7.54781 0 1
7.664 0 1
7.78024 0 1
7.89653 0 1
8.01286 0 1
8.12924 0 1
8.24567 0 1
8.36213 0 1
8.47864 0 1
8.59519 0 1
8.71178 0 1
8.82841 0 1
8.94508 0 1
9.06179 0 1
9.17853 0 1
9.29531 0 1
9.41212 0 1
9.52897 0 1
9.64584 0 1
9.76276 0 1
9.8797 0 1
9.99667 0 1
10.1137 0 1
10.2307 0 1
10.3478 0 1
10.4648 0 1
10.5819 0 1
10.6991 0 1
10.8162 0 1
10.9334 0 1
11.0506 0 1
11.1678 0 1
11.285 0 1
11.4023 0 1
11.5196 0 1
11.6369 0 1
11.7542 0 1
11.8715 0 1
11.9888 0 1
12.1062 0 1
12.2235 0 1
12.3409 0 1
12.4582 0 1
12.5756 0 1
12.693 0 1
12.8104 0 1
12.9278 0 1
13.0452 0 1
13.1626 0 1
13.28 0 1
13.3974 0 1
13.5149 0 1
13.6323 0 1
13.7497 0 1
13.8671 0 1
13.9845 0 1
14.1019 0 1
14.2193 0 1
14.3367 0 1
14.4541 0 1
14.5714 0 1
14.6888 0 1
14.8062 0 1
14.9235 0 1
15.0408 36989 192.325
15.1581 38364 195.867
15.2755 39947 199.867
15.3927 40306 200.764
15.51 39624 199.058
15.6273 39799 199.497
15.7445 39467 198.663
15.8617 38899 197.228
15.9789 38989 197.456
16.0961 38843 197.086
16.2132 39131 197.816
16.3304 40179 200.447
16.4475 41344 203.332
16.5646 42076 205.124
16.6816 43686 209.012
16.7986 44929 211.965
16.9156 46921 216.613
17.0326 48393 219.984
17.1496 48492 220.209
17.2665 48699 220.678
17.3833 48565 220.375
17.5002 48904 221.142
17.617 48561 220.366
17.7338 46831 216.405
17.8505 45448 213.185
17.9672 42275 205.609
18.0839 41592 203.941
18.2005 42635 206.482
18.3171 44204 210.247
18.4337 45546 213.415
18.5502 46605 215.882
18.6666 47535 218.025
18.7831 48246 219.65
18.8994 48176 219.49
19.0158 47285 217.451
19.1321 46327 215.237
19.2483 45469 213.235
19.3645 43011 207.391
19.4806 40450 201.122
19.5967 38188 195.418
19.7128 35597 188.672
19.8288 32124 179.232
19.9447 27882 166.979
20.0606 0 1
20.1764 0 1
20.2922 0 1
20.4079 0 1
20.5236 0 1
20.6392 0 1
20.7548 0 1
20.8702 0 1
23.3078 0 1
23.4233 0 1
23.539 0 1
23.6547 0 1
23.7704 0 1
23.8862 0 1
24.0021 0 1
24.118 0 1
24.234 0 1
24.35 0 1
24.4661 17265 131.396
24.5822 22086 148.614
24.6984 25870 160.842
24.8146 29284 171.126
24.9309 31770 178.241
25.0472 33797 183.84
25.1636 36370 190.709
25.28 39431 198.572
25.3965 41621 204.012
25.513 44944 212
25.6296 48154 219.44
25.7462 49490 222.463
25.8628 51454 226.835
25.9795 52611 229.371
26.0962 53612 231.543
26.213 52588 229.321
26.3298 51579 227.11
26.4466 48529 220.293
26.5635 45066 212.288
26.6804 43663 208.957
26.7973 44006 209.776
26.9143 45511 213.333
27.0313 47393 217.699
27.1483 48939 221.222
27.2653 49491 222.466
27.3824 50049 223.716
27.4996 50096 223.821
27.6167 49207 221.827
27.7339 48007 219.105
27.8511 47363 217.63
27.9683 46126 214.77
28.0855 45094 212.353
28.2028 44387 210.682
28.3201 43597 208.799
28.4374 42120 205.232
28.5547 41103 202.739
28.6721 41540 203.814
28.7894 42701 206.642
28.9068 44225 210.297
29.0242 45597 213.535
29.1416 48011 219.114
29.259 49632 222.782
29.3764 50543 224.818
29.4939 50719 225.209
29.6113 50050 223.719
29.7288 49816 223.195
29.8463 47879 218.813
29.9638 44148 210.114
30.0812 42201 205.429
30.1987 40723 201.799
30.3162 41078 202.677
30.4337 43366 208.245
30.5512 44522 211.002
30.6687 45655 213.67
30.7862 46726 216.162
30.9037 47747 218.511
31.0212 47699 218.401
31.1387 47573 218.112
31.2562 46692 216.083
31.3737 45698 213.771
31.4912 44986 212.099
31.6087 43806 209.299
31.7262 43201 207.849
31.8436 42453 206.041
31.9611 40295 200.736
32.0785 39431 198.572
32.1959 40142 200.355
32.3134 40985 202.448
32.4308 42543 206.26
32.5482 44796 211.651
32.6655 46021 214.525
32.7829 47441 217.81
32.9002 47908 218.879
33.0176 47397 217.709
33.1349 47669 218.332
33.2522 47710 218.426
33.3694 47068 216.952
33.4867 45758 213.911
33.6039 42658 206.538
33.7211 39648 199.118
33.8383 37955 194.82
33.9554 37728 194.237
34.0725 40414 201.032
34.1896 42134 205.266
34.3067 43130 207.678
34.4237 44412 210.742
34.5407 44631 211.261
34.6577 45696 213.766
34.7746 45149 212.483
34.8915 44461 210.858
35.0084 43927 209.588
35.1252 43502 208.571
35.242 42498 206.15
35.3587 41699 204.203
35.4755 40638 201.589
35.5921 39554 198.882
35.7088 38243 195.558
35.8254 36877 192.034
35.9419 37413 193.424
36.0584 38526 196.28
36.1749 39595 198.985
36.2913 39000 197.484
36.4077 39370 198.419
36.524 39464 198.655
36.6403 39015 197.522
36.7565 37636 194
36.8727 35985 189.697
36.9889 34246 185.057
37.1049 31314 176.958
37.221 0 1
37.3369 0 1
37.4529 0 1
37.5687 0 1
37.6845 0 1
37.8003 0 1
37.916 0 1
38.0316 0 1
38.1472 0 1
40.5851 0 1
40.7008 0 1
40.8164 0 1
40.9322 0 1
41.048 0 1
41.1639 0 1
41.2798 0 1
41.3958 0 1
41.5118 0 1
41.6279 0 1
41.744 21114 145.307
41.8602 24241 155.695
41.9765 26797 163.698
42.0928 28217 167.979
42.2091 29774 172.551
42.3255 29689 172.305
42.4419 28296 168.214
42.5584 27205 164.939
42.675 27153 164.782
42.7915 29134 170.687
42.9081 32116 179.209
43.0248 34675 186.212
43.1415 36090 189.974
43.2582 37187 192.839
43.375 37653 194.044
43.4918 38396 195.949
43.6087 37943 194.79
43.7256 37925 194.743
43.8425 37146 192.733
43.9595 36271 190.449
44.0765 36488 191.018
44.1935 35125 187.417
44.3106 34240 185.041
44.4277 33240 182.318
44.5448 31883 178.558
44.6619 31027 176.145
44.7791 32193 179.424
44.8963 32778 181.047
45.0136 35029 187.16
45.1308 36153 190.139
45.2481 38202 195.453
45.3654 38976 197.423
45.4827 39230 198.066
45.6001 39055 197.623
45.7174 39237 198.083
45.8348 38207 195.466
45.9522 36024 189.8
46.0697 33427 182.831
46.1871 31455 177.356
46.3046 30576 174.86
46.422 32215 179.485
46.5395 34886 186.778
46.657 36342 190.636
46.7745 37346 193.251
46.892 38149 195.318
47.0096 39195 197.977
47.1271 39649 199.121
47.2446 39671 199.176
47.3622 39023 197.542
47.4797 38329 195.778
47.5973 37618 193.954
47.7149 37020 192.406
47.8324 36361 190.686
47.95 35612 188.711
48.0675 33296 182.472
48.1851 32496 180.266
48.3027 32591 180.53
48.4202 33405 182.77
48.5378 34801 186.55
48.6554 36684 191.531
48.7729 38670 196.647
48.8904 39779 199.447
49.008 39774 199.434
49.1255 39959 199.897
49.243 39513 198.779
49.3605 38197 195.441
49.478 35083 187.305
49.5955 32227 179.519
49.713 30341 174.187
49.8304 29745 172.467
49.9479 31377 177.136
50.0653 34259 185.092
50.1827 35729 189.021
50.3001 37339 193.233
50.4175 38600 196.469
50.5348 39308 198.262
50.6521 39209 198.013
50.7694 39545 198.859
50.8867 39362 198.399
51.004 38539 196.314
51.1212 38338 195.801
51.2384 37727 194.234
51.3556 36715 191.612
51.4727 35373 188.077
51.5899 33785 183.807
51.707 32441 180.114
51.824 32887 181.348
51.9411 34388 185.44
52.0581 36009 189.76
52.175 38415 195.997
52.2919 40426 201.062
52.4088 41177 202.921
52.5257 41521 203.767
52.6425 42219 205.473
52.7593 41787 204.419
52.876 41535 203.801
52.9927 39805 199.512
53.1094 37175 192.808
53.226 33756 183.728
53.3426 31577 177.699
53.4591 30275 173.997
53.5756 30027 173.283
53.692 30378 174.293
53.8084 30162 173.672
53.9248 29726 172.412
54.0411 28408 168.547
54.1573 27271 165.139
54.2735 0 1
54.3896 0 1
54.5057 0 1
54.6217 0 1
54.7377 0 1
54.8537 0 1
54.9695 0 1
55.0853 0 1
55.2011 0 1
55.3168 0 1
55.4324 0 1
57.824 0 1
57.9396 0 1
58.0553 0 1
58.1711 0 1
58.2869 0 1
58.4028 0 1
58.5187 0 1
58.6347 0 1
58.7508 0 1
58.8669 0 1
58.983 25364 159.261
59.0992 30252 173.931
59.2155 33872 184.043
59.3318 36842 191.943
59.4482 39235 198.078
59.5646 41169 202.901
59.681 42517 206.197
59.7975 43433 208.406
59.9141 43987 209.731
60.0306 43918 209.566
60.1473 43232 207.923
60.2639 42120 205.232
60.3807 41135 202.818
60.4974 40228 200.569
60.6142 41196 202.968
60.731 43300 208.087
60.8479 45565 213.46
60.9648 47438 217.803
61.0818 48844 221.007
61.1987 49248 221.919
61.3158 49368 222.189
61.4328 48676 220.626
61.5499 47107 217.041
61.667 44343 210.578
61.7841 41143 202.837
61.9013 38380 195.908
62.0185 37335 193.223
62.1357 38694 196.708
62.253 41197 202.97
62.3702 43228 207.913
62.4875 45563 213.455
62.6049 47258 217.389
62.7222 47962 219.002
62.8396 48426 220.059
62.9569 48510 220.25
63.0743 48612 220.481
63.1918 48451 220.116
63.3092 47228 217.32
63.4267 46747 216.211
63.5441 45384 213.035
63.6616 43737 209.134
63.7791 41502 203.72
63.8966 40074 200.185
64.0142 39171 197.917
64.1317 40178 200.445
64.2492 42064 205.095
64.3668 44257 210.373
64.4843 46453 215.53
64.6019 47971 219.023
64.7195 48275 219.716
64.837 48154 219.44
64.9546 48202 219.55
65.0722 47340 217.578
65.1898 44800 211.66
65.3074 41541 203.816
65.4249 38144 195.305
65.5425 36124 190.063
65.6601 36225 190.329
65.7777 38200 195.448
65.8952 40885 202.2
66.0128 43089 207.579
66.1304 44620 211.234
66.2479 46112 214.737
66.3655 46940 216.656
66.483 47300 217.486
66.6005 47889 218.836
66.718 47868 218.788
66.8355 46809 216.354
66.953 45939 214.334
67.0705 45033 212.21
67.1879 44069 209.926
67.3054 42255 205.56
67.4228 39711 199.276
67.5402 37752 194.299
67.6576 37865 194.589
67.7749 38336 195.796
67.8923 40202 200.504
68.0096 42840 206.978
68.1269 44968 212.057
68.2442 46254 215.067
68.3614 46812 216.361
68.4787 46668 216.028
68.5958 46374 215.346
68.713 45580 213.495
68.8302 43027 207.43
68.9473 39522 198.801
69.0643 36617 191.356
69.1814 34668 186.193
69.2984 34310 185.23
69.4154 36528 191.123
69.5323 39182 197.944
69.6492 41730 204.279
69.7661 43255 207.978
69.8829 43698 209.041
69.9997 44132 210.076
70.1165 42828 206.949
70.2332 41460 203.617
70.3499 39644 199.108
70.4665 37675 194.1
70.5831 35876 189.41
70.6996 33792 183.826
70.8161 31865 178.508
70.9326 28981 170.238
71.049 25600 160
71.1653 21643 147.116
71.2817 18563 136.246
71.3979 16663 129.085
71.5141 16268 127.546
71.6303 15415 124.157
71.7464 14002 118.33
71.8624 0 1
71.9784 0 1
72.0944 0 1
72.2102 0 1
72.3261 0 1
72.4418 0 1
72.5575 0 1
72.6732 0 1
75.1054 0 1
75.2209 0 1
75.3365 0 1
75.4521 0 1
75.5678 0 1
75.6835 0 1
75.7993 0 1
75.9151 0 1
76.031 0 1
76.147 27103 164.63
76.263 28345 168.36
76.3791 29274 171.096
76.4952 28964 170.188
76.6113 29991 173.179
76.7276 31307 176.938
76.8438 33770 183.766
76.9601 36808 191.854
77.0765 39009 197.507
77.1929 40663 201.651
77.3093 40597 201.487
77.4258 41069 202.655
77.5423 40426 201.062
77.6589 39769 199.422
77.7755 36852 191.969
77.8921 33823 183.91
78.0088 31063 176.247
78.1256 29033 170.391
78.2423 28211 167.961
78.3591 30021 173.266
78.4759 33442 182.872
78.5928 35842 189.32
78.7097 37678 194.108
78.8266 37628 193.979
78.9436 40570 201.42
79.0606 40146 200.365
79.1776 40436 201.087
79.2946 41365 203.384
79.4117 41179 202.926
79.5288 40369 200.92
79.6459 40317 200.791
79.7631 39117 197.78
79.8802 37861 194.579
79.9974 36138 190.1
80.1147 33608 183.325
80.2319 31887 178.569
80.3491 32533 180.369
80.4664 34750 186.414
80.5837 37002 192.359
80.701 39511 198.774
80.8183 41472 203.647
80.9357 41695 204.194
81.053 42115 205.219
81.1704 42446 206.024
81.2877 41953 204.824
81.4051 40563 201.403
81.5225 37892 194.659
81.6399 33763 183.747
81.7573 31639 177.874
81.8747 29287 171.134
81.9922 29929 173
82.1096 33139 182.041
82.227 36488 191.018
82.3444 38179 195.394
82.4619 40014 200.035
82.5793 40905 202.25
82.6967 41894 204.68
82.8142 42619 206.444
82.9316 42553 206.284
83.049 42626 206.461
83.1664 42206 205.441
83.2838 41381 203.423
83.4012 40824 202.049
83.5186 39140 197.838
83.636 37301 193.135
83.7534 35095 187.337
83.8708 32915 181.425
83.9881 32955 181.535
84.1055 34061 184.556
84.2228 36258 190.415
84.3401 39859 199.647
84.4575 41692 204.186
84.5747 42619 206.444
84.692 43405 208.339
84.8093 42911 207.15
84.9265 41737 204.296
85.0437 39623 199.055
85.1609 35839 189.312
85.2781 32713 180.867
85.3952 30711 175.246
85.5123 30078 173.43
85.6294 31704 178.056
85.7465 34559 185.901
85.8636 37663 194.07
85.9806 39259 198.139
86.0976 40721 201.794
86.2145 41778 204.397
86.3315 43272 208.019
86.4484 42202 205.431
86.5652 43049 207.483
86.682 42950 207.244
86.7988 42448 206.029
86.9156 41767 204.37
87.0323 41133 202.813
87.149 39106 197.752
87.2657 36470 190.971
87.3823 31900 178.606
87.4988 29213 170.918
87.6154 28388 168.487
87.7318 29183 170.83
87.8483 30779 175.439
87.9647 32521 180.336
88.081 33127 182.008
88.1973 32769 181.022
88.3136 31170 176.55
88.4298 29741 172.456
88.546 26591 163.067
88.6621 22691 150.635
88.7781 17330 131.643
88.8942 0 1
89.0101 0 1
89.126 0 1
89.2419 0 1
89.3577 0 1
89.4734 0 1
89.5891 0 1
89.7047 0 1
89.8203 0 1
89.9358 0 1
92.3269 0 1
92.4424 0 1
92.558 0 1
92.6736 0 1
92.7893 0 1
92.905 0 1
93.0208 0 1
93.1366 0 1
93.2525 0 1
93.3685 0 1
93.4845 0 1
93.6005 33191 182.184
93.7167 34837 186.647
93.8328 35968 189.652
93.949 36860 191.99
94.0653 36285 190.486
94.1816 34785 186.507
94.2979 33610 183.33
94.4143 32431 180.086
94.5307 32398 179.994
94.6472 33043 181.777
94.7637 35610 188.706
94.8803 37681 194.116
94.9969 39345 198.356
95.1135 41041 202.586
95.2302 42283 205.628
95.3469 43119 207.651
95.4637 43965 209.678
95.5805 44128 210.067
95.6973 43766 209.203
95.8142 43308 208.106
95.9311 42225 205.487
96.048 41899 204.692
96.1649 40206 200.514
96.2819 39497 198.739
96.3989 37351 193.264
96.516 35246 187.739
96.633 34429 185.551
96.7501 35081 187.299
96.8673 37224 192.935
96.9844 39923 199.807
97.1016 42016 204.978
97.2188 43917 209.564
97.336 43834 209.366
97.4532 44215 210.274
97.5704 42431 205.988
97.6877 40160 200.4
97.805 37191 192.85
97.9223 33973 184.318
98.0396 32051 179.028
98.1569 31877 178.541
98.2743 32678 180.771
98.3916 35093 187.331
98.509 38628 196.54
98.6264 39870 199.675
98.7438 41815 204.487
98.8612 42701 206.642
98.9786 43861 209.43
99.096 44255 210.369
99.2134 44536 211.036
99.3308 44360 210.618
99.4482 44205 210.25
99.5656 43786 209.251
99.6831 42351 205.794
99.8005 41563 203.87
99.9179 39808 199.519
100.035 37931 194.759
100.153 36356 190.672
100.27 36925 192.159
100.388 39053 197.618
100.505 41479 203.664
100.622 43473 208.502
100.74 45108 212.386
100.857 44864 211.811
100.975 44645 211.294
101.092 44637 211.275
101.209 42570 206.325
101.327 39597 198.99
101.444 36783 191.789
101.561 34062 184.559
101.679 32924 181.45
101.796 32974 181.587
101.913 34919 186.866
102.03 37987 194.903
102.148 40545 201.358
102.265 42897 207.116
102.382 43245 207.954
102.499 44244 210.343
102.616 45160 212.509
102.733 45068 212.292
102.851 45591 213.52
102.968 45527 213.371
103.085 45078 212.316
103.202 44114 210.033
103.319 42979 207.314
103.436 41125 202.793
103.552 38983 197.441
103.669 37332 193.215
103.786 37093 192.595
103.903 38765 196.888
104.02 41435 203.556
104.137 44199 210.236
104.253 45985 214.441
104.37 45612 213.57
104.487 46041 214.572
104.603 44541 211.047
104.72 42106 205.197
104.836 38681 196.675
104.953 35380 188.096
105.069 32464 180.178
105.186 30275 173.997
105.302 28995 170.279
105.418 28784 169.658
105.535 29217 170.93
105.651 29028 170.376
105.767 28445 168.656
105.883 26870 163.921
105.999 24222 155.634
106.115 0 1
106.231 0 1
106.347 0 1
106.463 0 1
106.579 0 1
106.694 0 1
106.81 0 1
106.926 0 1
107.041 0 1
107.157 0 1
109.576 0 1
109.692 0 1
109.807 0 1
109.923 0 1
110.039 0 1
110.155 0 1
110.27 0 1
110.386 0 1
110.502 0 1
110.618 20637 143.656
110.735 25603 160.009
110.851 29380 171.406
110.967 32820 181.163
111.083 36042 189.847
111.199 37727 194.234
111.316 40717 201.785
111.432 41358 203.367
111.549 42378 205.859
111.665 43540 208.662
111.782 42875 207.063
111.898 42406 205.927
112.015 40459 201.144
112.132 37952 194.813
112.248 35298 187.878
112.365 34766 186.456
112.482 36255 190.407
112.599 38713 196.756
112.716 41713 204.238
112.832 43313 208.118
112.949 43540 208.662
113.066 43495 208.555
113.183 43228 207.913
113.3 42613 206.429
113.417 40085 200.212
113.534 36166 190.174
113.652 33657 183.458
113.769 31699 178.042
113.886 30823 175.565
114.003 31178 176.573
114.12 33857 184.003
114.238 36912 192.125
114.355 38542 196.321
114.472 40404 201.007
114.589 40580 201.445
114.707 41239 203.074
114.824 41944 204.802
114.942 42731 206.715
115.059 42948 207.239
115.176 42227 205.492
115.294 41669 204.13
115.411 40564 201.405
115.529 39803 199.507
115.646 38373 195.89
115.764 35435 188.242
115.881 33658 183.461
115.999 34533 185.831
116.116 36763 191.737
116.234 39334 198.328
116.351 41601 203.963
116.469 42224 205.485
116.586 42089 205.156
116.704 41999 204.937
116.821 41918 204.739
116.939 40089 200.222
117.056 37011 192.382
117.174 34067 184.572
117.291 32186 179.405
117.409 30290 174.04
117.526 30371 174.273
117.644 32014 178.925
117.761 34755 186.427
117.879 36364 190.693
117.996 37718 194.211
118.114 38989 197.456
118.231 39147 197.856
118.349 40116 200.29
118.466 40262 200.654
118.584 40839 202.087
118.701 40833 202.072
118.819 40205 200.512
118.936 39492 198.726
119.053 38564 196.377
119.171 37589 193.879
119.288 35450 188.282
119.405 33361 182.65
119.523 32823 181.171
119.64 33248 182.34
119.757 35429 188.226
119.875 38001 194.938
119.992 39076 197.677
120.109 39809 199.522
120.226 39912 199.78
120.343 40069 200.172
120.46 39574 198.932
120.578 38070 195.115
120.695 35995 189.723
120.812 33171 182.129
120.929 31359 177.085
121.046 29544 171.884
121.163 28675 169.337
121.279 29127 170.666
121.396 30204 173.793
121.513 32139 179.274
121.63 32623 180.618
121.747 32707 180.851
121.863 32115 179.207
121.98 32389 179.969
122.097 32319 179.775
122.213 31384 177.155
122.33 30673 175.137
122.446 29688 172.302
122.563 28090 167.601
122.679 26283 162.12
122.795 24033 155.026
122.912 20704 143.889
123.028 18082 134.469
123.144 16212 127.326
123.26 15229 123.406
123.377 0 1
123.493 0 1
123.609 0 1
123.725 0 1
123.84 0 1
123.956 0 1
124.072 0 1
124.188 0 1
124.303 0 1
124.419 0 1
126.852 0 1
126.968 0 1
127.083 0 1
127.199 0 1
127.315 0 1
127.431 0 1
127.547 0 1
127.663 0 1
127.779 0 1
127.895 0 1
128.011 0 1
128.127 0 1
128.243 0 1
128.359 37431 193.471
128.476 36775 191.768
128.592 36784 191.792
128.708 38169 195.369
128.825 40883 202.195
128.941 43080 207.557
129.058 43968 209.685
129.174 44737 211.511
129.291 44837 211.747
129.408 45080 212.321
129.524 43705 209.057
129.641 41439 203.566
129.758 38727 196.792
129.875 36685 191.533
129.992 34806 186.564
130.108 33031 181.744
130.225 33469 182.945
130.342 35403 188.157
130.459 36962 192.255
130.576 40090 200.225
130.693 40017 200.042
130.81 40783 201.948
130.928 41572 203.892
131.045 42401 205.915
131.162 43073 207.54
131.279 43681 209
131.396 44023 209.817
131.513 43125 207.666
131.631 42868 207.046
131.748 41547 203.831
131.865 40452 201.127
131.983 38045 195.051
132.1 36591 191.288
132.217 37816 194.463
132.335 39877 199.692
132.452 42889 207.097
132.57 43764 209.198
132.687 43775 209.225
132.804 44863 211.809
132.922 44506 210.964
133.039 44187 210.207
133.157 42511 206.182
133.274 39768 199.419
133.392 37467 193.564
133.509 35595 188.666
133.627 33887 184.084
133.744 33237 182.31
133.862 34730 186.36
133.979 36848 191.958
134.097 38718 196.769
134.214 40264 200.659
134.332 40745 201.854
134.449 41904 204.705
134.567 42243 205.531
134.684 42641 206.497
134.802 43169 207.772
134.919 43559 208.708
135.037 43644 208.911
135.154 42589 206.371
135.272 41675 204.145
135.389 40539 201.343
135.507 39154 197.874
135.624 37145 192.73
135.742 37176 192.811
135.859 38619 196.517
135.977 41128 202.8
136.094 42712 206.669
136.211 43767 209.206
136.329 44012 209.79
136.446 43698 209.041
136.564 44031 209.836
136.681 43728 209.112
136.798 41323 203.281
136.915 39214 198.025
137.033 36977 192.294
137.15 35450 188.282
137.267 33776 183.782
137.384 33047 181.788
137.502 34556 185.892
137.619 35841 189.317
137.736 37880 194.628
137.853 37939 194.779
137.97 39718 199.294
138.087 39369 198.416
138.204 41103 202.739
138.321 42199 205.424
138.438 41907 204.712
138.555 42580 206.349
138.672 41111 202.758
138.788 39651 199.126
138.905 37641 194.013
139.022 35384 188.106
139.139 33250 182.346
139.255 30561 174.817
139.372 28912 170.035
139.488 28835 169.809
139.605 29332 171.266
139.721 29931 173.006
139.838 29525 171.828
139.954 28059 167.508
140.071 25380 159.311
140.187 23304 152.656
140.303 21781 147.584
140.419 20069 141.665
140.535 18076 134.447
140.652 16107 126.913
140.768 0 1
140.884 0 1
141 0 1
141.115 0 1
141.231 0 1
141.347 0 1
141.463 0 1
141.578 0 1
141.694 0 1
144.104 0 1
144.219 0 1
144.335 0 1
144.45 0 1
144.566 0 1
144.682 0 1
144.798 0 1
144.914 0 1
145.03 0 1
145.146 30650 175.071
145.262 32081 179.112
145.378 32915 181.425
145.494 31601 177.767
145.61 30495 174.628
145.726 29162 170.769
145.842 27905 167.048
145.959 26910 164.043
146.075 25964 161.133
146.192 25861 160.814
146.308 26472 162.702
146.425 27819 166.79
146.541 28796 169.694
146.658 29238 170.991
146.774 29894 172.899
146.891 30771 175.417
147.008 31392 177.178
147.125 31450 177.341
147.241 31989 178.855
147.358 32122 179.226
147.475 32131 179.251
147.592 31370 177.116
147.709 30892 175.761
147.826 29627 172.125
147.943 29006 170.311
148.06 28043 167.46
148.177 27949 167.18
148.294 29128 170.669
148.411 30777 175.434
148.528 31925 178.676
148.645 32366 179.906
148.762 32263 179.619
148.88 32726 180.903
148.997 33096 181.923
149.114 31754 178.197
149.231 31026 176.142
149.349 29970 173.118
149.466 27738 166.547
149.583 27400 165.529
149.701 26341 162.299
149.818 25527 159.772
149.935 25943 161.068
150.053 26856 163.878
150.17 27819 166.79
150.287 28276 168.155
150.405 28929 170.085
150.522 29410 171.493
150.64 29821 172.688
150.757 30303 174.078
150.875 30670 175.129
150.992 31188 176.601
151.11 31195 176.621
151.227 30430 174.442
151.344 30249 173.922
151.462 29313 171.21
151.579 27669 166.34
151.697 27091 164.593
151.814 26885 163.966
151.932 28084 167.583
152.049 29463 171.648
152.167 30595 174.914
152.284 30885 175.741
152.402 31789 178.295
152.519 31005 176.082
152.636 30845 175.627
152.754 30626 175.003
152.871 29490 171.727
152.989 28008 167.356
153.106 27024 164.39
153.223 25491 159.659
153.341 24947 157.946
153.458 24388 156.167
153.575 25044 158.253
153.693 25672 160.225
153.81 26583 163.043
153.927 26817 163.759
154.044 27268 165.13
154.162 27561 166.015
154.279 28147 167.771
154.396 28756 169.576
154.513 29195 170.865
154.63 29430 171.552
154.747 28919 170.056
154.864 28435 168.627
154.981 27438 165.644
155.098 26863 163.899
155.215 25701 160.315
155.332 25067 158.326
155.449 25409 159.402
155.566 26878 163.945
155.683 27417 165.581
155.8 27631 166.226
155.917 27313 165.266
156.033 26499 162.785
156.15 0 1
156.267 0 1
156.383 0 1
156.5 0 1
156.617 0 1
156.733 0 1
156.85 0 1
156.966 0 1
157.082 0 1
157.199 0 1
157.315 0 1
157.431 0 1
157.547 0 1
157.664 0 1
157.78 0 1
157.896 0 1
158.012 0 1
158.128 0 1
158.244 0 1
158.359 0 1
158.475 0 1
158.591 0 1
158.706 0 1
