
6.15755 0 1
6.2731 0 1
6.3887 0 1
6.50437 0 1
6.62009 0 1
6.73587 0 1
6.8517 0 1
6.96759 0 1
7.08353 0 1
7.19952 0 1
7.31557 0 1
7.43166 0 1
7.54781 0 1
7.664 0 1
7.78024 0 1
7.89653 0 1
8.01286 0 1
8.12924 0 1
8.24567 0 1
8.36213 0 1
8.47864 0 1
8.59519 0 1
8.71178 0 1
8.82841 0 1
8.94508 0 1
9.06179 0 1
9.17853 0 1
9.29531 0 1
9.41212 0 1
9.52897 0 1
9.64584 0 1
9.76276 0 1
9.8797 0 1
9.99667 0 1
10.1137 0 1
10.2307 0 1
10.3478 0 1
10.4648 0 1
10.5819 0 1
10.6991 0 1
10.8162 0 1
10.9334 0 1
11.0506 0 1
11.1678 0 1
11.285 0 1
11.4023 0 1
11.5196 0 1
11.6369 0 1
11.7542 0 1
11.8715 0 1
11.9888 0 1
12.1062 0 1
12.2235 0 1
12.3409 0 1
12.4582 0 1
12.5756 0 1
12.693 0 1
12.8104 0 1
12.9278 0 1
13.0452 0 1
13.1626 0 1
13.28 0 1
13.3974 0 1
13.5149 0 1
13.6323 0 1
13.7497 0 1
13.8671 0 1
13.9845 0 1
14.1019 0 1
14.2193 0 1
14.3367 0 1
14.4541 0 1
14.5714 0 1
14.6888 0 1
14.8062 0 1
14.9235 0 1
15.0408 0 0
15.1581 0 0
15.2755 0 0
15.3927 0 0
15.51 0 0
15.6273 0 0
15.7445 0 0
15.8617 0 0
15.9789 0 0
16.0961 0 0
16.2132 0 0
16.3304 0 0
16.4475 0 0
16.5646 0 0
16.6816 0 0
16.7986 0 0
16.9156 0 0
17.0326 0 0
17.1496 0 0
17.2665 0 0
17.3833 0 0
17.5002 0 0
17.617 0 0
17.7338 0 0
17.8505 0 0
17.9672 0 0
18.0839 0 0
18.2005 0 0
18.3171 0 0
18.4337 0 0
18.5502 0 0
18.6666 0 0
18.7831 0 0
18.8994 0 0
19.0158 0 0
19.1321 0 0
19.2483 0 0
19.3645 0 0
19.4806 0 0
19.5967 0 0
19.7128 0 0
19.8288 0 0
19.9447 0 0
20.0606 0 1
20.1764 0 1
20.2922 0 1
20.4079 0 1
20.5236 0 1
20.6392 0 1
20.7548 0 1
20.8702 0 1
23.3078 0 1
23.4233 0 1
23.539 0 1
23.6547 0 1
23.7704 0 1
23.8862 0 1
24.0021 0 1
24.118 0 1
24.234 0 1
24.35 0 1
24.4661 512 22.6274
24.5822 584 24.1661
24.6984 653 25.5539
24.8146 688 26.2298
24.9309 733 27.074
25.0472 775 27.8388
25.1636 770 27.7489
25.28 789 28.0891
25.3965 817 28.5832
25.513 960 30.9839
25.6296 883 29.7153
25.7462 961 31
25.8628 1013 31.8277
25.9795 1079 32.8481
26.0962 1048 32.3728
26.213 1017 31.8904
26.3298 1045 32.3265
26.4466 999 31.607
26.5635 993 31.5119
26.6804 976 31.241
26.7973 907 30.1164
26.9143 842 29.0172
27.0313 891 29.8496
27.1483 962 31.0161
27.2653 973 31.1929
27.3824 980 31.305
27.4996 955 30.9031
27.6167 987 31.4166
27.7339 956 30.9192
27.8511 899 29.9833
27.9683 921 30.348
28.0855 928 30.4631
28.2028 884 29.7321
28.3201 918 30.2985
28.4374 818 28.6007
28.5547 813 28.5132
28.6721 784 28
28.7894 812 28.4956
28.9068 917 30.282
29.0242 859 29.3087
29.1416 915 30.249
29.259 952 30.8545
29.3764 912 30.1993
29.4939 923 30.3809
29.6113 975 31.225
29.7288 962 31.0161
29.8463 896 29.9333
29.9638 933 30.545
30.0812 917 30.282
30.1987 786 28.0357
30.3162 806 28.3901
30.4337 832 28.8444
30.5512 819 28.6182
30.6687 889 29.8161
30.7862 928 30.4631
30.9037 931 30.5123
31.0212 904 30.0666
31.1387 892 29.8664
31.2562 878 29.6311
31.3737 964 31.0483
31.4912 836 28.9137
31.6087 875 29.5804
31.7262 822 28.6705
31.8436 815 28.5482
31.9611 806 28.3901
32.0785 859 29.3087
32.1959 770 27.7489
32.3134 771 27.7669
32.4308 786 28.0357
32.5482 803 28.3373
32.6655 849 29.1376
32.7829 859 29.3087
32.9002 931 30.5123
33.0176 889 29.8161
33.1349 858 29.2916
33.2522 895 29.9166
33.3694 879 29.6479
33.4867 913 30.2159
33.6039 881 29.6816
33.7211 804 28.3549
33.8383 813 28.5132
33.9554 792 28.1425
34.0725 754 27.4591
34.1896 807 28.4077
34.3067 796 28.2135
34.4237 831 28.8271
34.5407 879 29.6479
34.6577 881 29.6816
34.7746 885 29.7489
34.8915 830 28.8097
35.0084 840 28.9828
35.1252 793 28.1603
35.242 836 28.9137
35.3587 808 28.4253
35.4755 785 28.0179
35.5921 836 28.9137
35.7088 721 26.8514
35.8254 706 26.5707
35.9419 685 26.1725
36.0584 715 26.7395
36.1749 682 26.1151
36.2913 702 26.4953
36.4077 672 25.923
36.524 692 26.3059
36.6403 667 25.8263
36.7565 631 25.1197
36.8727 631 25.1197
36.9889 589 24.2693
37.1049 597 24.4336
37.221 0 1
37.3369 0 1
37.4529 0 1
37.5687 0 1
37.6845 0 1
37.8003 0 1
37.916 0 1
38.0316 0 1
38.1472 0 1
40.5851 0 1
40.7008 0 1
40.8164 0 1
40.9322 0 1
41.048 0 1
41.1639 0 1
41.2798 0 1
41.3958 0 1
41.5118 0 1
41.6279 0 1
41.744 469 21.6564
41.8602 530 23.0217
41.9765 551 23.4734
42.0928 561 23.6854
42.2091 593 24.3516
42.3255 629 25.0799
42.4419 652 25.5343
42.5584 636 25.219
42.675 627 25.04
42.7915 634 25.1794
42.9081 588 24.2487
43.0248 643 25.3574
43.1415 692 26.3059
43.2582 708 26.6083
43.375 755 27.4773
43.4918 731 27.037
43.6087 743 27.258
43.7256 733 27.074
43.8425 737 27.1477
43.9595 716 26.7582
44.0765 724 26.9072
44.1935 703 26.5141
44.3106 656 25.6125
44.4277 660 25.6905
44.5448 636 25.219
44.6619 629 25.0799
44.7791 597 24.4336
44.8963 657 25.632
45.0136 616 24.8193
45.1308 674 25.9615
45.2481 707 26.5895
45.3654 722 26.8701
45.4827 755 27.4773
45.6001 740 27.2029
45.7174 760 27.5681
45.8348 739 27.1846
45.9522 731 27.037
46.0697 709 26.6271
46.1871 668 25.8457
46.3046 651 25.5147
46.422 631 25.1197
46.5395 618 24.8596
46.657 635 25.1992
46.7745 673 25.9422
46.892 752 27.4226
47.0096 726 26.9444
47.1271 816 28.5657
47.2446 772 27.7849
47.3622 727 26.9629
47.4797 761 27.5862
47.5973 722 26.8701
47.7149 684 26.1534
47.8324 662 25.7294
47.95 678 26.0384
48.0675 652 25.5343
48.1851 603 24.5561
48.3027 565 23.7697
48.4202 577 24.0208
48.5378 596 24.4131
48.6554 609 24.6779
48.7729 715 26.7395
48.8904 718 26.7955
49.008 701 26.4764
49.1255 678 26.0384
49.243 736 27.1293
49.3605 727 26.9629
49.478 741 27.2213
49.5955 686 26.1916
49.713 652 25.5343
49.8304 615 24.7992
49.9479 575 23.9792
50.0653 627 25.04
50.1827 660 25.6905
50.3001 714 26.7208
50.4175 733 27.074
50.5348 750 27.3861
50.6521 780 27.9285
50.7694 732 27.0555
50.8867 708 26.6083
51.004 711 26.6646
51.1212 725 26.9258
51.2384 684 26.1534
51.3556 658 25.6515
51.4727 658 25.6515
51.5899 628 25.0599
51.707 571 23.8956
51.824 570 23.8747
51.9411 596 24.4131
52.0581 616 24.8193
52.175 650 25.4951
52.2919 655 25.593
52.4088 713 26.7021
52.5257 756 27.4955
52.6425 661 25.7099
52.7593 734 27.0924
52.876 704 26.533
52.9927 766 27.6767
53.1094 682 26.1151
53.226 659 25.671
53.3426 601 24.5153
53.4591 564 23.7487
53.5756 483 21.9773
53.692 510 22.5832
53.8084 498 22.3159
53.9248 473 21.7486
54.0411 513 22.6495
54.1573 438 20.9284
54.2735 0 1
54.3896 0 1
54.5057 0 1
54.6217 0 1
54.7377 0 1
54.8537 0 1
54.9695 0 1
55.0853 0 1
55.2011 0 1
55.3168 0 1
55.4324 0 1
57.824 0 1
57.9396 0 1
58.0553 0 1
58.1711 0 1
58.2869 0 1
58.4028 0 1
58.5187 0 1
58.6347 0 1
58.7508 0 1
58.8669 0 1
58.983 515 22.6936
59.0992 583 24.1454
59.2155 644 25.3772
59.3318 739 27.1846
59.4482 744 27.2764
59.5646 805 28.3725
59.681 798 28.2489
59.7975 850 29.1548
59.9141 855 29.2404
60.0306 825 28.7228
60.1473 763 27.6225
60.2639 782 27.9643
60.3807 712 26.6833
60.4974 742 27.2397
60.6142 726 26.9444
60.731 737 27.1477
60.8479 753 27.4408
60.9648 819 28.6182
61.0818 822 28.6705
61.1987 843 29.0345
61.3158 908 30.133
61.4328 831 28.8271
61.5499 896 29.9333
61.667 841 29
61.7841 806 28.3901
61.9013 754 27.4591
62.0185 737 27.1477
62.1357 722 26.8701
62.253 740 27.2029
62.3702 783 27.9821
62.4875 822 28.6705
62.6049 830 28.8097
62.7222 824 28.7054
62.8396 863 29.3769
62.9569 893 29.8831
63.0743 875 29.5804
63.1918 890 29.8329
63.3092 878 29.6311
63.4267 893 29.8831
63.5441 790 28.1069
63.6616 744 27.2764
63.7791 736 27.1293
63.8966 700 26.4575
64.0142 651 25.5147
64.1317 711 26.6646
64.2492 735 27.1109
64.3668 779 27.9106
64.4843 745 27.2947
64.6019 842 29.0172
64.7195 878 29.6311
64.837 854 29.2233
64.9546 790 28.1069
65.0722 843 29.0345
65.1898 841 29
65.3074 872 29.5296
65.4249 798 28.2489
65.5425 705 26.5518
65.6601 663 25.7488
65.7777 688 26.2298
65.8952 765 27.6586
66.0128 765 27.6586
66.1304 829 28.7924
66.2479 876 29.5973
66.3655 838 28.9482
66.483 849 29.1376
66.6005 877 29.6142
66.718 857 29.2746
66.8355 835 28.8964
66.953 847 29.1033
67.0705 816 28.5657
67.1879 794 28.178
67.3054 771 27.7669
67.4228 715 26.7395
67.5402 657 25.632
67.6576 640 25.2982
67.7749 657 25.632
67.8923 644 25.3772
68.0096 743 27.258
68.1269 699 26.4386
68.2442 741 27.2213
68.3614 785 28.0179
68.4787 839 28.9655
68.5958 820 28.6356
68.713 819 28.6182
68.8302 822 28.6705
68.9473 776 27.8568
69.0643 746 27.313
69.1814 673 25.9422
69.2984 649 25.4755
69.4154 654 25.5734
69.5323 659 25.671
69.6492 676 26
69.7661 808 28.4253
69.8829 768 27.7128
69.9997 773 27.8029
70.1165 714 26.7208
70.2332 720 26.8328
70.3499 651 25.5147
70.4665 678 26.0384
70.5831 637 25.2389
70.6996 632 25.1396
70.8161 535 23.1301
70.9326 506 22.4944
71.049 433 20.8087
71.1653 351 18.735
71.2817 314 17.72
71.3979 303 17.4069
71.5141 293 17.1172
71.6303 277 16.6433
71.7464 285 16.8819
71.8624 0 1
71.9784 0 1
72.0944 0 1
72.2102 0 1
72.3261 0 1
72.4418 0 1
72.5575 0 1
72.6732 0 1
75.1054 0 1
75.2209 0 1
75.3365 0 1
75.4521 0 1
75.5678 0 1
75.6835 0 1
75.7993 0 1
75.9151 0 1
76.031 0 1
76.147 548 23.4094
76.263 613 24.7588
76.3791 619 24.8797
76.4952 565 23.7697
76.6113 539 23.2164
76.7276 605 24.5967
76.8438 605 24.5967
76.9601 643 25.3574
77.0765 643 25.3574
77.1929 732 27.0555
77.3093 775 27.8388
77.4258 770 27.7489
77.5423 788 28.0713
77.6589 743 27.258
77.7755 776 27.8568
77.8921 796 28.2135
78.0088 709 26.6271
78.1256 661 25.7099
78.2423 649 25.4755
78.3591 597 24.4336
78.4759 592 24.3311
78.5928 681 26.096
78.7097 729 27
78.8266 760 27.5681
78.9436 794 28.178
79.0606 775 27.8388
79.1776 794 28.178
79.2946 855 29.2404
79.4117 838 28.9482
79.5288 800 28.2843
79.6459 800 28.2843
79.7631 812 28.4956
79.8802 727 26.9629
79.9974 711 26.6646
80.1147 636 25.219
80.2319 659 25.671
80.3491 679 26.0576
80.4664 661 25.7099
80.5837 647 25.4362
80.701 750 27.3861
80.8183 727 26.9629
80.9357 789 28.0891
81.053 775 27.8388
81.1704 827 28.7576
81.2877 796 28.2135
81.4051 812 28.4956
81.5225 800 28.2843
81.6399 751 27.4044
81.7573 692 26.3059
81.8747 639 25.2784
81.9922 652 25.5343
82.1096 666 25.807
82.227 681 26.096
82.3444 695 26.3629
82.4619 745 27.2947
82.5793 840 28.9828
82.6967 851 29.1719
82.8142 852 29.189
82.9316 849 29.1376
83.049 862 29.3598
83.1664 846 29.0861
83.2838 831 28.8271
83.4012 794 28.178
83.5186 762 27.6043
83.636 713 26.7021
83.7534 722 26.8701
83.8708 652 25.5343
83.9881 616 24.8193
84.1055 613 24.7588
84.2228 681 26.096
84.3401 700 26.4575
84.4575 766 27.6767
84.5747 827 28.7576
84.692 859 29.3087
84.8093 802 28.3196
84.9265 862 29.3598
85.0437 867 29.4449
85.1609 784 28
85.2781 753 27.4408
85.3952 700 26.4575
85.5123 651 25.5147
85.6294 655 25.593
85.7465 690 26.2679
85.8636 726 26.9444
85.9806 765 27.6586
86.0976 819 28.6182
86.2145 859 29.3087
86.3315 814 28.5307
86.4484 863 29.3769
86.5652 818 28.6007
86.682 800 28.2843
86.7988 865 29.4109
86.9156 836 28.9137
87.0323 809 28.4429
87.149 693 26.3249
87.2657 682 26.1151
87.3823 621 24.9199
87.4988 553 23.516
87.6154 543 23.3024
87.7318 524 22.891
87.8483 617 24.8395
87.9647 597 24.4336
88.081 675 25.9808
88.1973 576 24
88.3136 583 24.1454
88.4298 536 23.1517
88.546 446 21.1187
88.6621 415 20.3715
88.7781 369 19.2094
88.8942 0 1
89.0101 0 1
89.126 0 1
89.2419 0 1
89.3577 0 1
89.4734 0 1
89.5891 0 1
89.7047 0 1
89.8203 0 1
89.9358 0 1
92.3269 0 1
92.4424 0 1
92.558 0 1
92.6736 0 1
92.7893 0 1
92.905 0 1
93.0208 0 1
93.1366 0 1
93.2525 0 1
93.3685 0 1
93.4845 0 1
93.6005 824 28.7054
93.7167 833 28.8617
93.8328 883 29.7153
93.949 870 29.4958
94.0653 801 28.3019
94.1816 791 28.1247
94.2979 716 26.7582
94.4143 699 26.4386
94.5307 750 27.3861
94.6472 802 28.3196
94.7637 811 28.4781
94.8803 886 29.7658
94.9969 914 30.2324
95.1135 933 30.545
95.2302 930 30.4959
95.3469 906 30.0998
95.4637 902 30.0333
95.5805 940 30.6594
95.6973 893 29.8831
95.8142 888 29.7993
95.9311 814 28.5307
96.048 762 27.6043
96.1649 750 27.3861
96.2819 690 26.2679
96.3989 754 27.4591
96.516 765 27.6586
96.633 832 28.8444
96.7501 856 29.2575
96.8673 909 30.1496
96.9844 880 29.6648
97.1016 973 31.1929
97.2188 885 29.7489
97.336 848 29.1204
97.4532 769 27.7308
97.5704 762 27.6043
97.6877 754 27.4591
97.805 655 25.593
97.9223 714 26.7208
98.0396 749 27.3679
98.1569 831 28.8271
98.2743 840 28.9828
98.3916 938 30.6268
98.509 892 29.8664
98.6264 936 30.5941
98.7438 930 30.4959
98.8612 939 30.6431
98.9786 917 30.282
99.096 897 29.95
99.2134 828 28.775
99.3308 818 28.6007
99.4482 817 28.5832
99.5656 780 27.9285
99.6831 695 26.3629
99.8005 730 27.0185
99.9179 765 27.6586
100.035 802 28.3196
100.153 868 29.4618
100.27 913 30.2159
100.388 868 29.4618
100.505 901 30.0167
100.622 884 29.7321
100.74 821 28.6531
100.857 864 29.3939
100.975 797 28.2312
101.092 769 27.7308
101.209 686 26.1916
101.327 694 26.3439
101.444 713 26.7021
101.561 761 27.5862
101.679 816 28.5657
101.796 852 29.189
101.913 874 29.5635
102.03 881 29.6816
102.148 923 30.3809
102.265 925 30.4138
102.382 977 31.257
102.499 964 31.0483
102.616 904 30.0666
102.733 940 30.6594
102.851 914 30.2324
102.968 878 29.6311
103.085 851 29.1719
103.202 804 28.3549
103.319 776 27.8568
103.436 836 28.9137
103.552 797 28.2312
103.669 886 29.7658
103.786 971 31.1609
103.903 1095 33.0908
104.02 1135 33.6898
104.137 1167 34.1614
104.253 1189 34.4819
104.37 1116 33.4066
104.487 1147 33.8674
104.603 1139 33.7491
104.72 1129 33.6006
104.836 1056 32.4962
104.953 968 31.1127
105.069 1006 31.7175
105.186 944 30.7246
105.302 941 30.6757
105.418 1006 31.7175
105.535 936 30.5941
105.651 961 31
105.767 917 30.282
105.883 827 28.7576
105.999 698 26.4197
106.115 0 1
106.231 0 1
106.347 0 1
106.463 0 1
106.579 0 1
106.694 0 1
106.81 0 1
106.926 0 1
107.041 0 1
107.157 0 1
109.576 0 1
109.692 0 1
109.807 0 1
109.923 0 1
110.039 0 1
110.155 0 1
110.27 0 1
110.386 0 1
110.502 0 1
110.618 1321 36.3456
110.735 1615 40.1871
110.851 1829 42.7668
110.967 1945 44.1022
111.083 2039 45.1553
111.199 2236 47.2864
111.316 2387 48.8569
111.432 2422 49.2138
111.549 2506 50.06
111.665 2529 50.2892
111.782 2372 48.7032
111.898 2300 47.9583
112.015 2272 47.6655
112.132 2187 46.7654
112.248 2027 45.0222
112.365 1908 43.6807
112.482 1992 44.6318
112.599 2190 46.7974
112.716 2350 48.4768
112.832 2340 48.3735
112.949 2413 49.1223
113.066 2479 49.7896
113.183 2445 49.4469
113.3 2386 48.8467
113.417 2419 49.1833
113.534 2349 48.4665
113.652 2148 46.3465
113.769 1977 44.4635
113.886 1874 43.2897
114.003 1816 42.6146
114.12 1938 44.0227
114.238 2006 44.7884
114.355 2078 45.5851
114.472 2210 47.0106
114.589 2272 47.6655
114.707 2234 47.2652
114.824 2221 47.1275
114.942 2202 46.9255
115.059 2173 46.6154
115.176 2158 46.4543
115.294 2047 45.2438
115.411 2090 45.7165
115.529 1958 44.2493
115.646 1804 42.4735
115.764 1710 41.3521
115.881 1576 39.6989
115.999 1572 39.6485
116.116 1633 40.4104
116.234 1698 41.2068
116.351 1779 42.1782
116.469 1651 40.6325
116.586 1696 41.1825
116.704 1620 40.2492
116.821 1600 40
116.939 1633 40.4104
117.056 1492 38.6264
117.174 1309 36.1801
117.291 1268 35.609
117.409 1099 33.1512
117.526 1091 33.0303
117.644 1058 32.5269
117.761 1154 33.9706
117.879 1126 33.5559
117.996 1063 32.6037
118.114 1175 34.2783
118.231 1118 33.4365
118.349 1069 32.6956
118.466 1099 33.1512
118.584 1107 33.2716
118.701 1080 32.8634
118.819 1039 32.2335
118.936 912 30.1993
119.053 932 30.5287
119.171 948 30.7896
119.288 854 29.2233
119.405 798 28.2489
119.523 798 28.2489
119.64 781 27.9464
119.757 754 27.4591
119.875 868 29.4618
119.992 885 29.7489
120.109 881 29.6816
120.226 854 29.2233
120.343 794 28.178
120.46 836 28.9137
120.578 812 28.4956
120.695 798 28.2489
120.812 747 27.3313
120.929 732 27.0555
121.046 659 25.671
121.163 683 26.1343
121.279 677 26.0192
121.396 670 25.8844
121.513 692 26.3059
121.63 727 26.9629
121.747 693 26.3249
121.863 683 26.1343
121.98 664 25.7682
122.097 684 26.1534
122.213 671 25.9037
122.33 666 25.807
122.446 639 25.2784
122.563 609 24.6779
122.679 553 23.516
122.795 498 22.3159
122.912 447 21.1424
123.028 399 19.975
123.144 356 18.868
123.26 306 17.4929
123.377 0 1
123.493 0 1
123.609 0 1
123.725 0 1
123.84 0 1
123.956 0 1
124.072 0 1
124.188 0 1
124.303 0 1
124.419 0 1
126.852 0 1
126.968 0 1
127.083 0 1
127.199 0 1
127.315 0 1
127.431 0 1
127.547 0 1
127.663 0 1
127.779 0 1
127.895 0 1
128.011 0 1
128.127 0 1
128.243 0 1
128.359 706 26.5707
128.476 633 25.1595
128.592 649 25.4755
128.708 702 26.4953
128.825 792 28.1425
128.941 840 28.9828
129.058 832 28.8444
129.174 852 29.189
129.291 817 28.5832
129.408 816 28.5657
129.524 818 28.6007
129.641 862 29.3598
129.758 756 27.4955
129.875 751 27.4044
129.992 693 26.3249
130.108 673 25.9422
130.225 681 26.096
130.342 677 26.0192
130.459 750 27.3861
130.576 727 26.9629
130.693 869 29.4788
130.81 795 28.1957
130.928 784 28
131.045 815 28.5482
131.162 847 29.1033
131.279 857 29.2746
131.396 858 29.2916
131.513 845 29.0689
131.631 754 27.4591
131.748 835 28.8964
131.865 723 26.8887
131.983 696 26.3818
132.1 715 26.7395
132.217 751 27.4044
132.335 775 27.8388
132.452 843 29.0345
132.57 818 28.6007
132.687 781 27.9464
132.804 871 29.5127
132.922 786 28.0357
133.039 840 28.9828
133.157 833 28.8617
133.274 826 28.7402
133.392 708 26.6083
133.509 745 27.2947
133.627 693 26.3249
133.744 654 25.5734
133.862 723 26.8887
133.979 722 26.8701
134.097 810 28.4605
134.214 776 27.8568
134.332 777 27.8747
134.449 793 28.1603
134.567 788 28.0713
134.684 808 28.4253
134.802 842 29.0172
134.919 758 27.5318
135.037 845 29.0689
135.154 821 28.6531
135.272 773 27.8029
135.389 767 27.6948
135.507 733 27.074
135.624 689 26.2488
135.742 714 26.7208
135.859 710 26.6458
135.977 761 27.5862
136.094 838 28.9482
136.211 750 27.3861
136.329 820 28.6356
136.446 835 28.8964
136.564 786 28.0357
136.681 824 28.7054
136.798 739 27.1846
136.915 759 27.55
137.033 690 26.2679
137.15 694 26.3439
137.267 638 25.2587
137.384 632 25.1396
137.502 611 24.7184
137.619 675 25.9808
137.736 699 26.4386
137.853 757 27.5136
137.97 733 27.074
138.087 719 26.8142
138.204 773 27.8029
138.321 788 28.0713
138.438 798 28.2489
138.555 832 28.8444
138.672 759 27.55
138.788 718 26.7955
138.905 702 26.4953
139.022 647 25.4362
139.139 554 23.5372
139.255 599 24.4745
139.372 572 23.9165
139.488 573 23.9374
139.605 566 23.7908
139.721 556 23.5797
139.838 554 23.5372
139.954 521 22.8254
140.071 494 22.2261
140.187 443 21.0476
140.303 408 20.199
140.419 398 19.9499
140.535 377 19.4165
140.652 284 16.8523
140.768 0 1
140.884 0 1
141 0 1
141.115 0 1
141.231 0 1
141.347 0 1
141.463 0 1
141.578 0 1
141.694 0 1
144.104 0 1
144.219 0 1
144.335 0 1
144.45 0 1
144.566 0 1
144.682 0 1
144.798 0 1
144.914 0 1
145.03 0 1
145.146 599 24.4745
145.262 642 25.3377
145.378 640 25.2982
145.494 635 25.1992
145.61 588 24.2487
145.726 607 24.6374
145.842 592 24.3311
145.959 546 23.3666
146.075 593 24.3516
146.192 524 22.891
146.308 584 24.1661
146.425 635 25.1992
146.541 610 24.6982
146.658 576 24
146.774 667 25.8263
146.891 646 25.4165
147.008 657 25.632
147.125 643 25.3574
147.241 719 26.8142
147.358 665 25.7876
147.475 647 25.4362
147.592 673 25.9422
147.709 641 25.318
147.826 577 24.0208
147.943 568 23.8328
148.06 603 24.5561
148.177 598 24.454
148.294 596 24.4131
148.411 659 25.671
148.528 695 26.3629
148.645 686 26.1916
148.762 677 26.0192
148.88 690 26.2679
148.997 687 26.2107
149.114 651 25.5147
149.231 704 26.533
149.349 601 24.5153
149.466 594 24.3721
149.583 585 24.1868
149.701 555 23.5584
149.818 591 24.3105
149.935 576 24
150.053 594 24.3721
150.17 575 23.9792
150.287 627 25.04
150.405 599 24.4745
150.522 628 25.0599
150.64 643 25.3574
150.757 624 24.98
150.875 646 25.4165
150.992 664 25.7682
151.11 638 25.2587
151.227 613 24.7588
151.344 589 24.2693
151.462 611 24.7184
151.579 547 23.388
151.697 567 23.8118
151.814 545 23.3452
151.932 642 25.3377
152.049 658 25.6515
152.167 670 25.8844
152.284 687 26.2107
152.402 637 25.2389
152.519 623 24.96
152.636 661 25.7099
152.754 631 25.1197
152.871 657 25.632
152.989 595 24.3926
153.106 592 24.3311
153.223 572 23.9165
153.341 520 22.8035
153.458 565 23.7697
153.575 507 22.5167
153.693 557 23.6008
153.81 562 23.7065
153.927 546 23.3666
154.044 584 24.1661
154.162 682 26.1151
154.279 604 24.5764
154.396 639 25.2784
154.513 665 25.7876
154.63 627 25.04
154.747 620 24.8998
154.864 627 25.04
154.981 669 25.865
155.098 619 24.8797
155.215 556 23.5797
155.332 555 23.5584
155.449 599 24.4745
155.566 606 24.6171
155.683 631 25.1197
155.8 635 25.1992
155.917 574 23.9583
156.033 587 24.2281
156.15 0 1
156.267 0 1
156.383 0 1
156.5 0 1
156.617 0 1
156.733 0 1
156.85 0 1
156.966 0 1
157.082 0 1
157.199 0 1
157.315 0 1
157.431 0 1
157.547 0 1
157.664 0 1
157.78 0 1
157.896 0 1
158.012 0 1
158.128 0 1
158.244 0 1
158.359 0 1
158.475 0 1
158.591 0 1
158.706 0 1
