
6.15755 0 1
6.2731 0 1
6.3887 0 1
6.50437 0 1
6.62009 0 1
6.73587 0 1
6.8517 0 1
6.96759 0 1
7.08353 0 1
7.19952 0 1
7.31557 0 1
7.43166 0 1
7.54781 0 1
7.664 0 1
7.78024 0 1
7.89653 0 1
8.01286 0 1
8.12924 0 1
8.24567 0 1
8.36213 0 1
8.47864 0 1
8.59519 0 1
8.71178 0 1
8.82841 0 1
8.94508 0 1
9.06179 0 1
9.17853 0 1
9.29531 0 1
9.41212 0 1
9.52897 0 1
9.64584 0 1
9.76276 0 1
9.8797 0 1
9.99667 0 1
10.1137 0 1
10.2307 0 1
10.3478 0 1
10.4648 0 1
10.5819 0 1
10.6991 0 1
10.8162 0 1
10.9334 0 1
11.0506 0 1
11.1678 0 1
11.285 0 1
11.4023 0 1
11.5196 0 1
11.6369 0 1
11.7542 0 1
11.8715 0 1
11.9888 0 1
12.1062 0 1
12.2235 0 1
12.3409 0 1
12.4582 0 1
12.5756 0 1
12.693 0 1
12.8104 0 1
12.9278 0 1
13.0452 0 1
13.1626 0 1
13.28 0 1
13.3974 0 1
13.5149 0 1
13.6323 0 1
13.7497 0 1
13.8671 0 1
13.9845 0 1
14.1019 0 1
14.2193 0 1
14.3367 0 1
14.4541 0 1
14.5714 0 1
14.6888 0 1
14.8062 0 1
14.9235 0 1
15.0408 1263 35.5387
15.1581 1282 35.805
15.2755 1322 36.3593
15.3927 1358 36.8511
15.51 1317 36.2905
15.6273 1213 34.8281
15.7445 1226 35.0143
15.8617 1197 34.5977
15.9789 1172 34.2345
16.0961 1210 34.7851
16.2132 1198 34.6121
16.3304 1091 33.0303
16.4475 1163 34.1028
16.5646 1151 33.9264
16.6816 1153 33.9559
16.7986 1076 32.8024
16.9156 1106 33.2566
17.0326 1087 32.9697
17.1496 1072 32.7414
17.2665 1080 32.8634
17.3833 1053 32.45
17.5002 1141 33.7787
17.617 1116 33.4066
17.7338 1067 32.665
17.8505 1053 32.45
17.9672 1100 33.1662
18.0839 1069 32.6956
18.2005 1100 33.1662
18.3171 1121 33.4813
18.4337 1132 33.6452
18.5502 1049 32.3883
18.6666 1148 33.8821
18.7831 1109 33.3017
18.8994 1029 32.078
19.0158 1020 31.9374
19.1321 933 30.545
19.2483 879 29.6479
19.3645 897 29.95
19.4806 913 30.2159
19.5967 860 29.3258
19.7128 878 29.6311
19.8288 812 28.4956
19.9447 742 27.2397
20.0606 0 1
20.1764 0 1
20.2922 0 1
20.4079 0 1
20.5236 0 1
20.6392 0 1
20.7548 0 1
20.8702 0 1
23.3078 0 1
23.4233 0 1
23.539 0 1
23.6547 0 1
23.7704 0 1
23.8862 0 1
24.0021 0 1
24.118 0 1
24.234 0 1
24.35 0 1
24.4661 407 20.1742
24.5822 491 22.1585
24.6984 643 25.3574
24.8146 695 26.3629
24.9309 809 28.4429
25.0472 900 30
25.1636 961 31
25.28 994 31.5278
25.3965 1081 32.8786
25.513 1138 33.7343
25.6296 1234 35.1283
25.7462 1219 34.9142
25.8628 1288 35.8887
25.9795 1241 35.2278
26.0962 1215 34.8569
26.213 1094 33.0757
26.3298 1115 33.3916
26.4466 1045 32.3265
26.5635 1050 32.4037
26.6804 973 31.1929
26.7973 1000 31.6228
26.9143 938 30.6268
27.0313 948 30.7896
27.1483 1022 31.9687
27.2653 1068 32.6803
27.3824 1073 32.7567
27.4996 1080 32.8634
27.6167 1048 32.3728
27.7339 1019 31.9218
27.8511 977 31.257
27.9683 905 30.0832
28.0855 884 29.7321
28.2028 1026 32.0312
28.3201 1056 32.4962
28.4374 1052 32.4345
28.5547 1073 32.7567
28.6721 1132 33.6452
28.7894 1114 33.3766
28.9068 1075 32.7872
29.0242 1105 33.2415
29.1416 1086 32.9545
29.259 1037 32.2025
29.3764 1019 31.9218
29.4939 1015 31.8591
29.6113 1047 32.3574
29.7288 962 31.0161
29.8463 938 30.6268
29.9638 955 30.9031
30.0812 893 29.8831
30.1987 874 29.5635
30.3162 932 30.5287
30.4337 904 30.0666
30.5512 941 30.6757
30.6687 987 31.4166
30.7862 1041 32.2645
30.9037 1121 33.4813
31.0212 1030 32.0936
31.1387 1137 33.7194
31.2562 1025 32.0156
31.3737 967 31.0966
31.4912 949 30.8058
31.6087 990 31.4643
31.7262 1015 31.8591
31.8436 1057 32.5115
31.9611 1088 32.9848
32.0785 1052 32.4345
32.1959 1055 32.4808
32.3134 992 31.496
32.4308 966 31.0805
32.5482 943 30.7083
32.6655 978 31.273
32.7829 928 30.4631
32.9002 922 30.3645
33.0176 930 30.4959
33.1349 933 30.545
33.2522 952 30.8545
33.3694 918 30.2985
33.4867 972 31.1769
33.6039 860 29.3258
33.7211 908 30.133
33.8383 892 29.8664
33.9554 865 29.4109
34.0725 910 30.1662
34.1896 927 30.4467
34.3067 959 30.9677
34.4237 944 30.7246
34.5407 989 31.4484
34.6577 984 31.3688
34.7746 1018 31.9061
34.8915 950 30.8221
35.0084 899 29.9833
35.1252 873 29.5466
35.242 858 29.2916
35.3587 907 30.1164
35.4755 961 31
35.5921 891 29.8496
35.7088 1006 31.7175
35.8254 969 31.1288
35.9419 941 30.6757
36.0584 934 30.5614
36.1749 928 30.4631
36.2913 882 29.6985
36.4077 829 28.7924
36.524 777 27.8747
36.6403 849 29.1376
36.7565 751 27.4044
36.8727 750 27.3861
36.9889 688 26.2298
37.1049 646 25.4165
37.221 0 1
37.3369 0 1
37.4529 0 1
37.5687 0 1
37.6845 0 1
37.8003 0 1
37.916 0 1
38.0316 0 1
38.1472 0 1
40.5851 0 1
40.7008 0 1
40.8164 0 1
40.9322 0 1
41.048 0 1
41.1639 0 1
41.2798 0 1
41.3958 0 1
41.5118 0 1
41.6279 0 1
41.744 398 19.9499
41.8602 458 21.4009
41.9765 554 23.5372
42.0928 580 24.0832
42.2091 637 25.2389
42.3255 676 26
42.4419 708 26.6083
42.5584 720 26.8328
42.675 721 26.8514
42.7915 750 27.3861
42.9081 651 25.5147
43.0248 698 26.4197
43.1415 730 27.0185
43.2582 723 26.8887
43.375 722 26.8701
43.4918 793 28.1603
43.6087 777 27.8747
43.7256 763 27.6225
43.8425 734 27.0924
43.9595 683 26.1343
44.0765 642 25.3377
44.1935 710 26.6458
44.3106 698 26.4197
44.4277 748 27.3496
44.5448 740 27.2029
44.6619 751 27.4044
44.7791 779 27.9106
44.8963 787 28.0535
45.0136 824 28.7054
45.1308 711 26.6646
45.2481 798 28.2489
45.3654 794 28.178
45.4827 770 27.7489
45.6001 845 29.0689
45.7174 832 28.8444
45.8348 755 27.4773
45.9522 760 27.5681
46.0697 766 27.6767
46.1871 732 27.0555
46.3046 704 26.533
46.422 773 27.8029
46.5395 690 26.2679
46.657 734 27.0924
46.7745 635 25.1992
46.892 731 27.037
47.0096 748 27.3496
47.1271 715 26.7395
47.2446 708 26.6083
47.3622 735 27.1109
47.4797 715 26.7395
47.5973 694 26.3439
47.7149 630 25.0998
47.8324 686 26.1916
47.95 695 26.3629
48.0675 743 27.258
48.1851 762 27.6043
48.3027 730 27.0185
48.4202 774 27.8209
48.5378 766 27.6767
48.6554 777 27.8747
48.7729 688 26.2298
48.8904 753 27.4408
49.008 705 26.5518
49.1255 779 27.9106
49.243 714 26.7208
49.3605 720 26.8328
49.478 694 26.3439
49.5955 691 26.2869
49.713 635 25.1992
49.8304 632 25.1396
49.9479 606 24.6171
50.0653 583 24.1454
50.1827 616 24.8193
50.3001 648 25.4558
50.4175 673 25.9422
50.5348 742 27.2397
50.6521 733 27.074
50.7694 682 26.1151
50.8867 709 26.6271
51.004 692 26.3059
51.1212 628 25.0599
51.2384 626 25.02
51.3556 667 25.8263
51.4727 665 25.7876
51.5899 723 26.8887
51.707 706 26.5707
51.824 715 26.7395
51.9411 687 26.2107
52.0581 635 25.1992
52.175 692 26.3059
52.2919 693 26.3249
52.4088 739 27.1846
52.5257 676 26
52.6425 686 26.1916
52.7593 699 26.4386
52.876 663 25.7488
52.9927 659 25.671
53.1094 653 25.5539
53.226 660 25.6905
53.3426 661 25.7099
53.4591 598 24.454
53.5756 608 24.6577
53.692 542 23.2809
53.8084 514 22.6716
53.9248 533 23.0868
54.0411 474 21.7715
54.1573 477 21.8403
54.2735 0 1
54.3896 0 1
54.5057 0 1
54.6217 0 1
54.7377 0 1
54.8537 0 1
54.9695 0 1
55.0853 0 1
55.2011 0 1
55.3168 0 1
55.4324 0 1
57.824 0 1
57.9396 0 1
58.0553 0 1
58.1711 0 1
58.2869 0 1
58.4028 0 1
58.5187 0 1
58.6347 0 1
58.7508 0 1
58.8669 0 1
58.983 1162 34.0881
59.0992 1571 39.6358
59.2155 1833 42.8135
59.3318 2205 46.9574
59.4482 2458 49.5782
59.5646 2634 51.3225
59.681 2602 51.0098
59.7975 2595 50.9411
59.9141 2555 50.547
60.0306 2595 50.9411
60.1473 2503 50.03
60.2639 2528 50.2792
60.3807 2503 50.03
60.4974 2471 49.7092
60.6142 2437 49.366
60.731 2423 49.224
60.8479 2323 48.1975
60.9648 2163 46.5081
61.0818 2030 45.0555
61.1987 2012 44.8553
61.3158 1886 43.4281
61.4328 1885 43.4166
61.5499 1687 41.0731
61.667 1642 40.5216
61.7841 1485 38.5357
61.9013 1393 37.3229
62.0185 1309 36.1801
62.1357 1131 33.6303
62.253 1186 34.4384
62.3702 1159 34.0441
62.4875 1081 32.8786
62.6049 1054 32.4654
62.7222 1078 32.8329
62.8396 1185 34.4238
62.9569 1138 33.7343
63.0743 1054 32.4654
63.1918 1065 32.6343
63.3092 988 31.4325
63.4267 913 30.2159
63.5441 857 29.2746
63.6616 877 29.6142
63.7791 827 28.7576
63.8966 840 28.9828
64.0142 833 28.8617
64.1317 853 29.2062
64.2492 826 28.7402
64.3668 825 28.7228
64.4843 803 28.3373
64.6019 750 27.3861
64.7195 726 26.9444
64.837 778 27.8927
64.9546 821 28.6531
65.0722 752 27.4226
65.1898 776 27.8568
65.3074 792 28.1425
65.4249 761 27.5862
65.5425 749 27.3679
65.6601 727 26.9629
65.7777 735 27.1109
65.8952 721 26.8514
66.0128 668 25.8457
66.1304 700 26.4575
66.2479 768 27.7128
66.3655 743 27.258
66.483 796 28.2135
66.6005 768 27.7128
66.718 788 28.0713
66.8355 781 27.9464
66.953 789 28.0891
67.0705 758 27.5318
67.1879 706 26.5707
67.3054 747 27.3313
67.4228 760 27.5681
67.5402 769 27.7308
67.6576 775 27.8388
67.7749 809 28.4429
67.8923 768 27.7128
68.0096 774 27.8209
68.1269 773 27.8029
68.2442 787 28.0535
68.3614 748 27.3496
68.4787 782 27.9643
68.5958 808 28.4253
68.713 780 27.9285
68.8302 757 27.5136
68.9473 729 27
69.0643 759 27.55
69.1814 758 27.5318
69.2984 704 26.533
69.4154 686 26.1916
69.5323 735 27.1109
69.6492 686 26.1916
69.7661 699 26.4386
69.8829 711 26.6646
69.9997 684 26.1534
70.1165 751 27.4044
70.2332 749 27.3679
70.3499 683 26.1343
70.4665 730 27.0185
70.5831 606 24.6171
70.6996 599 24.4745
70.8161 538 23.1948
70.9326 470 21.6795
71.049 474 21.7715
71.1653 441 21
71.2817 408 20.199
71.3979 396 19.8997
71.5141 414 20.347
71.6303 342 18.4932
71.7464 294 17.1464
71.8624 0 1
71.9784 0 1
72.0944 0 1
72.2102 0 1
72.3261 0 1
72.4418 0 1
72.5575 0 1
72.6732 0 1
75.1054 0 1
75.2209 0 1
75.3365 0 1
75.4521 0 1
75.5678 0 1
75.6835 0 1
75.7993 0 1
75.9151 0 1
76.031 0 1
76.147 468 21.6333
76.263 537 23.1733
76.3791 564 23.7487
76.4952 623 24.96
76.6113 602 24.5357
76.7276 684 26.1534
76.8438 684 26.1534
76.9601 636 25.219
77.0765 655 25.593
77.1929 670 25.8844
77.3093 640 25.2982
77.4258 672 25.923
77.5423 686 26.1916
77.6589 639 25.2784
77.7755 684 26.1534
77.8921 663 25.7488
78.0088 684 26.1534
78.1256 648 25.4558
78.2423 589 24.2693
78.3591 573 23.9374
78.4759 568 23.8328
78.5928 589 24.2693
78.7097 534 23.1084
78.8266 639 25.2784
78.9436 618 24.8596
79.0606 616 24.8193
79.1776 622 24.9399
79.2946 683 26.1343
79.4117 646 25.4165
79.5288 666 25.807
79.6459 662 25.7294
79.7631 662 25.7294
79.8802 674 25.9615
79.9974 681 26.096
80.1147 662 25.7294
80.2319 713 26.7021
80.3491 711 26.6646
80.4664 716 26.7582
80.5837 712 26.6833
80.701 712 26.6833
80.8183 704 26.533
80.9357 702 26.4953
81.053 660 25.6905
81.1704 667 25.8263
81.2877 735 27.1109
81.4051 794 28.178
81.5225 838 28.9482
81.6399 790 28.1069
81.7573 778 27.8927
81.8747 690 26.2679
81.9922 666 25.807
82.1096 658 25.6515
82.227 628 25.0599
82.3444 599 24.4745
82.4619 592 24.3311
82.5793 698 26.4197
82.6967 658 25.6515
82.8142 685 26.1725
82.9316 752 27.4226
83.049 803 28.3373
83.1664 806 28.3901
83.2838 749 27.3679
83.4012 786 28.0357
83.5186 766 27.6767
83.636 729 27
83.7534 752 27.4226
83.8708 754 27.4591
83.9881 752 27.4226
84.1055 729 27
84.2228 763 27.6225
84.3401 759 27.55
84.4575 700 26.4575
84.5747 700 26.4575
84.692 714 26.7208
84.8093 689 26.2488
84.9265 726 26.9444
85.0437 715 26.7395
85.1609 702 26.4953
85.2781 708 26.6083
85.3952 707 26.5895
85.5123 654 25.5734
85.6294 653 25.5539
85.7465 640 25.2982
85.8636 665 25.7876
85.9806 648 25.4558
86.0976 682 26.1151
86.2145 723 26.8887
86.3315 752 27.4226
86.4484 724 26.9072
86.5652 715 26.7395
86.682 751 27.4044
86.7988 797 28.2312
86.9156 685 26.1725
87.0323 719 26.8142
87.149 685 26.1725
87.2657 716 26.7582
87.3823 681 26.096
87.4988 750 27.3861
87.6154 698 26.4197
87.7318 651 25.5147
87.8483 631 25.1197
87.9647 619 24.8797
88.081 560 23.6643
88.1973 556 23.5797
88.3136 489 22.1133
88.4298 430 20.7364
88.546 440 20.9762
88.6621 388 19.6977
88.7781 411 20.2731
88.8942 0 1
89.0101 0 1
89.126 0 1
89.2419 0 1
89.3577 0 1
89.4734 0 1
89.5891 0 1
89.7047 0 1
89.8203 0 1
89.9358 0 1
92.3269 0 1
92.4424 0 1
92.558 0 1
92.6736 0 1
92.7893 0 1
92.905 0 1
93.0208 0 1
93.1366 0 1
93.2525 0 1
93.3685 0 1
93.4845 0 1
93.6005 626 25.02
93.7167 636 25.219
93.8328 683 26.1343
93.949 695 26.3629
94.0653 742 27.2397
94.1816 689 26.2488
94.2979 727 26.9629
94.4143 689 26.2488
94.5307 695 26.3629
94.6472 693 26.3249
94.7637 668 25.8457
94.8803 724 26.9072
94.9969 679 26.0576
95.1135 705 26.5518
95.2302 720 26.8328
95.3469 696 26.3818
95.4637 742 27.2397
95.5805 736 27.1293
95.6973 732 27.0555
95.8142 742 27.2397
95.9311 777 27.8747
96.048 801 28.3019
96.1649 766 27.6767
96.2819 705 26.5518
96.3989 728 26.9815
96.516 763 27.6225
96.633 761 27.5862
96.7501 779 27.9106
96.8673 841 29
96.9844 773 27.8029
97.1016 839 28.9655
97.2188 778 27.8927
97.336 828 28.775
97.4532 773 27.8029
97.5704 739 27.1846
97.6877 716 26.7582
97.805 748 27.3496
97.9223 769 27.7308
98.0396 780 27.9285
98.1569 751 27.4044
98.2743 695 26.3629
98.3916 720 26.8328
98.509 733 27.074
98.6264 748 27.3496
98.7438 761 27.5862
98.8612 742 27.2397
98.9786 782 27.9643
99.096 795 28.1957
99.2134 878 29.6311
99.3308 831 28.8271
99.4482 829 28.7924
99.5656 797 28.2312
99.6831 858 29.2916
99.8005 820 28.6356
99.9179 846 29.0861
100.035 871 29.5127
100.153 736 27.1293
100.27 803 28.3373
100.388 807 28.4077
100.505 796 28.2135
100.622 803 28.3373
100.74 816 28.5657
100.857 784 28
100.975 823 28.688
101.092 808 28.4253
101.209 819 28.6182
101.327 748 27.3496
101.444 812 28.4956
101.561 753 27.4408
101.679 816 28.5657
101.796 785 28.0179
101.913 772 27.7849
102.03 817 28.5832
102.148 793 28.1603
102.265 792 28.1425
102.382 750 27.3861
102.499 798 28.2489
102.616 851 29.1719
102.733 871 29.5127
102.851 822 28.6705
102.968 852 29.189
103.085 829 28.7924
103.202 899 29.9833
103.319 850 29.1548
103.436 850 29.1548
103.552 802 28.3196
103.669 844 29.0517
103.786 860 29.3258
103.903 799 28.2666
104.02 837 28.931
104.137 806 28.3901
104.253 816 28.5657
104.37 782 27.9643
104.487 804 28.3549
104.603 844 29.0517
104.72 769 27.7308
104.836 787 28.0535
104.953 731 27.037
105.069 723 26.8887
105.186 656 25.6125
105.302 646 25.4165
105.418 642 25.3377
105.535 609 24.6779
105.651 523 22.8692
105.767 475 21.7945
105.883 470 21.6795
105.999 406 20.1494
106.115 0 1
106.231 0 1
106.347 0 1
106.463 0 1
106.579 0 1
106.694 0 1
106.81 0 1
106.926 0 1
107.041 0 1
107.157 0 1
109.576 0 1
109.692 0 1
109.807 0 1
109.923 0 1
110.039 0 1
110.155 0 1
110.27 0 1
110.386 0 1
110.502 0 1
110.618 458 21.4009
110.735 535 23.1301
110.851 641 25.318
110.967 673 25.9422
111.083 620 24.8998
111.199 664 25.7682
111.316 701 26.4764
111.432 736 27.1293
111.549 777 27.8747
111.665 736 27.1293
111.782 723 26.8887
111.898 769 27.7308
112.015 730 27.0185
112.132 706 26.5707
112.248 729 27
112.365 688 26.2298
112.482 732 27.0555
112.599 748 27.3496
112.716 760 27.5681
112.832 763 27.6225
112.949 768 27.7128
113.066 730 27.0185
113.183 726 26.9444
113.3 712 26.6833
113.417 685 26.1725
113.534 685 26.1725
113.652 677 26.0192
113.769 676 26
113.886 648 25.4558
114.003 634 25.1794
114.12 723 26.8887
114.238 697 26.4008
114.355 678 26.0384
114.472 678 26.0384
114.589 665 25.7876
114.707 665 25.7876
114.824 626 25.02
114.942 695 26.3629
115.059 751 27.4044
115.176 743 27.258
115.294 717 26.7769
115.411 677 26.0192
115.529 735 27.1109
115.646 711 26.6646
115.764 661 25.7099
115.881 693 26.3249
115.999 675 25.9808
116.116 717 26.7769
116.234 704 26.533
116.351 700 26.4575
116.469 631 25.1197
116.586 688 26.2298
116.704 623 24.96
116.821 658 25.6515
116.939 628 25.0599
117.056 665 25.7876
117.174 593 24.3516
117.291 611 24.7184
117.409 592 24.3311
117.526 597 24.4336
117.644 575 23.9792
117.761 668 25.8457
117.879 657 25.632
117.996 630 25.0998
118.114 607 24.6374
118.231 610 24.6982
118.349 579 24.0624
118.466 638 25.2587
118.584 675 25.9808
118.701 691 26.2869
118.819 601 24.5153
118.936 626 25.02
119.053 612 24.7386
119.171 657 25.632
119.288 652 25.5343
119.405 650 25.4951
119.523 599 24.4745
119.64 627 25.04
119.757 599 24.4745
119.875 690 26.2679
119.992 644 25.3772
120.109 603 24.5561
120.226 620 24.8998
120.343 571 23.8956
120.46 579 24.0624
120.578 586 24.2074
120.695 554 23.5372
120.812 532 23.0651
120.929 539 23.2164
121.046 494 22.2261
121.163 485 22.0227
121.279 558 23.622
121.396 549 23.4307
121.513 597 24.4336
121.63 534 23.1084
121.747 561 23.6854
121.863 506 22.4944
121.98 490 22.1359
122.097 505 22.4722
122.213 519 22.7816
122.33 511 22.6053
122.446 477 21.8403
122.563 453 21.2838
122.679 371 19.2614
122.795 387 19.6723
122.912 342 18.4932
123.028 383 19.5704
123.144 340 18.4391
123.26 326 18.0555
123.377 0 1
123.493 0 1
123.609 0 1
123.725 0 1
123.84 0 1
123.956 0 1
124.072 0 1
124.188 0 1
124.303 0 1
124.419 0 1
126.852 0 1
126.968 0 1
127.083 0 1
127.199 0 1
127.315 0 1
127.431 0 1
127.547 0 1
127.663 0 1
127.779 0 1
127.895 0 1
128.011 0 1
128.127 0 1
128.243 0 1
128.359 649 25.4755
128.476 651 25.5147
128.592 646 25.4165
128.708 695 26.3629
128.825 689 26.2488
128.941 693 26.3249
129.058 608 24.6577
129.174 686 26.1916
129.291 673 25.9422
129.408 675 25.9808
129.524 722 26.8701
129.641 662 25.7294
129.758 631 25.1197
129.875 617 24.8395
129.992 595 24.3926
130.108 616 24.8193
130.225 636 25.219
130.342 657 25.632
130.459 729 27
130.576 740 27.2029
130.693 761 27.5862
130.81 742 27.2397
130.928 817 28.5832
131.045 857 29.2746
131.162 813 28.5132
131.279 908 30.133
131.396 1018 31.9061
131.513 981 31.3209
131.631 917 30.282
131.748 960 30.9839
131.865 989 31.4484
131.983 1094 33.0757
132.1 1120 33.4664
132.217 1202 34.6699
132.335 1189 34.4819
132.452 1234 35.1283
132.57 1325 36.4005
132.687 1327 36.428
132.804 1339 36.5923
132.922 1419 37.6696
133.039 1360 36.8782
133.157 1473 38.3797
133.274 1423 37.7227
133.392 1412 37.5766
133.509 1412 37.5766
133.627 1391 37.2961
133.744 1363 36.9188
133.862 1374 37.0675
133.979 1352 36.7696
134.097 1398 37.3898
134.214 1419 37.6696
134.332 1426 37.7624
134.449 1390 37.2827
134.567 1403 37.4566
134.684 1388 37.2559
134.802 1420 37.6829
134.919 1499 38.7169
135.037 1385 37.2156
135.154 1450 38.0789
135.272 1343 36.647
135.389 1340 36.606
135.507 1432 37.8418
135.624 1542 39.2683
135.742 1452 38.1051
135.859 1442 37.9737
135.977 1471 38.3536
136.094 1397 37.3765
136.211 1541 39.2556
136.329 1449 38.0657
136.446 1473 38.3797
136.564 1336 36.5513
136.681 1390 37.2827
136.798 1437 37.9078
136.915 1426 37.7624
137.033 1293 35.9583
137.15 1325 36.4005
137.267 1385 37.2156
137.384 1258 35.4683
137.502 1254 35.4119
137.619 1276 35.7211
137.736 1311 36.2077
137.853 1214 34.8425
137.97 1377 37.108
138.087 1236 35.1568
138.204 1227 35.0286
138.321 1168 34.176
138.438 1293 35.9583
138.555 1244 35.2704
138.672 1269 35.623
138.788 1254 35.4119
138.905 1103 33.2114
139.022 1136 33.7046
139.139 1191 34.5109
139.255 1139 33.7491
139.372 1161 34.0735
139.488 1114 33.3766
139.605 1093 33.0606
139.721 989 31.4484
139.838 906 30.0998
139.954 824 28.7054
140.071 832 28.8444
140.187 754 27.4591
140.303 755 27.4773
140.419 752 27.4226
140.535 696 26.3818
140.652 635 25.1992
140.768 0 1
140.884 0 1
141 0 1
141.115 0 1
141.231 0 1
141.347 0 1
141.463 0 1
141.578 0 1
141.694 0 1
144.104 0 1
144.219 0 1
144.335 0 1
144.45 0 1
144.566 0 1
144.682 0 1
144.798 0 1
144.914 0 1
145.03 0 1
145.146 1175 34.2783
145.262 1245 35.2846
145.378 1252 35.3836
145.494 1292 35.9444
145.61 1289 35.9026
145.726 1264 35.5528
145.842 1295 35.9861
145.959 1221 34.9428
146.075 1219 34.9142
146.192 1216 34.8712
146.308 1245 35.2846
146.425 1278 35.7491
146.541 1339 36.5923
146.658 1453 38.1182
146.774 1428 37.7889
146.891 1367 36.973
147.008 1425 37.7492
147.125 1348 36.7151
147.241 1503 38.7685
147.358 1467 38.3014
147.475 1402 37.4433
147.592 1415 37.6165
147.709 1380 37.1484
147.826 1276 35.7211
147.943 1354 36.7967
148.06 1469 38.3275
148.177 1570 39.6232
148.294 1500 38.7298
148.411 1489 38.5876
148.528 1477 38.4318
148.645 1464 38.2623
148.762 1481 38.4838
148.88 1472 38.3667
148.997 1449 38.0657
149.114 1462 38.2361
149.231 1460 38.2099
149.349 1445 38.0132
149.466 1466 38.2884
149.583 1480 38.4708
149.701 1408 37.5233
149.818 1456 38.1576
149.935 1397 37.3765
150.053 1403 37.4566
150.17 1501 38.7427
150.287 1454 38.1314
150.405 1457 38.1707
150.522 1478 38.4448
150.64 1478 38.4448
150.757 1416 37.6298
150.875 1426 37.7624
150.992 1556 39.4462
151.11 1370 37.0135
151.227 1366 36.9594
151.344 1250 35.3553
151.462 1208 34.7563
151.579 1303 36.0971
151.697 1391 37.2961
151.814 1441 37.9605
151.932 1432 37.8418
152.049 1416 37.6298
152.167 1415 37.6165
152.284 1471 38.3536
152.402 1433 37.855
152.519 1442 37.9737
152.636 1376 37.0945
152.754 1457 38.1707
152.871 1397 37.3765
152.989 1388 37.2559
153.106 1375 37.081
153.223 1324 36.3868
153.341 1312 36.2215
153.458 1276 35.7211
153.575 1212 34.8138
153.693 1239 35.1994
153.81 1253 35.3977
153.927 1307 36.1525
154.044 1285 35.8469
154.162 1228 35.0428
154.279 1202 34.6699
154.396 1165 34.1321
154.513 1128 33.5857
154.63 1259 35.4824
154.747 1135 33.6898
154.864 1087 32.9697
154.981 1045 32.3265
155.098 1058 32.5269
155.215 1150 33.9116
155.332 1102 33.1964
155.449 1180 34.3511
155.566 1220 34.9285
155.683 1232 35.0999
155.8 1149 33.8969
155.917 1152 33.9411
156.033 1189 34.4819
156.15 0 1
156.267 0 1
156.383 0 1
156.5 0 1
156.617 0 1
156.733 0 1
156.85 0 1
156.966 0 1
157.082 0 1
157.199 0 1
157.315 0 1
157.431 0 1
157.547 0 1
157.664 0 1
157.78 0 1
157.896 0 1
158.012 0 1
158.128 0 1
158.244 0 1
158.359 0 1
158.475 0 1
158.591 0 1
158.706 0 1
