
6.15755 0 1
6.2731 0 1
6.3887 0 1
6.50437 0 1
6.62009 0 1
6.73587 0 1
6.8517 0 1
6.96759 0 1
7.08353 0 1
7.19952 0 1
7.31557 0 1
7.43166 0 1
7.54781 0 1
7.664 0 1
7.78024 0 1
7.89653 0 1
8.01286 0 1
8.12924 0 1
8.24567 0 1
8.36213 0 1
8.47864 0 1
8.59519 0 1
8.71178 0 1
8.82841 0 1
8.94508 0 1
9.06179 0 1
9.17853 0 1
9.29531 0 1
9.41212 0 1
9.52897 0 1
9.64584 0 1
9.76276 0 1
9.8797 0 1
9.99667 0 1
10.1137 0 1
10.2307 0 1
10.3478 0 1
10.4648 0 1
10.5819 0 1
10.6991 0 1
10.8162 0 1
10.9334 0 1
11.0506 0 1
11.1678 0 1
11.285 0 1
11.4023 0 1
11.5196 0 1
11.6369 0 1
11.7542 0 1
11.8715 0 1
11.9888 0 1
12.1062 0 1
12.2235 0 1
12.3409 0 1
12.4582 0 1
12.5756 0 1
12.693 0 1
12.8104 0 1
12.9278 0 1
13.0452 0 1
13.1626 0 1
13.28 0 1
13.3974 0 1
13.5149 0 1
13.6323 0 1
13.7497 0 1
13.8671 0 1
13.9845 0 1
14.1019 0 1
14.2193 0 1
14.3367 0 1
14.4541 0 1
14.5714 0 1
14.6888 0 1
14.8062 0 1
14.9235 0 1
15.0408 3963 62.9524
15.1581 4141 64.3506
15.2755 4276 65.3911
15.3927 4235 65.0769
15.51 4008 63.3088
15.6273 4092 63.9687
15.7445 4149 64.4127
15.8617 4213 64.9076
15.9789 4182 64.6684
16.0961 3893 62.3939
16.2132 3836 61.9355
16.3304 3856 62.0967
16.4475 3951 62.857
16.5646 3724 61.0246
16.6816 3759 61.3107
16.7986 4008 63.3088
16.9156 3875 62.2495
17.0326 3890 62.3699
17.1496 3825 61.8466
17.2665 3821 61.8142
17.3833 3860 62.1289
17.5002 3922 62.6259
17.617 3911 62.538
17.7338 3876 62.2575
17.8505 4026 63.4508
17.9672 3786 61.5305
18.0839 3840 61.9677
18.2005 3739 61.1474
18.3171 3721 61
18.4337 3479 58.983
18.5502 3680 60.663
18.6666 3920 62.6099
18.7831 3718 60.9754
18.8994 3790 61.563
19.0158 3452 58.7537
19.1321 3280 57.2713
19.2483 3269 57.1752
19.3645 3394 58.258
19.4806 3377 58.112
19.5967 3066 55.3715
19.7128 2899 53.8424
19.8288 2526 50.2593
19.9447 2152 46.3897
20.0606 0 1
20.1764 0 1
20.2922 0 1
20.4079 0 1
20.5236 0 1
20.6392 0 1
20.7548 0 1
20.8702 0 1
23.3078 0 1
23.4233 0 1
23.539 0 1
23.6547 0 1
23.7704 0 1
23.8862 0 1
24.0021 0 1
24.118 0 1
24.234 0 1
24.35 0 1
24.4661 1530 39.1152
24.5822 1784 42.2374
24.6984 1908 43.6807
24.8146 2277 47.7179
24.9309 2595 50.9411
25.0472 2918 54.0185
25.1636 3124 55.8928
25.28 3359 57.9569
25.3965 3633 60.2744
25.513 3777 61.4573
25.6296 4068 63.7809
25.7462 4024 63.435
25.8628 3827 61.8628
25.9795 4034 63.5138
26.0962 4135 64.304
26.213 3930 62.6897
26.3298 3792 61.5792
26.4466 3710 60.9098
26.5635 3605 60.0417
26.6804 3587 59.8916
26.7973 3456 58.7878
26.9143 3357 57.9396
27.0313 2989 54.6717
27.1483 3125 55.9017
27.2653 3391 58.2323
27.3824 3369 58.0431
27.4996 3434 58.6003
27.6167 3471 58.9152
27.7339 3543 59.5231
27.8511 3488 59.0593
27.9683 3477 58.9661
28.0855 3715 60.9508
28.2028 3778 61.4654
28.3201 3673 60.6053
28.4374 3490 59.0762
28.5547 3301 57.4543
28.6721 3478 58.9746
28.7894 3348 57.8619
28.9068 3360 57.9655
29.0242 3618 60.1498
29.1416 3571 59.7578
29.259 3575 59.7913
29.3764 3460 58.8218
29.4939 3508 59.2284
29.6113 3429 58.5577
29.7288 3372 58.0689
29.8463 3356 57.931
29.9638 3392 58.2409
30.0812 3338 57.7754
30.1987 3377 58.112
30.3162 3220 56.745
30.4337 3072 55.4256
30.5512 3000 54.7723
30.6687 3131 55.9553
30.7862 3376 58.1034
30.9037 3400 58.3095
31.0212 3566 59.716
31.1387 3587 59.8916
31.2562 3559 59.6574
31.3737 3531 59.4222
31.4912 3562 59.6825
31.6087 3572 59.7662
31.7262 3427 58.5406
31.8436 3299 57.4369
31.9611 3215 56.701
32.0785 3090 55.5878
32.1959 2926 54.0925
32.3134 3139 56.0268
32.4308 3121 55.8659
32.5482 3186 56.4447
32.6655 3117 55.8301
32.7829 3142 56.0535
32.9002 3154 56.1605
33.0176 3132 55.9643
33.1349 3102 55.6956
33.2522 3140 56.0357
33.3694 3082 55.5158
33.4867 3132 55.9643
33.6039 3096 55.6417
33.7211 3189 56.4712
33.8383 3222 56.7627
33.9554 3062 55.3353
34.0725 2878 53.647
34.1896 2846 53.3479
34.3067 2935 54.1756
34.4237 3182 56.4092
34.5407 3207 56.6304
34.6577 3239 56.9122
34.7746 3339 57.7841
34.8915 3409 58.3866
35.0084 3202 56.5862
35.1252 3216 56.7098
35.242 3075 55.4527
35.3587 3151 56.1338
35.4755 3089 55.5788
35.5921 2914 53.9815
35.7088 2787 52.792
35.8254 2750 52.4404
35.9419 2753 52.469
36.0584 2860 53.479
36.1749 2866 53.535
36.2913 2895 53.8052
36.4077 2829 53.1883
36.524 2665 51.6236
36.6403 2647 51.449
36.7565 2597 50.9608
36.8727 2319 48.156
36.9889 2260 47.5395
37.1049 2202 46.9255
37.221 0 1
37.3369 0 1
37.4529 0 1
37.5687 0 1
37.6845 0 1
37.8003 0 1
37.916 0 1
38.0316 0 1
38.1472 0 1
40.5851 0 1
40.7008 0 1
40.8164 0 1
40.9322 0 1
41.048 0 1
41.1639 0 1
41.2798 0 1
41.3958 0 1
41.5118 0 1
41.6279 0 1
41.744 1240 35.2136
41.8602 1605 40.0625
41.9765 1882 43.382
42.0928 2126 46.1086
42.2091 2262 47.5605
42.3255 2243 47.3603
42.4419 2381 48.7955
42.5584 2445 49.4469
42.675 2517 50.1697
42.7915 2430 49.295
42.9081 2386 48.8467
43.0248 2271 47.655
43.1415 2306 48.0208
43.2582 2449 49.4874
43.375 2513 50.1298
43.4918 2694 51.9038
43.6087 2561 50.6063
43.7256 2599 50.9804
43.8425 2536 50.3587
43.9595 2699 51.9519
44.0765 2471 49.7092
44.1935 2542 50.4183
44.3106 2497 49.97
44.4277 2401 49
44.5448 2174 46.6262
44.6619 2263 47.571
44.7791 2296 47.9166
44.8963 2328 48.2494
45.0136 2471 49.7092
45.1308 2680 51.7687
45.2481 2548 50.4777
45.3654 2668 51.6527
45.4827 2634 51.3225
45.6001 2795 52.8678
45.7174 2714 52.0961
45.8348 2785 52.7731
45.9522 2720 52.1536
46.0697 2760 52.5357
46.1871 2657 51.5461
46.3046 2521 50.2096
46.422 2336 48.3322
46.5395 2176 46.6476
46.657 2131 46.1628
46.7745 2222 47.1381
46.892 2350 48.4768
47.0096 2455 49.548
47.1271 2494 49.94
47.2446 2658 51.5558
47.3622 2479 49.7896
47.4797 2551 50.5074
47.5973 2429 49.2849
47.7149 2411 49.1019
47.8324 2453 49.5278
47.95 2380 48.7852
48.0675 2178 46.669
48.1851 2229 47.2123
48.3027 2176 46.6476
48.4202 2403 49.0204
48.5378 2449 49.4874
48.6554 2472 49.7192
48.7729 2497 49.97
48.8904 2594 50.9313
49.008 2538 50.3786
49.1255 2610 51.0882
49.243 2619 51.1762
49.3605 2675 51.7204
49.478 2530 50.2991
49.5955 2599 50.9804
49.713 2482 49.8197
49.8304 2301 47.9687
49.9479 2108 45.913
50.0653 2022 44.9667
50.1827 1986 44.5646
50.3001 2153 46.4004
50.4175 2176 46.6476
50.5348 2356 48.5386
50.6521 2343 48.4045
50.7694 2459 49.5883
50.8867 2578 50.774
51.004 2511 50.1099
51.1212 2412 49.1121
51.2384 2582 50.8134
51.3556 2518 50.1797
51.4727 2365 48.6313
51.5899 2347 48.4458
51.707 2465 49.6488
51.824 2575 50.7445
51.9411 2755 52.4881
52.0581 3194 56.5155
52.175 3354 57.9137
52.2919 3623 60.1914
52.4088 3573 59.7746
52.5257 3697 60.803
52.6425 3806 61.6928
52.7593 4039 63.5531
52.876 4081 63.8827
52.9927 4017 63.3798
53.1094 3729 61.0655
53.226 3537 59.4727
53.3426 3261 57.1052
53.4591 2985 54.6352
53.5756 2968 54.4794
53.692 2904 53.8888
53.8084 2941 54.231
53.9248 2832 53.2165
54.0411 2681 51.7784
54.1573 2680 51.7687
54.2735 0 1
54.3896 0 1
54.5057 0 1
54.6217 0 1
54.7377 0 1
54.8537 0 1
54.9695 0 1
55.0853 0 1
55.2011 0 1
55.3168 0 1
55.4324 0 1
57.824 0 1
57.9396 0 1
58.0553 0 1
58.1711 0 1
58.2869 0 1
58.4028 0 1
58.5187 0 1
58.6347 0 1
58.7508 0 1
58.8669 0 1
58.983 2872 53.591
59.0992 3504 59.1946
59.2155 4138 64.3273
59.3318 4689 68.4763
59.4482 4975 70.5337
59.5646 5384 73.3757
59.681 5686 75.4056
59.7975 5638 75.0866
59.9141 5979 77.324
60.0306 5810 76.2234
60.1473 5485 74.0608
60.2639 5431 73.6953
60.3807 5369 73.2735
60.4974 5451 73.8309
60.6142 5523 74.3169
60.731 5731 75.7034
60.8479 5785 76.0592
60.9648 5629 75.0267
61.0818 5524 74.3236
61.1987 5570 74.6324
61.3158 5432 73.7021
61.4328 5330 73.0068
61.5499 5340 73.0753
61.667 5358 73.1984
61.7841 5192 72.0555
61.9013 5164 71.861
62.0185 4829 69.491
62.1357 4803 69.3037
62.253 4865 69.7496
62.3702 4834 69.527
62.4875 4926 70.1855
62.6049 5114 71.5122
62.7222 5025 70.8872
62.8396 4957 70.406
62.9569 4826 69.4694
63.0743 4868 69.7711
63.1918 4722 68.7168
63.3092 4532 67.3201
63.4267 4159 64.4903
63.5441 3719 60.9836
63.6616 3328 57.6888
63.7791 3107 55.7405
63.8966 2874 53.6097
64.0142 2915 53.9907
64.1317 2763 52.5642
64.2492 2822 53.1225
64.3668 2708 52.0384
64.4843 2766 52.5928
64.6019 2634 51.3225
64.7195 2652 51.4976
64.837 2719 52.144
64.9546 2645 51.4296
65.0722 2687 51.8363
65.1898 2664 51.614
65.3074 2748 52.4214
65.4249 2578 50.774
65.5425 2523 50.2295
65.6601 2319 48.156
65.7777 2327 48.239
65.8952 2256 47.4974
66.0128 2353 48.5077
66.1304 2452 49.5177
66.2479 2536 50.3587
66.3655 2616 51.1468
66.483 2649 51.4684
66.6005 2591 50.9019
66.718 2570 50.6952
66.8355 2692 51.8845
66.953 2642 51.4004
67.0705 2659 51.5655
67.1879 2484 49.8397
67.3054 2341 48.3839
67.4228 2285 47.8017
67.5402 2265 47.592
67.6576 2496 49.96
67.7749 2460 49.5984
67.8923 2527 50.2693
68.0096 2616 51.1468
68.1269 2513 50.1298
68.2442 2509 50.0899
68.3614 2553 50.5272
68.4787 2517 50.1697
68.5958 2518 50.1797
68.713 2606 51.049
68.8302 2629 51.2738
68.9473 2579 50.7839
69.0643 2542 50.4183
69.1814 2397 48.9592
69.2984 2338 48.3529
69.4154 2157 46.4435
69.5323 2173 46.6154
69.6492 2350 48.4768
69.7661 2284 47.7912
69.8829 2480 49.7996
69.9997 2410 49.0918
70.1165 2461 49.6085
70.2332 2378 48.7647
70.3499 2308 48.0416
70.4665 2297 47.927
70.5831 2053 45.31
70.6996 2016 44.8999
70.8161 1839 42.8836
70.9326 1584 39.7995
71.049 1393 37.3229
71.1653 1380 37.1484
71.2817 1299 36.0416
71.3979 1258 35.4683
71.5141 1228 35.0428
71.6303 1045 32.3265
71.7464 949 30.8058
71.8624 0 1
71.9784 0 1
72.0944 0 1
72.2102 0 1
72.3261 0 1
72.4418 0 1
72.5575 0 1
72.6732 0 1
75.1054 0 1
75.2209 0 1
75.3365 0 1
75.4521 0 1
75.5678 0 1
75.6835 0 1
75.7993 0 1
75.9151 0 1
76.031 0 1
76.147 1500 38.7298
76.263 1553 39.4081
76.3791 1760 41.9524
76.4952 1838 42.8719
76.6113 1833 42.8135
76.7276 1930 43.9318
76.8438 2109 45.9239
76.9601 2028 45.0333
77.0765 2100 45.8258
77.1929 2117 46.0109
77.3093 2095 45.7712
77.4258 2012 44.8553
77.5423 2086 45.6727
77.6589 2201 46.9148
77.7755 2103 45.8585
77.8921 2173 46.6154
78.0088 2195 46.8508
78.1256 2091 45.7275
78.2423 1941 44.0568
78.3591 1950 44.1588
78.4759 1835 42.8369
78.5928 1813 42.5793
78.7097 1906 43.6578
78.8266 1953 44.1928
78.9436 2058 45.3652
79.0606 2187 46.7654
79.1776 2013 44.8665
79.2946 2140 46.2601
79.4117 2129 46.1411
79.5288 2122 46.0652
79.6459 2109 45.9239
79.7631 2098 45.8039
79.8802 2005 44.7772
79.9974 1949 44.1475
80.1147 2020 44.9444
80.2319 2015 44.8888
80.3491 2137 46.2277
80.4664 2201 46.9148
80.5837 2156 46.4327
80.701 2140 46.2601
80.8183 2143 46.2925
80.9357 2040 45.1664
81.053 2125 46.0977
81.1704 2152 46.3897
81.2877 2150 46.3681
81.4051 2217 47.085
81.5225 2282 47.7703
81.6399 2195 46.8508
81.7573 2196 46.8615
81.8747 2017 44.911
81.9922 1947 44.1248
82.1096 1946 44.1135
82.227 1840 42.8952
82.3444 1870 43.2435
82.4619 1990 44.6094
82.5793 2071 45.5082
82.6967 2259 47.5289
82.8142 2201 46.9148
82.9316 2206 46.9681
83.049 2236 47.2864
83.1664 2137 46.2277
83.2838 2214 47.0532
83.4012 2147 46.3357
83.5186 2102 45.8476
83.636 2051 45.288
83.7534 2027 45.0222
83.8708 2176 46.6476
83.9881 2191 46.8081
84.1055 2254 47.4763
84.2228 2278 47.7284
84.3401 2217 47.085
84.4575 2073 45.5302
84.5747 2207 46.9787
84.692 2168 46.5618
84.8093 2228 47.2017
84.9265 2191 46.8081
85.0437 2336 48.3322
85.1609 2201 46.9148
85.2781 2173 46.6154
85.3952 2164 46.5188
85.5123 2118 46.0217
85.6294 1960 44.2719
85.7465 1982 44.5197
85.8636 1969 44.3734
85.9806 2149 46.3573
86.0976 2166 46.5403
86.2145 2218 47.0956
86.3315 2361 48.5901
86.4484 2285 47.8017
86.5652 2238 47.3075
86.682 2194 46.8402
86.7988 2251 47.4447
86.9156 2215 47.0638
87.0323 2111 45.9456
87.149 2135 46.2061
87.2657 2130 46.1519
87.3823 2170 46.5833
87.4988 2111 45.9456
87.6154 2060 45.3872
87.7318 1944 44.0908
87.8483 1927 43.8976
87.9647 1884 43.4051
88.081 1784 42.2374
88.1973 1625 40.3113
88.3136 1530 39.1152
88.4298 1415 37.6165
88.546 1280 35.7771
88.6621 1312 36.2215
88.7781 1239 35.1994
88.8942 0 1
89.0101 0 1
89.126 0 1
89.2419 0 1
89.3577 0 1
89.4734 0 1
89.5891 0 1
89.7047 0 1
89.8203 0 1
89.9358 0 1
92.3269 0 1
92.4424 0 1
92.558 0 1
92.6736 0 1
92.7893 0 1
92.905 0 1
93.0208 0 1
93.1366 0 1
93.2525 0 1
93.3685 0 1
93.4845 0 1
93.6005 1660 40.7431
93.7167 1729 41.5812
93.8328 1990 44.6094
93.949 2063 45.4203
94.0653 2283 47.7807
94.1816 2246 47.392
94.2979 2285 47.8017
94.4143 2255 47.4868
94.5307 2122 46.0652
94.6472 2067 45.4643
94.7637 2081 45.618
94.8803 2074 45.5412
94.9969 2036 45.1221
95.1135 2039 45.1553
95.2302 2223 47.1487
95.3469 2323 48.1975
95.4637 2340 48.3735
95.5805 2321 48.1768
95.6973 2412 49.1121
95.8142 2247 47.4025
95.9311 2205 46.9574
96.048 2137 46.2277
96.1649 2135 46.2061
96.2819 2168 46.5618
96.3989 2208 46.9894
96.516 2265 47.592
96.633 2259 47.5289
96.7501 2321 48.1768
96.8673 2451 49.5076
96.9844 2309 48.0521
97.1016 2314 48.1041
97.2188 2263 47.571
97.336 2337 48.3425
97.4532 2233 47.2546
97.5704 2320 48.1664
97.6877 2280 47.7493
97.805 2270 47.6445
97.9223 2211 47.0213
98.0396 2303 47.9896
98.1569 2241 47.3392
98.2743 2151 46.3789
98.3916 2122 46.0652
98.509 2189 46.7868
98.6264 2143 46.2925
98.7438 2300 47.9583
98.8612 2352 48.4974
98.9786 2336 48.3322
99.096 2514 50.1398
99.2134 2514 50.1398
99.3308 2440 49.3964
99.4482 2424 49.2341
99.5656 2441 49.4065
99.6831 2274 47.6865
99.8005 2440 49.3964
99.9179 2317 48.1352
100.035 2388 48.8672
100.153 2535 50.3488
100.27 2435 49.3457
100.388 2395 48.9387
100.505 2472 49.7192
100.622 2390 48.8876
100.74 2354 48.518
100.857 2319 48.156
100.975 2349 48.4665
101.092 2327 48.239
101.209 2421 49.2037
101.327 2413 49.1223
101.444 2439 49.3862
101.561 2402 49.0102
101.679 2331 48.2804
101.796 2306 48.0208
101.913 2319 48.156
102.03 2239 47.3181
102.148 2178 46.669
102.265 2301 47.9687
102.382 2396 48.949
102.499 2521 50.2096
102.616 2577 50.7642
102.733 2646 51.4393
102.851 2568 50.6754
102.968 2623 51.2152
103.085 2484 49.8397
103.202 2333 48.3011
103.319 2333 48.3011
103.436 2395 48.9387
103.552 2536 50.3587
103.669 2592 50.9117
103.786 2513 50.1298
103.903 2625 51.2348
104.02 2636 51.342
104.137 2426 49.2544
104.253 2536 50.3587
104.37 2406 49.051
104.487 2407 49.0612
104.603 2457 49.5681
104.72 2368 48.6621
104.836 2439 49.3862
104.953 2321 48.1768
105.069 2203 46.9361
105.186 2159 46.465
105.302 2070 45.4973
105.418 1981 44.5084
105.535 1840 42.8952
105.651 1699 41.2189
105.767 1480 38.4708
105.883 1439 37.9342
105.999 1388 37.2559
106.115 0 1
106.231 0 1
106.347 0 1
106.463 0 1
106.579 0 1
106.694 0 1
106.81 0 1
106.926 0 1
107.041 0 1
107.157 0 1
109.576 0 1
109.692 0 1
109.807 0 1
109.923 0 1
110.039 0 1
110.155 0 1
110.27 0 1
110.386 0 1
110.502 0 1
110.618 1121 33.4813
110.735 1390 37.2827
110.851 1656 40.694
110.967 1762 41.9762
111.083 2022 44.9667
111.199 2132 46.1736
111.316 2238 47.3075
111.432 2455 49.548
111.549 2489 49.8899
111.665 2468 49.679
111.782 2292 47.8748
111.898 2135 46.2061
112.015 2143 46.2925
112.132 2343 48.4045
112.248 2311 48.0729
112.365 2400 48.9898
112.482 2519 50.1896
112.599 2342 48.3942
112.716 2366 48.6415
112.832 2342 48.3942
112.949 2301 47.9687
113.066 2232 47.244
113.183 2233 47.2546
113.3 2274 47.6865
113.417 2281 47.7598
113.534 2279 47.7389
113.652 2270 47.6445
113.769 2286 47.8121
113.886 2217 47.085
114.003 2123 46.076
114.12 2185 46.744
114.238 2005 44.7772
114.355 2119 46.0326
114.472 2109 45.9239
114.589 2122 46.0652
114.707 2175 46.6369
114.824 2228 47.2017
114.942 2384 48.8262
115.059 2302 47.9792
115.176 2290 47.8539
115.294 2262 47.5605
115.411 2176 46.6476
115.529 2048 45.2548
115.646 2149 46.3573
115.764 2266 47.6025
115.881 2227 47.1911
115.999 2178 46.669
116.116 2200 46.9042
116.234 2206 46.9681
116.351 2270 47.6445
116.469 2226 47.1805
116.586 2193 46.8295
116.704 2058 45.3652
116.821 2138 46.2385
116.939 2121 46.0543
117.056 2076 45.5631
117.174 2169 46.5725
117.291 2198 46.8828
117.409 2153 46.4004
117.526 2066 45.4533
117.644 1966 44.3396
117.761 1983 44.5309
117.879 1968 44.3621
117.996 1958 44.2493
118.114 2066 45.4533
118.231 2100 45.8258
118.349 2185 46.744
118.466 2166 46.5403
118.584 2275 47.697
118.701 2229 47.2123
118.819 2208 46.9894
118.936 2132 46.1736
119.053 2015 44.8888
119.171 1943 44.0795
119.288 2079 45.5961
119.405 2176 46.6476
119.523 2163 46.5081
119.64 2086 45.6727
119.757 2158 46.4543
119.875 2178 46.669
119.992 2040 45.1664
120.109 2059 45.3762
120.226 2066 45.4533
120.343 2061 45.3982
120.46 2082 45.6289
120.578 2023 44.9778
120.695 1968 44.3621
120.812 2037 45.1331
120.929 2007 44.7996
121.046 1961 44.2832
121.163 1989 44.5982
121.279 1920 43.8178
121.396 1891 43.4856
121.513 1772 42.0951
121.63 1811 42.5558
121.747 1777 42.1545
121.863 1792 42.332
121.98 1755 41.8927
122.097 1787 42.2729
122.213 1735 41.6533
122.33 1689 41.0974
122.446 1630 40.3733
122.563 1475 38.4057
122.679 1377 37.108
122.795 1213 34.8281
122.912 1191 34.5109
123.028 1125 33.541
123.144 1129 33.6006
123.26 1141 33.7787
123.377 0 1
123.493 0 1
123.609 0 1
123.725 0 1
123.84 0 1
123.956 0 1
124.072 0 1
124.188 0 1
124.303 0 1
124.419 0 1
126.852 0 1
126.968 0 1
127.083 0 1
127.199 0 1
127.315 0 1
127.431 0 1
127.547 0 1
127.663 0 1
127.779 0 1
127.895 0 1
128.011 0 1
128.127 0 1
128.243 0 1
128.359 2206 46.9681
128.476 2245 47.3814
128.592 2326 48.2286
128.708 2437 49.366
128.825 2415 49.1426
128.941 2415 49.1426
129.058 2380 48.7852
129.174 2505 50.05
129.291 2395 48.9387
129.408 2366 48.6415
129.524 2377 48.7545
129.641 2418 49.1732
129.758 2354 48.518
129.875 2419 49.1833
129.992 2572 50.7149
130.108 2544 50.4381
130.225 2389 48.8774
130.342 2439 49.3862
130.459 2382 48.8057
130.576 2440 49.3964
130.693 2419 49.1833
130.81 2445 49.4469
130.928 2609 51.0784
131.045 2661 51.5849
131.162 2769 52.6213
131.279 3002 54.7905
131.396 3118 55.8391
131.513 3028 55.0273
131.631 3169 56.2939
131.748 3047 55.1996
131.865 3004 54.8088
131.983 3286 57.3236
132.1 3506 59.2115
132.217 3577 59.808
132.335 3760 61.3188
132.452 4076 63.8436
132.57 4008 63.3088
132.687 3894 62.4019
132.804 4170 64.5755
132.922 4019 63.3956
133.039 4272 65.3605
133.157 4396 66.3023
133.274 4433 66.5808
133.392 4380 66.1816
133.509 4245 65.1537
133.627 4302 65.5896
133.744 4255 65.2304
133.862 4263 65.2917
133.979 4095 63.9922
134.097 4111 64.1171
134.214 3967 62.9841
134.332 3841 61.9758
134.449 3918 62.5939
134.567 4011 63.3325
134.684 4306 65.6201
134.802 4438 66.6183
134.919 4487 66.9851
135.037 4568 67.587
135.154 4535 67.3424
135.272 4334 65.8331
135.389 4295 65.5362
135.507 4257 65.2457
135.624 4242 65.1306
135.742 4415 66.4455
135.859 4564 67.5574
135.977 4506 67.1267
136.094 4617 67.9485
136.211 4553 67.4759
136.329 4719 68.695
136.446 4563 67.55
136.564 4484 66.9627
136.681 4506 67.1267
136.798 4506 67.1267
136.915 4528 67.2904
137.033 4459 66.7757
137.15 4558 67.513
137.267 4353 65.9773
137.384 4401 66.34
137.502 4311 65.6582
137.619 4146 64.3894
137.736 4134 64.2962
137.853 3833 61.9112
137.97 3800 61.6441
138.087 3866 62.1772
138.204 4016 63.3719
138.321 4235 65.0769
138.438 4350 65.9545
138.555 4611 67.9043
138.672 4614 67.9264
138.788 4530 67.3053
138.905 4435 66.5958
139.022 4357 66.0076
139.139 3923 62.6339
139.255 3979 63.0793
139.372 3710 60.9098
139.488 3699 60.8194
139.605 3580 59.8331
139.721 3459 58.8133
139.838 3291 57.3672
139.954 3188 56.4624
140.071 3072 55.4256
140.187 2787 52.792
140.303 2783 52.7541
140.419 2654 51.517
140.535 2494 49.94
140.652 2447 49.4672
140.768 0 1
140.884 0 1
141 0 1
141.115 0 1
141.231 0 1
141.347 0 1
141.463 0 1
141.578 0 1
141.694 0 1
144.104 0 1
144.219 0 1
144.335 0 1
144.45 0 1
144.566 0 1
144.682 0 1
144.798 0 1
144.914 0 1
145.03 0 1
145.146 6967 83.4686
145.262 7327 85.5979
145.378 7835 88.5155
145.494 8041 89.6716
145.61 8092 89.9555
145.726 8549 92.4608
145.842 9124 95.5196
145.959 9510 97.5192
146.075 9876 99.3781
146.192 10600 102.956
146.308 10870 104.259
146.425 11049 105.114
146.541 11090 105.309
146.658 10791 103.88
146.774 9945 99.7246
146.891 8791 93.7603
147.008 9181 95.8175
147.125 11050 105.119
147.241 12869 113.442
147.358 13932 118.034
147.475 14348 119.783
147.592 14454 120.225
147.709 14613 120.884
147.826 14519 120.495
147.943 14423 120.096
148.06 14160 118.996
148.177 13972 118.203
148.294 14190 119.122
148.411 14505 120.437
148.528 14431 120.129
148.645 14638 120.988
148.762 14371 119.879
148.88 14758 121.483
148.997 14626 120.938
149.114 14231 119.294
149.231 14244 119.348
149.349 14508 120.449
149.466 14392 119.967
149.583 14211 119.21
149.701 14365 119.854
149.818 14261 119.419
149.935 14270 119.457
150.053 14272 119.465
150.17 14285 119.52
150.287 14088 118.693
150.405 12360 111.176
150.522 10569 102.806
150.64 10781 103.832
150.757 12705 112.716
150.875 15284 123.628
150.992 16225 127.377
151.11 16730 129.345
151.227 17155 130.977
151.344 17818 133.484
151.462 18110 134.573
151.579 18091 134.503
151.697 18272 135.174
151.814 18535 136.143
151.932 18820 137.186
152.049 19163 138.43
152.167 19223 138.647
152.284 19426 139.377
152.402 19650 140.178
152.519 19696 140.342
152.636 19489 139.603
152.754 19491 139.61
152.871 19413 139.331
152.989 19115 138.257
153.106 19520 139.714
153.223 18957 137.684
153.341 18554 136.213
153.458 18210 134.944
153.575 18102 134.544
153.693 17236 131.286
153.81 16709 129.263
153.927 14783 121.585
154.044 10830 104.067
154.162 9251 96.1821
154.279 11713 108.227
154.396 13520 116.276
154.513 13908 117.932
154.63 13772 117.354
154.747 12976 113.912
154.864 12642 112.437
154.981 12014 109.608
155.098 11184 105.754
155.215 10738 103.624
155.332 10157 100.782
155.449 10031 100.155
155.566 9787 98.9293
155.683 9438 97.1494
155.8 9477 97.3499
155.917 9380 96.8504
156.033 9150 95.6556
156.15 0 1
156.267 0 1
156.383 0 1
156.5 0 1
156.617 0 1
156.733 0 1
156.85 0 1
156.966 0 1
157.082 0 1
157.199 0 1
157.315 0 1
157.431 0 1
157.547 0 1
157.664 0 1
157.78 0 1
157.896 0 1
158.012 0 1
158.128 0 1
158.244 0 1
158.359 0 1
158.475 0 1
158.591 0 1
158.706 0 1
