
6.15755 0 1
6.2731 0 1
6.3887 0 1
6.50437 0 1
6.62009 0 1
6.73587 0 1
6.8517 0 1
6.96759 0 1
7.08353 0 1
7.19952 0 1
7.31557 0 1
7.43166 0 1
7.54781 0 1
7.664 0 1
7.78024 0 1
7.89653 0 1
8.01286 0 1
8.12924 0 1
8.24567 0 1
8.36213 0 1
8.47864 0 1
8.59519 0 1
8.71178 0 1
8.82841 0 1
8.94508 0 1
9.06179 0 1
9.17853 0 1
9.29531 0 1
9.41212 0 1
9.52897 0 1
9.64584 0 1
9.76276 0 1
9.8797 0 1
9.99667 0 1
10.1137 0 1
10.2307 0 1
10.3478 0 1
10.4648 0 1
10.5819 0 1
10.6991 0 1
10.8162 0 1
10.9334 0 1
11.0506 0 1
11.1678 0 1
11.285 0 1
11.4023 0 1
11.5196 0 1
11.6369 0 1
11.7542 0 1
11.8715 0 1
11.9888 0 1
12.1062 0 1
12.2235 0 1
12.3409 0 1
12.4582 0 1
12.5756 0 1
12.693 0 1
12.8104 0 1
12.9278 0 1
13.0452 0 1
13.1626 0 1
13.28 0 1
13.3974 0 1
13.5149 0 1
13.6323 0 1
13.7497 0 1
13.8671 0 1
13.9845 0 1
14.1019 0 1
14.2193 0 1
14.3367 0 1
14.4541 0 1
14.5714 0 1
14.6888 0 1
14.8062 0 1
14.9235 0 1
15.0408 88851 298.079
15.1581 92148 303.559
15.2755 95189 308.527
15.3927 95172 308.5
15.51 91899 303.148
15.6273 90796 301.324
15.7445 91932 303.203
15.8617 94143 306.827
15.9789 96257 310.253
16.0961 97072 311.564
16.2132 98034 313.104
16.3304 97857 312.821
16.4475 97029 311.495
16.5646 96016 309.864
16.6816 96484 310.619
16.7986 95519 309.061
16.9156 94850 307.977
17.0326 94561 307.508
17.1496 94131 306.808
17.2665 93994 306.584
17.3833 94047 306.671
17.5002 94419 307.277
17.617 93627 305.985
17.7338 94771 307.849
17.8505 94930 308.107
17.9672 95390 308.853
18.0839 94157 306.85
18.2005 93320 305.483
18.3171 89673 299.455
18.4337 87552 295.892
18.5502 86803 294.623
18.6666 88561 297.592
18.7831 91055 301.753
18.8994 90398 300.663
19.0158 86766 294.561
19.1321 85857 293.014
19.2483 86582 294.248
19.3645 88321 297.188
19.4806 89827 299.712
19.5967 89167 298.608
19.7128 87029 295.007
19.8288 80729 284.128
19.9447 68483 261.693
20.0606 0 1
20.1764 0 1
20.2922 0 1
20.4079 0 1
20.5236 0 1
20.6392 0 1
20.7548 0 1
20.8702 0 1
23.3078 0 1
23.4233 0 1
23.539 0 1
23.6547 0 1
23.7704 0 1
23.8862 0 1
24.0021 0 1
24.118 0 1
24.234 0 1
24.35 0 1
24.4661 32357 179.881
24.5822 37699 194.162
24.6984 42705 206.652
24.8146 49388 222.234
24.9309 58414 241.69
25.0472 70430 265.387
25.1636 82037 286.421
25.28 92258 303.74
25.3965 98061 313.147
25.513 100040 316.291
25.6296 101874 319.177
25.7462 100916 317.673
25.8628 100417 316.886
25.9795 100382 316.831
26.0962 100494 317.008
26.213 100636 317.232
26.3298 98538 313.908
26.4466 97727 312.613
26.5635 97610 312.426
26.6804 97246 311.843
26.7973 96341 310.388
26.9143 93577 305.904
27.0313 89221 298.699
27.1483 87145 295.203
27.2653 85630 292.626
27.3824 85688 292.725
27.4996 85660 292.677
27.6167 83072 288.222
27.7339 81213 284.979
27.8511 82987 288.075
27.9683 86444 294.014
28.0855 89864 299.773
28.2028 92705 304.475
28.3201 93382 305.585
28.4374 93821 306.302
28.5547 93924 306.47
28.6721 94141 306.824
28.7894 94229 306.967
28.9068 94131 306.808
29.0242 92744 304.539
29.1416 93481 305.747
29.259 93929 306.478
29.3764 94030 306.643
29.4939 92370 303.924
29.6113 92799 304.629
29.7288 92322 303.845
29.8463 92245 303.719
29.9638 91846 303.061
30.0812 92423 304.012
30.1987 91638 302.718
30.3162 90517 300.86
30.4337 88044 296.722
30.5512 83916 289.683
30.6687 79431 281.835
30.7862 75520 274.809
30.9037 75841 275.392
31.0212 77675 278.702
31.1387 78878 280.852
31.2562 78255 279.741
31.3737 80392 283.535
31.4912 82188 286.684
31.6087 84711 291.052
31.7262 86005 293.266
31.8436 85981 293.225
31.9611 86601 294.28
32.0785 85763 292.853
32.1959 85938 293.152
32.3134 85600 292.575
32.4308 85618 292.606
32.5482 85306 292.072
32.6655 85413 292.255
32.7829 84955 291.47
32.9002 85086 291.695
33.0176 84697 291.027
33.1349 83960 289.759
33.2522 83685 289.284
33.3694 83398 288.787
33.4867 83574 289.092
33.6039 82921 287.96
33.7211 82277 286.84
33.8383 82327 286.927
33.9554 81799 286.005
34.0725 79731 282.367
34.1896 75797 275.313
34.3067 71521 267.434
34.4237 67433 259.679
34.5407 67239 259.305
34.6577 68633 261.979
34.7746 68829 262.353
34.8915 67628 260.054
35.0084 68932 262.549
35.1252 71943 268.222
35.242 74880 273.642
35.3587 76320 276.261
35.4755 77458 278.313
35.5921 77378 278.169
35.7088 77071 277.617
35.8254 76948 277.395
35.9419 76504 276.594
36.0584 76285 276.197
36.1749 76203 276.049
36.2913 75804 275.325
36.4077 76235 276.107
36.524 74306 272.591
36.6403 70241 265.03
36.7565 63715 252.418
36.8727 55789 236.197
36.9889 48935 221.213
37.1049 43771 209.215
37.221 0 1
37.3369 0 1
37.4529 0 1
37.5687 0 1
37.6845 0 1
37.8003 0 1
37.916 0 1
38.0316 0 1
38.1472 0 1
40.5851 0 1
40.7008 0 1
40.8164 0 1
40.9322 0 1
41.048 0 1
41.1639 0 1
41.2798 0 1
41.3958 0 1
41.5118 0 1
41.6279 0 1
41.744 19010 137.877
41.8602 23059 151.852
41.9765 29732 172.43
42.0928 35700 188.944
42.2091 40901 202.24
42.3255 42941 207.222
42.4419 43333 208.166
42.5584 42117 205.224
42.675 41998 204.934
42.7915 40375 200.935
42.9081 39920 199.8
43.0248 37742 194.273
43.1415 34692 186.258
43.2582 32716 180.876
43.375 32201 179.446
43.4918 32858 181.268
43.6087 31901 178.609
43.7256 29868 172.824
43.8425 29338 171.283
43.9595 30111 173.525
44.0765 29967 173.11
44.1935 29924 172.986
44.3106 29525 171.828
44.4277 28711 169.443
44.5448 27785 166.688
44.6619 27336 165.336
44.7791 27473 165.75
44.8963 27474 165.753
45.0136 27802 166.739
45.1308 28350 168.375
45.2481 28700 169.411
45.3654 28998 170.288
45.4827 29737 172.444
45.6001 30309 174.095
45.7174 30693 175.194
45.8348 31419 177.254
45.9522 31623 177.829
46.0697 32666 180.737
46.1871 33448 182.888
46.3046 34288 185.17
46.422 35008 187.104
46.5395 35404 188.16
46.657 34134 184.754
46.7745 32589 180.524
46.892 33454 182.904
47.0096 36124 190.063
47.1271 38471 196.14
47.2446 39709 199.271
47.3622 40628 201.564
47.4797 41884 204.656
47.5973 43924 209.581
47.7149 45288 212.81
47.8324 46282 215.133
47.95 47761 218.543
48.0675 48467 220.152
48.1851 48409 220.02
48.3027 49429 222.326
48.4202 50402 224.504
48.5378 51343 226.59
48.6554 52388 228.884
48.7729 52522 229.177
48.8904 53492 231.283
49.008 54042 232.469
49.1255 54383 233.202
49.243 54939 234.391
49.3605 54777 234.045
49.478 55718 236.047
49.5955 55942 236.521
49.713 56372 237.428
49.8304 57136 239.031
49.9479 56981 238.707
50.0653 54386 233.208
50.1827 50522 224.771
50.3001 45954 214.369
50.4175 45636 213.626
50.5348 48562 220.368
50.6521 51274 226.438
50.7694 53959 232.291
50.8867 55115 234.766
51.004 57316 239.408
51.1212 60173 245.302
51.2384 61826 248.648
51.3556 63181 251.358
51.4727 62472 249.944
51.5899 62884 250.767
51.707 63203 251.402
51.824 63598 252.186
51.9411 63972 252.927
52.0581 64404 253.779
52.175 64705 254.372
52.2919 64749 254.458
52.4088 65134 255.214
52.5257 66339 257.564
52.6425 67012 258.867
52.7593 67183 259.197
52.876 67133 259.1
52.9927 67215 259.259
53.1094 67170 259.172
53.226 67577 259.956
53.3426 68083 260.927
53.4591 68292 261.327
53.5756 66607 258.083
53.692 60937 246.854
53.8084 52518 229.168
53.9248 42659 206.541
54.0411 36094 189.984
54.1573 33375 182.688
54.2735 0 1
54.3896 0 1
54.5057 0 1
54.6217 0 1
54.7377 0 1
54.8537 0 1
54.9695 0 1
55.0853 0 1
55.2011 0 1
55.3168 0 1
55.4324 0 1
57.824 0 1
57.9396 0 1
58.0553 0 1
58.1711 0 1
58.2869 0 1
58.4028 0 1
58.5187 0 1
58.6347 0 1
58.7508 0 1
58.8669 0 1
58.983 47109 217.046
59.0992 49995 223.596
59.2155 56226 237.12
59.3318 65211 255.364
59.4482 76113 275.886
59.5646 86446 294.017
59.681 94245 306.993
59.7975 99291 315.105
59.9141 103149 321.168
60.0306 105264 324.444
60.1473 105916 325.447
60.2639 106703 326.654
60.3807 107097 327.257
60.4974 106721 326.682
60.6142 107389 327.703
60.731 107814 328.35
60.8479 106973 327.067
60.9648 107010 327.124
61.0818 106480 326.313
61.1987 106500 326.343
61.3158 106030 325.622
61.4328 106385 326.167
61.5499 106945 327.024
61.667 106564 326.441
61.7841 106482 326.316
61.9013 106870 326.91
62.0185 106088 325.712
62.1357 104420 323.141
62.253 101314 318.299
62.3702 96235 310.218
62.4875 92042 303.384
62.6049 90666 301.108
62.7222 93218 305.316
62.8396 96999 311.447
62.9569 100538 317.077
63.0743 101444 318.503
63.1918 101334 318.33
63.3092 102508 320.169
63.4267 104480 323.234
63.5441 105979 325.544
63.6616 107422 327.753
63.7791 106911 326.972
63.8966 107051 327.186
64.0142 106980 327.078
64.1317 106058 325.665
64.2492 106257 325.971
64.3668 105668 325.066
64.4843 105391 324.64
64.6019 104676 323.537
64.7195 104409 323.124
64.837 103969 322.442
64.9546 103584 321.845
65.0722 103522 321.748
65.1898 103474 321.674
65.3074 101598 318.744
65.4249 102607 320.323
65.5425 102195 319.68
65.6601 100256 316.632
65.7777 97271 311.883
65.8952 92453 304.061
66.0128 87566 295.916
66.1304 85353 292.152
66.2479 85900 293.087
66.3655 88538 297.553
66.483 93063 305.062
66.6005 94832 307.948
66.718 95602 309.196
66.8355 94602 307.574
66.953 96044 309.91
67.0705 98063 313.15
67.1879 99467 315.384
67.3054 100031 316.277
67.4228 100198 316.541
67.5402 100117 316.413
67.6576 99031 314.692
67.7749 98603 314.011
67.8923 98835 314.38
68.0096 98320 313.56
68.1269 98646 314.08
68.2442 97983 313.022
68.3614 98168 313.318
68.4787 98091 313.195
68.5958 98043 313.118
68.713 96829 311.174
68.8302 97136 311.666
68.9473 96941 311.353
69.0643 97344 312
69.1814 97325 311.97
69.2984 95672 309.309
69.4154 92686 304.444
69.5323 88976 298.288
69.6492 85309 292.077
69.7661 83892 289.641
69.8829 84741 291.103
69.9997 87578 295.936
70.1165 90512 300.852
70.2332 91932 303.203
70.3499 89868 299.78
70.4665 84258 290.272
70.5831 78438 280.068
70.6996 72854 269.915
70.8161 67292 259.407
70.9326 62870 250.739
71.049 57208 239.182
71.1653 53459 231.212
71.2817 49994 223.593
71.3979 46896 216.555
71.5141 44203 210.245
71.6303 40760 201.891
71.7464 35714 188.981
71.8624 0 1
71.9784 0 1
72.0944 0 1
72.2102 0 1
72.3261 0 1
72.4418 0 1
72.5575 0 1
72.6732 0 1
75.1054 0 1
75.2209 0 1
75.3365 0 1
75.4521 0 1
75.5678 0 1
75.6835 0 1
75.7993 0 1
75.9151 0 1
76.031 0 1
76.147 61304 247.596
76.263 72400 269.072
76.3791 79351 281.693
76.4952 83747 289.391
76.6113 85789 292.898
76.7276 85547 292.484
76.8438 87228 295.344
76.9601 87769 296.258
77.0765 87500 295.804
77.1929 88403 297.326
77.3093 88692 297.812
77.4258 88778 297.956
77.5423 88182 296.955
77.6589 89247 298.742
77.7755 89136 298.557
77.8921 88545 297.565
78.0088 88399 297.32
78.1256 87339 295.532
78.2423 86265 293.709
78.3591 83418 288.822
78.4759 80905 284.438
78.5928 77655 278.666
78.7097 76117 275.893
78.8266 75758 275.242
78.9436 78545 280.259
79.0606 80391 283.533
79.1776 84152 290.09
79.2946 88959 298.26
79.4117 90055 300.092
79.5288 90044 300.073
79.6459 90691 301.149
79.7631 91015 301.687
79.8802 92527 304.183
79.9974 94150 306.839
80.1147 95124 308.422
80.2319 95966 309.784
80.3491 97015 311.472
80.4664 98672 314.121
80.5837 99426 315.319
80.701 101211 318.137
80.8183 103364 321.503
80.9357 103678 321.991
81.053 104476 323.227
81.1704 105417 324.68
81.2877 106795 326.795
81.4051 106519 326.372
81.5225 104336 323.011
81.6399 105910 325.438
81.7573 102823 320.66
81.8747 103174 321.207
81.9922 100694 317.323
82.1096 99766 315.858
82.227 96953 311.373
82.3444 95470 308.982
82.4619 96610 310.821
82.5793 99824 315.949
82.6967 101204 318.126
82.8142 105333 324.55
82.9316 109037 330.208
83.049 109323 330.64
83.1664 108564 329.491
83.2838 108054 328.716
83.4012 108366 329.19
83.5186 108835 329.902
83.636 109319 330.634
83.7534 110297 332.11
83.8708 111614 334.087
83.9881 111072 333.275
84.1055 111658 334.153
84.2228 114070 337.743
84.3401 115791 340.281
84.4575 116691 341.601
84.5747 118568 344.337
84.692 117994 343.503
84.8093 119641 345.892
84.9265 116871 341.864
85.0437 115993 340.577
85.1609 114076 337.751
85.2781 111707 334.226
85.3952 109048 330.224
85.5123 106014 325.598
85.6294 103336 321.459
85.7465 100850 317.569
85.8636 99799 315.91
85.9806 97824 312.768
86.0976 99882 316.041
86.2145 101334 318.33
86.3315 103793 322.169
86.4484 108206 328.947
86.5652 110653 332.645
86.682 110199 331.962
86.7988 108705 329.704
86.9156 106457 326.277
87.0323 105021 324.069
87.149 104877 323.847
87.2657 105682 325.088
87.3823 106148 325.804
87.4988 104714 323.595
87.6154 101796 319.055
87.7318 98636 314.064
87.8483 94061 306.694
87.9647 88104 296.823
88.081 83072 288.222
88.1973 76627 276.816
88.3136 70319 265.177
88.4298 64039 253.059
88.546 59657 244.248
88.6621 55569 235.731
88.7781 51099 226.051
88.8942 0 1
89.0101 0 1
89.126 0 1
89.2419 0 1
89.3577 0 1
89.4734 0 1
89.5891 0 1
89.7047 0 1
89.8203 0 1
89.9358 0 1
92.3269 0 1
92.4424 0 1
92.558 0 1
92.6736 0 1
92.7893 0 1
92.905 0 1
93.0208 0 1
93.1366 0 1
93.2525 0 1
93.3685 0 1
93.4845 0 1
93.6005 75963 275.614
93.7167 83845 289.56
93.8328 90699 301.163
93.949 96863 311.228
94.0653 99597 315.59
94.1816 101503 318.595
94.2979 102151 319.611
94.4143 102188 319.669
94.5307 101832 319.111
94.6472 99678 315.718
94.7637 97971 313.003
94.8803 93369 305.563
94.9969 90370 300.616
95.1135 89729 299.548
95.2302 90089 300.148
95.3469 91237 302.055
95.4637 94853 307.982
95.5805 98644 314.076
95.6973 101654 318.832
95.8142 102468 320.106
95.9311 100183 316.517
96.048 99958 316.161
96.1649 99629 315.641
96.2819 99637 315.653
96.3989 100299 316.7
96.516 101933 319.269
96.633 104746 323.645
96.7501 107164 327.359
96.8673 109381 330.728
96.9844 110259 332.053
97.1016 111293 333.606
97.2188 111072 333.275
97.336 112774 335.818
97.4532 113146 336.372
97.5704 112706 335.717
97.6877 112262 335.055
97.805 113282 336.574
97.9223 113042 336.217
98.0396 113234 336.503
98.1569 112263 335.057
98.2743 109189 330.438
98.3916 104648 323.493
98.509 100794 317.481
98.6264 97985 313.026
98.7438 95622 309.228
98.8612 96554 310.731
98.9786 99372 315.233
99.096 102510 320.172
99.2134 107641 328.087
99.3308 112188 334.945
99.4482 114605 338.534
99.5656 114929 339.012
99.6831 112382 335.234
99.8005 111032 333.215
99.9179 111186 333.446
100.035 110594 332.557
100.153 111905 334.522
100.27 114166 337.885
100.388 115822 340.326
100.505 116455 341.255
100.622 117265 342.44
100.74 116832 341.807
100.857 116519 341.349
100.975 116330 341.072
101.092 117746 343.141
101.209 117442 342.698
101.327 117162 342.289
101.444 117215 342.367
101.561 116049 340.66
101.679 115609 340.013
101.796 112680 335.678
101.913 108059 328.723
102.03 103195 321.24
102.148 99274 315.078
102.265 96068 309.948
102.382 98762 314.264
102.499 99591 315.58
102.616 102572 320.269
102.733 106258 325.972
102.851 110980 333.137
102.968 112207 334.973
103.085 112105 334.821
103.202 110290 332.099
103.319 108233 328.988
103.436 106265 325.983
103.552 105350 324.577
103.669 105654 325.045
103.786 107361 327.66
103.903 109699 331.208
104.02 110343 332.179
104.137 110053 331.742
104.253 109345 330.674
104.37 112694 335.699
104.487 110933 333.066
104.603 110787 332.847
104.72 110978 333.134
104.836 109911 331.528
104.953 107468 327.823
105.069 102897 320.776
105.186 97529 312.296
105.302 91230 302.043
105.418 82331 286.934
105.535 73285 270.712
105.651 64751 254.462
105.767 57957 240.743
105.883 52740 229.652
105.999 48882 221.093
106.115 0 1
106.231 0 1
106.347 0 1
106.463 0 1
106.579 0 1
106.694 0 1
106.81 0 1
106.926 0 1
107.041 0 1
107.157 0 1
109.576 0 1
109.692 0 1
109.807 0 1
109.923 0 1
110.039 0 1
110.155 0 1
110.27 0 1
110.386 0 1
110.502 0 1
110.618 43268 208.01
110.735 50472 224.66
110.851 56998 238.743
110.967 63099 251.195
111.083 70305 265.151
111.199 76338 276.293
111.316 82010 286.374
111.432 86378 293.901
111.549 88574 297.614
111.665 87156 295.222
111.782 84863 291.313
111.898 83287 288.595
112.015 82546 287.308
112.132 82247 286.787
112.248 81729 285.883
112.365 83546 289.043
112.482 83400 288.791
112.599 87862 296.415
112.716 86696 294.442
112.832 87012 294.978
112.949 86124 293.469
113.066 86852 294.707
113.183 86314 293.792
113.3 85567 292.518
113.417 85997 293.252
113.534 85729 292.795
113.652 84844 291.28
113.769 83428 288.839
113.886 80438 283.616
114.003 77207 277.861
114.12 74713 273.337
114.238 71845 268.039
114.355 71167 266.771
114.472 69425 263.486
114.589 77925 279.15
114.707 77187 277.825
114.824 80750 284.165
114.942 83224 288.486
115.059 84746 291.112
115.176 84899 291.374
115.294 82744 287.653
115.411 81273 285.084
115.529 80122 283.058
115.646 78371 279.948
115.764 78373 279.952
115.881 79315 281.629
115.999 79865 282.604
116.116 81956 286.28
116.234 83133 288.328
116.351 83179 288.408
116.469 83449 288.875
116.586 82827 287.797
116.704 82809 287.766
116.821 82928 287.972
116.939 83621 289.173
117.056 82823 287.79
117.174 82813 287.772
117.291 81611 285.676
117.409 79172 281.375
117.526 76796 277.121
117.644 73652 271.389
117.761 70846 266.169
117.879 69258 263.169
117.996 69486 263.602
118.114 72068 268.455
118.231 74550 273.038
118.349 76585 276.74
118.466 79485 281.931
118.584 80781 284.22
118.701 81469 285.428
118.819 80368 283.493
118.936 78175 279.598
119.053 76250 276.134
119.171 74939 273.75
119.288 73731 271.535
119.405 74603 273.135
119.523 73947 271.932
119.64 76262 276.156
119.757 77212 277.87
119.875 78609 280.373
119.992 78483 280.148
120.109 79176 281.382
120.226 78549 280.266
120.343 78459 280.105
120.46 77739 278.817
120.578 78588 280.336
120.695 78293 279.809
120.812 78185 279.616
120.929 77913 279.129
121.046 76053 275.777
121.163 73108 270.385
121.279 70178 264.911
121.396 67071 258.981
121.513 64840 254.637
121.63 64682 254.327
121.747 64477 253.923
121.863 63834 252.654
121.98 64504 253.976
122.097 64071 253.122
122.213 63821 252.628
122.33 61863 248.723
122.446 59108 243.121
122.563 54367 233.167
122.679 50435 224.577
122.795 46680 216.056
122.912 43358 208.226
123.028 40508 201.266
123.144 39030 197.56
123.26 37614 193.943
123.377 0 1
123.493 0 1
123.609 0 1
123.725 0 1
123.84 0 1
123.956 0 1
124.072 0 1
124.188 0 1
124.303 0 1
124.419 0 1
126.852 0 1
126.968 0 1
127.083 0 1
127.199 0 1
127.315 0 1
127.431 0 1
127.547 0 1
127.663 0 1
127.779 0 1
127.895 0 1
128.011 0 1
128.127 0 1
128.243 0 1
128.359 79929 282.717
128.476 80789 284.234
128.592 82500 287.228
128.708 83543 289.038
128.825 85537 292.467
128.941 87441 295.704
129.058 88283 297.125
129.174 88779 297.958
129.291 88964 298.268
129.408 89419 299.03
129.524 88922 298.198
129.641 89131 298.548
129.758 89035 298.387
129.875 88962 298.265
129.992 88283 297.125
130.108 86287 293.746
130.225 82666 287.517
130.342 79195 281.416
130.459 75765 275.254
130.576 74237 272.465
130.693 73853 271.759
130.81 75087 274.02
130.928 75695 275.127
131.045 78797 280.708
131.162 81460 285.412
131.279 83895 289.646
131.396 85392 292.219
131.513 85327 292.108
131.631 83178 288.406
131.748 81510 285.5
131.865 80884 284.401
131.983 80106 283.03
132.1 80239 283.265
132.217 81791 285.991
132.335 83267 288.56
132.452 85779 292.881
132.57 87288 295.445
132.687 88698 297.822
132.804 87172 295.249
132.922 88259 297.084
133.039 88234 297.042
133.157 88662 297.762
133.274 88637 297.72
133.392 88430 297.372
133.509 88408 297.335
133.627 86441 294.009
133.744 84020 289.862
133.862 80285 283.346
133.979 76585 276.74
134.097 73340 270.814
134.214 73661 271.406
134.332 72912 270.022
134.449 74502 272.951
134.567 77184 277.82
134.684 79357 281.704
134.802 81871 286.131
134.919 83699 289.308
135.037 83630 289.189
135.154 81411 285.326
135.272 80051 282.933
135.389 79200 281.425
135.507 78657 280.459
135.624 78807 280.726
135.742 79606 282.145
135.859 81938 286.248
135.977 84030 289.879
136.094 85295 292.053
136.211 86395 293.93
136.329 86651 294.365
136.446 86613 294.301
136.564 86797 294.613
136.681 87693 296.13
136.798 86710 294.466
136.915 87296 295.459
137.033 87385 295.61
137.15 86523 294.148
137.267 84463 290.625
137.384 81354 285.226
137.502 78438 280.068
137.619 72740 269.704
137.736 71269 266.963
137.853 68142 261.04
137.97 71206 266.845
138.087 72332 268.946
138.204 74693 273.3
138.321 77685 278.72
138.438 79636 282.199
138.555 82439 287.122
138.672 82242 286.779
138.788 80475 283.681
138.905 77422 278.248
139.022 73799 271.66
139.139 71383 267.176
139.255 68626 261.966
139.372 66148 257.193
139.488 64018 253.018
139.605 62687 250.374
139.721 60719 246.412
139.838 58902 242.697
139.954 56299 237.274
140.071 53734 231.806
140.187 49817 223.197
140.303 48078 219.267
140.419 46577 215.817
140.535 44824 211.717
140.652 42471 206.085
140.768 0 1
140.884 0 1
141 0 1
141.115 0 1
141.231 0 1
141.347 0 1
141.463 0 1
141.578 0 1
141.694 0 1
144.104 0 1
144.219 0 1
144.335 0 1
144.45 0 1
144.566 0 1
144.682 0 1
144.798 0 1
144.914 0 1
145.03 0 1
145.146 58510 241.888
145.262 63695 252.379
145.378 65052 255.053
145.494 65365 255.666
145.61 65176 255.296
145.726 65346 255.629
145.842 64974 254.9
145.959 64802 254.562
146.075 63231 251.458
146.192 61042 247.067
146.308 58783 242.452
146.425 55975 236.59
146.541 53339 230.952
146.658 52302 228.696
146.774 52552 229.242
146.891 53563 231.437
147.008 55852 236.33
147.125 56595 237.897
147.241 58189 241.224
147.358 59994 244.937
147.475 59824 244.589
147.592 59000 242.899
147.709 57613 240.027
147.826 57281 239.334
147.943 56673 238.061
148.06 56964 238.671
148.177 56804 238.336
148.294 58561 241.994
148.411 59669 244.272
148.528 61392 247.774
148.645 62315 249.63
148.762 62527 250.054
148.88 63466 251.925
148.997 64238 253.452
149.114 62082 249.163
149.231 62743 250.486
149.349 63044 251.086
149.466 62201 249.401
149.583 62211 249.421
149.701 61359 247.707
149.818 59702 244.34
149.935 58452 241.768
150.053 55473 235.527
150.17 53355 230.987
150.287 51977 227.985
150.405 51422 226.764
150.522 52576 229.295
150.64 53979 232.334
150.757 55665 235.934
150.875 57324 239.424
150.992 58039 240.913
151.11 58868 242.627
151.227 57238 239.245
151.344 56984 238.713
151.462 55377 235.323
151.579 56151 236.962
151.697 55880 236.39
151.814 56941 238.623
151.932 57909 240.643
152.049 58674 242.227
152.167 60315 245.591
152.284 60746 246.467
152.402 61706 248.407
152.519 62185 249.369
152.636 62005 249.008
152.754 61361 247.712
152.871 62320 249.64
152.989 61403 247.796
153.106 61788 248.572
153.223 61441 247.873
153.341 60024 244.998
153.458 58970 242.837
153.575 56521 237.741
153.693 54247 232.91
153.81 52219 228.515
153.927 51586 227.126
154.044 51731 227.444
154.162 53403 231.091
154.279 54356 233.144
154.396 56188 237.04
154.513 58477 241.82
154.63 59171 243.251
154.747 58622 242.12
154.864 58292 241.437
154.981 56713 238.145
155.098 56335 237.35
155.215 55841 236.307
155.332 55898 236.428
155.449 56689 238.095
155.566 57492 239.775
155.683 58756 242.396
155.8 59589 244.109
155.917 59510 243.947
156.033 58548 241.967
156.15 0 1
156.267 0 1
156.383 0 1
156.5 0 1
156.617 0 1
156.733 0 1
156.85 0 1
156.966 0 1
157.082 0 1
157.199 0 1
157.315 0 1
157.431 0 1
157.547 0 1
157.664 0 1
157.78 0 1
157.896 0 1
158.012 0 1
158.128 0 1
158.244 0 1
158.359 0 1
158.475 0 1
158.591 0 1
158.706 0 1
