
6.15755 0 1
6.2731 0 1
6.3887 0 1
6.50437 0 1
6.62009 0 1
6.73587 0 1
6.8517 0 1
6.96759 0 1
7.08353 0 1
7.19952 0 1
7.31557 0 1
7.43166 0 1
7.54781 0 1
7.664 0 1
7.78024 0 1
7.89653 0 1
8.01286 0 1
8.12924 0 1
8.24567 0 1
8.36213 0 1
8.47864 0 1
8.59519 0 1
8.71178 0 1
8.82841 0 1
8.94508 0 1
9.06179 0 1
9.17853 0 1
9.29531 0 1
9.41212 0 1
9.52897 0 1
9.64584 0 1
9.76276 0 1
9.8797 0 1
9.99667 0 1
10.1137 0 1
10.2307 0 1
10.3478 0 1
10.4648 0 1
10.5819 0 1
10.6991 0 1
10.8162 0 1
10.9334 0 1
11.0506 0 1
11.1678 0 1
11.285 0 1
11.4023 0 1
11.5196 0 1
11.6369 0 1
11.7542 0 1
11.8715 0 1
11.9888 0 1
12.1062 0 1
12.2235 0 1
12.3409 0 1
12.4582 0 1
12.5756 0 1
12.693 0 1
12.8104 0 1
12.9278 0 1
13.0452 0 1
13.1626 0 1
13.28 0 1
13.3974 0 1
13.5149 0 1
13.6323 0 1
13.7497 0 1
13.8671 0 1
13.9845 0 1
14.1019 0 1
14.2193 0 1
14.3367 0 1
14.4541 0 1
14.5714 0 1
14.6888 0 1
14.8062 0 1
14.9235 0 1
15.0408 872 29.5296
15.1581 893 29.8831
15.2755 978 31.273
15.3927 996 31.5595
15.51 970 31.1448
15.6273 937 30.6105
15.7445 981 31.3209
15.8617 892 29.8664
15.9789 954 30.8869
16.0961 913 30.2159
16.2132 912 30.1993
16.3304 964 31.0483
16.4475 1016 31.8748
16.5646 1012 31.8119
16.6816 988 31.4325
16.7986 1104 33.2265
16.9156 1108 33.2866
17.0326 1084 32.9242
17.1496 1167 34.1614
17.2665 1143 33.8083
17.3833 1103 33.2114
17.5002 1089 33
17.617 1014 31.8434
17.7338 974 31.209
17.8505 988 31.4325
17.9672 910 30.1662
18.0839 979 31.289
18.2005 1066 32.6497
18.3171 994 31.5278
18.4337 1031 32.1092
18.5502 1055 32.4808
18.6666 1080 32.8634
18.7831 1104 33.2265
18.8994 1051 32.4191
19.0158 1123 33.5112
19.1321 982 31.3369
19.2483 971 31.1609
19.3645 913 30.2159
19.4806 873 29.5466
19.5967 780 27.9285
19.7128 742 27.2397
19.8288 706 26.5707
19.9447 668 25.8457
20.0606 0 1
20.1764 0 1
20.2922 0 1
20.4079 0 1
20.5236 0 1
20.6392 0 1
20.7548 0 1
20.8702 0 1
23.3078 0 1
23.4233 0 1
23.539 0 1
23.6547 0 1
23.7704 0 1
23.8862 0 1
24.0021 0 1
24.118 0 1
24.234 0 1
24.35 0 1
24.4661 415 20.3715
24.5822 516 22.7156
24.6984 591 24.3105
24.8146 585 24.1868
24.9309 688 26.2298
25.0472 760 27.5681
25.1636 825 28.7228
25.28 847 29.1033
25.3965 971 31.1609
25.513 1002 31.6544
25.6296 1103 33.2114
25.7462 1065 32.6343
25.8628 1159 34.0441
25.9795 1231 35.0856
26.0962 1130 33.6155
26.213 1134 33.6749
26.3298 1077 32.8177
26.4466 1001 31.6386
26.5635 940 30.6594
26.6804 961 31
26.7973 987 31.4166
26.9143 1016 31.8748
27.0313 1036 32.187
27.1483 1042 32.28
27.2653 1105 33.2415
27.3824 1092 33.0454
27.4996 1100 33.1662
27.6167 1060 32.5576
27.7339 1115 33.3916
27.8511 1020 31.9374
27.9683 1064 32.619
28.0855 974 31.209
28.2028 960 30.9839
28.3201 918 30.2985
28.4374 921 30.348
28.5547 898 29.9666
28.6721 989 31.4484
28.7894 982 31.3369
28.9068 1041 32.2645
29.0242 986 31.4006
29.1416 1125 33.541
29.259 1141 33.7787
29.3764 1076 32.8024
29.4939 1091 33.0303
29.6113 1016 31.8748
29.7288 1039 32.2335
29.8463 959 30.9677
29.9638 1011 31.7962
30.0812 941 30.6757
30.1987 928 30.4631
30.3162 933 30.545
30.4337 933 30.545
30.5512 976 31.241
30.6687 1007 31.7333
30.7862 998 31.5911
30.9037 1051 32.4191
31.0212 1069 32.6956
31.1387 1043 32.2955
31.2562 1085 32.9393
31.3737 1066 32.6497
31.4912 997 31.5753
31.6087 955 30.9031
31.7262 952 30.8545
31.8436 941 30.6757
31.9611 860 29.3258
32.0785 870 29.4958
32.1959 882 29.6985
32.3134 940 30.6594
32.4308 942 30.692
32.5482 1070 32.7109
32.6655 1108 33.2866
32.7829 1059 32.5423
32.9002 1043 32.2955
33.0176 1046 32.3419
33.1349 1022 31.9687
33.2522 992 31.496
33.3694 1099 33.1512
33.4867 967 31.0966
33.6039 958 30.9516
33.7211 883 29.7153
33.8383 812 28.4956
33.9554 852 29.189
34.0725 945 30.7409
34.1896 972 31.1769
34.3067 1002 31.6544
34.4237 944 30.7246
34.5407 991 31.4802
34.6577 1000 31.6228
34.7746 1028 32.0624
34.8915 1056 32.4962
35.0084 1004 31.686
35.1252 1004 31.686
35.242 890 29.8329
35.3587 941 30.6757
35.4755 852 29.189
35.5921 884 29.7321
35.7088 849 29.1376
35.8254 826 28.7402
35.9419 851 29.1719
36.0584 902 30.0333
36.1749 923 30.3809
36.2913 922 30.3645
36.4077 927 30.4467
36.524 855 29.2404
36.6403 881 29.6816
36.7565 850 29.1548
36.8727 782 27.9643
36.9889 767 27.6948
37.1049 695 26.3629
37.221 0 1
37.3369 0 1
37.4529 0 1
37.5687 0 1
37.6845 0 1
37.8003 0 1
37.916 0 1
38.0316 0 1
38.1472 0 1
40.5851 0 1
40.7008 0 1
40.8164 0 1
40.9322 0 1
41.048 0 1
41.1639 0 1
41.2798 0 1
41.3958 0 1
41.5118 0 1
41.6279 0 1
41.744 494 22.2261
41.8602 535 23.1301
41.9765 549 23.4307
42.0928 640 25.2982
42.2091 638 25.2587
42.3255 608 24.6577
42.4419 575 23.9792
42.5584 585 24.1868
42.675 639 25.2784
42.7915 656 25.6125
42.9081 754 27.4591
43.0248 781 27.9464
43.1415 765 27.6586
43.2582 747 27.3313
43.375 804 28.3549
43.4918 874 29.5635
43.6087 797 28.2312
43.7256 814 28.5307
43.8425 818 28.6007
43.9595 808 28.4253
44.0765 828 28.775
44.1935 837 28.931
44.3106 723 26.8887
44.4277 697 26.4008
44.5448 693 26.3249
44.6619 663 25.7488
44.7791 711 26.6646
44.8963 758 27.5318
45.0136 774 27.8209
45.1308 842 29.0172
45.2481 879 29.6479
45.3654 822 28.6705
45.4827 872 29.5296
45.6001 867 29.4449
45.7174 860 29.3258
45.8348 829 28.7924
45.9522 802 28.3196
46.0697 701 26.4764
46.1871 636 25.219
46.3046 701 26.4764
46.422 766 27.6767
46.5395 757 27.5136
46.657 888 29.7993
46.7745 822 28.6705
46.892 835 28.8964
47.0096 856 29.2575
47.1271 905 30.0832
47.2446 893 29.8831
47.3622 871 29.5127
47.4797 811 28.4781
47.5973 873 29.5466
47.7149 812 28.4956
47.8324 756 27.4955
47.95 748 27.3496
48.0675 691 26.2869
48.1851 692 26.3059
48.3027 727 26.9629
48.4202 751 27.4044
48.5378 812 28.4956
48.6554 818 28.6007
48.7729 875 29.5804
48.8904 888 29.7993
49.008 808 28.4253
49.1255 864 29.3939
49.243 767 27.6948
49.3605 737 27.1477
49.478 779 27.9106
49.5955 657 25.632
49.713 657 25.632
49.8304 713 26.7021
49.9479 686 26.1916
50.0653 780 27.9285
50.1827 816 28.5657
50.3001 819 28.6182
50.4175 806 28.3901
50.5348 861 29.3428
50.6521 823 28.688
50.7694 882 29.6985
50.8867 857 29.2746
51.004 822 28.6705
51.1212 816 28.5657
51.2384 779 27.9106
51.3556 738 27.1662
51.4727 695 26.3629
51.5899 698 26.4197
51.707 675 25.9808
51.824 706 26.5707
51.9411 710 26.6458
52.0581 804 28.3549
52.175 838 28.9482
52.2919 915 30.249
52.4088 824 28.7054
52.5257 857 29.2746
52.6425 823 28.688
52.7593 883 29.7153
52.876 812 28.4956
52.9927 838 28.9482
53.1094 713 26.7021
53.226 646 25.4165
53.3426 672 25.923
53.4591 648 25.4558
53.5756 649 25.4755
53.692 685 26.1725
53.8084 685 26.1725
53.9248 646 25.4165
54.0411 633 25.1595
54.1573 601 24.5153
54.2735 0 1
54.3896 0 1
54.5057 0 1
54.6217 0 1
54.7377 0 1
54.8537 0 1
54.9695 0 1
55.0853 0 1
55.2011 0 1
55.3168 0 1
55.4324 0 1
57.824 0 1
57.9396 0 1
58.0553 0 1
58.1711 0 1
58.2869 0 1
58.4028 0 1
58.5187 0 1
58.6347 0 1
58.7508 0 1
58.8669 0 1
58.983 555 23.5584
59.0992 659 25.671
59.2155 703 26.5141
59.3318 857 29.2746
59.4482 877 29.6142
59.5646 910 30.1662
59.681 982 31.3369
59.7975 905 30.0832
59.9141 945 30.7409
60.0306 990 31.4643
60.1473 904 30.0666
60.2639 909 30.1496
60.3807 918 30.2985
60.4974 829 28.7924
60.6142 947 30.7734
60.731 1035 32.1714
60.8479 1059 32.5423
60.9648 1054 32.4654
61.0818 1102 33.1964
61.1987 1095 33.0908
61.3158 1060 32.5576
61.4328 1028 32.0624
61.5499 974 31.209
61.667 943 30.7083
61.7841 862 29.3598
61.9013 845 29.0689
62.0185 826 28.7402
62.1357 885 29.7489
62.253 939 30.6431
62.3702 1022 31.9687
62.4875 998 31.5911
62.6049 989 31.4484
62.7222 1099 33.1512
62.8396 1112 33.3467
62.9569 1098 33.1361
63.0743 1151 33.9264
63.1918 1100 33.1662
63.3092 1051 32.4191
63.4267 1055 32.4808
63.5441 1050 32.4037
63.6616 942 30.692
63.7791 813 28.5132
63.8966 849 29.1376
64.0142 883 29.7153
64.1317 902 30.0333
64.2492 873 29.5466
64.3668 974 31.209
64.4843 1081 32.8786
64.6019 1064 32.619
64.7195 1038 32.218
64.837 1120 33.4664
64.9546 994 31.5278
65.0722 1040 32.249
65.1898 996 31.5595
65.3074 856 29.2575
65.4249 916 30.2655
65.5425 774 27.8209
65.6601 868 29.4618
65.7777 894 29.8998
65.8952 970 31.1448
66.0128 1037 32.2025
66.1304 1044 32.311
66.2479 1074 32.7719
66.3655 1044 32.311
66.483 1068 32.6803
66.6005 1068 32.6803
66.718 1134 33.6749
66.8355 1088 32.9848
66.953 1055 32.4808
67.0705 1033 32.1403
67.1879 983 31.3528
67.3054 909 30.1496
67.4228 864 29.3939
67.5402 837 28.931
67.6576 879 29.6479
67.7749 904 30.0666
67.8923 981 31.3209
68.0096 1070 32.7109
68.1269 1093 33.0606
68.2442 1105 33.2415
68.3614 1146 33.8526
68.4787 1162 34.0881
68.5958 1177 34.3074
68.713 1095 33.0908
68.8302 1050 32.4037
68.9473 965 31.0644
69.0643 928 30.4631
69.1814 913 30.2159
69.2984 963 31.0322
69.4154 978 31.273
69.5323 1057 32.5115
69.6492 1120 33.4664
69.7661 1168 34.176
69.8829 1235 35.1426
69.9997 1150 33.9116
70.1165 1153 33.9559
70.2332 1159 34.0441
70.3499 1113 33.3617
70.4665 1040 32.249
70.5831 1015 31.8591
70.6996 996 31.5595
70.8161 907 30.1164
70.9326 853 29.2062
71.049 784 28
71.1653 624 24.98
71.2817 521 22.8254
71.3979 503 22.4277
71.5141 492 22.1811
71.6303 483 21.9773
71.7464 432 20.7846
71.8624 0 1
71.9784 0 1
72.0944 0 1
72.2102 0 1
72.3261 0 1
72.4418 0 1
72.5575 0 1
72.6732 0 1
75.1054 0 1
75.2209 0 1
75.3365 0 1
75.4521 0 1
75.5678 0 1
75.6835 0 1
75.7993 0 1
75.9151 0 1
76.031 0 1
76.147 781 27.9464
76.263 790 28.1069
76.3791 816 28.5657
76.4952 750 27.3861
76.6113 800 28.2843
76.7276 759 27.55
76.8438 876 29.5973
76.9601 952 30.8545
77.0765 1018 31.9061
77.1929 984 31.3688
77.3093 1017 31.8904
77.4258 985 31.3847
77.5423 993 31.5119
77.6589 966 31.0805
77.7755 900 30
77.8921 783 27.9821
78.0088 752 27.4226
78.1256 699 26.4386
78.2423 668 25.8457
78.3591 724 26.9072
78.4759 828 28.775
78.5928 887 29.7825
78.7097 926 30.4302
78.8266 903 30.05
78.9436 947 30.7734
79.0606 944 30.7246
79.1776 955 30.9031
79.2946 972 31.1769
79.4117 956 30.9192
79.5288 1014 31.8434
79.6459 948 30.7896
79.7631 886 29.7658
79.8802 896 29.9333
79.9974 865 29.4109
80.1147 807 28.4077
80.2319 748 27.3496
80.3491 707 26.5895
80.4664 774 27.8209
80.5837 849 29.1376
80.701 917 30.282
80.8183 944 30.7246
80.9357 939 30.6431
81.053 912 30.1993
81.1704 897 29.95
81.2877 968 31.1127
81.4051 899 29.9833
81.5225 906 30.0998
81.6399 763 27.6225
81.7573 730 27.0185
81.8747 715 26.7395
81.9922 720 26.8328
82.1096 764 27.6405
82.227 828 28.775
82.3444 940 30.6594
82.4619 877 29.6142
82.5793 927 30.4467
82.6967 959 30.9677
82.8142 949 30.8058
82.9316 1000 31.6228
83.049 959 30.9677
83.1664 956 30.9192
83.2838 973 31.1929
83.4012 979 31.289
83.5186 897 29.95
83.636 886 29.7658
83.7534 783 27.9821
83.8708 741 27.2213
83.9881 710 26.6458
84.1055 765 27.6586
84.2228 861 29.3428
84.3401 932 30.5287
84.4575 924 30.3974
84.5747 950 30.8221
84.692 1051 32.4191
84.8093 952 30.8545
84.9265 1054 32.4654
85.0437 938 30.6268
85.1609 841 29
85.2781 797 28.2312
85.3952 703 26.5141
85.5123 717 26.7769
85.6294 737 27.1477
85.7465 813 28.5132
85.8636 882 29.6985
85.9806 901 30.0167
86.0976 962 31.0161
86.2145 982 31.3369
86.3315 1018 31.9061
86.4484 964 31.0483
86.5652 1023 31.9844
86.682 1010 31.7805
86.7988 1037 32.2025
86.9156 1011 31.7962
87.0323 912 30.1993
87.149 926 30.4302
87.2657 845 29.0689
87.3823 775 27.8388
87.4988 745 27.2947
87.6154 678 26.0384
87.7318 670 25.8844
87.8483 736 27.1293
87.9647 710 26.6458
88.081 790 28.1069
88.1973 821 28.6531
88.3136 743 27.258
88.4298 703 26.5141
88.546 676 26
88.6621 590 24.2899
88.7781 481 21.9317
88.8942 0 1
89.0101 0 1
89.126 0 1
89.2419 0 1
89.3577 0 1
89.4734 0 1
89.5891 0 1
89.7047 0 1
89.8203 0 1
89.9358 0 1
92.3269 0 1
92.4424 0 1
92.558 0 1
92.6736 0 1
92.7893 0 1
92.905 0 1
93.0208 0 1
93.1366 0 1
93.2525 0 1
93.3685 0 1
93.4845 0 1
93.6005 741 27.2213
93.7167 690 26.2679
93.8328 776 27.8568
93.949 837 28.931
94.0653 799 28.2666
94.1816 821 28.6531
94.2979 819 28.6182
94.4143 782 27.9643
94.5307 771 27.7669
94.6472 751 27.4044
94.7637 698 26.4197
94.8803 779 27.9106
94.9969 844 29.0517
95.1135 890 29.8329
95.2302 928 30.4631
95.3469 932 30.5287
95.4637 955 30.9031
95.5805 1024 32
95.6973 1013 31.8277
95.8142 996 31.5595
95.9311 1008 31.749
96.048 972 31.1769
96.1649 989 31.4484
96.2819 951 30.8383
96.3989 943 30.7083
96.516 849 29.1376
96.633 837 28.931
96.7501 747 27.3313
96.8673 734 27.0924
96.9844 755 27.4773
97.1016 827 28.7576
97.2188 850 29.1548
97.336 946 30.7571
97.4532 974 31.209
97.5704 935 30.5778
97.6877 987 31.4166
97.805 1015 31.8591
97.9223 933 30.545
98.0396 800 28.2843
98.1569 745 27.2947
98.2743 794 28.178
98.3916 668 25.8457
98.509 749 27.3679
98.6264 858 29.2916
98.7438 870 29.4958
98.8612 944 30.7246
98.9786 941 30.6757
99.096 994 31.5278
99.2134 1026 32.0312
99.3308 1026 32.0312
99.4482 991 31.4802
99.5656 1047 32.3574
99.6831 957 30.9354
99.8005 1029 32.078
99.9179 993 31.5119
100.035 898 29.9666
100.153 901 30.0167
100.27 815 28.5482
100.388 798 28.2489
100.505 773 27.8029
100.622 881 29.6816
100.74 991 31.4802
100.857 1011 31.7962
100.975 1031 32.1092
101.092 1030 32.0936
101.209 1041 32.2645
101.327 1056 32.4962
101.444 1009 31.7648
101.561 914 30.2324
101.679 870 29.4958
101.796 802 28.3196
101.913 773 27.8029
102.03 769 27.7308
102.148 807 28.4077
102.265 978 31.273
102.382 1016 31.8748
102.499 1036 32.187
102.616 1064 32.619
102.733 1063 32.6037
102.851 1096 33.1059
102.968 1071 32.7261
103.085 1066 32.6497
103.202 1022 31.9687
103.319 1028 32.0624
103.436 1020 31.9374
103.552 972 31.1769
103.669 991 31.4802
103.786 944 30.7246
103.903 879 29.6479
104.02 897 29.95
104.137 883 29.7153
104.253 975 31.225
104.37 1131 33.6303
104.487 1100 33.1662
104.603 1090 33.0151
104.72 1115 33.3916
104.836 1094 33.0757
104.953 937 30.6105
105.069 897 29.95
105.186 751 27.4044
105.302 711 26.6646
105.418 753 27.4408
105.535 736 27.1293
105.651 746 27.313
105.767 692 26.3059
105.883 711 26.6646
105.999 674 25.9615
106.115 0 1
106.231 0 1
106.347 0 1
106.463 0 1
106.579 0 1
106.694 0 1
106.81 0 1
106.926 0 1
107.041 0 1
107.157 0 1
109.576 0 1
109.692 0 1
109.807 0 1
109.923 0 1
110.039 0 1
110.155 0 1
110.27 0 1
110.386 0 1
110.502 0 1
110.618 386 19.6469
110.735 517 22.7376
110.851 687 26.2107
110.967 763 27.6225
111.083 816 28.5657
111.199 886 29.7658
111.316 879 29.6479
111.432 919 30.315
111.549 972 31.1769
111.665 979 31.289
111.782 957 30.9354
111.898 973 31.1929
112.015 937 30.6105
112.132 967 31.0966
112.248 913 30.2159
112.365 813 28.5132
112.482 739 27.1846
112.599 819 28.6182
112.716 844 29.0517
112.832 987 31.4166
112.949 974 31.209
113.066 1101 33.1813
113.183 1048 32.3728
113.3 1011 31.7962
113.417 1011 31.7962
113.534 945 30.7409
113.652 826 28.7402
113.769 807 28.4077
113.886 727 26.9629
114.003 733 27.074
114.12 709 26.6271
114.238 841 29
114.355 871 29.5127
114.472 897 29.95
114.589 989 31.4484
114.707 982 31.3369
114.824 969 31.1288
114.942 1018 31.9061
115.059 1045 32.3265
115.176 972 31.1769
115.294 967 31.0966
115.411 958 30.9516
115.529 1011 31.7962
115.646 893 29.8831
115.764 921 30.348
115.881 871 29.5127
115.999 746 27.313
116.116 765 27.6586
116.234 831 28.8271
116.351 894 29.8998
116.469 965 31.0644
116.586 991 31.4802
116.704 958 30.9516
116.821 1015 31.8591
116.939 1011 31.7962
117.056 974 31.209
117.174 903 30.05
117.291 786 28.0357
117.409 745 27.2947
117.526 746 27.313
117.644 761 27.5862
117.761 755 27.4773
117.879 920 30.3315
117.996 924 30.3974
118.114 926 30.4302
118.231 970 31.1448
118.349 947 30.7734
118.466 951 30.8383
118.584 1008 31.749
118.701 957 30.9354
118.819 1010 31.7805
118.936 975 31.225
119.053 947 30.7734
119.171 966 31.0805
119.288 874 29.5635
119.405 829 28.7924
119.523 772 27.7849
119.64 722 26.8701
119.757 827 28.7576
119.875 861 29.3428
119.992 877 29.6142
120.109 949 30.8058
120.226 936 30.5941
120.343 939 30.6431
120.46 977 31.257
120.578 953 30.8707
120.695 953 30.8707
120.812 884 29.7321
120.929 821 28.6531
121.046 782 27.9643
121.163 712 26.6833
121.279 724 26.9072
121.396 747 27.3313
121.513 819 28.6182
121.63 823 28.688
121.747 821 28.6531
121.863 832 28.8444
121.98 765 27.6586
122.097 817 28.5832
122.213 778 27.8927
122.33 836 28.9137
122.446 780 27.9285
122.563 758 27.5318
122.679 674 25.9615
122.795 641 25.318
122.912 578 24.0416
123.028 541 23.2594
123.144 494 22.2261
123.26 393 19.8242
123.377 0 1
123.493 0 1
123.609 0 1
123.725 0 1
123.84 0 1
123.956 0 1
124.072 0 1
124.188 0 1
124.303 0 1
124.419 0 1
126.852 0 1
126.968 0 1
127.083 0 1
127.199 0 1
127.315 0 1
127.431 0 1
127.547 0 1
127.663 0 1
127.779 0 1
127.895 0 1
128.011 0 1
128.127 0 1
128.243 0 1
128.359 962 31.0161
128.476 1043 32.2955
128.592 973 31.1929
128.708 973 31.1929
128.825 972 31.1769
128.941 1021 31.9531
129.058 1112 33.3467
129.174 1154 33.9706
129.291 1175 34.2783
129.408 1189 34.4819
129.524 1229 35.0571
129.641 1169 34.1906
129.758 1220 34.9285
129.875 1050 32.4037
129.992 1018 31.9061
130.108 987 31.4166
130.225 879 29.6479
130.342 903 30.05
130.459 927 30.4467
130.576 1058 32.5269
130.693 1021 31.9531
130.81 1083 32.909
130.928 1162 34.0881
131.045 1170 34.2053
131.162 1209 34.7707
131.279 1187 34.4529
131.396 1149 33.8969
131.513 1207 34.7419
131.631 1151 33.9264
131.748 1135 33.6898
131.865 1115 33.3916
131.983 1050 32.4037
132.1 1053 32.45
132.217 1023 31.9844
132.335 999 31.607
132.452 1055 32.4808
132.57 1068 32.6803
132.687 1186 34.4384
132.804 1148 33.8821
132.922 1171 34.2199
133.039 1204 34.6987
133.157 1192 34.5254
133.274 1160 34.0588
133.392 1099 33.1512
133.509 1076 32.8024
133.627 984 31.3688
133.744 980 31.305
133.862 944 30.7246
133.979 931 30.5123
134.097 1038 32.218
134.214 1043 32.2955
134.332 1076 32.8024
134.449 1175 34.2783
134.567 1203 34.6843
134.684 1162 34.0881
134.802 1225 35
134.919 1131 33.6303
135.037 1227 35.0286
135.154 1160 34.0588
135.272 1138 33.7343
135.389 1141 33.7787
135.507 1094 33.0757
135.624 1094 33.0757
135.742 966 31.0805
135.859 990 31.4643
135.977 1063 32.6037
136.094 1012 31.8119
136.211 1042 32.28
136.329 1162 34.0881
136.446 1143 33.8083
136.564 1194 34.5543
136.681 1129 33.6006
136.798 1144 33.8231
136.915 1169 34.1906
137.033 1107 33.2716
137.15 1085 32.9393
137.267 974 31.209
137.384 936 30.5941
137.502 870 29.4958
137.619 928 30.4631
137.736 981 31.3209
137.853 1011 31.7962
137.97 1036 32.187
138.087 1110 33.3167
138.204 1089 33
138.321 1149 33.8969
138.438 1149 33.8969
138.555 1197 34.5977
138.672 1135 33.6898
138.788 1122 33.4963
138.905 1062 32.5883
139.022 932 30.5287
139.139 987 31.4166
139.255 846 29.0861
139.372 822 28.6705
139.488 740 27.2029
139.605 743 27.258
139.721 722 26.8701
139.838 771 27.7669
139.954 674 25.9615
140.071 726 26.9444
140.187 651 25.5147
140.303 597 24.4336
140.419 592 24.3311
140.535 516 22.7156
140.652 446 21.1187
140.768 0 1
140.884 0 1
141 0 1
141.115 0 1
141.231 0 1
141.347 0 1
141.463 0 1
141.578 0 1
141.694 0 1
144.104 0 1
144.219 0 1
144.335 0 1
144.45 0 1
144.566 0 1
144.682 0 1
144.798 0 1
144.914 0 1
145.03 0 1
145.146 739 27.1846
145.262 762 27.6043
145.378 796 28.2135
145.494 814 28.5307
145.61 785 28.0179
145.726 765 27.6586
145.842 764 27.6405
145.959 730 27.0185
146.075 670 25.8844
146.192 624 24.98
146.308 669 25.865
146.425 615 24.7992
146.541 671 25.9037
146.658 709 26.6271
146.774 733 27.074
146.891 722 26.8701
147.008 775 27.8388
147.125 801 28.3019
147.241 793 28.1603
147.358 829 28.7924
147.475 753 27.4408
147.592 773 27.8029
147.709 830 28.8097
147.826 777 27.8747
147.943 744 27.2764
148.06 731 27.037
148.177 706 26.5707
148.294 659 25.671
148.411 664 25.7682
148.528 701 26.4764
148.645 695 26.3629
148.762 835 28.8964
148.88 743 27.258
148.997 770 27.7489
149.114 769 27.7308
149.231 809 28.4429
149.349 811 28.4781
149.466 776 27.8568
149.583 707 26.5895
149.701 702 26.4953
149.818 641 25.318
149.935 624 24.98
150.053 619 24.8797
150.17 658 25.6515
150.287 719 26.8142
150.405 681 26.096
150.522 717 26.7769
150.64 703 26.5141
150.757 748 27.3496
150.875 752 27.4226
150.992 807 28.4077
151.11 760 27.5681
151.227 778 27.8927
151.344 786 28.0357
151.462 719 26.8142
151.579 743 27.258
151.697 692 26.3059
151.814 608 24.6577
151.932 668 25.8457
152.049 687 26.2107
152.167 733 27.074
152.284 718 26.7955
152.402 772 27.7849
152.519 761 27.5862
152.636 771 27.7669
152.754 742 27.2397
152.871 770 27.7489
152.989 737 27.1477
153.106 704 26.533
153.223 705 26.5518
153.341 665 25.7876
153.458 631 25.1197
153.575 618 24.8596
153.693 615 24.7992
153.81 627 25.04
153.927 613 24.7588
154.044 696 26.3818
154.162 684 26.1534
154.279 683 26.1343
154.396 713 26.7021
154.513 707 26.5895
154.63 723 26.8887
154.747 737 27.1477
154.864 709 26.6271
154.981 701 26.4764
155.098 678 26.0384
155.215 685 26.1725
155.332 636 25.219
155.449 600 24.4949
155.566 614 24.779
155.683 636 25.219
155.8 627 25.04
155.917 591 24.3105
156.033 681 26.096
156.15 0 1
156.267 0 1
156.383 0 1
156.5 0 1
156.617 0 1
156.733 0 1
156.85 0 1
156.966 0 1
157.082 0 1
157.199 0 1
157.315 0 1
157.431 0 1
157.547 0 1
157.664 0 1
157.78 0 1
157.896 0 1
158.012 0 1
158.128 0 1
158.244 0 1
158.359 0 1
158.475 0 1
158.591 0 1
158.706 0 1
