
6.15755 0 1
6.2731 0 1
6.3887 0 1
6.50437 0 1
6.62009 0 1
6.73587 0 1
6.8517 0 1
6.96759 0 1
7.08353 0 1
7.19952 0 1
7.31557 0 1
7.43166 0 1
7.54781 0 1
7.664 0 1
7.78024 0 1
7.89653 0 1
8.01286 0 1
8.12924 0 1
8.24567 0 1
8.36213 0 1
8.47864 0 1
8.59519 0 1
8.71178 0 1
8.82841 0 1
8.94508 0 1
9.06179 0 1
9.17853 0 1
9.29531 0 1
9.41212 0 1
9.52897 0 1
9.64584 0 1
9.76276 0 1
9.8797 0 1
9.99667 0 1
10.1137 0 1
10.2307 0 1
10.3478 0 1
10.4648 0 1
10.5819 0 1
10.6991 0 1
10.8162 0 1
10.9334 0 1
11.0506 0 1
11.1678 0 1
11.285 0 1
11.4023 0 1
11.5196 0 1
11.6369 0 1
11.7542 0 1
11.8715 0 1
11.9888 0 1
12.1062 0 1
12.2235 0 1
12.3409 0 1
12.4582 0 1
12.5756 0 1
12.693 0 1
12.8104 0 1
12.9278 0 1
13.0452 0 1
13.1626 0 1
13.28 0 1
13.3974 0 1
13.5149 0 1
13.6323 0 1
13.7497 0 1
13.8671 0 1
13.9845 0 1
14.1019 0 1
14.2193 0 1
14.3367 0 1
14.4541 0 1
14.5714 0 1
14.6888 0 1
14.8062 0 1
14.9235 0 1
15.0408 12565 112.094
15.1581 13010 114.061
15.2755 13641 116.795
15.3927 14211 119.21
15.51 13854 117.703
15.6273 13996 118.305
15.7445 13454 115.991
15.8617 13313 115.382
15.9789 12976 113.912
16.0961 12295 110.883
16.2132 11845 108.835
16.3304 11817 108.706
16.4475 11664 108
16.5646 11484 107.163
16.6816 11239 106.014
16.7986 11017 104.962
16.9156 10766 103.759
17.0326 10405 102.005
17.1496 10191 100.95
17.2665 10101 100.504
17.3833 9974 99.8699
17.5002 9956 99.7798
17.617 10068 100.339
17.7338 10312 101.548
17.8505 10827 104.053
17.9672 10847 104.149
18.0839 11419 106.86
18.2005 11663 107.995
18.3171 11764 108.462
18.4337 11703 108.18
18.5502 11900 109.087
18.6666 11878 108.986
18.7831 11961 109.366
18.8994 11825 108.743
19.0158 11112 105.413
19.1321 10744 103.653
19.2483 10191 100.95
19.3645 9460 97.2625
19.4806 8548 92.4554
19.5967 7919 88.9888
19.7128 7297 85.4225
19.8288 6752 82.1706
19.9447 6116 78.2049
20.0606 0 1
20.1764 0 1
20.2922 0 1
20.4079 0 1
20.5236 0 1
20.6392 0 1
20.7548 0 1
20.8702 0 1
23.3078 0 1
23.4233 0 1
23.539 0 1
23.6547 0 1
23.7704 0 1
23.8862 0 1
24.0021 0 1
24.118 0 1
24.234 0 1
24.35 0 1
24.4661 5032 70.9366
24.5822 5559 74.5587
24.6984 5748 75.8156
24.8146 6223 78.886
24.9309 6634 81.4494
25.0472 6973 83.5045
25.1636 7608 87.2238
25.28 8146 90.2552
25.3965 9003 94.8841
25.513 9640 98.1835
25.6296 10047 100.235
25.7462 10597 102.942
25.8628 10646 103.179
25.9795 11080 105.262
26.0962 10809 103.966
26.213 10707 103.475
26.3298 10688 103.383
26.4466 10401 101.985
26.5635 10127 100.633
26.6804 9847 99.2321
26.7973 10317 101.573
26.9143 10245 101.218
27.0313 10148 100.737
27.1483 10387 101.917
27.2653 10608 102.995
27.3824 10256 101.272
27.4996 10257 101.277
27.6167 10389 101.926
27.7339 10109 100.544
27.8511 9517 97.5551
27.9683 9459 97.2574
28.0855 8967 94.6942
28.2028 8794 93.7763
28.3201 8332 91.2798
28.4374 7937 89.0898
28.5547 7746 88.0114
28.6721 7996 89.4204
28.7894 8557 92.5041
28.9068 8866 94.1594
29.0242 9176 95.7914
29.1416 9282 96.3431
29.259 9417 97.0412
29.3764 9427 97.0927
29.4939 9381 96.8556
29.6113 9484 97.3858
29.7288 9476 97.3447
29.8463 9375 96.8246
29.9638 9610 98.0306
30.0812 9355 96.7212
30.1987 9303 96.4521
30.3162 9477 97.3499
30.4337 9706 98.519
30.5512 9662 98.2955
30.6687 9754 98.7623
30.7862 9741 98.6965
30.9037 9829 99.1413
31.0212 9912 99.559
31.1387 9619 98.0765
31.2562 9476 97.3447
31.3737 9281 96.3379
31.4912 9023 94.9895
31.6087 8718 93.3702
31.7262 8234 90.7414
31.8436 7818 88.4195
31.9611 7534 86.7986
32.0785 7469 86.4234
32.1959 8001 89.4483
32.3134 8369 91.4822
32.4308 8535 92.3851
32.5482 8935 94.5251
32.6655 8908 94.3822
32.7829 8950 94.6044
32.9002 8888 94.2762
33.0176 8994 94.8367
33.1349 9075 95.2628
33.2522 9206 95.9479
33.3694 9140 95.6033
33.4867 9183 95.828
33.6039 9091 95.3467
33.7211 9115 95.4725
33.8383 8964 94.6784
33.9554 9007 94.9052
34.0725 9338 96.6333
34.1896 9384 96.871
34.3067 9495 97.4423
34.4237 9512 97.5295
34.5407 9535 97.6473
34.6577 9454 97.2317
34.7746 9597 97.9643
34.8915 9285 96.3587
35.0084 9015 94.9474
35.1252 8803 93.8243
35.242 8497 92.1792
35.3587 8237 90.7579
35.4755 7772 88.1589
35.5921 7317 85.5395
35.7088 7046 83.9405
35.8254 7209 84.9058
35.9419 7507 86.6429
36.0584 7569 87
36.1749 8050 89.7218
36.2913 8020 89.5545
36.4077 7908 88.9269
36.524 7854 88.6228
36.6403 7725 87.892
36.7565 7784 88.227
36.8727 7618 87.2812
36.9889 7419 86.1336
37.1049 6896 83.0422
37.221 0 1
37.3369 0 1
37.4529 0 1
37.5687 0 1
37.6845 0 1
37.8003 0 1
37.916 0 1
38.0316 0 1
38.1472 0 1
40.5851 0 1
40.7008 0 1
40.8164 0 1
40.9322 0 1
41.048 0 1
41.1639 0 1
41.2798 0 1
41.3958 0 1
41.5118 0 1
41.6279 0 1
41.744 4294 65.5286
41.8602 4797 69.2604
41.9765 5288 72.7186
42.0928 5489 74.0878
42.2091 5717 75.6108
42.3255 6173 78.5684
42.4419 6332 79.5739
42.5584 6453 80.3306
42.675 6787 82.3833
42.7915 7056 84
42.9081 7588 87.1091
43.0248 7920 88.9944
43.1415 8022 89.5656
43.2582 8215 90.6366
43.375 8078 89.8777
43.4918 8463 91.9946
43.6087 8275 90.967
43.7256 8248 90.8185
43.8425 8287 91.033
43.9595 7992 89.398
44.0765 8064 89.7998
44.1935 7738 87.9659
44.3106 7393 85.9826
44.4277 6858 82.813
44.5448 6553 80.9506
44.6619 6589 81.1727
44.7791 6969 83.4805
44.8963 7126 84.4156
45.0136 7778 88.193
45.1308 7930 89.0505
45.2481 7918 88.9831
45.3654 7846 88.5776
45.4827 8060 89.7775
45.6001 8389 91.5915
45.7174 8151 90.2829
45.8348 8085 89.9166
45.9522 8175 90.4157
46.0697 8229 90.7138
46.1871 8094 89.9667
46.3046 8106 90.0333
46.422 8405 91.6788
46.5395 8659 93.0537
46.657 8869 94.1754
46.7745 9131 95.5563
46.892 9109 95.4411
47.0096 9373 96.8143
47.1271 9331 96.5971
47.2446 9381 96.8556
47.3622 9436 97.1391
47.4797 9196 95.8958
47.5973 8882 94.2444
47.7149 8712 93.3381
47.8324 8312 91.1702
47.95 7836 88.5212
48.0675 7217 84.9529
48.1851 7158 84.605
48.3027 7599 87.1722
48.4202 7994 89.4092
48.5378 8577 92.6121
48.6554 8599 92.7308
48.7729 8848 94.0638
48.8904 8996 94.8472
49.008 8761 93.6002
49.1255 9058 95.1735
49.243 8913 94.4087
49.3605 9066 95.2155
49.478 8851 94.0798
49.5955 9093 95.3572
49.713 8933 94.5145
49.8304 8991 94.8209
49.9479 9437 97.1442
50.0653 9757 98.7775
50.1827 10149 100.742
50.3001 10167 100.832
50.4175 10227 101.129
50.5348 10460 102.274
50.6521 10465 102.299
50.7694 10532 102.626
50.8867 10481 102.377
51.004 10238 101.183
51.1212 10203 101.01
51.2384 9691 98.4429
51.3556 9242 96.1353
51.4727 8539 92.4067
51.5899 7955 89.1908
51.707 8065 89.8053
51.824 8781 93.707
51.9411 9582 97.8877
52.0581 10024 100.12
52.175 10387 101.917
52.2919 10086 100.429
52.4088 10138 100.688
52.5257 10315 101.563
52.6425 10627 103.087
52.7593 10352 101.745
52.876 10705 103.465
52.9927 10533 102.63
53.1094 10827 104.053
53.226 10457 102.259
53.3426 10638 103.141
53.4591 10432 102.137
53.5756 10669 103.291
53.692 10770 103.779
53.8084 10761 103.735
53.9248 10627 103.087
54.0411 10106 100.529
54.1573 9775 98.8686
54.2735 0 1
54.3896 0 1
54.5057 0 1
54.6217 0 1
54.7377 0 1
54.8537 0 1
54.9695 0 1
55.0853 0 1
55.2011 0 1
55.3168 0 1
55.4324 0 1
57.824 0 1
57.9396 0 1
58.0553 0 1
58.1711 0 1
58.2869 0 1
58.4028 0 1
58.5187 0 1
58.6347 0 1
58.7508 0 1
58.8669 0 1
58.983 8755 93.5682
59.0992 10314 101.558
59.2155 11555 107.494
59.3318 12685 112.628
59.4482 14144 118.929
59.5646 15460 124.338
59.681 16101 126.89
59.7975 16452 128.265
59.9141 16590 128.802
60.0306 16178 127.193
60.1473 15774 125.595
60.2639 15177 123.195
60.3807 14617 120.901
60.4974 15145 123.065
60.6142 15974 126.388
60.731 17055 130.595
60.8479 18451 135.834
60.9648 19240 138.708
61.0818 19592 139.971
61.1987 19469 139.531
61.3158 19656 140.2
61.4328 20069 141.665
61.5499 20269 142.369
61.667 20338 142.611
61.7841 20205 142.144
61.9013 19951 141.248
62.0185 19962 141.287
62.1357 20179 142.053
62.253 20547 143.342
62.3702 21103 145.269
62.4875 21598 146.963
62.6049 21667 147.197
62.7222 22598 150.326
62.8396 22724 150.745
62.9569 22974 151.572
63.0743 23064 151.868
63.1918 22731 150.768
63.3092 22106 148.681
63.4267 21375 146.202
63.5441 20045 141.58
63.6616 18403 135.658
63.7791 16954 130.208
63.8966 16074 126.783
64.0142 16740 129.383
64.1317 17698 133.034
64.2492 19533 139.761
64.3668 20981 144.848
64.4843 21320 146.014
64.6019 21660 147.173
64.7195 21695 147.292
64.837 22035 148.442
64.9546 22526 150.087
65.0722 22701 150.669
65.1898 22695 150.649
65.3074 22663 150.542
65.4249 22129 148.758
65.5425 21922 148.061
65.6601 21775 147.564
65.7777 22176 148.916
65.8952 22186 148.95
66.0128 22854 151.175
66.1304 23392 152.944
66.2479 24144 155.383
66.3655 24450 156.365
66.483 24892 157.772
66.6005 25008 158.139
66.718 24659 157.032
66.8355 24225 155.644
66.953 23304 152.656
67.0705 22013 148.368
67.1879 20396 142.815
67.3054 18502 136.022
67.4228 16574 128.74
67.5402 16222 127.366
67.6576 16926 130.1
67.7749 18874 137.383
67.8923 20488 143.136
68.0096 21870 147.885
68.1269 22846 151.149
68.2442 23182 152.256
68.3614 23491 153.268
68.4787 23266 152.532
68.5958 23466 153.186
68.713 23414 153.016
68.8302 23271 152.548
68.9473 23237 152.437
69.0643 22850 151.162
69.1814 22506 150.02
69.2984 22115 148.711
69.4154 22133 148.772
69.5323 22741 150.801
69.6492 23156 152.171
69.7661 23548 153.454
69.8829 23898 154.59
69.9997 24061 155.116
70.1165 24462 156.403
70.2332 24066 155.132
70.3499 23450 153.134
70.4665 22308 149.359
70.5831 21255 145.791
70.6996 19585 139.946
70.8161 17518 132.356
70.9326 14681 121.165
71.049 11779 108.531
71.1653 9841 99.2018
71.2817 9327 96.5764
71.3979 9429 97.103
71.5141 9172 95.7706
71.6303 9178 95.8019
71.7464 8572 92.5851
71.8624 0 1
71.9784 0 1
72.0944 0 1
72.2102 0 1
72.3261 0 1
72.4418 0 1
72.5575 0 1
72.6732 0 1
75.1054 0 1
75.2209 0 1
75.3365 0 1
75.4521 0 1
75.5678 0 1
75.6835 0 1
75.7993 0 1
75.9151 0 1
76.031 0 1
76.147 11453 107.019
76.263 12096 109.982
76.3791 11847 108.844
76.4952 11694 108.139
76.6113 12577 112.147
76.7276 14517 120.487
76.8438 16646 129.019
76.9601 18678 136.667
77.0765 19679 140.282
77.1929 20313 142.524
77.3093 20533 143.293
77.4258 20894 144.548
77.5423 20782 144.16
77.6589 20948 144.734
77.7755 20699 143.871
77.8921 20638 143.659
78.0088 20408 142.857
78.1256 19701 140.36
78.2423 19498 139.635
78.3591 19345 139.086
78.4759 19525 139.732
78.5928 20073 141.679
78.7097 20337 142.608
78.8266 20715 143.927
78.9436 22107 148.684
79.0606 21980 148.257
79.1776 22058 148.519
79.2946 22439 149.797
79.4117 22489 149.963
79.5288 21876 147.905
79.6459 20956 144.762
79.7631 19356 139.126
79.8802 17565 132.533
79.9974 15554 124.716
80.1147 14086 118.684
80.2319 14152 118.962
80.3491 15694 125.276
80.4664 17801 133.42
80.5837 19696 140.342
80.701 20214 142.176
80.8183 20603 143.537
80.9357 21452 146.465
81.053 21376 146.205
81.1704 21578 146.895
81.2877 21516 146.683
81.4051 21558 146.826
81.5225 21903 147.997
81.6399 21006 144.934
81.7573 21022 144.99
81.8747 20367 142.713
81.9922 20537 143.307
82.1096 20424 142.913
82.227 20898 144.561
82.3444 21152 145.437
82.4619 22032 148.432
82.5793 22320 149.399
82.6967 22775 150.914
82.8142 23093 151.964
82.9316 23255 152.496
83.049 23173 152.227
83.1664 22616 150.386
83.2838 21237 145.729
83.4012 20212 142.169
83.5186 18340 135.425
83.636 16129 127
83.7534 14346 119.775
83.8708 14121 118.832
83.9881 15647 125.088
84.1055 17030 130.499
84.2228 19211 138.604
84.3401 21084 145.203
84.4575 22069 148.556
84.5747 22155 148.846
84.692 22292 149.305
84.8093 22249 149.161
84.9265 22209 149.027
85.0437 22078 148.587
85.1609 22042 148.465
85.2781 21271 145.846
85.3952 21305 145.962
85.5123 20723 143.955
85.6294 20954 144.755
85.7465 20684 143.819
85.8636 21013 144.959
85.9806 22029 148.422
86.0976 22545 150.15
86.2145 22729 150.761
86.3315 23862 154.473
86.4484 23051 151.826
86.5652 23631 153.724
86.682 23378 152.899
86.7988 22492 149.973
86.9156 21398 146.281
87.0323 19845 140.872
87.149 17942 133.948
87.2657 15924 126.19
87.3823 14730 121.367
87.4988 15373 123.988
87.6154 16707 129.256
87.7318 18245 135.074
87.8483 19456 139.485
87.9647 19902 141.074
88.081 19898 141.06
88.1973 19576 139.914
88.3136 18941 137.626
88.4298 17181 131.076
88.546 15390 124.056
88.6621 13021 114.11
88.7781 11475 107.121
88.8942 0 1
89.0101 0 1
89.126 0 1
89.2419 0 1
89.3577 0 1
89.4734 0 1
89.5891 0 1
89.7047 0 1
89.8203 0 1
89.9358 0 1
92.3269 0 1
92.4424 0 1
92.558 0 1
92.6736 0 1
92.7893 0 1
92.905 0 1
93.0208 0 1
93.1366 0 1
93.2525 0 1
93.3685 0 1
93.4845 0 1
93.6005 15392 124.064
93.7167 17182 131.08
93.8328 18374 135.551
93.949 19613 140.046
94.0653 20747 144.038
94.1816 21753 147.489
94.2979 22398 149.66
94.4143 22087 148.617
94.5307 22535 150.117
94.6472 22327 149.422
94.7637 22449 149.83
94.8803 22301 149.335
94.9969 22728 150.758
95.1135 23252 152.486
95.2302 23928 154.687
95.3469 24702 157.169
95.4637 24987 158.073
95.5805 24938 157.918
95.6973 24492 156.499
95.8142 23934 154.706
95.9311 22837 151.119
96.048 21798 147.641
96.1649 20515 143.231
96.2819 19025 137.931
96.3989 17544 132.454
96.516 16914 130.054
96.633 17607 132.691
96.7501 18534 136.14
96.8673 19697 140.346
96.9844 21134 145.375
97.1016 22449 149.83
97.2188 23243 152.457
97.336 22993 151.634
97.4532 23429 153.065
97.5704 23579 153.555
97.6877 22856 151.182
97.805 22917 151.384
97.9223 22657 150.522
98.0396 21993 148.3
98.1569 21503 146.639
98.2743 21772 147.553
98.3916 22168 148.889
98.509 22511 150.037
98.6264 23010 151.69
98.7438 24101 155.245
98.8612 24284 155.833
98.9786 24843 157.617
99.096 25521 159.753
99.2134 25630 160.094
99.3308 25070 158.335
99.4482 24662 157.041
99.5656 23705 153.964
99.6831 22058 148.519
99.8005 20536 143.304
99.9179 19492 139.614
100.035 18921 137.554
100.153 19176 138.477
100.27 19856 140.911
100.388 21080 145.19
100.505 22381 149.603
100.622 23057 151.845
100.74 23400 152.971
100.857 23750 154.11
100.975 23985 154.871
101.092 24011 154.955
101.209 24125 155.322
101.327 23463 153.176
101.444 23341 152.778
101.561 22895 151.311
101.679 22752 150.838
101.796 22540 150.133
101.913 22934 151.44
102.03 23048 151.816
102.148 23602 153.629
102.265 24825 157.56
102.382 24739 157.286
102.499 25631 160.097
102.616 25954 161.102
102.733 25847 160.77
102.851 25430 159.468
102.968 25440 159.499
103.085 24127 155.329
103.202 22896 151.314
103.319 21242 145.746
103.436 20181 142.06
103.552 19135 138.329
103.669 19232 138.679
103.786 19868 140.954
103.903 21076 145.176
104.02 22285 149.282
104.137 23193 152.292
104.253 23809 154.302
104.37 23482 153.238
104.487 24069 155.142
104.603 23924 154.674
104.72 23454 153.147
104.836 22473 149.91
104.953 21811 147.685
105.069 21119 145.324
105.186 20757 144.073
105.302 20235 142.25
105.418 19437 139.417
105.535 19063 138.069
105.651 18453 135.842
105.767 17446 132.083
105.883 16249 127.472
105.999 14257 119.403
106.115 0 1
106.231 0 1
106.347 0 1
106.463 0 1
106.579 0 1
106.694 0 1
106.81 0 1
106.926 0 1
107.041 0 1
107.157 0 1
109.576 0 1
109.692 0 1
109.807 0 1
109.923 0 1
110.039 0 1
110.155 0 1
110.27 0 1
110.386 0 1
110.502 0 1
110.618 10653 103.213
110.735 12962 113.851
110.851 14819 121.733
110.967 16774 129.514
111.083 18942 137.63
111.199 19884 141.011
111.316 20980 144.845
111.432 22009 148.354
111.549 22724 150.745
111.665 22460 149.867
111.782 21764 147.526
111.898 20676 143.792
112.015 19518 139.707
112.132 17829 133.525
112.248 16697 129.217
112.365 17291 131.495
112.482 18410 135.683
112.599 20019 141.489
112.716 20744 144.028
112.832 21166 145.485
112.949 21371 146.188
113.066 21631 147.075
113.183 21491 146.598
113.3 21381 146.222
113.417 20952 144.748
113.534 20616 143.583
113.652 20039 141.559
113.769 19463 139.51
113.886 19054 138.036
114.003 19117 138.264
114.12 19716 140.414
114.238 20459 143.035
114.355 21016 144.969
114.472 21794 147.628
114.589 21855 147.834
114.707 22296 149.318
114.824 22240 149.131
114.942 22598 150.326
115.059 22544 150.147
115.176 22043 148.469
115.294 21070 145.155
115.411 20120 141.845
115.529 18894 137.455
115.646 17826 133.514
115.764 16481 128.378
115.881 16251 127.479
115.999 17257 131.366
116.116 18834 137.237
116.234 19641 140.146
116.351 20122 141.852
116.469 20014 141.471
116.586 20127 141.87
116.704 20202 142.134
116.821 20136 141.901
116.939 19743 140.51
117.056 19643 140.153
117.174 18862 137.339
117.291 18600 136.382
117.409 18390 135.61
117.526 18219 134.978
117.644 18067 134.414
117.761 19176 138.477
117.879 19760 140.57
117.996 20150 141.951
118.114 20660 143.736
118.231 20867 144.454
118.349 21025 145
118.466 20780 144.153
118.584 21048 145.079
118.701 20759 144.08
118.819 20039 141.559
118.936 19289 138.885
119.053 18115 134.592
119.171 17548 132.469
119.288 16031 126.614
119.405 15453 124.31
119.523 15937 126.242
119.64 17035 130.518
119.757 18033 134.287
119.875 18698 136.741
119.992 18819 137.182
120.109 18397 135.636
120.226 18498 136.007
120.343 18856 137.317
120.46 18576 136.294
120.578 18518 136.081
120.695 18264 135.144
120.812 17669 132.925
120.929 17366 131.78
121.046 16748 129.414
121.163 16459 128.293
121.279 16754 129.437
121.396 17165 131.015
121.513 17470 132.174
121.63 18203 134.918
121.747 17717 133.105
121.863 17921 133.869
121.98 18018 134.231
122.097 17989 134.123
122.213 17739 133.188
122.33 16812 129.661
122.446 16037 126.637
122.563 14872 121.951
122.679 13751 117.265
122.795 11944 109.289
122.912 10661 103.252
123.028 9358 96.7368
123.144 8700 93.2738
123.26 8745 93.5147
123.377 0 1
123.493 0 1
123.609 0 1
123.725 0 1
123.84 0 1
123.956 0 1
124.072 0 1
124.188 0 1
124.303 0 1
124.419 0 1
126.852 0 1
126.968 0 1
127.083 0 1
127.199 0 1
127.315 0 1
127.431 0 1
127.547 0 1
127.663 0 1
127.779 0 1
127.895 0 1
128.011 0 1
128.127 0 1
128.243 0 1
128.359 17615 132.722
128.476 17228 131.255
128.592 17248 131.332
128.708 18125 134.629
128.825 19678 140.278
128.941 20362 142.695
129.058 20458 143.031
129.174 20667 143.76
129.291 20472 143.08
129.408 20942 144.714
129.524 20872 144.471
129.641 20647 143.691
129.758 20042 141.57
129.875 19103 138.214
129.992 18633 136.503
130.108 18443 135.805
130.225 18164 134.774
130.342 18931 137.59
130.459 19601 140.004
130.576 21109 145.289
130.693 20957 144.765
130.81 21239 145.736
130.928 20953 144.752
131.045 20861 144.433
131.162 20771 144.121
131.279 21122 145.334
131.396 21406 146.308
131.513 21001 144.917
131.631 20361 142.692
131.748 19751 140.538
131.865 18834 137.237
131.983 17561 132.518
132.1 17663 132.902
132.217 18539 136.158
132.335 19485 139.589
132.452 20143 141.926
132.57 20460 143.038
132.687 20474 143.087
132.804 20948 144.734
132.922 20432 142.941
133.039 20458 143.031
133.157 20449 143
133.274 19878 140.989
133.392 19410 139.32
133.509 18771 137.007
133.627 18153 134.733
133.744 17854 133.619
133.862 18436 135.779
133.979 19567 139.882
134.097 20386 142.78
134.214 20884 144.513
134.332 20639 143.663
134.449 20409 142.86
134.567 20595 143.51
134.684 20623 143.607
134.802 20660 143.736
134.919 21120 145.327
135.037 20697 143.865
135.154 20051 141.602
135.272 19589 139.961
135.389 18863 137.343
135.507 17783 133.353
135.624 17425 132.004
135.742 18237 135.044
135.859 18964 137.71
135.977 19944 141.223
136.094 20278 142.401
136.211 20539 143.314
136.329 19966 141.301
136.446 20195 142.109
136.564 20081 141.707
136.681 20259 142.334
136.798 20082 141.711
136.915 19673 140.26
137.033 18813 137.16
137.15 18376 135.558
137.267 17631 132.782
137.384 17759 133.263
137.502 18148 134.715
137.619 19001 137.844
137.736 19798 140.705
137.853 19002 137.848
137.97 19696 140.342
138.087 19357 139.129
138.204 19365 139.158
138.321 19702 140.364
138.438 19540 139.786
138.555 19839 140.851
138.672 19300 138.924
138.788 18529 136.121
138.905 17763 133.278
139.022 17068 130.645
139.139 16115 126.945
139.255 15288 123.645
139.372 15255 123.511
139.488 15841 125.861
139.605 15936 126.238
139.721 15541 124.664
139.838 14786 121.598
139.954 13845 117.665
140.071 12570 112.116
140.187 11995 109.522
140.303 11334 106.461
140.419 10981 104.79
140.535 10213 101.059
140.652 9515 97.5449
140.768 0 1
140.884 0 1
141 0 1
141.115 0 1
141.231 0 1
141.347 0 1
141.463 0 1
141.578 0 1
141.694 0 1
144.104 0 1
144.219 0 1
144.335 0 1
144.45 0 1
144.566 0 1
144.682 0 1
144.798 0 1
144.914 0 1
145.03 0 1
145.146 13947 118.097
145.262 14457 120.237
145.378 14937 122.217
145.494 14764 121.507
145.61 14664 121.095
145.726 14297 119.57
145.842 13990 118.279
145.959 13345 115.521
146.075 13298 115.317
146.192 13190 114.848
146.308 13733 117.188
146.425 13897 117.886
146.541 14507 120.445
146.658 14286 119.524
146.774 14487 120.362
146.891 14542 120.59
147.008 14713 121.297
147.125 14031 118.453
147.241 14808 121.688
147.358 14919 122.143
147.475 14717 121.314
147.592 14580 120.748
147.709 13965 118.174
147.826 13465 116.039
147.943 13011 114.066
148.06 12736 112.854
148.177 13196 114.874
148.294 13733 117.188
148.411 14474 120.308
148.528 14679 121.157
148.645 14336 119.733
148.762 14469 120.287
148.88 14471 120.295
148.997 14741 121.413
149.114 14157 118.983
149.231 14361 119.837
149.349 14192 119.13
149.466 13404 115.776
149.583 13128 114.577
149.701 12821 113.23
149.818 12586 112.187
149.935 12814 113.199
150.053 13441 115.935
150.17 13657 116.863
150.287 13823 117.571
150.405 14024 118.423
150.522 14071 118.621
150.64 13916 117.966
150.757 13999 118.317
150.875 14190 119.122
150.992 14282 119.507
151.11 14247 119.361
151.227 14012 118.372
151.344 13777 117.375
151.462 13318 115.404
151.579 12517 111.879
151.697 12425 111.467
151.814 12589 112.201
151.932 13180 114.804
152.049 13850 117.686
152.167 14058 118.566
152.284 14110 118.786
152.402 14140 118.912
152.519 13755 117.282
152.636 13976 118.22
152.754 13796 117.456
152.871 13649 116.829
152.989 12958 113.833
153.106 12762 112.969
153.223 12288 110.851
153.341 12146 110.209
153.458 11873 108.963
153.575 12238 110.625
153.693 12483 111.727
153.81 12994 113.991
153.927 12926 113.693
154.044 12885 113.512
154.162 12988 113.965
154.279 12998 114.009
154.396 13250 115.109
154.513 13430 115.888
154.63 13602 116.628
154.747 13417 115.832
154.864 13080 114.368
154.981 12656 112.499
155.098 12073 109.877
155.215 11837 108.798
155.332 11789 108.577
155.449 12384 111.283
155.566 12582 112.17
155.683 12809 113.177
155.8 12734 112.845
155.917 12430 111.49
156.033 11956 109.343
156.15 0 1
156.267 0 1
156.383 0 1
156.5 0 1
156.617 0 1
156.733 0 1
156.85 0 1
156.966 0 1
157.082 0 1
157.199 0 1
157.315 0 1
157.431 0 1
157.547 0 1
157.664 0 1
157.78 0 1
157.896 0 1
158.012 0 1
158.128 0 1
158.244 0 1
158.359 0 1
158.475 0 1
158.591 0 1
158.706 0 1
