
6.15755 0 1
6.2731 0 1
6.3887 0 1
6.50437 0 1
6.62009 0 1
6.73587 0 1
6.8517 0 1
6.96759 0 1
7.08353 0 1
7.19952 0 1
7.31557 0 1
7.43166 0 1
7.54781 0 1
7.664 0 1
7.78024 0 1
7.89653 0 1
8.01286 0 1
8.12924 0 1
8.24567 0 1
8.36213 0 1
8.47864 0 1
8.59519 0 1
8.71178 0 1
8.82841 0 1
8.94508 0 1
9.06179 0 1
9.17853 0 1
9.29531 0 1
9.41212 0 1
9.52897 0 1
9.64584 0 1
9.76276 0 1
9.8797 0 1
9.99667 0 1
10.1137 0 1
10.2307 0 1
10.3478 0 1
10.4648 0 1
10.5819 0 1
10.6991 0 1
10.8162 0 1
10.9334 0 1
11.0506 0 1
11.1678 0 1
11.285 0 1
11.4023 0 1
11.5196 0 1
11.6369 0 1
11.7542 0 1
11.8715 0 1
11.9888 0 1
12.1062 0 1
12.2235 0 1
12.3409 0 1
12.4582 0 1
12.5756 0 1
12.693 0 1
12.8104 0 1
12.9278 0 1
13.0452 0 1
13.1626 0 1
13.28 0 1
13.3974 0 1
13.5149 0 1
13.6323 0 1
13.7497 0 1
13.8671 0 1
13.9845 0 1
14.1019 0 1
14.2193 0 1
14.3367 0 1
14.4541 0 1
14.5714 0 1
14.6888 0 1
14.8062 0 1
14.9235 0 1
15.0408 1072 32.7414
15.1581 1083 32.909
15.2755 1117 33.4215
15.3927 1053 32.45
15.51 1050 32.4037
15.6273 1049 32.3883
15.7445 980 31.305
15.8617 995 31.5436
15.9789 939 30.6431
16.0961 1010 31.7805
16.2132 980 31.305
16.3304 996 31.5595
16.4475 1013 31.8277
16.5646 977 31.257
16.6816 999 31.607
16.7986 991 31.4802
16.9156 988 31.4325
17.0326 969 31.1288
17.1496 950 30.8221
17.2665 916 30.2655
17.3833 870 29.4958
17.5002 908 30.133
17.617 948 30.7896
17.7338 941 30.6757
17.8505 983 31.3528
17.9672 895 29.9166
18.0839 844 29.0517
18.2005 896 29.9333
18.3171 928 30.4631
18.4337 948 30.7896
18.5502 968 31.1127
18.6666 966 31.0805
18.7831 904 30.0666
18.8994 967 31.0966
19.0158 877 29.6142
19.1321 848 29.1204
19.2483 775 27.8388
19.3645 801 28.3019
19.4806 759 27.55
19.5967 787 28.0535
19.7128 743 27.258
19.8288 747 27.3313
19.9447 631 25.1197
20.0606 0 1
20.1764 0 1
20.2922 0 1
20.4079 0 1
20.5236 0 1
20.6392 0 1
20.7548 0 1
20.8702 0 1
23.3078 0 1
23.4233 0 1
23.539 0 1
23.6547 0 1
23.7704 0 1
23.8862 0 1
24.0021 0 1
24.118 0 1
24.234 0 1
24.35 0 1
24.4661 408 20.199
24.5822 401 20.025
24.6984 491 22.1585
24.8146 577 24.0208
24.9309 642 25.3377
25.0472 698 26.4197
25.1636 826 28.7402
25.28 815 28.5482
25.3965 914 30.2324
25.513 1004 31.686
25.6296 992 31.496
25.7462 1054 32.4654
25.8628 1002 31.6544
25.9795 925 30.4138
26.0962 1001 31.6386
26.213 1004 31.686
26.3298 922 30.3645
26.4466 976 31.241
26.5635 886 29.7658
26.6804 798 28.2489
26.7973 818 28.6007
26.9143 796 28.2135
27.0313 873 29.5466
27.1483 893 29.8831
27.2653 887 29.7825
27.3824 812 28.4956
27.4996 878 29.6311
27.6167 869 29.4788
27.7339 857 29.2746
27.8511 776 27.8568
27.9683 775 27.8388
28.0855 791 28.1247
28.2028 835 28.8964
28.3201 839 28.9655
28.4374 877 29.6142
28.5547 931 30.5123
28.6721 854 29.2233
28.7894 938 30.6268
28.9068 957 30.9354
29.0242 930 30.4959
29.1416 911 30.1828
29.259 874 29.5635
29.3764 906 30.0998
29.4939 811 28.4781
29.6113 892 29.8664
29.7288 838 28.9482
29.8463 858 29.2916
29.9638 861 29.3428
30.0812 783 27.9821
30.1987 736 27.1293
30.3162 803 28.3373
30.4337 811 28.4781
30.5512 850 29.1548
30.6687 853 29.2062
30.7862 831 28.8271
30.9037 897 29.95
31.0212 881 29.6816
31.1387 867 29.4449
31.2562 847 29.1033
31.3737 827 28.7576
31.4912 798 28.2489
31.6087 803 28.3373
31.7262 884 29.7321
31.8436 865 29.4109
31.9611 832 28.8444
32.0785 850 29.1548
32.1959 847 29.1033
32.3134 816 28.5657
32.4308 767 27.6948
32.5482 789 28.0891
32.6655 717 26.7769
32.7829 786 28.0357
32.9002 781 27.9464
33.0176 805 28.3725
33.1349 710 26.6458
33.2522 796 28.2135
33.3694 781 27.9464
33.4867 745 27.2947
33.6039 805 28.3725
33.7211 713 26.7021
33.8383 793 28.1603
33.9554 765 27.6586
34.0725 707 26.5895
34.1896 819 28.6182
34.3067 838 28.9482
34.4237 814 28.5307
34.5407 856 29.2575
34.6577 754 27.4591
34.7746 793 28.1603
34.8915 810 28.4605
35.0084 735 27.1109
35.1252 738 27.1662
35.242 698 26.4197
35.3587 687 26.2107
35.4755 706 26.5707
35.5921 737 27.1477
35.7088 781 27.9464
35.8254 763 27.6225
35.9419 757 27.5136
36.0584 758 27.5318
36.1749 760 27.5681
36.2913 715 26.7395
36.4077 711 26.6646
36.524 691 26.2869
36.6403 684 26.1534
36.7565 667 25.8263
36.8727 600 24.4949
36.9889 577 24.0208
37.1049 505 22.4722
37.221 0 1
37.3369 0 1
37.4529 0 1
37.5687 0 1
37.6845 0 1
37.8003 0 1
37.916 0 1
38.0316 0 1
38.1472 0 1
40.5851 0 1
40.7008 0 1
40.8164 0 1
40.9322 0 1
41.048 0 1
41.1639 0 1
41.2798 0 1
41.3958 0 1
41.5118 0 1
41.6279 0 1
41.744 333 18.2483
41.8602 338 18.3848
41.9765 391 19.7737
42.0928 469 21.6564
42.2091 543 23.3024
42.3255 547 23.388
42.4419 551 23.4734
42.5584 543 23.3024
42.675 585 24.1868
42.7915 592 24.3311
42.9081 605 24.5967
43.0248 619 24.8797
43.1415 689 26.2488
43.2582 584 24.1661
43.375 594 24.3721
43.4918 609 24.6779
43.6087 576 24
43.7256 618 24.8596
43.8425 547 23.388
43.9595 548 23.4094
44.0765 514 22.6716
44.1935 488 22.0907
44.3106 510 22.5832
44.4277 531 23.0434
44.5448 531 23.0434
44.6619 512 22.6274
44.7791 592 24.3311
44.8963 632 25.1396
45.0136 600 24.4949
45.1308 606 24.6171
45.2481 645 25.3969
45.3654 606 24.6171
45.4827 632 25.1396
45.6001 633 25.1595
45.7174 692 26.3059
45.8348 646 25.4165
45.9522 587 24.2281
46.0697 605 24.5967
46.1871 585 24.1868
46.3046 575 23.9792
46.422 562 23.7065
46.5395 611 24.7184
46.657 554 23.5372
46.7745 571 23.8956
46.892 571 23.8956
47.0096 620 24.8998
47.1271 585 24.1868
47.2446 566 23.7908
47.3622 565 23.7697
47.4797 584 24.1661
47.5973 537 23.1733
47.7149 553 23.516
47.8324 532 23.0651
47.95 504 22.4499
48.0675 512 22.6274
48.1851 525 22.9129
48.3027 569 23.8537
48.4202 590 24.2899
48.5378 601 24.5153
48.6554 576 24
48.7729 616 24.8193
48.8904 661 25.7099
49.008 614 24.779
49.1255 600 24.4949
49.243 609 24.6779
49.3605 556 23.5797
49.478 588 24.2487
49.5955 562 23.7065
49.713 544 23.3238
49.8304 535 23.1301
49.9479 549 23.4307
50.0653 571 23.8956
50.1827 573 23.9374
50.3001 566 23.7908
50.4175 573 23.9374
50.5348 505 22.4722
50.6521 518 22.7596
50.7694 547 23.388
50.8867 577 24.0208
51.004 578 24.0416
51.1212 537 23.1733
51.2384 543 23.3024
51.3556 519 22.7816
51.4727 498 22.3159
51.5899 519 22.7816
51.707 525 22.9129
51.824 554 23.5372
51.9411 563 23.7276
52.0581 544 23.3238
52.175 542 23.2809
52.2919 549 23.4307
52.4088 588 24.2487
52.5257 510 22.5832
52.6425 555 23.5584
52.7593 594 24.3721
52.876 593 24.3516
52.9927 580 24.0832
53.1094 585 24.1868
53.226 523 22.8692
53.3426 545 23.3452
53.4591 492 22.1811
53.5756 501 22.383
53.692 518 22.7596
53.8084 460 21.4476
53.9248 468 21.6333
54.0411 391 19.7737
54.1573 372 19.2873
54.2735 0 1
54.3896 0 1
54.5057 0 1
54.6217 0 1
54.7377 0 1
54.8537 0 1
54.9695 0 1
55.0853 0 1
55.2011 0 1
55.3168 0 1
55.4324 0 1
57.824 0 1
57.9396 0 1
58.0553 0 1
58.1711 0 1
58.2869 0 1
58.4028 0 1
58.5187 0 1
58.6347 0 1
58.7508 0 1
58.8669 0 1
58.983 447 21.1424
59.0992 576 24
59.2155 646 25.4165
59.3318 679 26.0576
59.4482 698 26.4197
59.5646 662 25.7294
59.681 778 27.8927
59.7975 826 28.7402
59.9141 843 29.0345
60.0306 855 29.2404
60.1473 851 29.1719
60.2639 845 29.0689
60.3807 804 28.3549
60.4974 761 27.5862
60.6142 816 28.5657
60.731 835 28.8964
60.8479 807 28.4077
60.9648 788 28.0713
61.0818 784 28
61.1987 801 28.3019
61.3158 758 27.5318
61.4328 771 27.7669
61.5499 733 27.074
61.667 748 27.3496
61.7841 726 26.9444
61.9013 719 26.8142
62.0185 741 27.2213
62.1357 692 26.3059
62.253 691 26.2869
62.3702 720 26.8328
62.4875 652 25.5343
62.6049 708 26.6083
62.7222 665 25.7876
62.8396 711 26.6646
62.9569 600 24.4949
63.0743 685 26.1725
63.1918 649 25.4755
63.3092 678 26.0384
63.4267 645 25.3969
63.5441 660 25.6905
63.6616 663 25.7488
63.7791 637 25.2389
63.8966 566 23.7908
64.0142 593 24.3516
64.1317 586 24.2074
64.2492 541 23.2594
64.3668 629 25.0799
64.4843 631 25.1197
64.6019 575 23.9792
64.7195 639 25.2784
64.837 614 24.779
64.9546 602 24.5357
65.0722 640 25.2982
65.1898 655 25.593
65.3074 645 25.3969
65.4249 647 25.4362
65.5425 591 24.3105
65.6601 585 24.1868
65.7777 599 24.4745
65.8952 570 23.8747
66.0128 615 24.7992
66.1304 619 24.8797
66.2479 570 23.8747
66.3655 582 24.1247
66.483 608 24.6577
66.6005 583 24.1454
66.718 604 24.5764
66.8355 587 24.2281
66.953 639 25.2784
67.0705 636 25.219
67.1879 623 24.96
67.3054 572 23.9165
67.4228 604 24.5764
67.5402 558 23.622
67.6576 595 24.3926
67.7749 563 23.7276
67.8923 574 23.9583
68.0096 536 23.1517
68.1269 570 23.8747
68.2442 628 25.0599
68.3614 601 24.5153
68.4787 629 25.0799
68.5958 629 25.0799
68.713 590 24.2899
68.8302 617 24.8395
68.9473 605 24.5967
69.0643 619 24.8797
69.1814 596 24.4131
69.2984 583 24.1454
69.4154 625 25
69.5323 577 24.0208
69.6492 586 24.2074
69.7661 565 23.7697
69.8829 529 23
69.9997 575 23.9792
70.1165 582 24.1247
70.2332 594 24.3721
70.3499 531 23.0434
70.4665 555 23.5584
70.5831 509 22.561
70.6996 494 22.2261
70.8161 458 21.4009
70.9326 412 20.2978
71.049 372 19.2873
71.1653 335 18.303
71.2817 300 17.3205
71.3979 281 16.7631
71.5141 260 16.1245
71.6303 244 15.6205
71.7464 215 14.6629
71.8624 0 1
71.9784 0 1
72.0944 0 1
72.2102 0 1
72.3261 0 1
72.4418 0 1
72.5575 0 1
72.6732 0 1
75.1054 0 1
75.2209 0 1
75.3365 0 1
75.4521 0 1
75.5678 0 1
75.6835 0 1
75.7993 0 1
75.9151 0 1
76.031 0 1
76.147 353 18.7883
76.263 421 20.5183
76.3791 421 20.5183
76.4952 436 20.8806
76.6113 383 19.5704
76.7276 443 21.0476
76.8438 448 21.166
76.9601 451 21.2368
77.0765 464 21.5407
77.1929 510 22.5832
77.3093 473 21.7486
77.4258 484 22
77.5423 506 22.4944
77.6589 534 23.1084
77.7755 552 23.4947
77.8921 554 23.5372
78.0088 544 23.3238
78.1256 534 23.1084
78.2423 533 23.0868
78.3591 516 22.7156
78.4759 468 21.6333
78.5928 500 22.3607
78.7097 456 21.3542
78.8266 489 22.1133
78.9436 489 22.1133
79.0606 473 21.7486
79.1776 531 23.0434
79.2946 516 22.7156
79.4117 523 22.8692
79.5288 532 23.0651
79.6459 509 22.561
79.7631 482 21.9545
79.8802 507 22.5167
79.9974 527 22.9565
80.1147 483 21.9773
80.2319 435 20.8567
80.3491 436 20.8806
80.4664 484 22
80.5837 470 21.6795
80.701 487 22.0681
80.8183 497 22.2935
80.9357 480 21.9089
81.053 511 22.6053
81.1704 555 23.5584
81.2877 474 21.7715
81.4051 601 24.5153
81.5225 557 23.6008
81.6399 536 23.1517
81.7573 548 23.4094
81.8747 538 23.1948
81.9922 530 23.0217
82.1096 524 22.891
82.227 520 22.8035
82.3444 479 21.8861
82.4619 472 21.7256
82.5793 479 21.8861
82.6967 493 22.2036
82.8142 521 22.8254
82.9316 543 23.3024
83.049 537 23.1733
83.1664 490 22.1359
83.2838 569 23.8537
83.4012 523 22.8692
83.5186 560 23.6643
83.636 555 23.5584
83.7534 479 21.8861
83.8708 522 22.8473
83.9881 463 21.5174
84.1055 478 21.8632
84.2228 488 22.0907
84.3401 467 21.6102
84.4575 507 22.5167
84.5747 508 22.5389
84.692 486 22.0454
84.8093 552 23.4947
84.9265 559 23.6432
85.0437 544 23.3238
85.1609 557 23.6008
85.2781 553 23.516
85.3952 559 23.6432
85.5123 574 23.9583
85.6294 500 22.3607
85.7465 522 22.8473
85.8636 505 22.4722
85.9806 486 22.0454
86.0976 469 21.6564
86.2145 525 22.9129
86.3315 577 24.0208
86.4484 494 22.2261
86.5652 586 24.2074
86.682 547 23.388
86.7988 584 24.1661
86.9156 580 24.0832
87.0323 586 24.2074
87.149 558 23.622
87.2657 558 23.622
87.3823 552 23.4947
87.4988 429 20.7123
87.6154 486 22.0454
87.7318 403 20.0749
87.8483 433 20.8087
87.9647 406 20.1494
88.081 424 20.5913
88.1973 388 19.6977
88.3136 391 19.7737
88.4298 376 19.3907
88.546 378 19.4422
88.6621 362 19.0263
88.7781 305 17.4642
88.8942 0 1
89.0101 0 1
89.126 0 1
89.2419 0 1
89.3577 0 1
89.4734 0 1
89.5891 0 1
89.7047 0 1
89.8203 0 1
89.9358 0 1
92.3269 0 1
92.4424 0 1
92.558 0 1
92.6736 0 1
92.7893 0 1
92.905 0 1
93.0208 0 1
93.1366 0 1
93.2525 0 1
93.3685 0 1
93.4845 0 1
93.6005 456 21.3542
93.7167 447 21.1424
93.8328 487 22.0681
93.949 507 22.5167
94.0653 506 22.4944
94.1816 526 22.9347
94.2979 555 23.5584
94.4143 545 23.3452
94.5307 571 23.8956
94.6472 609 24.6779
94.7637 576 24
94.8803 575 23.9792
94.9969 557 23.6008
95.1135 506 22.4944
95.2302 482 21.9545
95.3469 547 23.388
95.4637 540 23.2379
95.5805 575 23.9792
95.6973 585 24.1868
95.8142 569 23.8537
95.9311 570 23.8747
96.048 572 23.9165
96.1649 563 23.7276
96.2819 567 23.8118
96.3989 560 23.6643
96.516 572 23.9165
96.633 498 22.3159
96.7501 501 22.383
96.8673 475 21.7945
96.9844 483 21.9773
97.1016 521 22.8254
97.2188 526 22.9347
97.336 523 22.8692
97.4532 546 23.3666
97.5704 548 23.4094
97.6877 614 24.779
97.805 592 24.3311
97.9223 578 24.0416
98.0396 575 23.9792
98.1569 640 25.2982
98.2743 586 24.2074
98.3916 576 24
98.509 523 22.8692
98.6264 507 22.5167
98.7438 532 23.0651
98.8612 520 22.8035
98.9786 571 23.8956
99.096 611 24.7184
99.2134 589 24.2693
99.3308 637 25.2389
99.4482 634 25.1794
99.5656 661 25.7099
99.6831 690 26.2679
99.8005 789 28.0891
99.9179 761 27.5862
100.035 772 27.7849
100.153 643 25.3574
100.27 645 25.3969
100.388 566 23.7908
100.505 613 24.7588
100.622 665 25.7876
100.74 723 26.8887
100.857 775 27.8388
100.975 766 27.6767
101.092 878 29.6311
101.209 858 29.2916
101.327 875 29.5804
101.444 866 29.4279
101.561 869 29.4788
101.679 831 28.8271
101.796 815 28.5482
101.913 763 27.6225
102.03 771 27.7669
102.148 714 26.7208
102.265 676 26
102.382 665 25.7876
102.499 655 25.593
102.616 728 26.9815
102.733 715 26.7395
102.851 735 27.1109
102.968 666 25.807
103.085 730 27.0185
103.202 742 27.2397
103.319 707 26.5895
103.436 710 26.6458
103.552 689 26.2488
103.669 668 25.8457
103.786 633 25.1595
103.903 645 25.3969
104.02 634 25.1794
104.137 605 24.5967
104.253 701 26.4764
104.37 665 25.7876
104.487 685 26.1725
104.603 672 25.923
104.72 674 25.9615
104.836 650 25.4951
104.953 660 25.6905
105.069 654 25.5734
105.186 656 25.6125
105.302 620 24.8998
105.418 560 23.6643
105.535 544 23.3238
105.651 436 20.8806
105.767 466 21.587
105.883 340 18.4391
105.999 370 19.2354
106.115 0 1
106.231 0 1
106.347 0 1
106.463 0 1
106.579 0 1
106.694 0 1
106.81 0 1
106.926 0 1
107.041 0 1
107.157 0 1
109.576 0 1
109.692 0 1
109.807 0 1
109.923 0 1
110.039 0 1
110.155 0 1
110.27 0 1
110.386 0 1
110.502 0 1
110.618 329 18.1384
110.735 411 20.2731
110.851 374 19.3391
110.967 393 19.8242
111.083 480 21.9089
111.199 535 23.1301
111.316 589 24.2693
111.432 596 24.4131
111.549 609 24.6779
111.665 662 25.7294
111.782 626 25.02
111.898 649 25.4755
112.015 641 25.318
112.132 620 24.8998
112.248 556 23.5797
112.365 579 24.0624
112.482 508 22.5389
112.599 512 22.6274
112.716 532 23.0651
112.832 550 23.4521
112.949 598 24.454
113.066 538 23.1948
113.183 582 24.1247
113.3 601 24.5153
113.417 560 23.6643
113.534 544 23.3238
113.652 616 24.8193
113.769 550 23.4521
113.886 605 24.5967
114.003 572 23.9165
114.12 556 23.5797
114.238 572 23.9165
114.355 531 23.0434
114.472 491 22.1585
114.589 488 22.0907
114.707 474 21.7715
114.824 547 23.388
114.942 565 23.7697
115.059 546 23.3666
115.176 554 23.5372
115.294 555 23.5584
115.411 557 23.6008
115.529 608 24.6577
115.646 474 21.7715
115.764 538 23.1948
115.881 477 21.8403
115.999 424 20.5913
116.116 463 21.5174
116.234 435 20.8567
116.351 467 21.6102
116.469 525 22.9129
116.586 498 22.3159
116.704 497 22.2935
116.821 497 22.2935
116.939 441 21
117.056 513 22.6495
117.174 531 23.0434
117.291 522 22.8473
117.409 545 23.3452
117.526 500 22.3607
117.644 514 22.6716
117.761 531 23.0434
117.879 438 20.9284
117.996 422 20.5426
118.114 408 20.199
118.231 497 22.2935
118.349 470 21.6795
118.466 489 22.1133
118.584 500 22.3607
118.701 502 22.4054
118.819 537 23.1733
118.936 509 22.561
119.053 471 21.7025
119.171 510 22.5832
119.288 488 22.0907
119.405 461 21.4709
119.523 449 21.1896
119.64 430 20.7364
119.757 436 20.8806
119.875 421 20.5183
119.992 430 20.7364
120.109 462 21.4942
120.226 437 20.9045
120.343 476 21.8174
120.46 498 22.3159
120.578 483 21.9773
120.695 471 21.7025
120.812 535 23.1301
120.929 460 21.4476
121.046 456 21.3542
121.163 488 22.0907
121.279 497 22.2935
121.396 455 21.3307
121.513 444 21.0713
121.63 433 20.8087
121.747 401 20.025
121.863 404 20.0998
121.98 361 19
122.097 428 20.6882
122.213 408 20.199
122.33 405 20.1246
122.446 381 19.5192
122.563 344 18.5472
122.679 381 19.5192
122.795 335 18.303
122.912 325 18.0278
123.028 299 17.2916
123.144 221 14.8661
123.26 235 15.3297
123.377 0 1
123.493 0 1
123.609 0 1
123.725 0 1
123.84 0 1
123.956 0 1
124.072 0 1
124.188 0 1
124.303 0 1
124.419 0 1
126.852 0 1
126.968 0 1
127.083 0 1
127.199 0 1
127.315 0 1
127.431 0 1
127.547 0 1
127.663 0 1
127.779 0 1
127.895 0 1
128.011 0 1
128.127 0 1
128.243 0 1
128.359 497 22.2935
128.476 465 21.5639
128.592 461 21.4709
128.708 427 20.664
128.825 477 21.8403
128.941 522 22.8473
129.058 518 22.7596
129.174 515 22.6936
129.291 562 23.7065
129.408 527 22.9565
129.524 608 24.6577
129.641 581 24.1039
129.758 563 23.7276
129.875 550 23.4521
129.992 603 24.5561
130.108 561 23.6854
130.225 569 23.8537
130.342 529 23
130.459 555 23.5584
130.576 554 23.5372
130.693 562 23.7065
130.81 529 23
130.928 573 23.9374
131.045 623 24.96
131.162 710 26.6458
131.279 709 26.6271
131.396 767 27.6948
131.513 806 28.3901
131.631 749 27.3679
131.748 810 28.4605
131.865 823 28.688
131.983 781 27.9464
132.1 763 27.6225
132.217 815 28.5482
132.335 794 28.178
132.452 867 29.4449
132.57 992 31.496
132.687 1034 32.1559
132.804 1058 32.5269
132.922 1033 32.1403
133.039 1038 32.218
133.157 1076 32.8024
133.274 1080 32.8634
133.392 1139 33.7491
133.509 1162 34.0881
133.627 1147 33.8674
133.744 1082 32.8938
133.862 1189 34.4819
133.979 1092 33.0454
134.097 1047 32.3574
134.214 997 31.5753
134.332 1049 32.3883
134.449 1111 33.3317
134.567 1228 35.0428
134.684 1254 35.4119
134.802 1321 36.3456
134.919 1281 35.7911
135.037 1316 36.2767
135.154 1332 36.4966
135.272 1274 35.6931
135.389 1324 36.3868
135.507 1279 35.7631
135.624 1311 36.2077
135.742 1260 35.4965
135.859 1354 36.7967
135.977 1392 37.3095
136.094 1376 37.0945
136.211 1392 37.3095
136.329 1357 36.8375
136.446 1329 36.4555
136.564 1380 37.1484
136.681 1377 37.108
136.798 1429 37.8021
136.915 1354 36.7967
137.033 1375 37.081
137.15 1385 37.2156
137.267 1364 36.9324
137.384 1318 36.3043
137.502 1285 35.8469
137.619 1208 34.7563
137.736 1002 31.6544
137.853 909 30.1496
137.97 1032 32.1248
138.087 1112 33.3467
138.204 1132 33.6452
138.321 1148 33.8821
138.438 1153 33.9559
138.555 1208 34.7563
138.672 1193 34.5398
138.788 1272 35.6651
138.905 1155 33.9853
139.022 1150 33.9116
139.139 1113 33.3617
139.255 1045 32.3265
139.372 954 30.8869
139.488 978 31.273
139.605 896 29.9333
139.721 919 30.315
139.838 869 29.4788
139.954 825 28.7228
140.071 767 27.6948
140.187 710 26.6458
140.303 726 26.9444
140.419 737 27.1477
140.535 629 25.0799
140.652 635 25.1992
140.768 0 1
140.884 0 1
141 0 1
141.115 0 1
141.231 0 1
141.347 0 1
141.463 0 1
141.578 0 1
141.694 0 1
144.104 0 1
144.219 0 1
144.335 0 1
144.45 0 1
144.566 0 1
144.682 0 1
144.798 0 1
144.914 0 1
145.03 0 1
145.146 1271 35.6511
145.262 1285 35.8469
145.378 1477 38.4318
145.494 1502 38.7556
145.61 1764 42
145.726 1888 43.4511
145.842 2050 45.2769
145.959 2171 46.594
146.075 2235 47.2758
146.192 2470 49.6991
146.308 2469 49.689
146.425 2573 50.7247
146.541 2652 51.4976
146.658 2656 51.5364
146.774 2857 53.4509
146.891 3152 56.1427
147.008 3193 56.5066
147.125 3216 56.7098
147.241 3369 58.0431
147.358 3515 59.2874
147.475 3473 58.9322
147.592 3535 59.4559
147.709 3539 59.4895
147.826 3526 59.3801
147.943 3023 54.9818
148.06 2283 47.7807
148.177 2138 46.2385
148.294 2476 49.7594
148.411 2985 54.6352
148.528 3837 61.9435
148.645 4458 66.7683
148.762 5131 71.631
148.88 5829 76.3479
148.997 6426 80.1623
149.114 6652 81.5598
149.231 7468 86.4176
149.349 8048 89.7106
149.466 8559 92.5149
149.583 9461 97.2677
149.701 10031 100.155
149.818 10760 103.73
149.935 11360 106.583
150.053 11903 109.101
150.17 12503 111.817
150.287 12934 113.728
150.405 13533 116.331
150.522 13828 117.593
150.64 14065 118.596
150.757 14243 119.344
150.875 14935 122.209
150.992 15652 125.108
151.11 16098 126.878
151.227 16228 127.389
151.344 15969 126.369
151.462 15664 125.156
151.579 13619 116.7
151.697 9739 98.6864
151.814 7971 89.2805
151.932 8656 93.0376
152.049 11927 109.211
152.167 14886 122.008
152.284 16434 128.195
152.402 16552 128.655
152.519 16547 128.635
152.636 15942 126.262
152.754 16060 126.728
152.871 16293 127.644
152.989 16361 127.91
153.106 16928 130.108
153.223 17250 131.339
153.341 17764 133.282
153.458 18338 135.418
153.575 18719 136.817
153.693 18716 136.806
153.81 19355 139.122
153.927 19944 141.223
154.044 21060 145.121
154.162 21891 147.956
154.279 23435 153.085
154.396 26739 163.521
154.513 28485 168.775
154.63 29777 172.56
154.747 29539 171.869
154.864 29203 170.889
154.981 27823 166.802
155.098 27621 166.196
155.215 30695 175.2
155.332 35074 187.281
155.449 39158 197.884
155.566 41444 203.578
155.683 42921 207.174
155.8 44059 209.902
155.917 45045 212.238
156.033 46403 215.414
156.15 0 1
156.267 0 1
156.383 0 1
156.5 0 1
156.617 0 1
156.733 0 1
156.85 0 1
156.966 0 1
157.082 0 1
157.199 0 1
157.315 0 1
157.431 0 1
157.547 0 1
157.664 0 1
157.78 0 1
157.896 0 1
158.012 0 1
158.128 0 1
158.244 0 1
158.359 0 1
158.475 0 1
158.591 0 1
158.706 0 1
