
6.15755 0 1
6.2731 0 1
6.3887 0 1
6.50437 0 1
6.62009 0 1
6.73587 0 1
6.8517 0 1
6.96759 0 1
7.08353 0 1
7.19952 0 1
7.31557 0 1
7.43166 0 1
7.54781 0 1
7.664 0 1
7.78024 0 1
7.89653 0 1
8.01286 0 1
8.12924 0 1
8.24567 0 1
8.36213 0 1
8.47864 0 1
8.59519 0 1
8.71178 0 1
8.82841 0 1
8.94508 0 1
9.06179 0 1
9.17853 0 1
9.29531 0 1
9.41212 0 1
9.52897 0 1
9.64584 0 1
9.76276 0 1
9.8797 0 1
9.99667 0 1
10.1137 0 1
10.2307 0 1
10.3478 0 1
10.4648 0 1
10.5819 0 1
10.6991 0 1
10.8162 0 1
10.9334 0 1
11.0506 0 1
11.1678 0 1
11.285 0 1
11.4023 0 1
11.5196 0 1
11.6369 0 1
11.7542 0 1
11.8715 0 1
11.9888 0 1
12.1062 0 1
12.2235 0 1
12.3409 0 1
12.4582 0 1
12.5756 0 1
12.693 0 1
12.8104 0 1
12.9278 0 1
13.0452 0 1
13.1626 0 1
13.28 0 1
13.3974 0 1
13.5149 0 1
13.6323 0 1
13.7497 0 1
13.8671 0 1
13.9845 0 1
14.1019 0 1
14.2193 0 1
14.3367 0 1
14.4541 0 1
14.5714 0 1
14.6888 0 1
14.8062 0 1
14.9235 0 1
15.0408 1007 31.7333
15.1581 1019 31.9218
15.2755 1118 33.4365
15.3927 1113 33.3617
15.51 1087 32.9697
15.6273 1077 32.8177
15.7445 1043 32.2955
15.8617 1061 32.573
15.9789 1032 32.1248
16.0961 1034 32.1559
16.2132 1019 31.9218
16.3304 982 31.3369
16.4475 966 31.0805
16.5646 951 30.8383
16.6816 929 30.4795
16.7986 955 30.9031
16.9156 914 30.2324
17.0326 946 30.7571
17.1496 943 30.7083
17.2665 926 30.4302
17.3833 925 30.4138
17.5002 942 30.692
17.617 956 30.9192
17.7338 990 31.4643
17.8505 908 30.133
17.9672 949 30.8058
18.0839 934 30.5614
18.2005 881 29.6816
18.3171 893 29.8831
18.4337 932 30.5287
18.5502 851 29.1719
18.6666 932 30.5287
18.7831 883 29.7153
18.8994 961 31
19.0158 871 29.5127
19.1321 895 29.9166
19.2483 824 28.7054
19.3645 819 28.6182
19.4806 822 28.6705
19.5967 792 28.1425
19.7128 617 24.8395
19.8288 575 23.9792
19.9447 503 22.4277
20.0606 0 1
20.1764 0 1
20.2922 0 1
20.4079 0 1
20.5236 0 1
20.6392 0 1
20.7548 0 1
20.8702 0 1
23.3078 0 1
23.4233 0 1
23.539 0 1
23.6547 0 1
23.7704 0 1
23.8862 0 1
24.0021 0 1
24.118 0 1
24.234 0 1
24.35 0 1
24.4661 392 19.799
24.5822 436 20.8806
24.6984 462 21.4942
24.8146 609 24.6779
24.9309 650 25.4951
25.0472 723 26.8887
25.1636 804 28.3549
25.28 848 29.1204
25.3965 811 28.4781
25.513 936 30.5941
25.6296 929 30.4795
25.7462 999 31.607
25.8628 956 30.9192
25.9795 1011 31.7962
26.0962 1022 31.9687
26.213 950 30.8221
26.3298 901 30.0167
26.4466 916 30.2655
26.5635 911 30.1828
26.6804 853 29.2062
26.7973 791 28.1247
26.9143 717 26.7769
27.0313 732 27.0555
27.1483 732 27.0555
27.2653 789 28.0891
27.3824 795 28.1957
27.4996 875 29.5804
27.6167 849 29.1376
27.7339 858 29.2916
27.8511 871 29.5127
27.9683 886 29.7658
28.0855 875 29.5804
28.2028 861 29.3428
28.3201 782 27.9643
28.4374 795 28.1957
28.5547 812 28.4956
28.6721 779 27.9106
28.7894 859 29.3087
28.9068 924 30.3974
29.0242 862 29.3598
29.1416 892 29.8664
29.259 869 29.4788
29.3764 841 29
29.4939 857 29.2746
29.6113 815 28.5482
29.7288 899 29.9833
29.8463 861 29.3428
29.9638 818 28.6007
30.0812 746 27.313
30.1987 771 27.7669
30.3162 701 26.4764
30.4337 664 25.7682
30.5512 704 26.533
30.6687 750 27.3861
30.7862 777 27.8747
30.9037 859 29.3087
31.0212 917 30.282
31.1387 859 29.3087
31.2562 887 29.7825
31.3737 939 30.6431
31.4912 897 29.95
31.6087 859 29.3087
31.7262 849 29.1376
31.8436 819 28.6182
31.9611 762 27.6043
32.0785 774 27.8209
32.1959 765 27.6586
32.3134 767 27.6948
32.4308 777 27.8747
32.5482 802 28.3196
32.6655 746 27.313
32.7829 726 26.9444
32.9002 744 27.2764
33.0176 742 27.2397
33.1349 758 27.5318
33.2522 732 27.0555
33.3694 764 27.6405
33.4867 763 27.6225
33.6039 787 28.0535
33.7211 757 27.5136
33.8383 772 27.7849
33.9554 697 26.4008
34.0725 698 26.4197
34.1896 707 26.5895
34.3067 759 27.55
34.4237 805 28.3725
34.5407 808 28.4253
34.6577 805 28.3725
34.7746 801 28.3019
34.8915 854 29.2233
35.0084 768 27.7128
35.1252 790 28.1069
35.242 763 27.6225
35.3587 732 27.0555
35.4755 675 25.9808
35.5921 703 26.5141
35.7088 700 26.4575
35.8254 688 26.2298
35.9419 745 27.2947
36.0584 672 25.923
36.1749 746 27.313
36.2913 674 25.9615
36.4077 659 25.671
36.524 630 25.0998
36.6403 632 25.1396
36.7565 553 23.516
36.8727 516 22.7156
36.9889 512 22.6274
37.1049 530 23.0217
37.221 0 1
37.3369 0 1
37.4529 0 1
37.5687 0 1
37.6845 0 1
37.8003 0 1
37.916 0 1
38.0316 0 1
38.1472 0 1
40.5851 0 1
40.7008 0 1
40.8164 0 1
40.9322 0 1
41.048 0 1
41.1639 0 1
41.2798 0 1
41.3958 0 1
41.5118 0 1
41.6279 0 1
41.744 370 19.2354
41.8602 391 19.7737
41.9765 460 21.4476
42.0928 510 22.5832
42.2091 547 23.388
42.3255 547 23.388
42.4419 557 23.6008
42.5584 559 23.6432
42.675 542 23.2809
42.7915 495 22.2486
42.9081 516 22.7156
43.0248 529 23
43.1415 594 24.3721
43.2582 536 23.1517
43.375 589 24.2693
43.4918 581 24.1039
43.6087 538 23.1948
43.7256 589 24.2693
43.8425 537 23.1733
43.9595 564 23.7487
44.0765 536 23.1517
44.1935 533 23.0868
44.3106 545 23.3452
44.4277 480 21.9089
44.5448 490 22.1359
44.6619 508 22.5389
44.7791 563 23.7276
44.8963 606 24.6171
45.0136 539 23.2164
45.1308 626 25.02
45.2481 586 24.2074
45.3654 558 23.622
45.4827 587 24.2281
45.6001 571 23.8956
45.7174 657 25.632
45.8348 646 25.4165
45.9522 602 24.5357
46.0697 607 24.6374
46.1871 571 23.8956
46.3046 482 21.9545
46.422 483 21.9773
46.5395 483 21.9773
46.657 569 23.8537
46.7745 542 23.2809
46.892 544 23.3238
47.0096 537 23.1733
47.1271 580 24.0832
47.2446 516 22.7156
47.3622 552 23.4947
47.4797 597 24.4336
47.5973 574 23.9583
47.7149 460 21.4476
47.8324 566 23.7908
47.95 515 22.6936
48.0675 496 22.2711
48.1851 518 22.7596
48.3027 532 23.0651
48.4202 570 23.8747
48.5378 556 23.5797
48.6554 538 23.1948
48.7729 562 23.7065
48.8904 599 24.4745
49.008 580 24.0832
49.1255 571 23.8956
49.243 577 24.0208
49.3605 599 24.4745
49.478 547 23.388
49.5955 517 22.7376
49.713 483 21.9773
49.8304 428 20.6882
49.9479 448 21.166
50.0653 475 21.7945
50.1827 494 22.2261
50.3001 493 22.2036
50.4175 561 23.6854
50.5348 512 22.6274
50.6521 529 23
50.7694 574 23.9583
50.8867 549 23.4307
51.004 577 24.0208
51.1212 541 23.2594
51.2384 510 22.5832
51.3556 527 22.9565
51.4727 442 21.0238
51.5899 496 22.2711
51.707 500 22.3607
51.824 553 23.516
51.9411 538 23.1948
52.0581 556 23.5797
52.175 593 24.3516
52.2919 531 23.0434
52.4088 553 23.516
52.5257 509 22.561
52.6425 537 23.1733
52.7593 524 22.891
52.876 540 23.2379
52.9927 486 22.0454
53.1094 511 22.6053
53.226 495 22.2486
53.3426 471 21.7025
53.4591 447 21.1424
53.5756 401 20.025
53.692 417 20.4206
53.8084 397 19.9249
53.9248 410 20.2485
54.0411 417 20.4206
54.1573 359 18.9473
54.2735 0 1
54.3896 0 1
54.5057 0 1
54.6217 0 1
54.7377 0 1
54.8537 0 1
54.9695 0 1
55.0853 0 1
55.2011 0 1
55.3168 0 1
55.4324 0 1
57.824 0 1
57.9396 0 1
58.0553 0 1
58.1711 0 1
58.2869 0 1
58.4028 0 1
58.5187 0 1
58.6347 0 1
58.7508 0 1
58.8669 0 1
58.983 463 21.5174
59.0992 628 25.0599
59.2155 781 27.9464
59.3318 833 28.8617
59.4482 847 29.1033
59.5646 918 30.2985
59.681 878 29.6311
59.7975 954 30.8869
59.9141 957 30.9354
60.0306 1002 31.6544
60.1473 1036 32.187
60.2639 1025 32.0156
60.3807 1056 32.4962
60.4974 1058 32.5269
60.6142 1038 32.218
60.731 1054 32.4654
60.8479 1054 32.4654
60.9648 1016 31.8748
61.0818 998 31.5911
61.1987 1024 32
61.3158 1031 32.1092
61.4328 968 31.1127
61.5499 981 31.3209
61.667 943 30.7083
61.7841 892 29.8664
61.9013 871 29.5127
62.0185 779 27.9106
62.1357 797 28.2312
62.253 753 27.4408
62.3702 693 26.3249
62.4875 740 27.2029
62.6049 768 27.7128
62.7222 731 27.037
62.8396 773 27.8029
62.9569 710 26.6458
63.0743 712 26.6833
63.1918 703 26.5141
63.3092 676 26
63.4267 664 25.7682
63.5441 688 26.2298
63.6616 631 25.1197
63.7791 617 24.8395
63.8966 608 24.6577
64.0142 648 25.4558
64.1317 653 25.5539
64.2492 652 25.5343
64.3668 636 25.219
64.4843 642 25.3377
64.6019 620 24.8998
64.7195 601 24.5153
64.837 650 25.4951
64.9546 602 24.5357
65.0722 612 24.7386
65.1898 595 24.3926
65.3074 601 24.5153
65.4249 565 23.7697
65.5425 530 23.0217
65.6601 511 22.6053
65.7777 524 22.891
65.8952 586 24.2074
66.0128 539 23.2164
66.1304 597 24.4336
66.2479 592 24.3311
66.3655 587 24.2281
66.483 637 25.2389
66.6005 594 24.3721
66.718 597 24.4336
66.8355 597 24.4336
66.953 587 24.2281
67.0705 611 24.7184
67.1879 556 23.5797
67.3054 609 24.6779
67.4228 626 25.02
67.5402 631 25.1197
67.6576 629 25.0799
67.7749 592 24.3311
67.8923 615 24.7992
68.0096 651 25.5147
68.1269 615 24.7992
68.2442 574 23.9583
68.3614 592 24.3311
68.4787 585 24.1868
68.5958 590 24.2899
68.713 612 24.7386
68.8302 583 24.1454
68.9473 603 24.5561
69.0643 566 23.7908
69.1814 564 23.7487
69.2984 524 22.891
69.4154 549 23.4307
69.5323 488 22.0907
69.6492 579 24.0624
69.7661 644 25.3772
69.8829 561 23.6854
69.9997 605 24.5967
70.1165 605 24.5967
70.2332 554 23.5372
70.3499 562 23.7065
70.4665 509 22.561
70.5831 447 21.1424
70.6996 441 21
70.8161 414 20.347
70.9326 410 20.2485
71.049 338 18.3848
71.1653 345 18.5742
71.2817 388 19.6977
71.3979 335 18.303
71.5141 301 17.3494
71.6303 279 16.7033
71.7464 215 14.6629
71.8624 0 1
71.9784 0 1
72.0944 0 1
72.2102 0 1
72.3261 0 1
72.4418 0 1
72.5575 0 1
72.6732 0 1
75.1054 0 1
75.2209 0 1
75.3365 0 1
75.4521 0 1
75.5678 0 1
75.6835 0 1
75.7993 0 1
75.9151 0 1
76.031 0 1
76.147 330 18.1659
76.263 391 19.7737
76.3791 427 20.664
76.4952 460 21.4476
76.6113 475 21.7945
76.7276 487 22.0681
76.8438 541 23.2594
76.9601 477 21.8403
77.0765 481 21.9317
77.1929 532 23.0651
77.3093 515 22.6936
77.4258 502 22.4054
77.5423 523 22.8692
77.6589 523 22.8692
77.7755 527 22.9565
77.8921 478 21.8632
78.0088 429 20.7123
78.1256 481 21.9317
78.2423 497 22.2935
78.3591 444 21.0713
78.4759 453 21.2838
78.5928 494 22.2261
78.7097 468 21.6333
78.8266 499 22.3383
78.9436 536 23.1517
79.0606 550 23.4521
79.1776 527 22.9565
79.2946 539 23.2164
79.4117 497 22.2935
79.5288 508 22.5389
79.6459 486 22.0454
79.7631 478 21.8632
79.8802 537 23.1733
79.9974 533 23.0868
80.1147 549 23.4307
80.2319 511 22.6053
80.3491 523 22.8692
80.4664 579 24.0624
80.5837 552 23.4947
80.701 502 22.4054
80.8183 542 23.2809
80.9357 506 22.4944
81.053 520 22.8035
81.1704 550 23.4521
81.2877 541 23.2594
81.4051 496 22.2711
81.5225 523 22.8692
81.6399 522 22.8473
81.7573 506 22.4944
81.8747 512 22.6274
81.9922 514 22.6716
82.1096 492 22.1811
82.227 481 21.9317
82.3444 467 21.6102
82.4619 529 23
82.5793 547 23.388
82.6967 584 24.1661
82.8142 556 23.5797
82.9316 579 24.0624
83.049 543 23.3024
83.1664 517 22.7376
83.2838 478 21.8632
83.4012 524 22.891
83.5186 480 21.9089
83.636 544 23.3238
83.7534 551 23.4734
83.8708 623 24.96
83.9881 585 24.1868
84.1055 542 23.2809
84.2228 606 24.6171
84.3401 541 23.2594
84.4575 604 24.5764
84.5747 570 23.8747
84.692 585 24.1868
84.8093 588 24.2487
84.9265 566 23.7908
85.0437 560 23.6643
85.1609 583 24.1454
85.2781 593 24.3516
85.3952 554 23.5372
85.5123 520 22.8035
85.6294 560 23.6643
85.7465 575 23.9792
85.8636 518 22.7596
85.9806 531 23.0434
86.0976 574 23.9583
86.2145 593 24.3516
86.3315 600 24.4949
86.4484 590 24.2899
86.5652 606 24.6171
86.682 584 24.1661
86.7988 580 24.0832
86.9156 557 23.6008
87.0323 582 24.1247
87.149 580 24.0832
87.2657 581 24.1039
87.3823 583 24.1454
87.4988 611 24.7184
87.6154 556 23.5797
87.7318 514 22.6716
87.8483 511 22.6053
87.9647 509 22.561
88.081 484 22
88.1973 460 21.4476
88.3136 424 20.5913
88.4298 371 19.2614
88.546 338 18.3848
88.6621 341 18.4662
88.7781 312 17.6635
88.8942 0 1
89.0101 0 1
89.126 0 1
89.2419 0 1
89.3577 0 1
89.4734 0 1
89.5891 0 1
89.7047 0 1
89.8203 0 1
89.9358 0 1
92.3269 0 1
92.4424 0 1
92.558 0 1
92.6736 0 1
92.7893 0 1
92.905 0 1
93.0208 0 1
93.1366 0 1
93.2525 0 1
93.3685 0 1
93.4845 0 1
93.6005 481 21.9317
93.7167 493 22.2036
93.8328 604 24.5764
93.949 574 23.9583
94.0653 576 24
94.1816 632 25.1396
94.2979 616 24.8193
94.4143 604 24.5764
94.5307 601 24.5153
94.6472 630 25.0998
94.7637 563 23.7276
94.8803 565 23.7697
94.9969 581 24.1039
95.1135 568 23.8328
95.2302 578 24.0416
95.3469 580 24.0832
95.4637 612 24.7386
95.5805 656 25.6125
95.6973 608 24.6577
95.8142 611 24.7184
95.9311 587 24.2281
96.048 526 22.9347
96.1649 594 24.3721
96.2819 606 24.6171
96.3989 589 24.2693
96.516 633 25.1595
96.633 688 26.2298
96.7501 627 25.04
96.8673 659 25.671
96.9844 631 25.1197
97.1016 624 24.98
97.2188 627 25.04
97.336 601 24.5153
97.4532 584 24.1661
97.5704 592 24.3311
97.6877 586 24.2074
97.805 589 24.2693
97.9223 623 24.96
98.0396 644 25.3772
98.1569 600 24.4949
98.2743 607 24.6374
98.3916 604 24.5764
98.509 612 24.7386
98.6264 620 24.8998
98.7438 626 25.02
98.8612 648 25.4558
98.9786 651 25.5147
99.096 663 25.7488
99.2134 636 25.219
99.3308 628 25.0599
99.4482 691 26.2869
99.5656 686 26.1916
99.6831 643 25.3574
99.8005 688 26.2298
99.9179 660 25.6905
100.035 652 25.5343
100.153 675 25.9808
100.27 643 25.3574
100.388 671 25.9037
100.505 663 25.7488
100.622 622 24.9399
100.74 638 25.2587
100.857 648 25.4558
100.975 632 25.1396
101.092 630 25.0998
101.209 601 24.5153
101.327 633 25.1595
101.444 712 26.6833
101.561 701 26.4764
101.679 682 26.1151
101.796 635 25.1992
101.913 612 24.7386
102.03 634 25.1794
102.148 646 25.4165
102.265 647 25.4362
102.382 605 24.5967
102.499 657 25.632
102.616 672 25.923
102.733 703 26.5141
102.851 687 26.2107
102.968 689 26.2488
103.085 678 26.0384
103.202 639 25.2784
103.319 675 25.9808
103.436 683 26.1343
103.552 707 26.5895
103.669 682 26.1151
103.786 711 26.6646
103.903 682 26.1151
104.02 712 26.6833
104.137 675 25.9808
104.253 656 25.6125
104.37 707 26.5895
104.487 651 25.5147
104.603 653 25.5539
104.72 704 26.533
104.836 650 25.4951
104.953 632 25.1396
105.069 624 24.98
105.186 562 23.7065
105.302 531 23.0434
105.418 528 22.9783
105.535 511 22.6053
105.651 432 20.7846
105.767 401 20.025
105.883 354 18.8149
105.999 340 18.4391
106.115 0 1
106.231 0 1
106.347 0 1
106.463 0 1
106.579 0 1
106.694 0 1
106.81 0 1
106.926 0 1
107.041 0 1
107.157 0 1
109.576 0 1
109.692 0 1
109.807 0 1
109.923 0 1
110.039 0 1
110.155 0 1
110.27 0 1
110.386 0 1
110.502 0 1
110.618 363 19.0526
110.735 382 19.5448
110.851 428 20.6882
110.967 463 21.5174
111.083 518 22.7596
111.199 508 22.5389
111.316 593 24.3516
111.432 663 25.7488
111.549 646 25.4165
111.665 633 25.1595
111.782 652 25.5343
111.898 592 24.3311
112.015 580 24.0832
112.132 611 24.7184
112.248 593 24.3516
112.365 620 24.8998
112.482 635 25.1992
112.599 584 24.1661
112.716 649 25.4755
112.832 619 24.8797
112.949 619 24.8797
113.066 589 24.2693
113.183 562 23.7065
113.3 576 24
113.417 611 24.7184
113.534 652 25.5343
113.652 557 23.6008
113.769 593 24.3516
113.886 579 24.0624
114.003 580 24.0832
114.12 606 24.6171
114.238 552 23.4947
114.355 528 22.9783
114.472 514 22.6716
114.589 480 21.9089
114.707 570 23.8747
114.824 589 24.2693
114.942 628 25.0599
115.059 612 24.7386
115.176 631 25.1197
115.294 579 24.0624
115.411 583 24.1454
115.529 566 23.7908
115.646 554 23.5372
115.764 552 23.4947
115.881 587 24.2281
115.999 593 24.3516
116.116 556 23.5797
116.234 561 23.6854
116.351 561 23.6854
116.469 554 23.5372
116.586 514 22.6716
116.704 574 23.9583
116.821 537 23.1733
116.939 558 23.622
117.056 552 23.4947
117.174 502 22.4054
117.291 533 23.0868
117.409 516 22.7156
117.526 482 21.9545
117.644 525 22.9129
117.761 504 22.4499
117.879 484 22
117.996 445 21.095
118.114 508 22.5389
118.231 488 22.0907
118.349 495 22.2486
118.466 515 22.6936
118.584 515 22.6936
118.701 510 22.5832
118.819 569 23.8537
118.936 529 23
119.053 519 22.7816
119.171 536 23.1517
119.288 521 22.8254
119.405 478 21.8632
119.523 597 24.4336
119.64 523 22.8692
119.757 566 23.7908
119.875 544 23.3238
119.992 510 22.5832
120.109 530 23.0217
120.226 508 22.5389
120.343 507 22.5167
120.46 518 22.7596
120.578 480 21.9089
120.695 464 21.5407
120.812 514 22.6716
120.929 539 23.2164
121.046 506 22.4944
121.163 529 23
121.279 461 21.4709
121.396 443 21.0476
121.513 443 21.0476
121.63 386 19.6469
121.747 389 19.7231
121.863 411 20.2731
121.98 412 20.2978
122.097 402 20.0499
122.213 445 21.095
122.33 335 18.303
122.446 348 18.6548
122.563 341 18.4662
122.679 339 18.412
122.795 332 18.2209
122.912 306 17.4929
123.028 289 17
123.144 254 15.9374
123.26 264 16.2481
123.377 0 1
123.493 0 1
123.609 0 1
123.725 0 1
123.84 0 1
123.956 0 1
124.072 0 1
124.188 0 1
124.303 0 1
124.419 0 1
126.852 0 1
126.968 0 1
127.083 0 1
127.199 0 1
127.315 0 1
127.431 0 1
127.547 0 1
127.663 0 1
127.779 0 1
127.895 0 1
128.011 0 1
128.127 0 1
128.243 0 1
128.359 484 22
128.476 504 22.4499
128.592 518 22.7596
128.708 538 23.1948
128.825 547 23.388
128.941 549 23.4307
129.058 579 24.0624
129.174 561 23.6854
129.291 563 23.7276
129.408 522 22.8473
129.524 553 23.516
129.641 539 23.2164
129.758 594 24.3721
129.875 630 25.0998
129.992 596 24.4131
130.108 642 25.3377
130.225 585 24.1868
130.342 595 24.3926
130.459 541 23.2594
130.576 581 24.1039
130.693 579 24.0624
130.81 632 25.1396
130.928 652 25.5343
131.045 741 27.2213
131.162 757 27.5136
131.279 852 29.189
131.396 882 29.6985
131.513 973 31.1929
131.631 1061 32.573
131.748 1108 33.2866
131.865 1132 33.6452
131.983 1235 35.1426
132.1 1285 35.8469
132.217 1350 36.7423
132.335 1419 37.6696
132.452 1448 38.0526
132.57 1477 38.4318
132.687 1562 39.5221
132.804 1543 39.281
132.922 1574 39.6737
133.039 1584 39.7995
133.157 1601 40.0125
133.274 1656 40.694
133.392 1701 41.2432
133.509 1769 42.0595
133.627 1835 42.8369
133.744 1749 41.821
133.862 1714 41.4005
133.979 1711 41.3642
134.097 1740 41.7133
134.214 1639 40.4846
134.332 1599 39.9875
134.449 1551 39.3827
134.567 1650 40.6202
134.684 1951 44.1701
134.802 2120 46.0435
134.919 2393 48.9183
135.037 2514 50.1398
135.154 2688 51.8459
135.272 2904 53.8888
135.389 3135 55.9911
135.507 3434 58.6003
135.624 3785 61.5224
135.742 4044 63.5925
135.859 4400 66.3325
135.977 4885 69.8928
136.094 5105 71.4493
136.211 5417 73.6003
136.329 5737 75.743
136.446 5840 76.4199
136.564 5990 77.3951
136.681 6255 79.0886
136.798 6464 80.399
136.915 6594 81.2034
137.033 6878 82.9337
137.15 7234 85.0529
137.267 7428 86.1858
137.384 7829 88.4816
137.502 7376 85.8836
137.619 6899 83.0602
137.736 5695 75.4652
137.853 3619 60.1581
137.97 2939 54.2125
138.087 4596 67.7938
138.204 6620 81.3634
138.321 7536 86.8101
138.438 7740 87.9773
138.555 7742 87.9886
138.672 8002 89.4539
138.788 8095 89.9722
138.905 8011 89.5042
139.022 7178 84.7231
139.139 6449 80.3057
139.255 6138 78.3454
139.372 6118 78.2176
139.488 5862 76.5637
139.605 6067 77.8909
139.721 5897 76.7919
139.838 6010 77.5242
139.954 6186 78.6511
140.071 6217 78.848
140.187 6193 78.6956
140.303 6282 79.2591
140.419 6430 80.1873
140.535 6440 80.2496
140.652 6693 81.8108
140.768 0 1
140.884 0 1
141 0 1
141.115 0 1
141.231 0 1
141.347 0 1
141.463 0 1
141.578 0 1
141.694 0 1
144.104 0 1
144.219 0 1
144.335 0 1
144.45 0 1
144.566 0 1
144.682 0 1
144.798 0 1
144.914 0 1
145.03 0 1
145.146 21595 146.952
145.262 26681 163.343
145.378 29925 172.988
145.494 32299 179.719
145.61 33618 183.352
145.726 34634 186.102
145.842 35611 188.709
145.959 36182 190.216
146.075 35937 189.571
146.192 34965 186.989
146.308 32681 180.779
146.425 29624 172.116
146.541 27437 165.641
146.658 26311 162.207
146.774 28139 167.747
146.891 31847 178.457
147.008 36605 191.324
147.125 39218 198.035
147.241 41746 204.318
147.358 43304 208.096
147.475 44463 210.863
147.592 45664 213.691
147.709 46221 214.991
147.826 46596 215.861
147.943 46026 214.537
148.06 45330 212.908
148.177 43910 209.547
148.294 43058 207.504
148.411 41857 204.59
148.528 41026 202.549
148.645 39944 199.86
148.762 38755 196.863
148.88 38027 195.005
148.997 38350 195.832
149.114 36405 190.801
149.231 35578 188.621
149.349 34908 186.837
149.466 31827 178.401
149.583 28235 168.033
149.701 24522 156.595
149.818 21791 147.618
149.935 20175 142.039
150.053 21326 146.034
150.17 22979 151.588
150.287 24552 156.691
150.405 25115 158.477
150.522 23977 154.845
150.64 22081 148.597
150.757 19725 140.446
150.875 18377 135.562
150.992 19335 139.05
151.11 19216 138.622
151.227 18460 135.868
151.344 17190 131.111
151.462 15887 126.044
151.579 15112 122.931
151.697 14424 120.1
151.814 13612 116.67
151.932 13134 114.604
152.049 12393 111.324
152.167 12130 110.136
152.284 11418 106.855
152.402 11095 105.333
152.519 10747 103.668
152.636 10236 101.173
152.754 9967 99.8349
152.871 9766 98.8231
152.989 8857 94.1116
153.106 7641 87.4128
153.223 6523 80.7651
153.341 5610 74.8999
153.458 5094 71.3723
153.575 5222 72.2634
153.693 5957 77.1816
153.81 6580 81.1172
153.927 6819 82.5772
154.044 6247 79.038
154.162 5459 73.885
154.279 5466 73.9324
154.396 5803 76.1774
154.513 5983 77.3499
154.63 5918 76.9285
154.747 5738 75.7496
154.864 5494 74.1215
154.981 5236 72.3602
155.098 5197 72.0902
155.215 4904 70.0286
155.332 4853 69.6635
155.449 4573 67.624
155.566 4514 67.1863
155.683 4510 67.1565
155.8 4163 64.5213
155.917 3980 63.0872
156.033 3869 62.2013
156.15 0 1
156.267 0 1
156.383 0 1
156.5 0 1
156.617 0 1
156.733 0 1
156.85 0 1
156.966 0 1
157.082 0 1
157.199 0 1
157.315 0 1
157.431 0 1
157.547 0 1
157.664 0 1
157.78 0 1
157.896 0 1
158.012 0 1
158.128 0 1
158.244 0 1
158.359 0 1
158.475 0 1
158.591 0 1
158.706 0 1
