
6.15755 0 1
6.2731 0 1
6.3887 0 1
6.50437 0 1
6.62009 0 1
6.73587 0 1
6.8517 0 1
6.96759 0 1
7.08353 0 1
7.19952 0 1
7.31557 0 1
7.43166 0 1
7.54781 0 1
7.664 0 1
7.78024 0 1
7.89653 0 1
8.01286 0 1
8.12924 0 1
8.24567 0 1
8.36213 0 1
8.47864 0 1
8.59519 0 1
8.71178 0 1
8.82841 0 1
8.94508 0 1
9.06179 0 1
9.17853 0 1
9.29531 0 1
9.41212 0 1
9.52897 0 1
9.64584 0 1
9.76276 0 1
9.8797 0 1
9.99667 0 1
10.1137 0 1
10.2307 0 1
10.3478 0 1
10.4648 0 1
10.5819 0 1
10.6991 0 1
10.8162 0 1
10.9334 0 1
11.0506 0 1
11.1678 0 1
11.285 0 1
11.4023 0 1
11.5196 0 1
11.6369 0 1
11.7542 0 1
11.8715 0 1
11.9888 0 1
12.1062 0 1
12.2235 0 1
12.3409 0 1
12.4582 0 1
12.5756 0 1
12.693 0 1
12.8104 0 1
12.9278 0 1
13.0452 0 1
13.1626 0 1
13.28 0 1
13.3974 0 1
13.5149 0 1
13.6323 0 1
13.7497 0 1
13.8671 0 1
13.9845 0 1
14.1019 0 1
14.2193 0 1
14.3367 0 1
14.4541 0 1
14.5714 0 1
14.6888 0 1
14.8062 0 1
14.9235 0 1
15.0408 4268 65.3299
15.1581 4499 67.0746
15.2755 4706 68.6003
15.3927 4631 68.0515
15.51 4700 68.5565
15.6273 4661 68.2715
15.7445 4691 68.4909
15.8617 4603 67.8454
15.9789 4733 68.7968
16.0961 4817 69.4046
16.2132 4828 69.4838
16.3304 4926 70.1855
16.4475 5131 71.631
16.5646 5358 73.1984
16.6816 5325 72.9726
16.7986 5595 74.7997
16.9156 5721 75.6373
17.0326 5788 76.0789
17.1496 6132 78.3071
17.2665 6130 78.2943
17.3833 6162 78.4984
17.5002 6249 79.0506
17.617 6180 78.613
17.7338 6166 78.5239
17.8505 5947 77.1168
17.9672 5810 76.2234
18.0839 5546 74.4715
18.2005 5795 76.1249
18.3171 5950 77.1362
18.4337 6138 78.3454
18.5502 6394 79.9625
18.6666 6512 80.697
18.7831 6615 81.3327
18.8994 6588 81.1665
19.0158 6500 80.6226
19.1321 6467 80.4177
19.2483 6329 79.555
19.3645 6154 78.4474
19.4806 6003 77.479
19.5967 5898 76.7984
19.7128 5951 77.1427
19.8288 5955 77.1686
19.9447 5252 72.4707
20.0606 0 1
20.1764 0 1
20.2922 0 1
20.4079 0 1
20.5236 0 1
20.6392 0 1
20.7548 0 1
20.8702 0 1
23.3078 0 1
23.4233 0 1
23.539 0 1
23.6547 0 1
23.7704 0 1
23.8862 0 1
24.0021 0 1
24.118 0 1
24.234 0 1
24.35 0 1
24.4661 6129 78.2879
24.5822 6230 78.9303
24.6984 6140 78.3582
24.8146 6106 78.1409
24.9309 5964 77.2269
25.0472 6048 77.7689
25.1636 5960 77.201
25.28 6272 79.196
25.3965 6340 79.6241
25.513 6767 82.2618
25.6296 6930 83.2466
25.7462 7172 84.6877
25.8628 7098 84.2496
25.9795 6991 83.6122
26.0962 7011 83.7317
26.213 7003 83.6839
26.3298 6950 83.3667
26.4466 6485 80.5295
26.5635 6153 78.4411
26.6804 6180 78.613
26.7973 6229 78.924
26.9143 6545 80.9012
27.0313 6871 82.8915
27.1483 6850 82.7647
27.2653 7116 84.3564
27.3824 6934 83.2706
27.4996 7022 83.7974
27.6167 6633 81.4432
27.7339 6665 81.6395
27.8511 6525 80.7775
27.9683 6469 80.4301
28.0855 6478 80.486
28.2028 6404 80.025
28.3201 6188 78.6638
28.4374 6052 77.7946
28.5547 6033 77.6724
28.6721 6139 78.3518
28.7894 6225 78.8987
28.9068 6325 79.5299
29.0242 6505 80.6536
29.1416 6684 81.7557
29.259 6910 83.1264
29.3764 6996 83.6421
29.4939 6875 82.9156
29.6113 6968 83.4745
29.7288 6824 82.6075
29.8463 6520 80.7465
29.9638 6198 78.7274
30.0812 6022 77.6015
30.1987 5687 75.4122
30.3162 6009 77.5177
30.4337 6065 77.8781
30.5512 6352 79.6994
30.6687 6549 80.9259
30.7862 6850 82.7647
30.9037 6673 81.6884
31.0212 6697 81.8352
31.1387 6638 81.4739
31.2562 6574 81.0802
31.3737 6408 80.05
31.4912 6549 80.9259
31.6087 6271 79.1896
31.7262 6188 78.6638
31.8436 5894 76.7724
31.9611 6108 78.1537
32.0785 5959 77.1946
32.1959 5889 76.7398
32.3134 6034 77.6788
32.4308 6177 78.5939
32.5482 6325 79.5299
32.6655 6536 80.8455
32.7829 6706 81.8902
32.9002 6686 81.768
33.0176 6804 82.4864
33.1349 6756 82.1949
33.2522 6887 82.988
33.3694 6635 81.4555
33.4867 6488 80.5481
33.6039 6036 77.6917
33.7211 5886 76.7203
33.8383 5627 75.0133
33.9554 5637 75.08
34.0725 5728 75.6836
34.1896 6041 77.7239
34.3067 6187 78.6575
34.4237 6271 79.1896
34.5407 6341 79.6304
34.6577 6408 80.05
34.7746 6377 79.8561
34.8915 6384 79.8999
35.0084 6336 79.599
35.1252 6072 77.923
35.242 6072 77.923
35.3587 5921 76.948
35.4755 5887 76.7268
35.5921 5970 77.2658
35.7088 5896 76.7854
35.8254 5727 75.6769
35.9419 5675 75.3326
36.0584 5814 76.2496
36.1749 5821 76.2955
36.2913 6139 78.3518
36.4077 6209 78.7972
36.524 6346 79.6618
36.6403 6519 80.7403
36.7565 6341 79.6304
36.8727 6402 80.0125
36.9889 6246 79.0316
37.1049 6249 79.0506
37.221 0 1
37.3369 0 1
37.4529 0 1
37.5687 0 1
37.6845 0 1
37.8003 0 1
37.916 0 1
38.0316 0 1
38.1472 0 1
40.5851 0 1
40.7008 0 1
40.8164 0 1
40.9322 0 1
41.048 0 1
41.1639 0 1
41.2798 0 1
41.3958 0 1
41.5118 0 1
41.6279 0 1
41.744 4873 69.8069
41.8602 5389 73.4098
41.9765 5352 73.1574
42.0928 5496 74.135
42.2091 5341 73.0821
42.3255 5172 71.9166
42.4419 4642 68.1322
42.5584 4514 67.1863
42.675 4268 65.3299
42.7915 4267 65.3223
42.9081 4421 66.4906
43.0248 4686 68.4544
43.1415 4869 69.7782
43.2582 5077 71.2531
43.375 4929 70.2068
43.4918 4957 70.406
43.6087 4993 70.6612
43.7256 4998 70.6965
43.8425 4893 69.95
43.9595 4801 69.2892
44.0765 4714 68.6586
44.1935 4640 68.1175
44.3106 4456 66.7533
44.4277 4414 66.4379
44.5448 4205 64.846
44.6619 4031 63.4902
44.7791 4097 64.0078
44.8963 4071 63.8044
45.0136 4236 65.0846
45.1308 4308 65.6354
45.2481 4295 65.5362
45.3654 4382 66.1967
45.4827 4347 65.9318
45.6001 4328 65.7875
45.7174 4351 65.9621
45.8348 4015 63.364
45.9522 3794 61.5955
46.0697 3487 59.0508
46.1871 3311 57.5413
46.3046 3186 56.4447
46.422 3285 57.3149
46.5395 3380 58.1378
46.657 3602 60.0167
46.7745 3735 61.1146
46.892 3748 61.2209
47.0096 3863 62.153
47.1271 3856 62.0967
47.2446 3990 63.1664
47.3622 3806 61.6928
47.4797 3762 61.3351
47.5973 3707 60.8851
47.7149 3572 59.7662
47.8324 3462 58.8388
47.95 3540 59.4979
48.0675 3482 59.0085
48.1851 3327 57.6802
48.3027 3154 56.1605
48.4202 3285 57.3149
48.5378 3292 57.376
48.6554 3584 59.8665
48.7729 3643 60.3573
48.8904 3659 60.4897
49.008 3691 60.7536
49.1255 3746 61.2046
49.243 3625 60.208
49.3605 3533 59.439
49.478 3244 56.9561
49.5955 2978 54.5711
49.713 2791 52.8299
49.8304 2673 51.7011
49.9479 2913 53.9722
50.0653 3167 56.2761
50.1827 3384 58.1722
50.3001 3564 59.6992
50.4175 3625 60.208
50.5348 3672 60.597
50.6521 3762 61.3351
50.7694 3835 61.9274
50.8867 4000 63.2456
51.004 3907 62.506
51.1212 4120 64.1872
51.2384 3956 62.8967
51.3556 3988 63.1506
51.4727 4050 63.6396
51.5899 3852 62.0645
51.707 3894 62.4019
51.824 3840 61.9677
51.9411 4062 63.7338
52.0581 4265 65.307
52.175 4428 66.5432
52.2919 4731 68.7823
52.4088 4624 68
52.5257 4810 69.3542
52.6425 4846 69.6132
52.7593 4787 69.1881
52.876 4660 68.2642
52.9927 4471 66.8655
53.1094 4235 65.0769
53.226 3922 62.6259
53.3426 3818 61.79
53.4591 3634 60.2827
53.5756 4009 63.3167
53.692 4295 65.5362
53.8084 4544 67.4092
53.9248 4863 69.7352
54.0411 4916 70.1142
54.1573 4811 69.3614
54.2735 0 1
54.3896 0 1
54.5057 0 1
54.6217 0 1
54.7377 0 1
54.8537 0 1
54.9695 0 1
55.0853 0 1
55.2011 0 1
55.3168 0 1
55.4324 0 1
57.824 0 1
57.9396 0 1
58.0553 0 1
58.1711 0 1
58.2869 0 1
58.4028 0 1
58.5187 0 1
58.6347 0 1
58.7508 0 1
58.8669 0 1
58.983 5224 72.2772
59.0992 5677 75.3459
59.2155 5981 77.3369
59.3318 6308 79.4229
59.4482 6201 78.7464
59.5646 6295 79.341
59.681 6274 79.2086
59.7975 6272 79.196
59.9141 6410 80.0625
60.0306 6107 78.1473
60.1473 6014 77.55
60.2639 5729 75.6902
60.3807 5540 74.4312
60.4974 5481 74.0338
60.6142 5307 72.8492
60.731 5655 75.1997
60.8479 5742 75.776
60.9648 5853 76.5049
61.0818 5969 77.2593
61.1987 6019 77.5822
61.3158 6087 78.0192
61.4328 5914 76.9025
61.5499 5802 76.1709
61.667 5188 72.0278
61.7841 4967 70.4769
61.9013 4473 66.8805
62.0185 4507 67.1342
62.1357 4424 66.5132
62.253 4785 69.1737
62.3702 5282 72.6774
62.4875 5452 73.8377
62.6049 5687 75.4122
62.7222 5667 75.2795
62.8396 5874 76.642
62.9569 5849 76.4788
63.0743 6005 77.4919
63.1918 6048 77.7689
63.3092 5942 77.0844
63.4267 5771 75.9671
63.5441 5712 75.5778
63.6616 5783 76.046
63.7791 5480 74.027
63.8966 5054 71.0915
64.0142 4980 70.5691
64.1317 5119 71.5472
64.2492 5042 71.007
64.3668 5370 73.2803
64.4843 5651 75.1731
64.6019 5774 75.9868
64.7195 5692 75.4453
64.837 5852 76.4984
64.9546 5836 76.3937
65.0722 5394 73.4439
65.1898 5096 71.3863
65.3074 4744 68.8767
65.4249 4277 65.3988
65.5425 4092 63.9687
65.6601 4156 64.467
65.7777 4260 65.2687
65.8952 4628 68.0294
66.0128 5050 71.0634
66.1304 5114 71.5122
66.2479 5452 73.8377
66.3655 5585 74.7329
66.483 5616 74.94
66.6005 5705 75.5315
66.718 6030 77.6531
66.8355 6027 77.6338
66.953 5749 75.8222
67.0705 5676 75.3392
67.1879 5640 75.0999
67.3054 5509 74.2226
67.4228 5429 73.6817
67.5402 4989 70.6329
67.6576 4913 70.0928
67.7749 4784 69.1665
67.8923 5077 71.2531
68.0096 5238 72.374
68.1269 5688 75.4188
68.2442 5704 75.5248
68.3614 5736 75.7364
68.4787 5826 76.3282
68.5958 5843 76.4395
68.713 5711 75.5712
68.8302 5166 71.8749
68.9473 4784 69.1665
69.0643 4612 67.9117
69.1814 4215 64.923
69.2984 4240 65.1153
69.4154 4386 66.2269
69.5323 4867 69.7639
69.6492 5160 71.8331
69.7661 5611 74.9066
69.8829 5659 75.2263
69.9997 5857 76.531
70.1165 6078 77.9615
70.2332 6189 78.6702
70.3499 6135 78.3262
70.4665 6266 79.1581
70.5831 6268 79.1707
70.6996 6093 78.0577
70.8161 6196 78.7147
70.9326 5947 77.1168
71.049 5707 75.5447
71.1653 5346 73.1163
71.2817 5032 70.9366
71.3979 4885 69.8928
71.5141 4987 70.6187
71.6303 4897 69.9786
71.7464 4847 69.6204
71.8624 0 1
71.9784 0 1
72.0944 0 1
72.2102 0 1
72.3261 0 1
72.4418 0 1
72.5575 0 1
72.6732 0 1
75.1054 0 1
75.2209 0 1
75.3365 0 1
75.4521 0 1
75.5678 0 1
75.6835 0 1
75.7993 0 1
75.9151 0 1
76.031 0 1
76.147 5238 72.374
76.263 5702 75.5116
76.3791 5257 72.5052
76.4952 4868 69.7711
76.6113 5035 70.9577
76.7276 5142 71.7077
76.8438 5668 75.2861
76.9601 5979 77.324
77.0765 6103 78.1217
77.1929 5972 77.2787
77.3093 6098 78.0897
77.4258 5939 77.0649
77.5423 5676 75.3392
77.6589 5172 71.9166
77.7755 4891 69.9357
77.8921 4603 67.8454
78.0088 4268 65.3299
78.1256 4038 63.5453
78.2423 4129 64.2573
78.3591 4550 67.4537
78.4759 4981 70.5762
78.5928 5518 74.2832
78.7097 5495 74.1283
78.8266 5539 74.4245
78.9436 6134 78.3199
79.0606 6047 77.7625
79.1776 6243 79.0127
79.2946 6243 79.0127
79.4117 6070 77.9102
79.5288 6103 78.1217
79.6459 6059 77.8396
79.7631 5948 77.1233
79.8802 5618 74.9533
79.9974 5443 73.7767
80.1147 5000 70.7107
80.2319 4900 70
80.3491 5083 71.2952
80.4664 5473 73.9797
80.5837 5924 76.9675
80.701 5951 77.1427
80.8183 5790 76.092
80.9357 5968 77.2528
81.053 5985 77.3628
81.1704 5940 77.0714
81.2877 5356 73.1847
81.4051 4894 69.9571
81.5225 4548 67.4389
81.6399 4250 65.192
81.7573 4079 63.867
81.8747 4093 63.9766
81.9922 4537 67.3573
82.1096 5003 70.7319
82.227 5458 73.8783
82.3444 5491 74.1013
82.4619 5777 76.0066
82.5793 5988 77.3822
82.6967 5964 77.2269
82.8142 6105 78.1345
82.9316 6149 78.4156
83.049 6186 78.6511
83.1664 6169 78.543
83.2838 6017 77.5693
83.4012 5869 76.6094
83.5186 5622 74.98
83.636 5370 73.2803
83.7534 4928 70.1997
83.8708 4931 70.2211
83.9881 5088 71.3302
84.1055 5427 73.6682
84.2228 5941 77.0779
84.3401 5862 76.5637
84.4575 6130 78.2943
84.5747 6147 78.4028
84.692 5910 76.8765
84.8093 5553 74.5185
84.9265 5245 72.4224
85.0437 4664 68.2935
85.1609 4451 66.7158
85.2781 4340 65.8787
85.3952 4082 63.8905
85.5123 4444 66.6633
85.6294 4922 70.157
85.7465 5338 73.0616
85.8636 5660 75.233
85.9806 5793 76.1118
86.0976 5998 77.4468
86.2145 6183 78.6321
86.3315 6418 80.1124
86.4484 6464 80.399
86.5652 6531 80.8146
86.682 6508 80.6722
86.7988 6652 81.5598
86.9156 6339 79.6178
87.0323 6145 78.3901
87.149 5846 76.4591
87.2657 5491 74.1013
87.3823 5258 72.5121
87.4988 5314 72.8972
87.6154 5706 75.5381
87.7318 6241 79
87.8483 6412 80.075
87.9647 6493 80.5792
88.081 6531 80.8146
88.1973 6321 79.5047
88.3136 6005 77.4919
88.4298 5651 75.1731
88.546 5185 72.0069
88.6621 4776 69.1086
88.7781 4257 65.2457
88.8942 0 1
89.0101 0 1
89.126 0 1
89.2419 0 1
89.3577 0 1
89.4734 0 1
89.5891 0 1
89.7047 0 1
89.8203 0 1
89.9358 0 1
92.3269 0 1
92.4424 0 1
92.558 0 1
92.6736 0 1
92.7893 0 1
92.905 0 1
93.0208 0 1
93.1366 0 1
93.2525 0 1
93.3685 0 1
93.4845 0 1
93.6005 5379 73.3417
93.7167 5030 70.9225
93.8328 4761 69
93.949 4693 68.5055
94.0653 4541 67.3869
94.1816 4383 66.2042
94.2979 4660 68.2642
94.4143 4895 69.9643
94.5307 5330 73.0068
94.6472 5590 74.7663
94.7637 5822 76.302
94.8803 5932 77.0195
94.9969 6176 78.5875
95.1135 6320 79.4984
95.2302 6332 79.5739
95.3469 6498 80.6102
95.4637 6513 80.7032
95.5805 6659 81.6027
95.6973 6666 81.6456
95.8142 6444 80.2745
95.9311 6211 78.8099
96.048 6091 78.0449
96.1649 5790 76.092
96.2819 5321 72.9452
96.3989 5398 73.4711
96.516 5589 74.7596
96.633 5955 77.1686
96.7501 6349 79.6806
96.8673 6270 79.1833
96.9844 6349 79.6806
97.1016 6280 79.2465
97.2188 6083 77.9936
97.336 5659 75.2263
97.4532 5395 73.4507
97.5704 4955 70.3918
97.6877 4610 67.897
97.805 4588 67.7348
97.9223 4459 66.7757
98.0396 4524 67.2607
98.1569 4888 69.9142
98.2743 5306 72.8423
98.3916 5566 74.6056
98.509 5778 76.0132
98.6264 6122 78.2432
98.7438 6132 78.3071
98.8612 6343 79.643
98.9786 6383 79.8937
99.096 6367 79.7935
99.2134 6494 80.5854
99.3308 6396 79.975
99.4482 6349 79.6806
99.5656 6188 78.6638
99.6831 6024 77.6144
99.8005 5670 75.2994
99.9179 5418 73.6071
100.035 5275 72.6292
100.153 5491 74.1013
100.27 6020 77.5887
100.388 5898 76.7984
100.505 6306 79.4103
100.622 6202 78.7528
100.74 6117 78.2113
100.857 5953 77.1557
100.975 5537 74.411
101.092 5223 72.2703
101.209 5031 70.9295
101.327 4704 68.5857
101.444 4512 67.1714
101.561 4456 66.7533
101.679 4737 68.8259
101.796 5203 72.1318
101.913 5568 74.619
102.03 5786 76.0658
102.148 6015 77.5564
102.265 5822 76.302
102.382 6829 82.6378
102.499 6618 81.3511
102.616 6731 82.0427
102.733 6770 82.28
102.851 6863 82.8432
102.968 6928 83.2346
103.085 6769 82.2739
103.202 6601 81.2465
103.319 6251 79.0633
103.436 5881 76.6877
103.552 5876 76.6551
103.669 6016 77.5629
103.786 6593 81.1973
103.903 6759 82.2131
104.02 6639 81.4801
104.137 6868 82.8734
104.253 6799 82.456
104.37 6490 80.5605
104.487 6219 78.8606
104.603 5693 75.452
104.72 5429 73.6817
104.836 5045 71.0282
104.953 4888 69.9142
105.069 4980 70.5691
105.186 5271 72.6017
105.302 5600 74.8331
105.418 6144 78.3837
105.535 6382 79.8874
105.651 6666 81.6456
105.767 6947 83.3487
105.883 6888 82.994
105.999 7077 84.1249
106.115 0 1
106.231 0 1
106.347 0 1
106.463 0 1
106.579 0 1
106.694 0 1
106.81 0 1
106.926 0 1
107.041 0 1
107.157 0 1
109.576 0 1
109.692 0 1
109.807 0 1
109.923 0 1
110.039 0 1
110.155 0 1
110.27 0 1
110.386 0 1
110.502 0 1
110.618 5592 74.7797
110.735 5794 76.1183
110.851 5980 77.3305
110.967 6175 78.5812
111.083 5993 77.4145
111.199 6129 78.2879
111.316 6437 80.2309
111.432 6305 79.404
111.549 6297 79.3536
111.665 6014 77.55
111.782 5827 76.3348
111.898 5311 72.8766
112.015 5157 71.8123
112.132 5156 71.8053
112.248 5637 75.08
112.365 5826 76.3282
112.482 5944 77.0973
112.599 5619 74.96
112.716 5878 76.6681
112.832 5554 74.5252
112.949 5213 72.2011
113.066 4869 69.7782
113.183 4481 66.9403
113.3 4159 64.4903
113.417 4007 63.3009
113.534 3891 62.3779
113.652 3942 62.7853
113.769 4120 64.1872
113.886 4434 66.5883
114.003 4648 68.1762
114.12 4803 69.3037
114.238 4923 70.1641
114.355 5020 70.852
114.472 5152 71.7774
114.589 4958 70.4131
114.707 4972 70.5124
114.824 4997 70.6895
114.942 4975 70.5337
115.059 5031 70.9295
115.176 4873 69.8069
115.294 4642 68.1322
115.411 4424 66.5132
115.529 4010 63.3246
115.646 4144 64.3739
115.764 4195 64.7688
115.881 4400 66.3325
115.999 4330 65.8027
116.116 4314 65.681
116.234 4312 65.6658
116.351 4194 64.7611
116.469 3980 63.0872
116.586 3720 60.9918
116.704 3617 60.1415
116.821 3205 56.6127
116.939 3306 57.4978
117.056 3169 56.2939
117.174 3016 54.9181
117.291 3200 56.5685
117.409 3347 57.8533
117.526 3558 59.649
117.644 3666 60.5475
117.761 3690 60.7454
117.879 3871 62.2174
117.996 3853 62.0725
118.114 3997 63.2218
118.231 4087 63.9296
118.349 3973 63.0317
118.466 4150 64.4205
118.584 4155 64.4593
118.701 4253 65.215
118.819 4008 63.3088
118.936 3851 62.0564
119.053 3732 61.0901
119.171 3691 60.7536
119.288 3634 60.2827
119.405 3921 62.6179
119.523 3944 62.8013
119.64 4148 64.405
119.757 4207 64.8614
119.875 4236 65.0846
119.992 4163 64.5213
120.109 4061 63.726
120.226 3756 61.2862
120.343 3510 59.2453
120.46 3538 59.4811
120.578 3347 57.8533
120.695 3263 57.1227
120.812 3271 57.1927
120.929 3293 57.3847
121.046 3479 58.983
121.163 3864 62.1611
121.279 3931 62.6977
121.396 4013 63.3482
121.513 4289 65.4905
121.63 4467 66.8356
121.747 4575 67.6387
121.863 4620 67.9706
121.98 4752 68.9348
122.097 4633 68.0661
122.213 4735 68.8113
122.33 4702 68.5711
122.446 4902 70.0143
122.563 4815 69.3902
122.679 4773 69.0869
122.795 4440 66.6333
122.912 4330 65.8027
123.028 4487 66.9851
123.144 4738 68.8331
123.26 4850 69.6419
123.377 0 1
123.493 0 1
123.609 0 1
123.725 0 1
123.84 0 1
123.956 0 1
124.072 0 1
124.188 0 1
124.303 0 1
124.419 0 1
126.852 0 1
126.968 0 1
127.083 0 1
127.199 0 1
127.315 0 1
127.431 0 1
127.547 0 1
127.663 0 1
127.779 0 1
127.895 0 1
128.011 0 1
128.127 0 1
128.243 0 1
128.359 5315 72.904
128.476 5475 73.9932
128.592 5814 76.2496
128.708 5791 76.0986
128.825 5864 76.5768
128.941 5869 76.6094
129.058 5702 75.5116
129.174 5323 72.9589
129.291 5434 73.7157
129.408 4853 69.6635
129.524 4836 69.5414
129.641 4586 67.72
129.758 4497 67.0597
129.875 4351 65.9621
129.992 4433 66.5808
130.108 4722 68.7168
130.225 4699 68.5493
130.342 4856 69.685
130.459 4821 69.4334
130.576 5014 70.8096
130.693 5117 71.5332
130.81 5243 72.4086
130.928 5212 72.1942
131.045 5220 72.2496
131.162 5346 73.1163
131.279 5271 72.6017
131.396 5185 72.0069
131.513 5235 72.3533
131.631 4921 70.1498
131.748 4619 67.9632
131.865 4603 67.8454
131.983 4838 69.5557
132.1 4911 70.0785
132.217 5144 71.7217
132.335 5058 71.1196
132.452 5140 71.6938
132.57 5060 71.1337
132.687 4702 68.5711
132.804 4727 68.7532
132.922 4318 65.7115
133.039 4076 63.8436
133.157 3965 62.9682
133.274 3858 62.1128
133.392 3800 61.6441
133.509 3765 61.3596
133.627 3795 61.6036
133.744 3941 62.7774
133.862 4071 63.8044
133.979 4100 64.0312
134.097 4217 64.9384
134.214 4336 65.8483
134.332 4063 63.7417
134.449 4138 64.3273
134.567 4174 64.6065
134.684 4119 64.1794
134.802 4253 65.215
134.919 4265 65.307
135.037 4091 63.9609
135.154 4118 64.1716
135.272 3842 61.9839
135.389 3805 61.6847
135.507 3708 60.8933
135.624 3869 62.2013
135.742 3999 63.2376
135.859 3893 62.3939
135.977 3900 62.45
136.094 3839 61.9597
136.211 3747 61.2127
136.329 3679 60.6548
136.446 3408 58.3781
136.564 3310 57.5326
136.681 3122 55.8749
136.798 3117 55.8301
136.915 2911 53.9537
137.033 2974 54.5344
137.15 3019 54.9454
137.267 3101 55.6866
137.384 3103 55.7046
137.502 3197 56.542
137.619 3157 56.1872
137.736 3307 57.5065
137.853 3207 56.6304
137.97 3271 57.1927
138.087 3505 59.203
138.204 3622 60.1831
138.321 3561 59.6741
138.438 3730 61.0737
138.555 3634 60.2827
138.672 3755 61.2781
138.788 3746 61.2046
138.905 3636 60.2993
139.022 3584 59.8665
139.139 3807 61.7009
139.255 3908 62.514
139.372 4011 63.3325
139.488 4104 64.0625
139.605 4241 65.123
139.721 4144 64.3739
139.838 4236 65.0846
139.954 4125 64.2262
140.071 3860 62.1289
140.187 3897 62.426
140.303 3888 62.3538
140.419 3671 60.5888
140.535 3619 60.1581
140.652 3590 59.9166
140.768 0 1
140.884 0 1
141 0 1
141.115 0 1
141.231 0 1
141.347 0 1
141.463 0 1
141.578 0 1
141.694 0 1
144.104 0 1
144.219 0 1
144.335 0 1
144.45 0 1
144.566 0 1
144.682 0 1
144.798 0 1
144.914 0 1
145.03 0 1
145.146 3406 58.3609
145.262 3350 57.8792
145.378 3147 56.0981
145.494 3272 57.2014
145.61 3055 55.2721
145.726 2870 53.5724
145.842 2879 53.6563
145.959 2917 54.0093
146.075 2894 53.7959
146.192 3033 55.0727
146.308 2958 54.3875
146.425 3031 55.0545
146.541 2949 54.3047
146.658 2973 54.5252
146.774 3109 55.7584
146.891 3081 55.5068
147.008 2977 54.5619
147.125 3007 54.8361
147.241 3064 55.3534
147.358 3056 55.2811
147.475 3064 55.3534
147.592 2976 54.5527
147.709 2764 52.5738
147.826 2848 53.3667
147.943 2782 52.7447
148.06 2953 54.3415
148.177 3000 54.7723
148.294 2892 53.7773
148.411 2904 53.8888
148.528 2855 53.4322
148.645 2730 52.2494
148.762 2725 52.2015
148.88 2667 51.643
148.997 2575 50.7445
149.114 2240 47.3286
149.231 2340 48.3735
149.349 2311 48.0729
149.466 2169 46.5725
149.583 2312 48.0833
149.701 2349 48.4665
149.818 2335 48.3218
149.935 2330 48.2701
150.053 2327 48.239
150.17 2378 48.7647
150.287 2404 49.0306
150.405 2545 50.448
150.522 2520 50.1996
150.64 2566 50.6557
150.757 2648 51.4587
150.875 2734 52.2877
150.992 2542 50.4183
151.11 2678 51.7494
151.227 2587 50.8626
151.344 2438 49.3761
151.462 2534 50.3389
151.579 2631 51.2933
151.697 2741 52.3546
151.814 2840 53.2917
151.932 2848 53.3667
152.049 2810 53.0094
152.167 2845 53.3385
152.284 2747 52.4118
152.402 2723 52.1824
152.519 2738 52.3259
152.636 2603 51.0196
152.754 2538 50.3786
152.871 2495 49.95
152.989 2480 49.7996
153.106 2544 50.4381
153.223 2370 48.6826
153.341 2644 51.4198
153.458 2649 51.4684
153.575 2587 50.8626
153.693 2656 51.5364
153.81 2679 51.7591
153.927 2827 53.1695
154.044 2930 54.1295
154.162 2894 53.7959
154.279 2968 54.4794
154.396 3102 55.6956
154.513 3155 56.1694
154.63 3255 57.0526
154.747 3241 56.9298
154.864 3180 56.3915
154.981 3133 55.9732
155.098 3242 56.9386
155.215 3355 57.9224
155.332 3487 59.0508
155.449 3449 58.7282
155.566 3420 58.4808
155.683 3554 59.6154
155.8 3500 59.1608
155.917 3405 58.3524
156.033 3452 58.7537
156.15 0 1
156.267 0 1
156.383 0 1
156.5 0 1
156.617 0 1
156.733 0 1
156.85 0 1
156.966 0 1
157.082 0 1
157.199 0 1
157.315 0 1
157.431 0 1
157.547 0 1
157.664 0 1
157.78 0 1
157.896 0 1
158.012 0 1
158.128 0 1
158.244 0 1
158.359 0 1
158.475 0 1
158.591 0 1
158.706 0 1
