
6.15755 0 1
6.2731 0 1
6.3887 0 1
6.50437 0 1
6.62009 0 1
6.73587 0 1
6.8517 0 1
6.96759 0 1
7.08353 0 1
7.19952 0 1
7.31557 0 1
7.43166 0 1
7.54781 0 1
7.664 0 1
7.78024 0 1
7.89653 0 1
8.01286 0 1
8.12924 0 1
8.24567 0 1
8.36213 0 1
8.47864 0 1
8.59519 0 1
8.71178 0 1
8.82841 0 1
8.94508 0 1
9.06179 0 1
9.17853 0 1
9.29531 0 1
9.41212 0 1
9.52897 0 1
9.64584 0 1
9.76276 0 1
9.8797 0 1
9.99667 0 1
10.1137 0 1
10.2307 0 1
10.3478 0 1
10.4648 0 1
10.5819 0 1
10.6991 0 1
10.8162 0 1
10.9334 0 1
11.0506 0 1
11.1678 0 1
11.285 0 1
11.4023 0 1
11.5196 0 1
11.6369 0 1
11.7542 0 1
11.8715 0 1
11.9888 0 1
12.1062 0 1
12.2235 0 1
12.3409 0 1
12.4582 0 1
12.5756 0 1
12.693 0 1
12.8104 0 1
12.9278 0 1
13.0452 0 1
13.1626 0 1
13.28 0 1
13.3974 0 1
13.5149 0 1
13.6323 0 1
13.7497 0 1
13.8671 0 1
13.9845 0 1
14.1019 0 1
14.2193 0 1
14.3367 0 1
14.4541 0 1
14.5714 0 1
14.6888 0 1
14.8062 0 1
14.9235 0 1
15.0408 2937 54.1941
15.1581 3074 55.4437
15.2755 3084 55.5338
15.3927 3048 55.2087
15.51 2873 53.6004
15.6273 2768 52.6118
15.7445 2713 52.0865
15.8617 2724 52.192
15.9789 2714 52.0961
16.0961 2672 51.6914
16.2132 2674 51.7107
16.3304 2665 51.6236
16.4475 2602 51.0098
16.5646 2551 50.5074
16.6816 2567 50.6656
16.7986 2490 49.8999
16.9156 2422 49.2138
17.0326 2503 50.03
17.1496 2385 48.8365
17.2665 2361 48.5901
17.3833 2353 48.5077
17.5002 2386 48.8467
17.617 2525 50.2494
17.7338 2377 48.7545
17.8505 2414 49.1325
17.9672 2352 48.4974
18.0839 2346 48.4355
18.2005 2352 48.4974
18.3171 2424 49.2341
18.4337 2438 49.3761
18.5502 2560 50.5964
18.6666 2492 49.9199
18.7831 2505 50.05
18.8994 2385 48.8365
19.0158 2151 46.3789
19.1321 2098 45.8039
19.2483 1943 44.0795
19.3645 1855 43.0697
19.4806 1949 44.1475
19.5967 1929 43.9204
19.7128 1830 42.7785
19.8288 1793 42.3438
19.9447 1683 41.0244
20.0606 0 1
20.1764 0 1
20.2922 0 1
20.4079 0 1
20.5236 0 1
20.6392 0 1
20.7548 0 1
20.8702 0 1
23.3078 0 1
23.4233 0 1
23.539 0 1
23.6547 0 1
23.7704 0 1
23.8862 0 1
24.0021 0 1
24.118 0 1
24.234 0 1
24.35 0 1
24.4661 993 31.5119
24.5822 1242 35.242
24.6984 1379 37.1349
24.8146 1677 40.9512
24.9309 1822 42.6849
25.0472 2106 45.8912
25.1636 2164 46.5188
25.28 2277 47.7179
25.3965 2537 50.3686
25.513 2684 51.8073
25.6296 2793 52.8488
25.7462 2666 51.6333
25.8628 2741 52.3546
25.9795 2660 51.5752
26.0962 2654 51.517
26.213 2638 51.3615
26.3298 2466 49.6588
26.4466 2464 49.6387
26.5635 2341 48.3839
26.6804 2243 47.3603
26.7973 2187 46.7654
26.9143 2144 46.3033
27.0313 2215 47.0638
27.1483 2370 48.6826
27.2653 2317 48.1352
27.3824 2352 48.4974
27.4996 2363 48.6107
27.6167 2406 49.051
27.7339 2321 48.1768
27.8511 2284 47.7912
27.9683 2148 46.3465
28.0855 2195 46.8508
28.2028 2335 48.3218
28.3201 2540 50.3984
28.4374 2460 49.5984
28.5547 2608 51.0686
28.6721 2607 51.0588
28.7894 2669 51.6624
28.9068 2620 51.1859
29.0242 2450 49.4975
29.1416 2543 50.4282
29.259 2496 49.96
29.3764 2530 50.2991
29.4939 2546 50.4579
29.6113 2587 50.8626
29.7288 2694 51.9038
29.8463 2620 51.1859
29.9638 2656 51.5364
30.0812 2716 52.1153
30.1987 2543 50.4282
30.3162 2593 50.9215
30.4337 2556 50.5569
30.5512 2694 51.9038
30.6687 2890 53.7587
30.7862 3045 55.1815
30.9037 3153 56.1516
31.0212 3054 55.263
31.1387 2969 54.4885
31.2562 3121 55.8659
31.3737 2940 54.2218
31.4912 2692 51.8845
31.6087 2626 51.2445
31.7262 2770 52.6308
31.8436 2901 53.8609
31.9611 2870 53.5724
32.0785 2766 52.5928
32.1959 2781 52.7352
32.3134 2608 51.0686
32.4308 2718 52.1344
32.5482 2714 52.0961
32.6655 2608 51.0686
32.7829 2654 51.517
32.9002 2623 51.2152
33.0176 2601 51
33.1349 2597 50.9608
33.2522 2759 52.5262
33.3694 2696 51.923
33.4867 2925 54.0833
33.6039 2867 53.5444
33.7211 2669 51.6624
33.8383 2526 50.2593
33.9554 2379 48.775
34.0725 2284 47.7912
34.1896 2333 48.3011
34.3067 2356 48.5386
34.4237 2384 48.8262
34.5407 2434 49.3356
34.6577 2468 49.679
34.7746 2441 49.4065
34.8915 2398 48.9694
35.0084 2347 48.4458
35.1252 2190 46.7974
35.242 2075 45.5522
35.3587 2135 46.2061
35.4755 2195 46.8508
35.5921 2334 48.3115
35.7088 2299 47.9479
35.8254 2298 47.9375
35.9419 2328 48.2494
36.0584 2151 46.3789
36.1749 2110 45.9347
36.2913 2056 45.3431
36.4077 1979 44.486
36.524 1969 44.3734
36.6403 1797 42.391
36.7565 1752 41.8569
36.8727 1635 40.4351
36.9889 1474 38.3927
37.1049 1339 36.5923
37.221 0 1
37.3369 0 1
37.4529 0 1
37.5687 0 1
37.6845 0 1
37.8003 0 1
37.916 0 1
38.0316 0 1
38.1472 0 1
40.5851 0 1
40.7008 0 1
40.8164 0 1
40.9322 0 1
41.048 0 1
41.1639 0 1
41.2798 0 1
41.3958 0 1
41.5118 0 1
41.6279 0 1
41.744 938 30.6268
41.8602 1154 33.9706
41.9765 1228 35.0428
42.0928 1371 37.027
42.2091 1434 37.8682
42.3255 1553 39.4081
42.4419 1588 39.8497
42.5584 1734 41.6413
42.675 1636 40.4475
42.7915 1692 41.1339
42.9081 1617 40.2119
43.0248 1607 40.0874
43.1415 1649 40.6079
43.2582 1610 40.1248
43.375 1602 40.025
43.4918 1655 40.6817
43.6087 1694 41.1582
43.7256 1694 41.1582
43.8425 1686 41.0609
43.9595 1611 40.1373
44.0765 1470 38.3406
44.1935 1453 38.1182
44.3106 1587 39.8372
44.4277 1639 40.4846
44.5448 1668 40.8412
44.6619 1710 41.3521
44.7791 1769 42.0595
44.8963 1762 41.9762
45.0136 1683 41.0244
45.1308 1676 40.939
45.2481 1672 40.8901
45.3654 1736 41.6653
45.4827 1717 41.4367
45.6001 1798 42.4028
45.7174 1820 42.6615
45.8348 1746 41.7852
45.9522 1740 41.7133
46.0697 1652 40.6448
46.1871 1618 40.2244
46.3046 1541 39.2556
46.422 1581 39.7618
46.5395 1568 39.598
46.657 1475 38.4057
46.7745 1516 38.9358
46.892 1557 39.4588
47.0096 1593 39.9124
47.1271 1723 41.509
47.2446 1736 41.6653
47.3622 1662 40.7676
47.4797 1561 39.5095
47.5973 1568 39.598
47.7149 1426 37.7624
47.8324 1414 37.6032
47.95 1568 39.598
48.0675 1553 39.4081
48.1851 1708 41.328
48.3027 1670 40.8656
48.4202 1583 39.7869
48.5378 1665 40.8044
48.6554 1703 41.2674
48.7729 1681 41
48.8904 1632 40.398
49.008 1741 41.7253
49.1255 1632 40.398
49.243 1630 40.3733
49.3605 1593 39.9124
49.478 1615 40.1871
49.5955 1581 39.7618
49.713 1561 39.5095
49.8304 1507 38.8201
49.9479 1424 37.7359
50.0653 1455 38.1445
50.1827 1389 37.2693
50.3001 1421 37.6962
50.4175 1537 39.2046
50.5348 1507 38.8201
50.6521 1632 40.398
50.7694 1604 40.05
50.8867 1655 40.6817
51.004 1551 39.3827
51.1212 1492 38.6264
51.2384 1391 37.2961
51.3556 1382 37.1753
51.4727 1531 39.128
51.5899 1638 40.4722
51.707 1681 41
51.824 1633 40.4104
51.9411 1588 39.8497
52.0581 1646 40.5709
52.175 1557 39.4588
52.2919 1590 39.8748
52.4088 1571 39.6358
52.5257 1588 39.8497
52.6425 1600 40
52.7593 1627 40.3361
52.876 1696 41.1825
52.9927 1613 40.1622
53.1094 1541 39.2556
53.226 1540 39.2428
53.3426 1510 38.8587
53.4591 1459 38.1969
53.5756 1383 37.1887
53.692 1260 35.4965
53.8084 1225 35
53.9248 1236 35.1568
54.0411 1105 33.2415
54.1573 1062 32.5883
54.2735 0 1
54.3896 0 1
54.5057 0 1
54.6217 0 1
54.7377 0 1
54.8537 0 1
54.9695 0 1
55.0853 0 1
55.2011 0 1
55.3168 0 1
55.4324 0 1
57.824 0 1
57.9396 0 1
58.0553 0 1
58.1711 0 1
58.2869 0 1
58.4028 0 1
58.5187 0 1
58.6347 0 1
58.7508 0 1
58.8669 0 1
58.983 1811 42.5558
59.0992 2236 47.2864
59.2155 2933 54.1572
59.3318 3442 58.6686
59.4482 3806 61.6928
59.5646 4012 63.3404
59.681 4192 64.7457
59.7975 4161 64.5058
59.9141 4130 64.2651
60.0306 4045 63.6003
60.1473 4070 63.7966
60.2639 4246 65.1613
60.3807 4224 64.9923
60.4974 4327 65.7799
60.6142 4270 65.3452
60.731 4303 65.5973
60.8479 4135 64.304
60.9648 4156 64.467
61.0818 4068 63.7809
61.1987 3950 62.849
61.3158 3917 62.5859
61.4328 3856 62.0967
61.5499 3797 61.6198
61.667 3514 59.279
61.7841 3430 58.5662
61.9013 3149 56.116
62.0185 3053 55.254
62.1357 2926 54.0925
62.253 2687 51.8363
62.3702 2619 51.1762
62.4875 2646 51.4393
62.6049 2589 50.8822
62.7222 2563 50.6261
62.8396 2613 51.1175
62.9569 2552 50.5173
63.0743 2486 49.8598
63.1918 2430 49.295
63.3092 2256 47.4974
63.4267 2231 47.2335
63.5441 2133 46.1844
63.6616 2015 44.8888
63.7791 2013 44.8665
63.8966 2057 45.3542
64.0142 2079 45.5961
64.1317 2046 45.2327
64.2492 2028 45.0333
64.3668 2026 45.0111
64.4843 1941 44.0568
64.6019 1942 44.0681
64.7195 1960 44.2719
64.837 1908 43.6807
64.9546 1976 44.4522
65.0722 2077 45.5741
65.1898 2003 44.7549
65.3074 2003 44.7549
65.4249 1949 44.1475
65.5425 1862 43.1509
65.6601 1825 42.72
65.7777 1809 42.5323
65.8952 1728 41.5692
66.0128 1746 41.7852
66.1304 1854 43.0581
66.2479 1939 44.0341
66.3655 1939 44.0341
66.483 1971 44.3959
66.6005 2052 45.299
66.718 2038 45.1442
66.8355 2019 44.9333
66.953 2065 45.4423
67.0705 1929 43.9204
67.1879 1898 43.566
67.3054 1943 44.0795
67.4228 1841 42.9069
67.5402 1922 43.8406
67.6576 1954 44.2041
67.7749 1909 43.6921
67.8923 1899 43.5775
68.0096 1957 44.238
68.1269 1918 43.795
68.2442 1888 43.4511
68.3614 1848 42.9884
68.4787 1863 43.1625
68.5958 1922 43.8406
68.713 1881 43.3705
68.8302 1951 44.1701
68.9473 1903 43.6234
69.0643 1836 42.8486
69.1814 1801 42.4382
69.2984 1716 41.4246
69.4154 1694 41.1582
69.5323 1676 40.939
69.6492 1795 42.3674
69.7661 1807 42.5088
69.8829 1791 42.3202
69.9997 1770 42.0714
70.1165 1899 43.5775
70.2332 1730 41.5933
70.3499 1787 42.2729
70.4665 1732 41.6173
70.5831 1602 40.025
70.6996 1443 37.9868
70.8161 1305 36.1248
70.9326 1191 34.5109
71.049 1162 34.0881
71.1653 1074 32.7719
71.2817 1122 33.4963
71.3979 996 31.5595
71.5141 935 30.5778
71.6303 893 29.8831
71.7464 702 26.4953
71.8624 0 1
71.9784 0 1
72.0944 0 1
72.2102 0 1
72.3261 0 1
72.4418 0 1
72.5575 0 1
72.6732 0 1
75.1054 0 1
75.2209 0 1
75.3365 0 1
75.4521 0 1
75.5678 0 1
75.6835 0 1
75.7993 0 1
75.9151 0 1
76.031 0 1
76.147 1157 34.0147
76.263 1383 37.1887
76.3791 1426 37.7624
76.4952 1433 37.855
76.6113 1565 39.5601
76.7276 1616 40.1995
76.8438 1648 40.5956
76.9601 1634 40.4228
77.0765 1626 40.3237
77.1929 1601 40.0125
77.3093 1622 40.2741
77.4258 1742 41.7373
77.5423 1660 40.7431
77.6589 1623 40.2865
77.7755 1634 40.4228
77.8921 1604 40.05
78.0088 1565 39.5601
78.1256 1522 39.0128
78.2423 1542 39.2683
78.3591 1465 38.2753
78.4759 1417 37.6431
78.5928 1378 37.1214
78.7097 1541 39.2556
78.8266 1524 39.0384
78.9436 1580 39.7492
79.0606 1552 39.3954
79.1776 1573 39.6611
79.2946 1610 40.1248
79.4117 1739 41.7013
79.5288 1700 41.2311
79.6459 1692 41.1339
79.7631 1653 40.6571
79.8802 1630 40.3733
79.9974 1635 40.4351
80.1147 1598 39.975
80.2319 1618 40.2244
80.3491 1714 41.4005
80.4664 1636 40.4475
80.5837 1714 41.4005
80.701 1666 40.8167
80.8183 1628 40.3485
80.9357 1663 40.7799
81.053 1670 40.8656
81.1704 1731 41.6053
81.2877 1718 41.4488
81.4051 1660 40.7431
81.5225 1675 40.9268
81.6399 1668 40.8412
81.7573 1602 40.025
81.8747 1542 39.2683
81.9922 1499 38.7169
82.1096 1568 39.598
82.227 1460 38.2099
82.3444 1532 39.1408
82.4619 1570 39.6232
82.5793 1654 40.6694
82.6967 1578 39.724
82.8142 1623 40.2865
82.9316 1722 41.497
83.049 1718 41.4488
83.1664 1754 41.8808
83.2838 1679 40.9756
83.4012 1697 41.1947
83.5186 1712 41.3763
83.636 1649 40.6079
83.7534 1690 41.1096
83.8708 1679 40.9756
83.9881 1693 41.1461
84.1055 1718 41.4488
84.2228 1666 40.8167
84.3401 1683 41.0244
84.4575 1763 41.9881
84.5747 1595 39.9375
84.692 1724 41.5211
84.8093 1682 41.0122
84.9265 1693 41.1461
85.0437 1665 40.8044
85.1609 1649 40.6079
85.2781 1662 40.7676
85.3952 1574 39.6737
85.5123 1653 40.6571
85.6294 1604 40.05
85.7465 1635 40.4351
85.8636 1697 41.1947
85.9806 1663 40.7799
86.0976 1569 39.6106
86.2145 1608 40.0999
86.3315 1748 41.8091
86.4484 1724 41.5211
86.5652 1788 42.2847
86.682 1882 43.382
86.7988 1823 42.6966
86.9156 1830 42.7785
87.0323 1850 43.0116
87.149 1783 42.2256
87.2657 1723 41.509
87.3823 1756 41.9047
87.4988 1675 40.9268
87.6154 1729 41.5812
87.7318 1646 40.5709
87.8483 1608 40.0999
87.9647 1408 37.5233
88.081 1302 36.0832
88.1973 1244 35.2704
88.3136 1245 35.2846
88.4298 1100 33.1662
88.546 1092 33.0454
88.6621 960 30.9839
88.7781 924 30.3974
88.8942 0 1
89.0101 0 1
89.126 0 1
89.2419 0 1
89.3577 0 1
89.4734 0 1
89.5891 0 1
89.7047 0 1
89.8203 0 1
89.9358 0 1
92.3269 0 1
92.4424 0 1
92.558 0 1
92.6736 0 1
92.7893 0 1
92.905 0 1
93.0208 0 1
93.1366 0 1
93.2525 0 1
93.3685 0 1
93.4845 0 1
93.6005 1418 37.6563
93.7167 1569 39.6106
93.8328 1707 41.3159
93.949 1713 41.3884
94.0653 1660 40.7431
94.1816 1709 41.3401
94.2979 1638 40.4722
94.4143 1700 41.2311
94.5307 1704 41.2795
94.6472 1658 40.7185
94.7637 1799 42.4146
94.8803 1841 42.9069
94.9969 1741 41.7253
95.1135 1769 42.0595
95.2302 1739 41.7013
95.3469 1684 41.0366
95.4637 1751 41.845
95.5805 1855 43.0697
95.6973 1862 43.1509
95.8142 1841 42.9069
95.9311 1862 43.1509
96.048 1810 42.5441
96.1649 1768 42.0476
96.2819 1896 43.5431
96.3989 1813 42.5793
96.516 1787 42.2729
96.633 1823 42.6966
96.7501 1879 43.3474
96.8673 1809 42.5323
96.9844 1860 43.1277
97.1016 1836 42.8486
97.2188 1802 42.45
97.336 1731 41.6053
97.4532 1705 41.2916
97.5704 1763 41.9881
97.6877 1763 41.9881
97.805 1707 41.3159
97.9223 1709 41.3401
98.0396 1695 41.1704
98.1569 1789 42.2966
98.2743 1712 41.3763
98.3916 1801 42.4382
98.509 1796 42.3792
98.6264 1779 42.1782
98.7438 1735 41.6533
98.8612 1780 42.19
98.9786 1675 40.9268
99.096 1844 42.9418
99.2134 1902 43.6119
99.3308 1981 44.5084
99.4482 1930 43.9318
99.5656 1781 42.2019
99.6831 1979 44.486
99.8005 1921 43.8292
99.9179 1840 42.8952
100.035 1912 43.7264
100.153 1934 43.9773
100.27 1864 43.1741
100.388 1923 43.852
100.505 1901 43.6005
100.622 1898 43.566
100.74 1843 42.9302
100.857 1848 42.9884
100.975 1760 41.9524
101.092 1869 43.2319
101.209 1819 42.6497
101.327 1794 42.3556
101.444 1816 42.6146
101.561 1772 42.0951
101.679 1835 42.8369
101.796 1856 43.0813
101.913 1952 44.1814
102.03 1969 44.3734
102.148 2009 44.8219
102.265 1947 44.1248
102.382 1880 43.359
102.499 1799 42.4146
102.616 1910 43.7035
102.733 2015 44.8888
102.851 2045 45.2217
102.968 2121 46.0543
103.085 2010 44.833
103.202 2075 45.5522
103.319 1976 44.4522
103.436 2054 45.3211
103.552 1924 43.8634
103.669 2143 46.2925
103.786 1954 44.2041
103.903 2141 46.2709
104.02 1981 44.5084
104.137 1995 44.6654
104.253 2099 45.8148
104.37 1887 43.4396
104.487 1881 43.3705
104.603 1924 43.8634
104.72 1860 43.1277
104.836 1859 43.1161
104.953 1862 43.1509
105.069 1803 42.4617
105.186 1691 41.1218
105.302 1586 39.8246
105.418 1541 39.2556
105.535 1409 37.5366
105.651 1368 36.9865
105.767 1243 35.2562
105.883 1105 33.2415
105.999 1012 31.8119
106.115 0 1
106.231 0 1
106.347 0 1
106.463 0 1
106.579 0 1
106.694 0 1
106.81 0 1
106.926 0 1
107.041 0 1
107.157 0 1
109.576 0 1
109.692 0 1
109.807 0 1
109.923 0 1
110.039 0 1
110.155 0 1
110.27 0 1
110.386 0 1
110.502 0 1
110.618 1024 32
110.735 1354 36.7967
110.851 1420 37.6829
110.967 1560 39.4968
111.083 1553 39.4081
111.199 1561 39.5095
111.316 1690 41.1096
111.432 1789 42.2966
111.549 1953 44.1928
111.665 1857 43.0929
111.782 1815 42.6028
111.898 1831 42.7902
112.015 1805 42.4853
112.132 1863 43.1625
112.248 1781 42.2019
112.365 1895 43.5316
112.482 1849 43
112.599 1885 43.4166
112.716 1841 42.9069
112.832 1860 43.1277
112.949 1774 42.1189
113.066 1707 41.3159
113.183 1687 41.0731
113.3 1718 41.4488
113.417 1664 40.7922
113.534 1572 39.6485
113.652 1647 40.5832
113.769 1459 38.1969
113.886 1552 39.3954
114.003 1601 40.0125
114.12 1701 41.2432
114.238 1744 41.7612
114.355 1747 41.7971
114.472 1734 41.6413
114.589 1603 40.0375
114.707 1622 40.2741
114.824 1666 40.8167
114.942 1683 41.0244
115.059 1796 42.3792
115.176 1800 42.4264
115.294 1693 41.1461
115.411 1703 41.2674
115.529 1652 40.6448
115.646 1685 41.0488
115.764 1719 41.4608
115.881 1599 39.9875
115.999 1655 40.6817
116.116 1727 41.5572
116.234 1684 41.0366
116.351 1752 41.8569
116.469 1635 40.4351
116.586 1560 39.4968
116.704 1589 39.8623
116.821 1594 39.9249
116.939 1527 39.0768
117.056 1499 38.7169
117.174 1430 37.8153
117.291 1417 37.6431
117.409 1384 37.2022
117.526 1454 38.1314
117.644 1527 39.0768
117.761 1575 39.6863
117.879 1600 40
117.996 1574 39.6737
118.114 1543 39.281
118.231 1557 39.4588
118.349 1561 39.5095
118.466 1571 39.6358
118.584 1610 40.1248
118.701 1613 40.1622
118.819 1579 39.7366
118.936 1459 38.1969
119.053 1594 39.9249
119.171 1520 38.9872
119.288 1570 39.6232
119.405 1558 39.4715
119.523 1500 38.7298
119.64 1548 39.3446
119.757 1597 39.9625
119.875 1504 38.7814
119.992 1562 39.5221
120.109 1522 39.0128
120.226 1469 38.3275
120.343 1494 38.6523
120.46 1489 38.5876
120.578 1415 37.6165
120.695 1337 36.565
120.812 1427 37.7757
120.929 1293 35.9583
121.046 1369 37
121.163 1314 36.2491
121.279 1367 36.973
121.396 1400 37.4166
121.513 1420 37.6829
121.63 1432 37.8418
121.747 1370 37.0135
121.863 1341 36.6197
121.98 1316 36.2767
122.097 1327 36.428
122.213 1277 35.7351
122.33 1245 35.2846
122.446 1190 34.4964
122.563 1124 33.5261
122.679 967 31.0966
122.795 934 30.5614
122.912 936 30.5941
123.028 901 30.0167
123.144 858 29.2916
123.26 818 28.6007
123.377 0 1
123.493 0 1
123.609 0 1
123.725 0 1
123.84 0 1
123.956 0 1
124.072 0 1
124.188 0 1
124.303 0 1
124.419 0 1
126.852 0 1
126.968 0 1
127.083 0 1
127.199 0 1
127.315 0 1
127.431 0 1
127.547 0 1
127.663 0 1
127.779 0 1
127.895 0 1
128.011 0 1
128.127 0 1
128.243 0 1
128.359 1596 39.95
128.476 1733 41.6293
128.592 1745 41.7732
128.708 1762 41.9762
128.825 1800 42.4264
128.941 1792 42.332
129.058 1854 43.0581
129.174 1844 42.9418
129.291 1773 42.107
129.408 1754 41.8808
129.524 1829 42.7668
129.641 1722 41.497
129.758 1642 40.5216
129.875 1560 39.4968
129.992 1603 40.0375
130.108 1618 40.2244
130.225 1654 40.6694
130.342 1716 41.4246
130.459 1734 41.6413
130.576 1892 43.4971
130.693 1888 43.4511
130.81 1979 44.486
130.928 1968 44.3621
131.045 1935 43.9886
131.162 2023 44.9778
131.279 2174 46.6262
131.396 2271 47.655
131.513 2349 48.4665
131.631 2247 47.4025
131.748 2278 47.7284
131.865 2373 48.7134
131.983 2610 51.0882
132.1 2739 52.3355
132.217 2828 53.1789
132.335 2965 54.4518
132.452 3177 56.3649
132.57 3100 55.6776
132.687 3298 57.4282
132.804 3555 59.6238
132.922 3562 59.6825
133.039 3602 60.0167
133.157 3572 59.7662
133.274 3570 59.7495
133.392 3566 59.716
133.509 3545 59.5399
133.627 3416 58.4466
133.744 3283 57.2975
133.862 3540 59.4979
133.979 3444 58.6856
134.097 3610 60.0833
134.214 3627 60.2246
134.332 3563 59.6909
134.449 3599 59.9917
134.567 3445 58.6941
134.684 3298 57.4282
134.802 3338 57.7754
134.919 3421 58.4893
135.037 3341 57.8014
135.154 3323 57.6455
135.272 2964 54.4426
135.389 3046 55.1906
135.507 3134 55.9821
135.624 3333 57.7321
135.742 3515 59.2874
135.859 3352 57.8965
135.977 3360 57.9655
136.094 3336 57.7581
136.211 3326 57.6715
136.329 3227 56.8067
136.446 3303 57.4717
136.564 3175 56.3471
136.681 3400 58.3095
136.798 3316 57.5847
136.915 3360 57.9655
137.033 3214 56.6922
137.15 3041 55.1453
137.267 2964 54.4426
137.384 3085 55.5428
137.502 2990 54.6809
137.619 3025 55
137.736 3185 56.4358
137.853 3041 55.1453
137.97 3301 57.4543
138.087 3138 56.0179
138.204 3141 56.0446
138.321 3025 55
138.438 3153 56.1516
138.555 3158 56.1961
138.672 3214 56.6922
138.788 3131 55.9553
138.905 2822 53.1225
139.022 2838 53.2729
139.139 2916 54
139.255 3072 55.4256
139.372 2996 54.7357
139.488 2902 53.8702
139.605 2698 51.9423
139.721 2489 49.8899
139.838 2309 48.0521
139.954 2171 46.594
140.071 2071 45.5082
140.187 2067 45.4643
140.303 1878 43.3359
140.419 1740 41.7133
140.535 1797 42.391
140.652 1667 40.8289
140.768 0 1
140.884 0 1
141 0 1
141.115 0 1
141.231 0 1
141.347 0 1
141.463 0 1
141.578 0 1
141.694 0 1
144.104 0 1
144.219 0 1
144.335 0 1
144.45 0 1
144.566 0 1
144.682 0 1
144.798 0 1
144.914 0 1
145.03 0 1
145.146 3202 56.5862
145.262 3327 57.6802
145.378 3366 58.0172
145.494 3387 58.1979
145.61 3484 59.0254
145.726 3455 58.7792
145.842 3491 59.0847
145.959 3495 59.1185
146.075 3480 58.9915
146.192 3578 59.8164
146.308 3663 60.5227
146.425 3694 60.7783
146.541 3743 61.1801
146.658 3913 62.554
146.774 4146 64.3894
146.891 4161 64.5058
147.008 4189 64.7225
147.125 3999 63.2376
147.241 4112 64.1249
147.358 4104 64.0625
147.475 4139 64.3351
147.592 3818 61.79
147.709 3920 62.6099
147.826 4204 64.8383
147.943 4231 65.0461
148.06 4347 65.9318
148.177 4486 66.9776
148.294 4467 66.8356
148.411 4469 66.8506
148.528 4394 66.2873
148.645 4536 67.3498
148.762 4489 67
148.88 4433 66.5808
148.997 4610 67.897
149.114 4374 66.1362
149.231 4642 68.1322
149.349 4645 68.1542
149.466 4500 67.082
149.583 4496 67.0522
149.701 4397 66.3099
149.818 4387 66.2344
149.935 4403 66.3551
150.053 4510 67.1565
150.17 4414 66.4379
150.287 4475 66.8954
150.405 4564 67.5574
150.522 4505 67.1193
150.64 4548 67.4389
150.757 4182 64.6684
150.875 4321 65.7343
150.992 4367 66.0833
151.11 3977 63.0635
151.227 3878 62.2736
151.344 3653 60.4401
151.462 4011 63.3325
151.579 3937 62.7455
151.697 4155 64.4593
151.814 4266 65.3146
151.932 4292 65.5134
152.049 4497 67.0597
152.167 4381 66.1891
152.284 4430 66.5582
152.402 4430 66.5582
152.519 4374 66.1362
152.636 4296 65.5439
152.754 4241 65.123
152.871 4298 65.5591
152.989 4353 65.9773
153.106 4286 65.4675
153.223 4115 64.1483
153.341 3999 63.2376
153.458 3991 63.1744
153.575 3894 62.4019
153.693 3876 62.2575
153.81 3972 63.0238
153.927 3976 63.0555
154.044 4031 63.4902
154.162 3865 62.1691
154.279 3742 61.1719
154.396 3798 61.6279
154.513 3731 61.0819
154.63 3733 61.0983
154.747 3470 58.9067
154.864 3316 57.5847
154.981 3154 56.1605
155.098 3234 56.8683
155.215 3419 58.4722
155.332 3399 58.3009
155.449 3613 60.1082
155.566 3613 60.1082
155.683 3591 59.925
155.8 3589 59.9083
155.917 3482 59.0085
156.033 3310 57.5326
156.15 0 1
156.267 0 1
156.383 0 1
156.5 0 1
156.617 0 1
156.733 0 1
156.85 0 1
156.966 0 1
157.082 0 1
157.199 0 1
157.315 0 1
157.431 0 1
157.547 0 1
157.664 0 1
157.78 0 1
157.896 0 1
158.012 0 1
158.128 0 1
158.244 0 1
158.359 0 1
158.475 0 1
158.591 0 1
158.706 0 1
