
6.15755 0 1
6.2731 0 1
6.3887 0 1
6.50437 0 1
6.62009 0 1
6.73587 0 1
6.8517 0 1
6.96759 0 1
7.08353 0 1
7.19952 0 1
7.31557 0 1
7.43166 0 1
7.54781 0 1
7.664 0 1
7.78024 0 1
7.89653 0 1
8.01286 0 1
8.12924 0 1
8.24567 0 1
8.36213 0 1
8.47864 0 1
8.59519 0 1
8.71178 0 1
8.82841 0 1
8.94508 0 1
9.06179 0 1
9.17853 0 1
9.29531 0 1
9.41212 0 1
9.52897 0 1
9.64584 0 1
9.76276 0 1
9.8797 0 1
9.99667 0 1
10.1137 0 1
10.2307 0 1
10.3478 0 1
10.4648 0 1
10.5819 0 1
10.6991 0 1
10.8162 0 1
10.9334 0 1
11.0506 0 1
11.1678 0 1
11.285 0 1
11.4023 0 1
11.5196 0 1
11.6369 0 1
11.7542 0 1
11.8715 0 1
11.9888 0 1
12.1062 0 1
12.2235 0 1
12.3409 0 1
12.4582 0 1
12.5756 0 1
12.693 0 1
12.8104 0 1
12.9278 0 1
13.0452 0 1
13.1626 0 1
13.28 0 1
13.3974 0 1
13.5149 0 1
13.6323 0 1
13.7497 0 1
13.8671 0 1
13.9845 0 1
14.1019 0 1
14.2193 0 1
14.3367 0 1
14.4541 0 1
14.5714 0 1
14.6888 0 1
14.8062 0 1
14.9235 0 1
15.0408 876 29.5973
15.1581 919 30.315
15.2755 926 30.4302
15.3927 968 31.1127
15.51 990 31.4643
15.6273 998 31.5911
15.7445 932 30.5287
15.8617 917 30.282
15.9789 958 30.9516
16.0961 926 30.4302
16.2132 950 30.8221
16.3304 921 30.348
16.4475 985 31.3847
16.5646 1017 31.8904
16.6816 1022 31.9687
16.7986 1076 32.8024
16.9156 1095 33.0908
17.0326 1103 33.2114
17.1496 1042 32.28
17.2665 1082 32.8938
17.3833 1140 33.7639
17.5002 1034 32.1559
17.617 994 31.5278
17.7338 1060 32.5576
17.8505 1024 32
17.9672 947 30.7734
18.0839 955 30.9031
18.2005 939 30.6431
18.3171 991 31.4802
18.4337 1057 32.5115
18.5502 1039 32.2335
18.6666 1026 32.0312
18.7831 1021 31.9531
18.8994 1079 32.8481
19.0158 1076 32.8024
19.1321 1054 32.4654
19.2483 990 31.4643
19.3645 957 30.9354
19.4806 858 29.2916
19.5967 849 29.1376
19.7128 736 27.1293
19.8288 711 26.6646
19.9447 626 25.02
20.0606 0 1
20.1764 0 1
20.2922 0 1
20.4079 0 1
20.5236 0 1
20.6392 0 1
20.7548 0 1
20.8702 0 1
23.3078 0 1
23.4233 0 1
23.539 0 1
23.6547 0 1
23.7704 0 1
23.8862 0 1
24.0021 0 1
24.118 0 1
24.234 0 1
24.35 0 1
24.4661 431 20.7605
24.5822 533 23.0868
24.6984 617 24.8395
24.8146 613 24.7588
24.9309 680 26.0768
25.0472 765 27.6586
25.1636 791 28.1247
25.28 864 29.3939
25.3965 907 30.1164
25.513 1013 31.8277
25.6296 1028 32.0624
25.7462 1043 32.2955
25.8628 1194 34.5543
25.9795 1161 34.0735
26.0962 1095 33.0908
26.213 1127 33.5708
26.3298 1041 32.2645
26.4466 1018 31.9061
26.5635 939 30.6431
26.6804 991 31.4802
26.7973 956 30.9192
26.9143 987 31.4166
27.0313 1034 32.1559
27.1483 1055 32.4808
27.2653 1075 32.7872
27.3824 1125 33.541
27.4996 1106 33.2566
27.6167 1104 33.2265
27.7339 1003 31.6702
27.8511 1007 31.7333
27.9683 1015 31.8591
28.0855 989 31.4484
28.2028 954 30.8869
28.3201 923 30.3809
28.4374 910 30.1662
28.5547 861 29.3428
28.6721 932 30.5287
28.7894 958 30.9516
28.9068 1053 32.45
29.0242 1055 32.4808
29.1416 1152 33.9411
29.259 1023 31.9844
29.3764 1125 33.541
29.4939 1070 32.7109
29.6113 1071 32.7261
29.7288 1046 32.3419
29.8463 974 31.209
29.9638 941 30.6757
30.0812 916 30.2655
30.1987 1015 31.8591
30.3162 956 30.9192
30.4337 1008 31.749
30.5512 999 31.607
30.6687 937 30.6105
30.7862 1001 31.6386
30.9037 1062 32.5883
31.0212 1105 33.2415
31.1387 1027 32.0468
31.2562 1030 32.0936
31.3737 1013 31.8277
31.4912 979 31.289
31.6087 955 30.9031
31.7262 932 30.5287
31.8436 934 30.5614
31.9611 888 29.7993
32.0785 889 29.8161
32.1959 895 29.9166
32.3134 952 30.8545
32.4308 976 31.241
32.5482 921 30.348
32.6655 1045 32.3265
32.7829 1075 32.7872
32.9002 1030 32.0936
33.0176 1098 33.1361
33.1349 1052 32.4345
33.2522 987 31.4166
33.3694 1005 31.7017
33.4867 974 31.209
33.6039 860 29.3258
33.7211 857 29.2746
33.8383 846 29.0861
33.9554 965 31.0644
34.0725 904 30.0666
34.1896 967 31.0966
34.3067 974 31.209
34.4237 1000 31.6228
34.5407 984 31.3688
34.6577 1039 32.2335
34.7746 999 31.607
34.8915 968 31.1127
35.0084 1045 32.3265
35.1252 938 30.6268
35.242 961 31
35.3587 930 30.4959
35.4755 889 29.8161
35.5921 902 30.0333
35.7088 873 29.5466
35.8254 775 27.8388
35.9419 857 29.2746
36.0584 860 29.3258
36.1749 959 30.9677
36.2913 896 29.9333
36.4077 916 30.2655
36.524 837 28.931
36.6403 874 29.5635
36.7565 796 28.2135
36.8727 820 28.6356
36.9889 772 27.7849
37.1049 680 26.0768
37.221 0 1
37.3369 0 1
37.4529 0 1
37.5687 0 1
37.6845 0 1
37.8003 0 1
37.916 0 1
38.0316 0 1
38.1472 0 1
40.5851 0 1
40.7008 0 1
40.8164 0 1
40.9322 0 1
41.048 0 1
41.1639 0 1
41.2798 0 1
41.3958 0 1
41.5118 0 1
41.6279 0 1
41.744 473 21.7486
41.8602 547 23.388
41.9765 591 24.3105
42.0928 585 24.1868
42.2091 633 25.1595
42.3255 588 24.2487
42.4419 586 24.2074
42.5584 552 23.4947
42.675 624 24.98
42.7915 714 26.7208
42.9081 734 27.0924
43.0248 771 27.7669
43.1415 837 28.931
43.2582 829 28.7924
43.375 892 29.8664
43.4918 806 28.3901
43.6087 890 29.8329
43.7256 833 28.8617
43.8425 782 27.9643
43.9595 855 29.2404
44.0765 859 29.3087
44.1935 811 28.4781
44.3106 720 26.8328
44.4277 683 26.1343
44.5448 653 25.5539
44.6619 684 26.1534
44.7791 694 26.3439
44.8963 760 27.5681
45.0136 788 28.0713
45.1308 881 29.6816
45.2481 851 29.1719
45.3654 856 29.2575
45.4827 868 29.4618
45.6001 853 29.2062
45.7174 822 28.6705
45.8348 795 28.1957
45.9522 750 27.3861
46.0697 688 26.2298
46.1871 673 25.9422
46.3046 717 26.7769
46.422 740 27.2029
46.5395 771 27.7669
46.657 864 29.3939
46.7745 842 29.0172
46.892 861 29.3428
47.0096 902 30.0333
47.1271 915 30.249
47.2446 869 29.4788
47.3622 857 29.2746
47.4797 862 29.3598
47.5973 835 28.8964
47.7149 796 28.2135
47.8324 811 28.4781
47.95 761 27.5862
48.0675 689 26.2488
48.1851 688 26.2298
48.3027 713 26.7021
48.4202 751 27.4044
48.5378 792 28.1425
48.6554 816 28.5657
48.7729 870 29.4958
48.8904 830 28.8097
49.008 832 28.8444
49.1255 877 29.6142
49.243 854 29.2233
49.3605 731 27.037
49.478 700 26.4575
49.5955 638 25.2587
49.713 643 25.3574
49.8304 699 26.4386
49.9479 741 27.2213
50.0653 795 28.1957
50.1827 769 27.7308
50.3001 795 28.1957
50.4175 804 28.3549
50.5348 899 29.9833
50.6521 881 29.6816
50.7694 879 29.6479
50.8867 859 29.3087
51.004 824 28.7054
51.1212 843 29.0345
51.2384 815 28.5482
51.3556 755 27.4773
51.4727 770 27.7489
51.5899 692 26.3059
51.707 672 25.923
51.824 704 26.533
51.9411 788 28.0713
52.0581 817 28.5832
52.175 807 28.4077
52.2919 845 29.0689
52.4088 888 29.7993
52.5257 860 29.3258
52.6425 843 29.0345
52.7593 797 28.2312
52.876 844 29.0517
52.9927 819 28.6182
53.1094 720 26.8328
53.226 690 26.2679
53.3426 706 26.5707
53.4591 636 25.219
53.5756 622 24.9399
53.692 716 26.7582
53.8084 604 24.5764
53.9248 651 25.5147
54.0411 662 25.7294
54.1573 604 24.5764
54.2735 0 1
54.3896 0 1
54.5057 0 1
54.6217 0 1
54.7377 0 1
54.8537 0 1
54.9695 0 1
55.0853 0 1
55.2011 0 1
55.3168 0 1
55.4324 0 1
57.824 0 1
57.9396 0 1
58.0553 0 1
58.1711 0 1
58.2869 0 1
58.4028 0 1
58.5187 0 1
58.6347 0 1
58.7508 0 1
58.8669 0 1
58.983 656 25.6125
59.0992 709 26.6271
59.2155 780 27.9285
59.3318 815 28.5482
59.4482 803 28.3373
59.5646 926 30.4302
59.681 940 30.6594
59.7975 1047 32.3574
59.9141 925 30.4138
60.0306 963 31.0322
60.1473 932 30.5287
60.2639 923 30.3809
60.3807 917 30.282
60.4974 881 29.6816
60.6142 922 30.3645
60.731 968 31.1127
60.8479 1037 32.2025
60.9648 1078 32.8329
61.0818 1070 32.7109
61.1987 1089 33
61.3158 1111 33.3317
61.4328 1076 32.8024
61.5499 1003 31.6702
61.667 915 30.249
61.7841 901 30.0167
61.9013 855 29.2404
62.0185 868 29.4618
62.1357 934 30.5614
62.253 917 30.282
62.3702 1026 32.0312
62.4875 1019 31.9218
62.6049 1068 32.6803
62.7222 1117 33.4215
62.8396 1068 32.6803
62.9569 1075 32.7872
63.0743 1080 32.8634
63.1918 1074 32.7719
63.3092 1102 33.1964
63.4267 1094 33.0757
63.5441 969 31.1288
63.6616 999 31.607
63.7791 878 29.6311
63.8966 864 29.3939
64.0142 848 29.1204
64.1317 847 29.1033
64.2492 989 31.4484
64.3668 1018 31.9061
64.4843 1116 33.4066
64.6019 1074 32.7719
64.7195 1124 33.5261
64.837 1128 33.5857
64.9546 1066 32.6497
65.0722 1034 32.1559
65.1898 958 30.9516
65.3074 900 30
65.4249 799 28.2666
65.5425 824 28.7054
65.6601 852 29.189
65.7777 907 30.1164
65.8952 984 31.3688
66.0128 1026 32.0312
66.1304 1101 33.1813
66.2479 1069 32.6956
66.3655 1124 33.5261
66.483 1118 33.4365
66.6005 1079 32.8481
66.718 1020 31.9374
66.8355 1079 32.8481
66.953 1104 33.2265
67.0705 1144 33.8231
67.1879 1014 31.8434
67.3054 973 31.1929
67.4228 885 29.7489
67.5402 825 28.7228
67.6576 825 28.7228
67.7749 882 29.6985
67.8923 935 30.5778
68.0096 1056 32.4962
68.1269 1057 32.5115
68.2442 1159 34.0441
68.3614 1101 33.1813
68.4787 1102 33.1964
68.5958 1155 33.9853
68.713 1134 33.6749
68.8302 1031 32.1092
68.9473 1019 31.9218
69.0643 931 30.5123
69.1814 913 30.2159
69.2984 941 30.6757
69.4154 978 31.273
69.5323 1008 31.749
69.6492 1153 33.9559
69.7661 1239 35.1994
69.8829 1315 36.2629
69.9997 1191 34.5109
70.1165 1155 33.9853
70.2332 1147 33.8674
70.3499 1134 33.6749
70.4665 1141 33.7787
70.5831 1031 32.1092
70.6996 1019 31.9218
70.8161 925 30.4138
70.9326 868 29.4618
71.049 736 27.1293
71.1653 589 24.2693
71.2817 540 23.2379
71.3979 500 22.3607
71.5141 495 22.2486
71.6303 415 20.3715
71.7464 432 20.7846
71.8624 0 1
71.9784 0 1
72.0944 0 1
72.2102 0 1
72.3261 0 1
72.4418 0 1
72.5575 0 1
72.6732 0 1
75.1054 0 1
75.2209 0 1
75.3365 0 1
75.4521 0 1
75.5678 0 1
75.6835 0 1
75.7993 0 1
75.9151 0 1
76.031 0 1
76.147 706 26.5707
76.263 773 27.8029
76.3791 719 26.8142
76.4952 762 27.6043
76.6113 709 26.6271
76.7276 751 27.4044
76.8438 788 28.0713
76.9601 918 30.2985
77.0765 963 31.0322
77.1929 925 30.4138
77.3093 1020 31.9374
77.4258 951 30.8383
77.5423 987 31.4166
77.6589 971 31.1609
77.7755 850 29.1548
77.8921 787 28.0535
78.0088 758 27.5318
78.1256 707 26.5895
78.2423 695 26.3629
78.3591 679 26.0576
78.4759 807 28.4077
78.5928 820 28.6356
78.7097 835 28.8964
78.8266 883 29.7153
78.9436 963 31.0322
79.0606 935 30.5778
79.1776 986 31.4006
79.2946 969 31.1288
79.4117 1037 32.2025
79.5288 921 30.348
79.6459 1000 31.6228
79.7631 907 30.1164
79.8802 870 29.4958
79.9974 819 28.6182
80.1147 801 28.3019
80.2319 720 26.8328
80.3491 705 26.5518
80.4664 803 28.3373
80.5837 831 28.8271
80.701 930 30.4959
80.8183 948 30.7896
80.9357 965 31.0644
81.053 911 30.1828
81.1704 969 31.1288
81.2877 908 30.133
81.4051 971 31.1609
81.5225 847 29.1033
81.6399 782 27.9643
81.7573 723 26.8887
81.8747 737 27.1477
81.9922 699 26.4386
82.1096 769 27.7308
82.227 864 29.3939
82.3444 855 29.2404
82.4619 937 30.6105
82.5793 958 30.9516
82.6967 957 30.9354
82.8142 984 31.3688
82.9316 956 30.9192
83.049 1023 31.9844
83.1664 1056 32.4962
83.2838 934 30.5614
83.4012 1008 31.749
83.5186 923 30.3809
83.636 937 30.6105
83.7534 802 28.3196
83.8708 805 28.3725
83.9881 715 26.7395
84.1055 748 27.3496
84.2228 828 28.775
84.3401 858 29.2916
84.4575 959 30.9677
84.5747 944 30.7246
84.692 984 31.3688
84.8093 1051 32.4191
84.9265 963 31.0322
85.0437 936 30.5941
85.1609 831 28.8271
85.2781 817 28.5832
85.3952 749 27.3679
85.5123 666 25.807
85.6294 703 26.5141
85.7465 753 27.4408
85.8636 911 30.1828
85.9806 898 29.9666
86.0976 940 30.6594
86.2145 1002 31.6544
86.3315 966 31.0805
86.4484 1014 31.8434
86.5652 1035 32.1714
86.682 1082 32.8938
86.7988 1015 31.8591
86.9156 1047 32.3574
87.0323 984 31.3688
87.149 898 29.9666
87.2657 847 29.1033
87.3823 771 27.7669
87.4988 683 26.1343
87.6154 671 25.9037
87.7318 715 26.7395
87.8483 729 27
87.9647 770 27.7489
88.081 826 28.7402
88.1973 730 27.0185
88.3136 703 26.5141
88.4298 684 26.1534
88.546 676 26
88.6621 545 23.3452
88.7781 449 21.1896
88.8942 0 1
89.0101 0 1
89.126 0 1
89.2419 0 1
89.3577 0 1
89.4734 0 1
89.5891 0 1
89.7047 0 1
89.8203 0 1
89.9358 0 1
92.3269 0 1
92.4424 0 1
92.558 0 1
92.6736 0 1
92.7893 0 1
92.905 0 1
93.0208 0 1
93.1366 0 1
93.2525 0 1
93.3685 0 1
93.4845 0 1
93.6005 678 26.0384
93.7167 651 25.5147
93.8328 792 28.1425
93.949 811 28.4781
94.0653 805 28.3725
94.1816 815 28.5482
94.2979 801 28.3019
94.4143 833 28.8617
94.5307 753 27.4408
94.6472 761 27.5862
94.7637 693 26.3249
94.8803 802 28.3196
94.9969 847 29.1033
95.1135 864 29.3939
95.2302 893 29.8831
95.3469 901 30.0167
95.4637 935 30.5778
95.5805 1055 32.4808
95.6973 954 30.8869
95.8142 994 31.5278
95.9311 1076 32.8024
96.048 975 31.225
96.1649 948 30.7896
96.2819 938 30.6268
96.3989 933 30.545
96.516 869 29.4788
96.633 769 27.7308
96.7501 779 27.9106
96.8673 733 27.074
96.9844 813 28.5132
97.1016 815 28.5482
97.2188 894 29.8998
97.336 973 31.1929
97.4532 995 31.5436
97.5704 988 31.4325
97.6877 981 31.3209
97.805 961 31
97.9223 932 30.5287
98.0396 853 29.2062
98.1569 780 27.9285
98.2743 795 28.1957
98.3916 668 25.8457
98.509 815 28.5482
98.6264 846 29.0861
98.7438 902 30.0333
98.8612 922 30.3645
98.9786 987 31.4166
99.096 1080 32.8634
99.2134 999 31.607
99.3308 1056 32.4962
99.4482 1043 32.2955
99.5656 1030 32.0936
99.6831 1010 31.7805
99.8005 1004 31.686
99.9179 1075 32.7872
100.035 977 31.257
100.153 904 30.0666
100.27 830 28.8097
100.388 834 28.8791
100.505 840 28.9828
100.622 887 29.7825
100.74 963 31.0322
100.857 974 31.209
100.975 1066 32.6497
101.092 1039 32.2335
101.209 1029 32.078
101.327 1009 31.7648
101.444 1031 32.1092
101.561 893 29.8831
101.679 893 29.8831
101.796 744 27.2764
101.913 754 27.4591
102.03 779 27.9106
102.148 900 30
102.265 921 30.348
102.382 1067 32.665
102.499 1031 32.1092
102.616 1090 33.0151
102.733 1055 32.4808
102.851 1087 32.9697
102.968 1123 33.5112
103.085 1044 32.311
103.202 1116 33.4066
103.319 1059 32.5423
103.436 1117 33.4215
103.552 1042 32.28
103.669 959 30.9677
103.786 844 29.0517
103.903 807 28.4077
104.02 815 28.5482
104.137 915 30.249
104.253 1009 31.7648
104.37 1052 32.4345
104.487 1073 32.7567
104.603 1150 33.9116
104.72 1082 32.8938
104.836 1066 32.6497
104.953 986 31.4006
105.069 887 29.7825
105.186 796 28.2135
105.302 772 27.7849
105.418 681 26.096
105.535 755 27.4773
105.651 692 26.3059
105.767 772 27.7849
105.883 765 27.6586
105.999 680 26.0768
106.115 0 1
106.231 0 1
106.347 0 1
106.463 0 1
106.579 0 1
106.694 0 1
106.81 0 1
106.926 0 1
107.041 0 1
107.157 0 1
109.576 0 1
109.692 0 1
109.807 0 1
109.923 0 1
110.039 0 1
110.155 0 1
110.27 0 1
110.386 0 1
110.502 0 1
110.618 421 20.5183
110.735 539 23.2164
110.851 643 25.3574
110.967 774 27.8209
111.083 830 28.8097
111.199 868 29.4618
111.316 944 30.7246
111.432 953 30.8707
111.549 993 31.5119
111.665 1002 31.6544
111.782 1014 31.8434
111.898 973 31.1929
112.015 929 30.4795
112.132 915 30.249
112.248 865 29.4109
112.365 779 27.9106
112.482 754 27.4591
112.599 823 28.688
112.716 896 29.9333
112.832 929 30.4795
112.949 959 30.9677
113.066 1055 32.4808
113.183 995 31.5436
113.3 998 31.5911
113.417 1003 31.6702
113.534 919 30.315
113.652 927 30.4467
113.769 747 27.3313
113.886 735 27.1109
114.003 704 26.533
114.12 782 27.9643
114.238 873 29.5466
114.355 854 29.2233
114.472 898 29.9666
114.589 964 31.0483
114.707 973 31.1929
114.824 986 31.4006
114.942 991 31.4802
115.059 1010 31.7805
115.176 969 31.1288
115.294 1012 31.8119
115.411 977 31.257
115.529 953 30.8707
115.646 893 29.8831
115.764 906 30.0998
115.881 795 28.1957
115.999 756 27.4955
116.116 750 27.3861
116.234 870 29.4958
116.351 908 30.133
116.469 1020 31.9374
116.586 1001 31.6386
116.704 955 30.9031
116.821 1015 31.8591
116.939 1032 32.1248
117.056 1030 32.0936
117.174 930 30.4959
117.291 784 28
117.409 789 28.0891
117.526 713 26.7021
117.644 751 27.4044
117.761 795 28.1957
117.879 867 29.4449
117.996 971 31.1609
118.114 967 31.0966
118.231 888 29.7993
118.349 979 31.289
118.466 1018 31.9061
118.584 1035 32.1714
118.701 1008 31.749
118.819 1003 31.6702
118.936 1005 31.7017
119.053 994 31.5278
119.171 938 30.6268
119.288 923 30.3809
119.405 855 29.2404
119.523 771 27.7669
119.64 784 28
119.757 793 28.1603
119.875 840 28.9828
119.992 861 29.3428
120.109 943 30.7083
120.226 893 29.8831
120.343 969 31.1288
120.46 966 31.0805
120.578 974 31.209
120.695 938 30.6268
120.812 833 28.8617
120.929 842 29.0172
121.046 771 27.7669
121.163 712 26.6833
121.279 701 26.4764
121.396 746 27.313
121.513 737 27.1477
121.63 814 28.5307
121.747 780 27.9285
121.863 833 28.8617
121.98 821 28.6531
122.097 820 28.6356
122.213 836 28.9137
122.33 794 28.178
122.446 777 27.8747
122.563 719 26.8142
122.679 651 25.5147
122.795 709 26.6271
122.912 557 23.6008
123.028 505 22.4722
123.144 446 21.1187
123.26 406 20.1494
123.377 0 1
123.493 0 1
123.609 0 1
123.725 0 1
123.84 0 1
123.956 0 1
124.072 0 1
124.188 0 1
124.303 0 1
124.419 0 1
126.852 0 1
126.968 0 1
127.083 0 1
127.199 0 1
127.315 0 1
127.431 0 1
127.547 0 1
127.663 0 1
127.779 0 1
127.895 0 1
128.011 0 1
128.127 0 1
128.243 0 1
128.359 1019 31.9218
128.476 1020 31.9374
128.592 1001 31.6386
128.708 932 30.5287
128.825 1008 31.749
128.941 1006 31.7175
129.058 1067 32.665
129.174 1159 34.0441
129.291 1191 34.5109
129.408 1221 34.9428
129.524 1199 34.6266
129.641 1264 35.5528
129.758 1141 33.7787
129.875 1031 32.1092
129.992 1067 32.665
130.108 1012 31.8119
130.225 920 30.3315
130.342 846 29.0861
130.459 947 30.7734
130.576 1016 31.8748
130.693 1031 32.1092
130.81 1151 33.9264
130.928 1126 33.5559
131.045 1169 34.1906
131.162 1147 33.8674
131.279 1217 34.8855
131.396 1165 34.1321
131.513 1144 33.8231
131.631 1167 34.1614
131.748 1095 33.0908
131.865 1239 35.1994
131.983 1012 31.8119
132.1 1064 32.619
132.217 1026 32.0312
132.335 970 31.1448
132.452 1057 32.5115
132.57 1089 33
132.687 1212 34.8138
132.804 1221 34.9428
132.922 1228 35.0428
133.039 1184 34.4093
133.157 1255 35.426
133.274 1199 34.6266
133.392 1136 33.7046
133.509 1017 31.8904
133.627 980 31.305
133.744 986 31.4006
133.862 847 29.1033
133.979 948 30.7896
134.097 1068 32.6803
134.214 1094 33.0757
134.332 1091 33.0303
134.449 1110 33.3167
134.567 1186 34.4384
134.684 1172 34.2345
134.802 1134 33.6749
134.919 1172 34.2345
135.037 1215 34.8569
135.154 1095 33.0908
135.272 1139 33.7491
135.389 1094 33.0757
135.507 1094 33.0757
135.624 1096 33.1059
135.742 981 31.3209
135.859 1008 31.749
135.977 1029 32.078
136.094 1034 32.1559
136.211 1180 34.3511
136.329 1174 34.2637
136.446 1202 34.6699
136.564 1176 34.2929
136.681 1185 34.4238
136.798 1157 34.0147
136.915 1158 34.0294
137.033 1131 33.6303
137.15 1036 32.187
137.267 943 30.7083
137.384 879 29.6479
137.502 907 30.1164
137.619 880 29.6648
137.736 962 31.0161
137.853 950 30.8221
137.97 995 31.5436
138.087 1089 33
138.204 1153 33.9559
138.321 1139 33.7491
138.438 1037 32.2025
138.555 1147 33.8674
138.672 1019 31.9218
138.788 1099 33.1512
138.905 976 31.241
139.022 991 31.4802
139.139 894 29.8998
139.255 872 29.5296
139.372 742 27.2397
139.488 734 27.0924
139.605 687 26.2107
139.721 665 25.7876
139.838 745 27.2947
139.954 674 25.9615
140.071 698 26.4197
140.187 627 25.04
140.303 561 23.6854
140.419 490 22.1359
140.535 455 21.3307
140.652 482 21.9545
140.768 0 1
140.884 0 1
141 0 1
141.115 0 1
141.231 0 1
141.347 0 1
141.463 0 1
141.578 0 1
141.694 0 1
144.104 0 1
144.219 0 1
144.335 0 1
144.45 0 1
144.566 0 1
144.682 0 1
144.798 0 1
144.914 0 1
145.03 0 1
145.146 717 26.7769
145.262 792 28.1425
145.378 787 28.0535
145.494 813 28.5132
145.61 818 28.6007
145.726 783 27.9821
145.842 747 27.3313
145.959 736 27.1293
146.075 682 26.1151
146.192 635 25.1992
146.308 597 24.4336
146.425 633 25.1595
146.541 730 27.0185
146.658 689 26.2488
146.774 747 27.3313
146.891 743 27.258
147.008 800 28.2843
147.125 727 26.9629
147.241 770 27.7489
147.358 842 29.0172
147.475 807 28.4077
147.592 766 27.6767
147.709 801 28.3019
147.826 739 27.1846
147.943 722 26.8701
148.06 730 27.0185
148.177 644 25.3772
148.294 658 25.6515
148.411 723 26.8887
148.528 716 26.7582
148.645 753 27.4408
148.762 750 27.3861
148.88 785 28.0179
148.997 812 28.4956
149.114 763 27.6225
149.231 803 28.3373
149.349 819 28.6182
149.466 766 27.6767
149.583 698 26.4197
149.701 700 26.4575
149.818 670 25.8844
149.935 615 24.7992
150.053 637 25.2389
150.17 641 25.318
150.287 693 26.3249
150.405 719 26.8142
150.522 765 27.6586
150.64 771 27.7669
150.757 773 27.8029
150.875 766 27.6767
150.992 781 27.9464
151.11 773 27.8029
151.227 750 27.3861
151.344 688 26.2298
151.462 756 27.4955
151.579 765 27.6586
151.697 748 27.3496
151.814 672 25.923
151.932 644 25.3772
152.049 642 25.3377
152.167 684 26.1534
152.284 672 25.923
152.402 731 27.037
152.519 720 26.8328
152.636 749 27.3679
152.754 794 28.178
152.871 766 27.6767
152.989 765 27.6586
153.106 716 26.7582
153.223 726 26.9444
153.341 627 25.04
153.458 646 25.4165
153.575 621 24.9199
153.693 637 25.2389
153.81 635 25.1992
153.927 672 25.923
154.044 658 25.6515
154.162 697 26.4008
154.279 693 26.3249
154.396 763 27.6225
154.513 727 26.9629
154.63 774 27.8209
154.747 699 26.4386
154.864 715 26.7395
154.981 681 26.096
155.098 671 25.9037
155.215 663 25.7488
155.332 646 25.4165
155.449 612 24.7386
155.566 604 24.5764
155.683 652 25.5343
155.8 633 25.1595
155.917 653 25.5539
156.033 637 25.2389
156.15 0 1
156.267 0 1
156.383 0 1
156.5 0 1
156.617 0 1
156.733 0 1
156.85 0 1
156.966 0 1
157.082 0 1
157.199 0 1
157.315 0 1
157.431 0 1
157.547 0 1
157.664 0 1
157.78 0 1
157.896 0 1
158.012 0 1
158.128 0 1
158.244 0 1
158.359 0 1
158.475 0 1
158.591 0 1
158.706 0 1
