
6.15755 0 1
6.2731 0 1
6.3887 0 1
6.50437 0 1
6.62009 0 1
6.73587 0 1
6.8517 0 1
6.96759 0 1
7.08353 0 1
7.19952 0 1
7.31557 0 1
7.43166 0 1
7.54781 0 1
7.664 0 1
7.78024 0 1
7.89653 0 1
8.01286 0 1
8.12924 0 1
8.24567 0 1
8.36213 0 1
8.47864 0 1
8.59519 0 1
8.71178 0 1
8.82841 0 1
8.94508 0 1
9.06179 0 1
9.17853 0 1
9.29531 0 1
9.41212 0 1
9.52897 0 1
9.64584 0 1
9.76276 0 1
9.8797 0 1
9.99667 0 1
10.1137 0 1
10.2307 0 1
10.3478 0 1
10.4648 0 1
10.5819 0 1
10.6991 0 1
10.8162 0 1
10.9334 0 1
11.0506 0 1
11.1678 0 1
11.285 0 1
11.4023 0 1
11.5196 0 1
11.6369 0 1
11.7542 0 1
11.8715 0 1
11.9888 0 1
12.1062 0 1
12.2235 0 1
12.3409 0 1
12.4582 0 1
12.5756 0 1
12.693 0 1
12.8104 0 1
12.9278 0 1
13.0452 0 1
13.1626 0 1
13.28 0 1
13.3974 0 1
13.5149 0 1
13.6323 0 1
13.7497 0 1
13.8671 0 1
13.9845 0 1
14.1019 0 1
14.2193 0 1
14.3367 0 1
14.4541 0 1
14.5714 0 1
14.6888 0 1
14.8062 0 1
14.9235 0 1
15.0408 0 0
15.1581 0 0
15.2755 0 0
15.3927 0 0
15.51 0 0
15.6273 0 0
15.7445 0 0
15.8617 0 0
15.9789 0 0
16.0961 0 0
16.2132 0 0
16.3304 0 0
16.4475 0 0
16.5646 0 0
16.6816 0 0
16.7986 0 0
16.9156 0 0
17.0326 0 0
17.1496 0 0
17.2665 0 0
17.3833 0 0
17.5002 0 0
17.617 0 0
17.7338 0 0
17.8505 0 0
17.9672 0 0
18.0839 0 0
18.2005 0 0
18.3171 0 0
18.4337 0 0
18.5502 0 0
18.6666 0 0
18.7831 0 0
18.8994 0 0
19.0158 0 0
19.1321 0 0
19.2483 0 0
19.3645 0 0
19.4806 0 0
19.5967 0 0
19.7128 0 0
19.8288 0 0
19.9447 0 0
20.0606 0 1
20.1764 0 1
20.2922 0 1
20.4079 0 1
20.5236 0 1
20.6392 0 1
20.7548 0 1
20.8702 0 1
23.3078 0 1
23.4233 0 1
23.539 0 1
23.6547 0 1
23.7704 0 1
23.8862 0 1
24.0021 0 1
24.118 0 1
24.234 0 1
24.35 0 1
24.4661 4748 68.9057
24.5822 5603 74.8532
24.6984 6438 80.2371
24.8146 7377 85.8895
24.9309 7962 89.23
25.0472 8574 92.5959
25.1636 9459 97.2574
25.28 10087 100.434
25.3965 10862 104.221
25.513 11259 106.108
25.6296 11705 108.19
25.7462 12079 109.905
25.8628 12366 111.203
25.9795 12369 111.216
26.0962 12187 110.395
26.213 11834 108.784
26.3298 11165 105.665
26.4466 10564 102.781
26.5635 10151 100.752
26.6804 10072 100.359
26.7973 10551 102.718
26.9143 10970 104.738
27.0313 11089 105.304
27.1483 11384 106.696
27.2653 11432 106.921
27.3824 11889 109.037
27.4996 11845 108.835
27.6167 11925 109.202
27.7339 11209 105.873
27.8511 10868 104.25
27.9683 10826 104.048
28.0855 10487 102.406
28.2028 10292 101.449
28.3201 10103 100.514
28.4374 9906 99.5289
28.5547 10388 101.922
28.6721 10558 102.752
28.7894 11158 105.631
28.9068 11417 106.85
29.0242 11678 108.065
29.1416 11776 108.517
29.259 11867 108.936
29.3764 11581 107.615
29.4939 11525 107.355
29.6113 11432 106.921
29.7288 10821 104.024
29.8463 10455 102.25
29.9638 10016 100.08
30.0812 9907 99.5339
30.1987 9993 99.965
30.3162 10140 100.698
30.4337 10531 102.621
30.5512 10602 102.966
30.6687 10781 103.832
30.7862 11164 105.66
30.9037 11324 106.414
31.0212 11417 106.85
31.1387 11227 105.958
31.2562 11194 105.802
31.3737 10846 104.144
31.4912 10581 102.864
31.6087 10416 102.059
31.7262 10080 100.399
31.8436 9837 99.1817
31.9611 9343 96.6592
32.0785 9928 99.6393
32.1959 10255 101.267
32.3134 10672 103.305
32.4308 11185 105.759
32.5482 11175 105.712
32.6655 11401 106.775
32.7829 11456 107.033
32.9002 11445 106.981
33.0176 11348 106.527
33.1349 11385 106.701
33.2522 11116 105.432
33.3694 10638 103.141
33.4867 10321 101.592
33.6039 9771 98.8484
33.7211 9505 97.4936
33.8383 9679 98.3819
33.9554 9993 99.965
34.0725 10119 100.593
34.1896 10158 100.787
34.3067 10669 103.291
34.4237 10719 103.533
34.5407 10876 104.288
34.6577 11146 105.575
34.7746 11124 105.47
34.8915 11022 104.986
35.0084 10537 102.65
35.1252 10371 101.838
35.242 10122 100.608
35.3587 9829 99.1413
35.4755 9542 97.6832
35.5921 8948 94.5939
35.7088 8993 94.8314
35.8254 9525 97.5961
35.9419 9899 99.4937
36.0584 10181 100.901
36.1749 10222 101.104
36.2913 10577 102.845
36.4077 10280 101.39
36.524 9889 99.4435
36.6403 9615 98.0561
36.7565 9264 96.2497
36.8727 9135 95.5772
36.9889 8336 91.3017
37.1049 7597 87.1608
37.221 0 1
37.3369 0 1
37.4529 0 1
37.5687 0 1
37.6845 0 1
37.8003 0 1
37.916 0 1
38.0316 0 1
38.1472 0 1
40.5851 0 1
40.7008 0 1
40.8164 0 1
40.9322 0 1
41.048 0 1
41.1639 0 1
41.2798 0 1
41.3958 0 1
41.5118 0 1
41.6279 0 1
41.744 4995 70.6753
41.8602 5792 76.1052
41.9765 6318 79.4858
42.0928 6755 82.1888
42.2091 6742 82.1097
42.3255 6790 82.4015
42.4419 6869 82.8794
42.5584 6907 83.1084
42.675 7375 85.8778
42.7915 7982 89.342
42.9081 8425 91.7878
43.0248 8583 92.6445
43.1415 9019 94.9684
43.2582 9035 95.0526
43.375 9204 95.9375
43.4918 9421 97.0618
43.6087 9554 97.7446
43.7256 9426 97.0876
43.8425 8970 94.7101
43.9595 8950 94.6044
44.0765 8659 93.0537
44.1935 8581 92.6337
44.3106 8125 90.1388
44.4277 7723 87.8806
44.5448 7525 86.7468
44.6619 7698 87.7382
44.7791 8353 91.3947
44.8963 8629 92.8924
45.0136 9251 96.1821
45.1308 9412 97.0155
45.2481 9356 96.7264
45.3654 9368 96.7884
45.4827 9611 98.0357
45.6001 9341 96.6488
45.7174 9205 95.9427
45.8348 8881 94.2391
45.9522 8459 91.9728
46.0697 8366 91.4658
46.1871 8238 90.7634
46.3046 8217 90.6477
46.422 8547 92.45
46.5395 8871 94.186
46.657 9140 95.6033
46.7745 9305 96.4624
46.892 9449 97.206
47.0096 9671 98.3412
47.1271 9829 99.1413
47.2446 9926 99.6293
47.3622 9913 99.564
47.4797 9437 97.1442
47.5973 9365 96.7729
47.7149 8892 94.2974
47.8324 8587 92.6661
47.95 8020 89.5545
48.0675 7696 87.7268
48.1851 7784 88.227
48.3027 8073 89.8499
48.4202 8478 92.0761
48.5378 9344 96.6644
48.6554 9559 97.7701
48.7729 9609 98.0255
48.8904 9622 98.0918
49.008 9624 98.102
49.1255 9416 97.0361
49.243 9093 95.3572
49.3605 8843 94.0372
49.478 8592 92.693
49.5955 8206 90.587
49.713 8074 89.8554
49.8304 8169 90.3825
49.9479 8768 93.6376
50.0653 8868 94.1701
50.1827 9139 95.5981
50.3001 9339 96.6385
50.4175 9487 97.4012
50.5348 9506 97.4987
50.6521 9727 98.6256
50.7694 9910 99.549
50.8867 9697 98.4733
51.004 9727 98.6256
51.1212 9223 96.0365
51.2384 8885 94.2603
51.3556 8656 93.0376
51.4727 7945 89.1347
51.5899 7541 86.8389
51.707 7641 87.4128
51.824 8001 89.4483
51.9411 8572 92.5851
52.0581 9234 96.0937
52.175 9729 98.6357
52.2919 9511 97.5244
52.4088 9756 98.7725
52.5257 9531 97.6268
52.6425 9751 98.7472
52.7593 9768 98.8332
52.876 9453 97.2265
52.9927 9076 95.268
53.1094 8677 93.1504
53.226 8541 92.4175
53.3426 8099 89.9944
53.4591 8243 90.791
53.5756 8322 91.225
53.692 8570 92.5743
53.8084 8200 90.5539
53.9248 8013 89.5154
54.0411 7786 88.2383
54.1573 7528 86.764
54.2735 0 1
54.3896 0 1
54.5057 0 1
54.6217 0 1
54.7377 0 1
54.8537 0 1
54.9695 0 1
55.0853 0 1
55.2011 0 1
55.3168 0 1
55.4324 0 1
57.824 0 1
57.9396 0 1
58.0553 0 1
58.1711 0 1
58.2869 0 1
58.4028 0 1
58.5187 0 1
58.6347 0 1
58.7508 0 1
58.8669 0 1
58.983 5911 76.883
59.0992 6965 83.4566
59.2155 7694 87.7154
59.3318 8420 91.7606
59.4482 9221 96.026
59.5646 9870 99.3479
59.681 10304 101.509
59.7975 10558 102.752
59.9141 10612 103.015
60.0306 10219 101.089
60.1473 9922 99.6092
60.2639 9419 97.0515
60.3807 9166 95.7392
60.4974 9151 95.6609
60.6142 9664 98.3056
60.731 10438 102.167
60.8479 11037 105.057
60.9648 11703 108.18
61.0818 11588 107.648
61.1987 11752 108.407
61.3158 11551 107.476
61.4328 11532 107.387
61.5499 11052 105.128
61.667 10700 103.441
61.7841 10384 101.902
61.9013 10286 101.42
62.0185 10302 101.499
62.1357 10531 102.621
62.253 10996 104.862
62.3702 11241 106.024
62.4875 11361 106.588
62.6049 11616 107.778
62.7222 11818 108.711
62.8396 11985 109.476
62.9569 12346 111.113
63.0743 12310 110.95
63.1918 12062 109.827
63.3092 11721 108.264
63.4267 11651 107.94
63.5441 10812 103.981
63.6616 10118 100.588
63.7791 9203 95.9323
63.8966 8849 94.0691
64.0142 8704 93.2952
64.1317 9085 95.3153
64.2492 9937 99.6845
64.3668 10763 103.745
64.4843 11031 105.029
64.6019 11583 107.624
64.7195 11365 106.607
64.837 11517 107.317
64.9546 11326 106.424
65.0722 10851 104.168
65.1898 10772 103.788
65.3074 10356 101.764
65.4249 9936 99.6795
65.5425 9806 99.0252
65.6601 9991 99.955
65.7777 10322 101.597
65.8952 10835 104.091
66.0128 11324 106.414
66.1304 11406 106.799
66.2479 11558 107.508
66.3655 11808 108.665
66.483 11918 109.17
66.6005 11951 109.321
66.718 11698 108.157
66.8355 11663 107.995
66.953 11283 106.221
67.0705 11205 105.854
67.1879 10501 102.474
67.3054 9641 98.1886
67.4228 8597 92.72
67.5402 7989 89.3812
67.6576 7989 89.3812
67.7749 8394 91.6188
67.8923 9348 96.6851
68.0096 10202 101.005
68.1269 10725 103.562
68.2442 11031 105.029
68.3614 11150 105.594
68.4787 10900 104.403
68.5958 10718 103.528
68.713 10632 103.112
68.8302 10334 101.656
68.9473 10089 100.444
69.0643 9683 98.4022
69.1814 9512 97.5295
69.2984 9493 97.432
69.4154 9715 98.5647
69.5323 10076 100.379
69.6492 10512 102.528
69.7661 10829 104.062
69.8829 11004 104.9
69.9997 10818 104.01
70.1165 10871 104.264
70.2332 10666 103.276
70.3499 10364 101.804
70.4665 10091 100.454
70.5831 9792 98.9545
70.6996 9030 95.0263
70.8161 8585 92.6553
70.9326 7688 87.6812
71.049 6141 78.3645
71.1653 4993 70.6612
71.2817 4179 64.6452
71.3979 3934 62.7216
71.5141 3961 62.9365
71.6303 3896 62.4179
71.7464 3634 60.2827
71.8624 0 1
71.9784 0 1
72.0944 0 1
72.2102 0 1
72.3261 0 1
72.4418 0 1
72.5575 0 1
72.6732 0 1
75.1054 0 1
75.2209 0 1
75.3365 0 1
75.4521 0 1
75.5678 0 1
75.6835 0 1
75.7993 0 1
75.9151 0 1
76.031 0 1
76.147 5616 74.94
76.263 5766 75.9342
76.3791 5559 74.5587
76.4952 5637 75.08
76.6113 5491 74.1013
76.7276 5967 77.2464
76.8438 6788 82.3893
76.9601 7829 88.4816
77.0765 8664 93.0806
77.1929 9231 96.0781
77.3093 9205 95.9427
77.4258 9431 97.1133
77.5423 9389 96.8969
77.6589 9327 96.5764
77.7755 9143 95.619
77.8921 8692 93.2309
78.0088 8404 91.6733
78.1256 8413 91.7224
78.2423 8167 90.3715
78.3591 8310 91.1592
78.4759 8651 93.0108
78.5928 9010 94.921
78.7097 9369 96.7936
78.8266 9915 99.5741
78.9436 9941 99.7046
79.0606 9868 99.3378
79.1776 10038 100.19
79.2946 10052 100.26
79.4117 10141 100.703
79.5288 9865 99.3227
79.6459 9676 98.3667
79.7631 9539 97.6678
79.8802 8908 94.3822
79.9974 7965 89.2468
80.1147 6681 81.7374
80.2319 6145 78.3901
80.3491 6270 79.1833
80.4664 6839 82.6982
80.5837 7896 88.8594
80.701 8914 94.414
80.8183 9455 97.2368
80.9357 9559 97.7701
81.053 9706 98.519
81.1704 9657 98.27
81.2877 9663 98.3006
81.4051 9526 97.6012
81.5225 9233 96.0885
81.6399 8855 94.101
81.7573 8578 92.6175
81.8747 8497 92.1792
81.9922 8628 92.887
82.1096 8844 94.0425
82.227 9034 95.0474
82.3444 9251 96.1821
82.4619 9997 99.985
82.5793 10222 101.104
82.6967 10426 102.108
82.8142 10158 100.787
82.9316 10243 101.208
83.049 10397 101.966
83.1664 10019 100.095
83.2838 9831 99.1514
83.4012 9407 96.9897
83.5186 9206 95.9479
83.636 8491 92.1466
83.7534 7344 85.6971
83.8708 6102 78.1153
83.9881 5842 76.433
84.1055 6318 79.4858
84.2228 7224 84.9941
84.3401 8184 90.4655
84.4575 9110 95.4463
84.5747 9728 98.6306
84.692 9927 99.6343
84.8093 9975 99.8749
84.9265 9640 98.1835
85.0437 9471 97.3191
85.1609 9080 95.289
85.2781 8833 93.984
85.3952 8716 93.3595
85.5123 8554 92.4878
85.6294 8655 93.0323
85.7465 9172 95.7706
85.8636 9231 96.0781
85.9806 9586 97.9081
86.0976 9907 99.5339
86.2145 10279 101.385
86.3315 9936 99.6795
86.4484 10406 102.01
86.5652 10341 101.691
86.682 10258 101.282
86.7988 9948 99.7397
86.9156 9686 98.4175
87.0323 9361 96.7523
87.149 8892 94.2974
87.2657 7994 89.4092
87.3823 6735 82.067
87.4988 5697 75.4785
87.6154 5788 76.0789
87.7318 6168 78.5366
87.8483 7228 85.0176
87.9647 8437 91.8531
88.081 8554 92.4878
88.1973 8721 93.3863
88.3136 8337 91.3072
88.4298 7845 88.572
88.546 7217 84.9529
88.6621 6044 77.7432
88.7781 4749 68.913
88.8942 0 1
89.0101 0 1
89.126 0 1
89.2419 0 1
89.3577 0 1
89.4734 0 1
89.5891 0 1
89.7047 0 1
89.8203 0 1
89.9358 0 1
92.3269 0 1
92.4424 0 1
92.558 0 1
92.6736 0 1
92.7893 0 1
92.905 0 1
93.0208 0 1
93.1366 0 1
93.2525 0 1
93.3685 0 1
93.4845 0 1
93.6005 5567 74.6123
93.7167 6100 78.1025
93.8328 6616 81.3388
93.949 7220 84.9706
94.0653 7429 86.1916
94.1816 8006 89.4763
94.2979 8325 91.2414
94.4143 8826 93.9468
94.5307 9091 95.3467
94.6472 9031 95.0316
94.7637 9075 95.2628
94.8803 9409 97
94.9969 9536 97.6524
95.1135 9773 98.8585
95.2302 9929 99.6444
95.3469 10040 100.2
95.4637 10406 102.01
95.5805 10635 103.126
95.6973 10711 103.494
95.8142 10578 102.849
95.9311 10519 102.562
96.048 10287 101.425
96.1649 9976 99.8799
96.2819 9356 96.7264
96.3989 8755 93.5682
96.516 7947 89.1459
96.633 6998 83.654
96.7501 5956 77.1751
96.8673 5978 77.3175
96.9844 6459 80.3679
97.1016 7306 85.4751
97.2188 8334 91.2907
97.336 9548 97.7139
97.4532 9983 99.915
97.5704 10131 100.653
97.6877 10152 100.757
97.805 9853 99.2623
97.9223 9350 96.6954
98.0396 9269 96.2756
98.1569 8857 94.1116
98.2743 9029 95.0211
98.3916 8961 94.6626
98.509 9200 95.9166
98.6264 9323 96.5557
98.7438 9727 98.6256
98.8612 10014 100.07
98.9786 10305 101.514
99.096 10761 103.735
99.2134 10867 104.245
99.3308 10774 103.798
99.4482 10739 103.629
99.5656 10850 104.163
99.6831 10751 103.687
99.8005 10191 100.95
99.9179 9738 98.6813
100.035 9038 95.0684
100.153 8071 89.8387
100.27 6748 82.1462
100.388 6387 79.9187
100.505 6753 82.1766
100.622 7674 87.6014
100.74 9122 95.5092
100.857 9739 98.6864
100.975 10177 100.881
101.092 10307 101.523
101.209 10424 102.098
101.327 10230 101.143
101.444 10022 100.11
101.561 9852 99.2572
101.679 9517 97.5551
101.796 9291 96.3898
101.913 9273 96.2964
102.03 9481 97.3704
102.148 10040 100.2
102.265 9730 98.6408
102.382 10803 103.937
102.499 10655 103.223
102.616 10777 103.812
102.733 10899 104.398
102.851 11304 106.32
102.968 11070 105.214
103.085 11180 105.736
103.202 11173 105.702
103.319 10670 103.296
103.436 9940 99.6995
103.552 9149 95.6504
103.669 8370 91.4877
103.786 6954 83.3906
103.903 6577 81.0987
104.02 6740 82.0975
104.137 7916 88.9719
104.253 9147 95.6399
104.37 10316 101.568
104.487 10401 101.985
104.603 10600 102.956
104.72 10495 102.445
104.836 10332 101.646
104.953 9652 98.2446
105.069 9417 97.0412
105.186 9332 96.6023
105.302 9006 94.8999
105.418 8917 94.4299
105.535 8874 94.2019
105.651 9093 95.3572
105.767 8831 93.9734
105.883 8286 91.0275
105.999 7683 87.6527
106.115 0 1
106.231 0 1
106.347 0 1
106.463 0 1
106.579 0 1
106.694 0 1
106.81 0 1
106.926 0 1
107.041 0 1
107.157 0 1
109.576 0 1
109.692 0 1
109.807 0 1
109.923 0 1
110.039 0 1
110.155 0 1
110.27 0 1
110.386 0 1
110.502 0 1
110.618 3773 61.4248
110.735 4921 70.1498
110.851 5446 73.797
110.967 6092 78.0513
111.083 6995 83.6361
111.199 7745 88.0057
111.316 8281 91
111.432 8818 93.9042
111.549 9028 95.0158
111.665 9495 97.4423
111.782 9812 99.0555
111.898 9375 96.8246
112.015 8817 93.8989
112.132 8006 89.4763
112.248 7019 83.7795
112.365 5815 76.2561
112.482 5580 74.6994
112.599 5947 77.1168
112.716 6762 82.2314
112.832 7893 88.8426
112.949 8855 94.101
113.066 9072 95.247
113.183 9268 96.2705
113.3 9382 96.8607
113.417 9338 96.6333
113.534 9191 95.8697
113.652 8934 94.5198
113.769 8575 92.6013
113.886 8746 93.5201
114.003 8624 92.8655
114.12 8794 93.7763
114.238 9049 95.1262
114.355 9445 97.1854
114.472 9815 99.0707
114.589 9427 97.0927
114.707 9992 99.96
114.824 10084 100.419
114.942 10175 100.871
115.059 10117 100.583
115.176 10000 100
115.294 10032 100.16
115.411 9726 98.6205
115.529 9294 96.4054
115.646 8725 93.4077
115.764 7641 87.4128
115.881 6391 79.9437
115.999 5700 75.4983
116.116 5904 76.8375
116.234 6470 80.4363
116.351 7598 87.1665
116.469 8510 92.2497
116.586 8813 93.8776
116.704 9058 95.1735
116.821 9082 95.2995
116.939 9230 96.0729
117.056 9072 95.247
117.174 9035 95.0526
117.291 8727 93.4184
117.409 8691 93.2255
117.526 8704 93.2952
117.644 8549 92.4608
117.761 8892 94.2974
117.879 9257 96.2133
117.996 9363 96.7626
118.114 9609 98.0255
118.231 9674 98.3565
118.349 9903 99.5138
118.466 9743 98.7066
118.584 10010 100.05
118.701 10020 100.1
118.819 9934 99.6695
118.936 9587 97.9132
119.053 9233 96.0885
119.171 8795 93.7817
119.288 7976 89.3085
119.405 7106 84.2971
119.523 5983 77.3499
119.64 5504 74.1889
119.757 5669 75.2928
119.875 6291 79.3158
119.992 7264 85.2291
120.109 7978 89.3197
120.226 8306 91.1373
120.343 8649 93
120.46 8765 93.6216
120.578 8788 93.7443
120.695 8426 91.7932
120.812 8669 93.1075
120.929 8279 90.989
121.046 7902 88.8932
121.163 8069 89.8276
121.279 8132 90.1776
121.396 8082 89.8999
121.513 8543 92.4284
121.63 8529 92.3526
121.747 8769 93.6429
121.863 8695 93.247
121.98 8858 94.1169
122.097 8801 93.8136
122.213 8858 94.1169
122.33 8624 92.8655
122.446 8413 91.7224
122.563 8002 89.4539
122.679 7545 86.862
122.795 6934 83.2706
122.912 5728 75.6836
123.028 4746 68.8912
123.144 3632 60.2661
123.26 2902 53.8702
123.377 0 1
123.493 0 1
123.609 0 1
123.725 0 1
123.84 0 1
123.956 0 1
124.072 0 1
124.188 0 1
124.303 0 1
124.419 0 1
126.852 0 1
126.968 0 1
127.083 0 1
127.199 0 1
127.315 0 1
127.431 0 1
127.547 0 1
127.663 0 1
127.779 0 1
127.895 0 1
128.011 0 1
128.127 0 1
128.243 0 1
128.359 7126 84.4156
128.476 7390 85.9651
128.592 6929 83.2406
128.708 5943 77.0909
128.825 5969 77.2593
128.941 6616 81.3388
129.058 7474 86.4523
129.174 8553 92.4824
129.291 9174 95.781
129.408 9376 96.8297
129.524 9405 96.9794
129.641 9617 98.0663
129.758 9625 98.1071
129.875 9409 97
129.992 9450 97.2111
130.108 9262 96.2393
130.225 9000 94.8683
130.342 9074 95.2575
130.459 9308 96.478
130.576 9564 97.7957
130.693 9657 98.27
130.81 9860 99.2975
130.928 9740 98.6914
131.045 9955 99.7747
131.162 9907 99.5339
131.279 9943 99.7146
131.396 9864 99.3177
131.513 9624 98.102
131.631 9659 98.2802
131.748 9220 96.0208
131.865 8826 93.9468
131.983 8196 90.5318
132.1 7203 84.8705
132.217 6229 78.924
132.335 6111 78.1729
132.452 6477 80.4798
132.57 7323 85.5745
132.687 8299 91.0988
132.804 8948 94.5939
132.922 9287 96.3691
133.039 9194 95.8853
133.157 9353 96.7109
133.274 9571 97.8315
133.392 9465 97.2882
133.509 9248 96.1665
133.627 9262 96.2393
133.744 9036 95.0579
133.862 9101 95.3992
133.979 9130 95.551
134.097 9254 96.1977
134.214 9365 96.7729
134.332 9672 98.3463
134.449 9733 98.656
134.567 9761 98.7978
134.684 9737 98.6762
134.802 9475 97.3396
134.919 9633 98.1478
135.037 9491 97.4218
135.154 9337 96.6282
135.272 9287 96.3691
135.389 8859 94.1223
135.507 8477 92.0706
135.624 7727 87.9034
135.742 6580 81.1172
135.859 5963 77.2205
135.977 6330 79.5613
136.094 7004 83.6899
136.211 7857 88.6397
136.329 8650 93.0054
136.446 9041 95.0842
136.564 8994 94.8367
136.681 9105 95.4201
136.798 9218 96.0104
136.915 9226 96.0521
137.033 9258 96.2185
137.15 9040 95.0789
137.267 9169 95.7549
137.384 9007 94.9052
137.502 8993 94.8314
137.619 8936 94.5304
137.736 9135 95.5772
137.853 8849 94.0691
137.97 9190 95.8645
138.087 9439 97.1545
138.204 9321 96.5453
138.321 9315 96.5142
138.438 9234 96.0937
138.555 9287 96.3691
138.672 9026 95.0053
138.788 8904 94.361
138.905 8413 91.7224
139.022 8201 90.5594
139.139 7581 87.0689
139.255 7350 85.7321
139.372 6152 78.4347
139.488 5128 71.6101
139.605 5326 72.9794
139.721 5349 73.1369
139.838 5769 75.9539
139.954 6264 79.1454
140.071 6222 78.8797
140.187 5328 72.9932
140.303 4752 68.9348
140.419 4218 64.9461
140.535 4013 63.3482
140.652 3662 60.5145
140.768 0 1
140.884 0 1
141 0 1
141.115 0 1
141.231 0 1
141.347 0 1
141.463 0 1
141.578 0 1
141.694 0 1
144.104 0 1
144.219 0 1
144.335 0 1
144.45 0 1
144.566 0 1
144.682 0 1
144.798 0 1
144.914 0 1
145.03 0 1
145.146 5354 73.171
145.262 5962 77.214
145.378 6740 82.0975
145.494 6799 82.456
145.61 6948 83.3547
145.726 6956 83.4026
145.842 7197 84.8351
145.959 7087 84.1843
146.075 6980 83.5464
146.192 6939 83.3007
146.308 6818 82.5712
146.425 6827 82.6257
146.541 6849 82.7587
146.658 7085 84.1724
146.774 7226 85.0059
146.891 7158 84.605
147.008 7179 84.729
147.125 7075 84.113
147.241 7276 85.2995
147.358 7260 85.2056
147.475 7190 84.7939
147.592 7117 84.3623
147.709 6727 82.0183
147.826 6385 79.9062
147.943 6273 79.2023
148.06 5898 76.7984
148.177 5230 72.3187
148.294 4964 70.4557
148.411 5142 71.7077
148.528 5424 73.6478
148.645 5900 76.8115
148.762 6778 82.3286
148.88 6825 82.6136
148.997 7068 84.0714
149.114 6975 83.5165
149.231 6912 83.1384
149.349 7133 84.4571
149.466 6963 83.4446
149.583 7213 84.9294
149.701 6929 83.2406
149.818 7037 83.8868
149.935 6834 82.668
150.053 6873 82.9036
150.17 6803 82.4803
150.287 6928 83.2346
150.405 7077 84.1249
150.522 7056 84
150.64 7176 84.7113
150.757 7201 84.8587
150.875 7206 84.8882
150.992 7184 84.7585
151.11 7147 84.5399
151.227 7005 83.6959
151.344 6804 82.4864
151.462 6552 80.9444
151.579 6195 78.7083
151.697 5929 77
151.814 5323 72.9589
151.932 5111 71.4913
152.049 5038 70.9789
152.167 5464 73.9189
152.284 5827 76.3348
152.402 6560 80.9938
152.519 6780 82.3408
152.636 6990 83.6062
152.754 7005 83.6959
152.871 6894 83.0301
152.989 7015 83.7556
153.106 6822 82.5954
153.223 6998 83.654
153.341 6970 83.4865
153.458 6856 82.801
153.575 6795 82.4318
153.693 6775 82.3104
153.81 6898 83.0542
153.927 6986 83.5823
154.044 7062 84.0357
154.162 7027 83.8272
154.279 7117 84.3623
154.396 7167 84.6581
154.513 6964 83.4506
154.63 7075 84.113
154.747 7116 84.3564
154.864 6992 83.6182
154.981 6794 82.4257
155.098 6333 79.5801
155.215 6117 78.2113
155.332 5786 76.0658
155.449 5169 71.8958
155.566 4906 70.0428
155.683 5286 72.7049
155.8 5604 74.8599
155.917 6017 77.5693
156.033 6390 79.9375
156.15 0 1
156.267 0 1
156.383 0 1
156.5 0 1
156.617 0 1
156.733 0 1
156.85 0 1
156.966 0 1
157.082 0 1
157.199 0 1
157.315 0 1
157.431 0 1
157.547 0 1
157.664 0 1
157.78 0 1
157.896 0 1
158.012 0 1
158.128 0 1
158.244 0 1
158.359 0 1
158.475 0 1
158.591 0 1
158.706 0 1
