
6.15755 0 1
6.2731 0 1
6.3887 0 1
6.50437 0 1
6.62009 0 1
6.73587 0 1
6.8517 0 1
6.96759 0 1
7.08353 0 1
7.19952 0 1
7.31557 0 1
7.43166 0 1
7.54781 0 1
7.664 0 1
7.78024 0 1
7.89653 0 1
8.01286 0 1
8.12924 0 1
8.24567 0 1
8.36213 0 1
8.47864 0 1
8.59519 0 1
8.71178 0 1
8.82841 0 1
8.94508 0 1
9.06179 0 1
9.17853 0 1
9.29531 0 1
9.41212 0 1
9.52897 0 1
9.64584 0 1
9.76276 0 1
9.8797 0 1
9.99667 0 1
10.1137 0 1
10.2307 0 1
10.3478 0 1
10.4648 0 1
10.5819 0 1
10.6991 0 1
10.8162 0 1
10.9334 0 1
11.0506 0 1
11.1678 0 1
11.285 0 1
11.4023 0 1
11.5196 0 1
11.6369 0 1
11.7542 0 1
11.8715 0 1
11.9888 0 1
12.1062 0 1
12.2235 0 1
12.3409 0 1
12.4582 0 1
12.5756 0 1
12.693 0 1
12.8104 0 1
12.9278 0 1
13.0452 0 1
13.1626 0 1
13.28 0 1
13.3974 0 1
13.5149 0 1
13.6323 0 1
13.7497 0 1
13.8671 0 1
13.9845 0 1
14.1019 0 1
14.2193 0 1
14.3367 0 1
14.4541 0 1
14.5714 0 1
14.6888 0 1
14.8062 0 1
14.9235 0 1
15.0408 1571 39.6358
15.1581 1623 40.2865
15.2755 1750 41.833
15.3927 1805 42.4853
15.51 1818 42.638
15.6273 1758 41.9285
15.7445 1730 41.5933
15.8617 1759 41.9404
15.9789 1642 40.5216
16.0961 1629 40.3609
16.2132 1611 40.1373
16.3304 1657 40.7063
16.4475 1604 40.05
16.5646 1591 39.8873
16.6816 1493 38.6394
16.7986 1506 38.8072
16.9156 1442 37.9737
17.0326 1415 37.6165
17.1496 1444 38
17.2665 1443 37.9868
17.3833 1446 38.0263
17.5002 1418 37.6563
17.617 1407 37.51
17.7338 1480 38.4708
17.8505 1526 39.064
17.9672 1569 39.6106
18.0839 1478 38.4448
18.2005 1616 40.1995
18.3171 1664 40.7922
18.4337 1640 40.4969
18.5502 1629 40.3609
18.6666 1672 40.8901
18.7831 1723 41.509
18.8994 1680 40.9878
19.0158 1662 40.7676
19.1321 1608 40.0999
19.2483 1482 38.4968
19.3645 1434 37.8682
19.4806 1293 35.9583
19.5967 1264 35.5528
19.7128 1252 35.3836
19.8288 1163 34.1028
19.9447 998 31.5911
20.0606 0 1
20.1764 0 1
20.2922 0 1
20.4079 0 1
20.5236 0 1
20.6392 0 1
20.7548 0 1
20.8702 0 1
23.3078 0 1
23.4233 0 1
23.539 0 1
23.6547 0 1
23.7704 0 1
23.8862 0 1
24.0021 0 1
24.118 0 1
24.234 0 1
24.35 0 1
24.4661 695 26.3629
24.5822 814 28.5307
24.6984 848 29.1204
24.8146 977 31.257
24.9309 1125 33.541
25.0472 1241 35.2278
25.1636 1435 37.8814
25.28 1438 37.921
25.3965 1545 39.3065
25.513 1581 39.7618
25.6296 1624 40.2989
25.7462 1626 40.3237
25.8628 1679 40.9756
25.9795 1684 41.0366
26.0962 1641 40.5093
26.213 1752 41.8569
26.3298 1634 40.4228
26.4466 1611 40.1373
26.5635 1704 41.2795
26.6804 1617 40.2119
26.7973 1692 41.1339
26.9143 1705 41.2916
27.0313 1645 40.5586
27.1483 1738 41.6893
27.2653 1800 42.4264
27.3824 1790 42.3084
27.4996 1834 42.8252
27.6167 1800 42.4264
27.7339 1710 41.3521
27.8511 1677 40.9512
27.9683 1695 41.1704
28.0855 1694 41.1582
28.2028 1662 40.7676
28.3201 1652 40.6448
28.4374 1660 40.7431
28.5547 1708 41.328
28.6721 1679 40.9756
28.7894 1733 41.6293
28.9068 1707 41.3159
29.0242 1660 40.7431
29.1416 1654 40.6694
29.259 1645 40.5586
29.3764 1695 41.1704
29.4939 1619 40.2368
29.6113 1612 40.1497
29.7288 1615 40.1871
29.8463 1673 40.9023
29.9638 1626 40.3237
30.0812 1737 41.6773
30.1987 1738 41.6893
30.3162 1681 41
30.4337 1692 41.1339
30.5512 1643 40.5339
30.6687 1642 40.5216
30.7862 1728 41.5692
30.9037 1827 42.7434
31.0212 1745 41.7732
31.1387 1847 42.9767
31.2562 1783 42.2256
31.3737 1731 41.6053
31.4912 1761 41.9643
31.6087 1730 41.5933
31.7262 1710 41.3521
31.8436 1698 41.2068
31.9611 1669 40.8534
32.0785 1718 41.4488
32.1959 1740 41.7133
32.3134 1745 41.7732
32.4308 1733 41.6293
32.5482 1818 42.638
32.6655 1705 41.2916
32.7829 1640 40.4969
32.9002 1600 40
33.0176 1677 40.9512
33.1349 1647 40.5832
33.2522 1633 40.4104
33.3694 1667 40.8289
33.4867 1700 41.2311
33.6039 1727 41.5572
33.7211 1690 41.1096
33.8383 1761 41.9643
33.9554 1737 41.6773
34.0725 1726 41.5452
34.1896 1671 40.8779
34.3067 1745 41.7732
34.4237 1747 41.7971
34.5407 1799 42.4146
34.6577 1872 43.2666
34.7746 1843 42.9302
34.8915 1885 43.4166
35.0084 1833 42.8135
35.1252 1809 42.5323
35.242 1766 42.0238
35.3587 1784 42.2374
35.4755 1756 41.9047
35.5921 1744 41.7612
35.7088 1804 42.4735
35.8254 1706 41.3038
35.9419 1662 40.7676
36.0584 1750 41.833
36.1749 1648 40.5956
36.2913 1671 40.8779
36.4077 1582 39.7744
36.524 1483 38.5097
36.6403 1427 37.7757
36.7565 1325 36.4005
36.8727 1186 34.4384
36.9889 1149 33.8969
37.1049 1019 31.9218
37.221 0 1
37.3369 0 1
37.4529 0 1
37.5687 0 1
37.6845 0 1
37.8003 0 1
37.916 0 1
38.0316 0 1
38.1472 0 1
40.5851 0 1
40.7008 0 1
40.8164 0 1
40.9322 0 1
41.048 0 1
41.1639 0 1
41.2798 0 1
41.3958 0 1
41.5118 0 1
41.6279 0 1
41.744 949 30.8058
41.8602 1054 32.4654
41.9765 1251 35.3695
42.0928 1398 37.3898
42.2091 1593 39.9124
42.3255 1680 40.9878
42.4419 1770 42.0714
42.5584 1828 42.7551
42.675 1858 43.1045
42.7915 1876 43.3128
42.9081 1791 42.3202
43.0248 1954 44.2041
43.1415 2017 44.911
43.2582 2082 45.6289
43.375 2233 47.2546
43.4918 2375 48.734
43.6087 2432 49.3153
43.7256 2408 49.0714
43.8425 2437 49.366
43.9595 2420 49.1935
44.0765 2494 49.94
44.1935 2479 49.7896
44.3106 2525 50.2494
44.4277 2561 50.6063
44.5448 2546 50.4579
44.6619 2589 50.8822
44.7791 2613 51.1175
44.8963 2504 50.04
45.0136 2627 51.2543
45.1308 2532 50.319
45.2481 2541 50.4083
45.3654 2602 51.0098
45.4827 2605 51.0392
45.6001 2443 49.4267
45.7174 2532 50.319
45.8348 2442 49.4166
45.9522 2447 49.4672
46.0697 2423 49.224
46.1871 2308 48.0416
46.3046 2242 47.3498
46.422 2150 46.3681
46.5395 2111 45.9456
46.657 2150 46.3681
46.7745 2267 47.613
46.892 2213 47.0425
47.0096 2262 47.5605
47.1271 2278 47.7284
47.2446 2373 48.7134
47.3622 2308 48.0416
47.4797 2160 46.4758
47.5973 2140 46.2601
47.7149 2189 46.7868
47.8324 2094 45.7602
47.95 2040 45.1664
48.0675 2019 44.9333
48.1851 1954 44.2041
48.3027 1928 43.909
48.4202 1966 44.3396
48.5378 1957 44.238
48.6554 1864 43.1741
48.7729 1820 42.6615
48.8904 1885 43.4166
49.008 1880 43.359
49.1255 1763 41.9881
49.243 1800 42.4264
49.3605 1781 42.2019
49.478 1899 43.5775
49.5955 1870 43.2435
49.713 1809 42.5323
49.8304 1751 41.845
49.9479 1801 42.4382
50.0653 1756 41.9047
50.1827 1806 42.4971
50.3001 1915 43.7607
50.4175 1878 43.3359
50.5348 1977 44.4635
50.6521 2086 45.6727
50.7694 2091 45.7275
50.8867 2077 45.5741
51.004 2072 45.5192
51.1212 2051 45.288
51.2384 2061 45.3982
51.3556 2085 45.6618
51.4727 2062 45.4093
51.5899 2050 45.2769
51.707 2094 45.7602
51.824 2003 44.7549
51.9411 1991 44.6206
52.0581 1917 43.7836
52.175 1878 43.3359
52.2919 1909 43.6921
52.4088 1885 43.4166
52.5257 1951 44.1701
52.6425 1837 42.8602
52.7593 1815 42.6028
52.876 1854 43.0581
52.9927 1857 43.0929
53.1094 1783 42.2256
53.226 1790 42.3084
53.3426 1789 42.2966
53.4591 1551 39.3827
53.5756 1584 39.7995
53.692 1558 39.4715
53.8084 1505 38.7943
53.9248 1474 38.3927
54.0411 1292 35.9444
54.1573 1168 34.176
54.2735 0 1
54.3896 0 1
54.5057 0 1
54.6217 0 1
54.7377 0 1
54.8537 0 1
54.9695 0 1
55.0853 0 1
55.2011 0 1
55.3168 0 1
55.4324 0 1
57.824 0 1
57.9396 0 1
58.0553 0 1
58.1711 0 1
58.2869 0 1
58.4028 0 1
58.5187 0 1
58.6347 0 1
58.7508 0 1
58.8669 0 1
58.983 1631 40.3856
59.0992 1866 43.1972
59.2155 2002 44.7437
59.3318 2196 46.8615
59.4482 2482 49.8197
59.5646 2601 51
59.681 2693 51.8941
59.7975 2790 52.8205
59.9141 2785 52.7731
60.0306 2618 51.1664
60.1473 2650 51.4782
60.2639 2688 51.8459
60.3807 2743 52.3737
60.4974 2622 51.2055
60.6142 2675 51.7204
60.731 2561 50.6063
60.8479 2625 51.2348
60.9648 2458 49.5782
61.0818 2663 51.6043
61.1987 2595 50.9411
61.3158 2658 51.5558
61.4328 2689 51.8556
61.5499 2543 50.4282
61.667 2589 50.8822
61.7841 2572 50.7149
61.9013 2521 50.2096
62.0185 2589 50.8822
62.1357 2471 49.7092
62.253 2553 50.5272
62.3702 2645 51.4296
62.4875 2754 52.4786
62.6049 2761 52.5452
62.7222 3011 54.8726
62.8396 3088 55.5698
62.9569 3220 56.745
63.0743 3158 56.1961
63.1918 3187 56.4535
63.3092 3132 55.9643
63.4267 3035 55.0908
63.5441 3011 54.8726
63.6616 3015 54.909
63.7791 2885 53.7122
63.8966 2874 53.6097
64.0142 2840 53.2917
64.1317 2820 53.1037
64.2492 2628 51.264
64.3668 2663 51.6043
64.4843 2612 51.1077
64.6019 2582 50.8134
64.7195 2726 52.2111
64.837 2560 50.5964
64.9546 2520 50.1996
65.0722 2699 51.9519
65.1898 2650 51.4782
65.3074 2697 51.9326
65.4249 2631 51.2933
65.5425 2542 50.4183
65.6601 2601 51
65.7777 2572 50.7149
65.8952 2666 51.6333
66.0128 2779 52.7162
66.1304 2885 53.7122
66.2479 2946 54.2771
66.3655 3123 55.8838
66.483 3237 56.8946
66.6005 3322 57.6368
66.718 3240 56.921
66.8355 3273 57.2101
66.953 3238 56.9034
67.0705 3038 55.1181
67.1879 3015 54.909
67.3054 3001 54.7814
67.4228 2987 54.6535
67.5402 2838 53.2729
67.6576 2861 53.4883
67.7749 2743 52.3737
67.8923 2727 52.2207
68.0096 2566 50.6557
68.1269 2797 52.8867
68.2442 2739 52.3355
68.3614 2732 52.2685
68.4787 2782 52.7447
68.5958 2661 51.5849
68.713 2763 52.5642
68.8302 2618 51.1664
68.9473 2682 51.788
69.0643 2569 50.6853
69.1814 2541 50.4083
69.2984 2470 49.6991
69.4154 2538 50.3786
69.5323 2601 51
69.6492 2693 51.8941
69.7661 2774 52.6688
69.8829 2895 53.8052
69.9997 2858 53.4603
70.1165 2961 54.4151
70.2332 2783 52.7541
70.3499 2701 51.9711
70.4665 2707 52.0288
70.5831 2373 48.7134
70.6996 2231 47.2335
70.8161 2030 45.0555
70.9326 1783 42.2256
71.049 1719 41.4608
71.1653 1494 38.6523
71.2817 1464 38.2623
71.3979 1357 36.8375
71.5141 1270 35.6371
71.6303 1185 34.4238
71.7464 1074 32.7719
71.8624 0 1
71.9784 0 1
72.0944 0 1
72.2102 0 1
72.3261 0 1
72.4418 0 1
72.5575 0 1
72.6732 0 1
75.1054 0 1
75.2209 0 1
75.3365 0 1
75.4521 0 1
75.5678 0 1
75.6835 0 1
75.7993 0 1
75.9151 0 1
76.031 0 1
76.147 2160 46.4758
76.263 2418 49.1732
76.3791 2433 49.3254
76.4952 2394 48.9285
76.6113 2566 50.6557
76.7276 2431 49.3052
76.8438 2588 50.8724
76.9601 2554 50.5371
77.0765 2518 50.1797
77.1929 2513 50.1298
77.3093 2754 52.4786
77.4258 2746 52.4023
77.5423 2642 51.4004
77.6589 2718 52.1344
77.7755 2708 52.0384
77.8921 2688 51.8459
78.0088 2555 50.547
78.1256 2463 49.6286
78.2423 2460 49.5984
78.3591 2519 50.1896
78.4759 2549 50.4876
78.5928 2725 52.2015
78.7097 2902 53.8702
78.8266 3053 55.254
78.9436 3094 55.6237
79.0606 3032 55.0636
79.1776 3281 57.28
79.2946 3361 57.9741
79.4117 3374 58.0861
79.5288 3385 58.1808
79.6459 3458 58.8048
79.7631 3346 57.8446
79.8802 3040 55.1362
79.9974 2949 54.3047
80.1147 2903 53.8795
80.2319 2950 54.3139
80.3491 2930 54.1295
80.4664 3006 54.827
80.5837 3006 54.827
80.701 3060 55.3173
80.8183 2952 54.3323
80.9357 3055 55.2721
81.053 3068 55.3895
81.1704 3057 55.2901
81.2877 3055 55.2721
81.4051 3088 55.5698
81.5225 3080 55.4977
81.6399 3058 55.2992
81.7573 2822 53.1225
81.8747 2767 52.6023
81.9922 2631 51.2933
82.1096 2660 51.5752
82.227 2920 54.037
82.3444 3136 56
82.4619 3438 58.6345
82.5793 3450 58.7367
82.6967 3465 58.8643
82.8142 3513 59.2706
82.9316 3723 61.0164
83.049 3749 61.2291
83.1664 3763 61.3433
83.2838 3678 60.6465
83.4012 3635 60.291
83.5186 3448 58.7197
83.636 3209 56.648
83.7534 3257 57.0701
83.8708 3249 57
83.9881 3349 57.8705
84.1055 3316 57.5847
84.2228 3259 57.0877
84.3401 3344 57.8273
84.4575 3260 57.0964
84.5747 3398 58.2924
84.692 3440 58.6515
84.8093 3492 59.0931
84.9265 3414 58.4294
85.0437 3410 58.3952
85.1609 3261 57.1052
85.2781 3157 56.1872
85.3952 3066 55.3715
85.5123 2915 53.9907
85.6294 2835 53.2447
85.7465 2969 54.4885
85.8636 3240 56.921
85.9806 3401 58.3181
86.0976 3562 59.6825
86.2145 3790 61.563
86.3315 3757 61.2944
86.4484 3825 61.8466
86.5652 3904 62.482
86.682 3983 63.111
86.7988 3846 62.0161
86.9156 3783 61.5061
87.0323 3753 61.2617
87.149 3678 60.6465
87.2657 3575 59.7913
87.3823 3429 58.5577
87.4988 3261 57.1052
87.6154 3119 55.848
87.7318 3089 55.5788
87.8483 2977 54.5619
87.9647 2714 52.0961
88.081 2542 50.4183
88.1973 2369 48.6724
88.3136 2277 47.7179
88.4298 2126 46.1086
88.546 1897 43.5546
88.6621 1752 41.8569
88.7781 1580 39.7492
88.8942 0 1
89.0101 0 1
89.126 0 1
89.2419 0 1
89.3577 0 1
89.4734 0 1
89.5891 0 1
89.7047 0 1
89.8203 0 1
89.9358 0 1
92.3269 0 1
92.4424 0 1
92.558 0 1
92.6736 0 1
92.7893 0 1
92.905 0 1
93.0208 0 1
93.1366 0 1
93.2525 0 1
93.3685 0 1
93.4845 0 1
93.6005 3087 55.5608
93.7167 3484 59.0254
93.8328 3767 61.3759
93.949 3957 62.9047
94.0653 4046 63.6082
94.1816 4013 63.3482
94.2979 4003 63.2693
94.4143 3911 62.538
94.5307 3611 60.0916
94.6472 3518 59.3127
94.7637 3531 59.4222
94.8803 3417 58.4551
94.9969 3842 61.9839
95.1135 3991 63.1744
95.2302 4245 65.1537
95.3469 4282 65.437
95.4637 4679 68.4032
95.5805 4581 67.6831
95.6973 4680 68.4105
95.8142 4686 68.4544
95.9311 4808 69.3397
96.048 4581 67.6831
96.1649 4632 68.0588
96.2819 4595 67.7864
96.3989 4409 66.4003
96.516 4200 64.8074
96.633 4231 65.0461
96.7501 4306 65.6201
96.8673 4229 65.0308
96.9844 4220 64.9615
97.1016 4249 65.1844
97.2188 4326 65.7723
97.336 4521 67.2384
97.4532 4544 67.4092
97.5704 4506 67.1267
97.6877 4642 68.1322
97.805 4590 67.7495
97.9223 4440 66.6333
98.0396 4232 65.0538
98.1569 4039 63.5531
98.2743 3805 61.6847
98.3916 3624 60.1997
98.509 3594 59.95
98.6264 3960 62.9285
98.7438 4232 65.0538
98.8612 4320 65.7267
98.9786 4648 68.1762
99.096 4829 69.491
99.2134 4961 70.4344
99.3308 4984 70.5975
99.4482 5168 71.8888
99.5656 5128 71.6101
99.6831 5139 71.6868
99.8005 5026 70.8943
99.9179 4978 70.5549
100.035 4743 68.8694
100.153 4635 68.0808
100.27 4738 68.8331
100.388 4776 69.1086
100.505 4552 67.4685
100.622 4461 66.7907
100.74 4625 68.0074
100.857 4343 65.9014
100.975 4501 67.0895
101.092 4737 68.8259
101.209 4888 69.9142
101.327 4858 69.6994
101.444 4899 69.9929
101.561 4676 68.3813
101.679 4364 66.0606
101.796 4044 63.5925
101.913 3773 61.4248
102.03 3753 61.2617
102.148 3883 62.3137
102.265 4109 64.1015
102.382 4627 68.0221
102.499 4825 69.4622
102.616 5078 71.2601
102.733 5183 71.9931
102.851 5157 71.8123
102.968 5053 71.0845
103.085 5269 72.5879
103.202 5220 72.2496
103.319 5162 71.8471
103.436 5023 70.8731
103.552 4879 69.8498
103.669 4848 69.6276
103.786 4823 69.4478
103.903 4748 68.9057
104.02 4578 67.6609
104.137 4629 68.0368
104.253 4524 67.2607
104.37 4612 67.9117
104.487 4539 67.3721
104.603 4573 67.624
104.72 4552 67.4685
104.836 4576 67.6461
104.953 4224 64.9923
105.069 3750 61.2372
105.186 3319 57.6108
105.302 3084 55.5338
105.418 2817 53.0754
105.535 2544 50.4381
105.651 2348 48.4562
105.767 2365 48.6313
105.883 2266 47.6025
105.999 2193 46.8295
106.115 0 1
106.231 0 1
106.347 0 1
106.463 0 1
106.579 0 1
106.694 0 1
106.81 0 1
106.926 0 1
107.041 0 1
107.157 0 1
109.576 0 1
109.692 0 1
109.807 0 1
109.923 0 1
110.039 0 1
110.155 0 1
110.27 0 1
110.386 0 1
110.502 0 1
110.618 2213 47.0425
110.735 2575 50.7445
110.851 3102 55.6956
110.967 3544 59.5315
111.083 3847 62.0242
111.199 4274 65.3758
111.316 4407 66.3852
111.432 4553 67.4759
111.549 4734 68.8041
111.665 4615 67.9338
111.782 4705 68.593
111.898 4675 68.374
112.015 4575 67.6387
112.132 4470 66.8581
112.248 4331 65.8103
112.365 4265 65.307
112.482 4204 64.8383
112.599 4218 64.9461
112.716 4264 65.2993
112.832 4094 63.9844
112.949 4231 65.0461
113.066 4191 64.7379
113.183 4331 65.8103
113.3 4289 65.4905
113.417 4277 65.3988
113.534 4225 65
113.652 4258 65.2534
113.769 4007 63.3009
113.886 3774 61.4329
114.003 3528 59.397
114.12 3450 58.7367
114.238 3586 59.8832
114.355 3832 61.9032
114.472 3968 62.9921
114.589 4521 67.2384
114.707 4576 67.6461
114.824 4611 67.9043
114.942 4646 68.1616
115.059 4834 69.527
115.176 4866 69.7567
115.294 4870 69.7854
115.411 4672 68.352
115.529 4555 67.4907
115.646 4388 66.242
115.764 4353 65.9773
115.881 4259 65.261
115.999 4224 64.9923
116.116 4131 64.2729
116.234 4050 63.6396
116.351 4099 64.0234
116.469 3939 62.7615
116.586 4022 63.4192
116.704 4037 63.5374
116.821 4117 64.1639
116.939 4314 65.681
117.056 4168 64.56
117.174 4111 64.1171
117.291 3876 62.2575
117.409 3675 60.6218
117.526 3466 58.8727
117.644 3423 58.5064
117.761 3384 58.1722
117.879 3570 59.7495
117.996 3703 60.8523
118.114 4099 64.0234
118.231 4328 65.7875
118.349 4482 66.9477
118.466 4587 67.7274
118.584 4566 67.5722
118.701 4405 66.3702
118.819 4340 65.8787
118.936 4569 67.5944
119.053 4341 65.8863
119.171 4181 64.6607
119.288 4259 65.261
119.405 4072 63.8122
119.523 3906 62.498
119.64 3838 61.9516
119.757 3757 61.2944
119.875 3791 61.5711
119.992 3759 61.3107
120.109 3627 60.2246
120.226 3689 60.7371
120.343 3754 61.2699
120.46 3788 61.5467
120.578 3758 61.3025
120.695 3831 61.8951
120.812 3732 61.0901
120.929 3589 59.9083
121.046 3423 58.5064
121.163 3083 55.5248
121.279 2898 53.8331
121.396 2853 53.4135
121.513 2962 54.4243
121.63 2939 54.2125
121.747 3015 54.909
121.863 3124 55.8928
121.98 3316 57.5847
122.097 3066 55.3715
122.213 3148 56.107
122.33 2898 53.8331
122.446 2826 53.1601
122.563 2614 51.1273
122.679 2451 49.5076
122.795 2323 48.1975
122.912 2153 46.4004
123.028 1998 44.699
123.144 1857 43.0929
123.26 1756 41.9047
123.377 0 1
123.493 0 1
123.609 0 1
123.725 0 1
123.84 0 1
123.956 0 1
124.072 0 1
124.188 0 1
124.303 0 1
124.419 0 1
126.852 0 1
126.968 0 1
127.083 0 1
127.199 0 1
127.315 0 1
127.431 0 1
127.547 0 1
127.663 0 1
127.779 0 1
127.895 0 1
128.011 0 1
128.127 0 1
128.243 0 1
128.359 3918 62.5939
128.476 3771 61.4085
128.592 3807 61.7009
128.708 3890 62.3699
128.825 3713 60.9344
128.941 3617 60.1415
129.058 3706 60.8769
129.174 3675 60.6218
129.291 3707 60.8851
129.408 3610 60.0833
129.524 3739 61.1474
129.641 3754 61.2699
129.758 3849 62.0403
129.875 3757 61.2944
129.992 3523 59.3549
130.108 3528 59.397
130.225 3325 57.6628
130.342 3209 56.648
130.459 3039 55.1271
130.576 3149 56.116
130.693 3366 58.0172
130.81 3450 58.7367
130.928 3824 61.8385
131.045 4056 63.6867
131.162 4062 63.7338
131.279 3905 62.49
131.396 4033 63.5059
131.513 3983 63.111
131.631 3906 62.498
131.748 4036 63.5295
131.865 3822 61.8223
131.983 3816 61.7738
132.1 3882 62.3057
132.217 3903 62.474
132.335 3676 60.63
132.452 3792 61.5792
132.57 3754 61.2699
132.687 3773 61.4248
132.804 3693 60.7701
132.922 3753 61.2617
133.039 3785 61.5224
133.157 3683 60.6877
133.274 3823 61.8304
133.392 3700 60.8276
133.509 3730 61.0737
133.627 3779 61.4736
133.744 3585 59.8749
133.862 3347 57.8533
133.979 3296 57.4108
134.097 3285 57.3149
134.214 3326 57.6715
134.332 3656 60.4649
134.449 3780 61.4817
134.567 4066 63.7652
134.684 4107 64.0859
134.802 4211 64.8922
134.919 4287 65.4752
135.037 4311 65.6582
135.154 4216 64.9307
135.272 4118 64.1716
135.389 4467 66.8356
135.507 4241 65.123
135.624 4176 64.622
135.742 4370 66.106
135.859 4291 65.5057
135.977 4183 64.6761
136.094 4234 65.0692
136.211 4152 64.436
136.329 4191 64.7379
136.446 4099 64.0234
136.564 4173 64.5988
136.681 4211 64.8922
136.798 4211 64.8922
136.915 4196 64.7765
137.033 4079 63.867
137.15 4104 64.0625
137.267 4044 63.5925
137.384 3877 62.2656
137.502 3691 60.7536
137.619 3414 58.4294
137.736 3349 57.8705
137.853 3354 57.9137
137.97 3598 59.9833
138.087 3861 62.1369
138.204 4048 63.6239
138.321 4276 65.3911
138.438 4156 64.467
138.555 4150 64.4205
138.672 4245 65.1537
138.788 4058 63.7024
138.905 3944 62.8013
139.022 3778 61.4654
139.139 3622 60.1831
139.255 3580 59.8331
139.372 3308 57.5152
139.488 3159 56.205
139.605 2888 53.7401
139.721 2601 51
139.838 2599 50.9804
139.954 2522 50.2195
140.071 2378 48.7647
140.187 2207 46.9787
140.303 2051 45.288
140.419 1948 44.1362
140.535 1937 44.0114
140.652 1821 42.6732
140.768 0 1
140.884 0 1
141 0 1
141.115 0 1
141.231 0 1
141.347 0 1
141.463 0 1
141.578 0 1
141.694 0 1
144.104 0 1
144.219 0 1
144.335 0 1
144.45 0 1
144.566 0 1
144.682 0 1
144.798 0 1
144.914 0 1
145.03 0 1
145.146 2996 54.7357
145.262 3052 55.2449
145.378 3058 55.2992
145.494 3177 56.3649
145.61 3178 56.3738
145.726 3086 55.5518
145.842 3254 57.0438
145.959 3192 56.4978
146.075 3115 55.8122
146.192 3109 55.7584
146.308 3000 54.7723
146.425 2876 53.6284
146.541 2748 52.4214
146.658 2799 52.9056
146.774 2813 53.0377
146.891 2940 54.2218
147.008 3107 55.7405
147.125 3281 57.28
147.241 3330 57.7062
147.358 3416 58.4466
147.475 3324 57.6541
147.592 3368 58.0345
147.709 3208 56.6392
147.826 3370 58.0517
147.943 3307 57.5065
148.06 3204 56.6039
148.177 3370 58.0517
148.294 3351 57.8878
148.411 3325 57.6628
148.528 3262 57.1139
148.645 3193 56.5066
148.762 3294 57.3934
148.88 3201 56.5774
148.997 3246 56.9737
149.114 3081 55.5068
149.231 3185 56.4358
149.349 3110 55.7674
149.466 3215 56.701
149.583 3166 56.2672
149.701 3130 55.9464
149.818 3143 56.0625
149.935 2955 54.3599
150.053 2897 53.8238
150.17 2808 52.9906
150.287 2698 51.9423
150.405 2734 52.2877
150.522 2831 53.2071
150.64 3009 54.8544
150.757 3216 56.7098
150.875 3292 57.376
150.992 3218 56.7274
151.11 3304 57.4804
151.227 3194 56.5155
151.344 3203 56.5951
151.462 3262 57.1139
151.579 3219 56.7362
151.697 3330 57.7062
151.814 3326 57.6715
151.932 3254 57.0438
152.049 3279 57.2626
152.167 3274 57.2189
152.284 3198 56.5509
152.402 3083 55.5248
152.519 3199 56.5597
152.636 3138 56.0179
152.754 3130 55.9464
152.871 3054 55.263
152.989 3057 55.2901
153.106 2996 54.7357
153.223 3088 55.5698
153.341 3021 54.9636
153.458 3114 55.8032
153.575 2899 53.8424
153.693 2740 52.345
153.81 2590 50.892
153.927 2673 51.7011
154.044 2758 52.5167
154.162 2810 53.0094
154.279 2901 53.8609
154.396 3193 56.5066
154.513 3172 56.3205
154.63 3183 56.4181
154.747 3216 56.7098
154.864 3113 55.7943
154.981 3159 56.205
155.098 3182 56.4092
155.215 3059 55.3082
155.332 3129 55.9375
155.449 2915 53.9907
155.566 3063 55.3444
155.683 2873 53.6004
155.8 2855 53.4322
155.917 2889 53.7494
156.033 2723 52.1824
156.15 0 1
156.267 0 1
156.383 0 1
156.5 0 1
156.617 0 1
156.733 0 1
156.85 0 1
156.966 0 1
157.082 0 1
157.199 0 1
157.315 0 1
157.431 0 1
157.547 0 1
157.664 0 1
157.78 0 1
157.896 0 1
158.012 0 1
158.128 0 1
158.244 0 1
158.359 0 1
158.475 0 1
158.591 0 1
158.706 0 1
