
6.15755 0 1
6.2731 0 1
6.3887 0 1
6.50437 0 1
6.62009 0 1
6.73587 0 1
6.8517 0 1
6.96759 0 1
7.08353 0 1
7.19952 0 1
7.31557 0 1
7.43166 0 1
7.54781 0 1
7.664 0 1
7.78024 0 1
7.89653 0 1
8.01286 0 1
8.12924 0 1
8.24567 0 1
8.36213 0 1
8.47864 0 1
8.59519 0 1
8.71178 0 1
8.82841 0 1
8.94508 0 1
9.06179 0 1
9.17853 0 1
9.29531 0 1
9.41212 0 1
9.52897 0 1
9.64584 0 1
9.76276 0 1
9.8797 0 1
9.99667 0 1
10.1137 0 1
10.2307 0 1
10.3478 0 1
10.4648 0 1
10.5819 0 1
10.6991 0 1
10.8162 0 1
10.9334 0 1
11.0506 0 1
11.1678 0 1
11.285 0 1
11.4023 0 1
11.5196 0 1
11.6369 0 1
11.7542 0 1
11.8715 0 1
11.9888 0 1
12.1062 0 1
12.2235 0 1
12.3409 0 1
12.4582 0 1
12.5756 0 1
12.693 0 1
12.8104 0 1
12.9278 0 1
13.0452 0 1
13.1626 0 1
13.28 0 1
13.3974 0 1
13.5149 0 1
13.6323 0 1
13.7497 0 1
13.8671 0 1
13.9845 0 1
14.1019 0 1
14.2193 0 1
14.3367 0 1
14.4541 0 1
14.5714 0 1
14.6888 0 1
14.8062 0 1
14.9235 0 1
15.0408 3467 58.8812
15.1581 3556 59.6322
15.2755 3660 60.4979
15.3927 3736 61.1228
15.51 3670 60.5805
15.6273 3689 60.7371
15.7445 3744 61.1882
15.8617 3806 61.6928
15.9789 3902 62.466
16.0961 3773 61.4248
16.2132 3793 61.5873
16.3304 3870 62.2093
16.4475 3801 61.6523
16.5646 3894 62.4019
16.6816 3858 62.1128
16.7986 3927 62.6658
16.9156 3979 63.0793
17.0326 4002 63.2614
17.1496 4077 63.8514
17.2665 4089 63.9453
17.3833 3953 62.8729
17.5002 3945 62.8092
17.617 3978 63.0714
17.7338 3994 63.1981
17.8505 3805 61.6847
17.9672 3746 61.2046
18.0839 3520 59.3296
18.2005 3401 58.3181
18.3171 3524 59.3633
18.4337 3837 61.9435
18.5502 4236 65.0846
18.6666 4329 65.7951
18.7831 4443 66.6558
18.8994 4530 67.3053
19.0158 4451 66.7158
19.1321 4529 67.2978
19.2483 4648 68.1762
19.3645 4472 66.873
19.4806 4627 68.0221
19.5967 4597 67.8012
19.7128 4585 67.7126
19.8288 4326 65.7723
19.9447 3783 61.5061
20.0606 0 1
20.1764 0 1
20.2922 0 1
20.4079 0 1
20.5236 0 1
20.6392 0 1
20.7548 0 1
20.8702 0 1
23.3078 0 1
23.4233 0 1
23.539 0 1
23.6547 0 1
23.7704 0 1
23.8862 0 1
24.0021 0 1
24.118 0 1
24.234 0 1
24.35 0 1
24.4661 4849 69.6348
24.5822 4790 69.2098
24.6984 4793 69.2315
24.8146 4825 69.4622
24.9309 4837 69.5485
25.0472 4870 69.7854
25.1636 4616 67.9412
25.28 4847 69.6204
25.3965 4679 68.4032
25.513 4706 68.6003
25.6296 4907 70.05
25.7462 5043 71.0141
25.8628 5162 71.8471
25.9795 5241 72.3948
26.0962 5156 71.8053
26.213 5241 72.3948
26.3298 5205 72.1457
26.4466 5124 71.5821
26.5635 5075 71.239
26.6804 4933 70.2353
26.7973 4545 67.4166
26.9143 4422 66.4981
27.0313 4454 66.7383
27.1483 4380 66.1816
27.2653 4591 67.7569
27.3824 4983 70.5904
27.4996 5009 70.7743
27.6167 5187 72.0208
27.7339 5038 70.9789
27.8511 4970 70.4982
27.9683 4989 70.6329
28.0855 4985 70.6045
28.2028 4948 70.342
28.3201 4870 69.7854
28.4374 4969 70.4911
28.5547 5011 70.7884
28.6721 4804 69.3109
28.7894 4816 69.3974
28.9068 4839 69.5629
29.0242 4756 68.9638
29.1416 4802 69.2965
29.259 5044 71.0211
29.3764 5037 70.9718
29.4939 5147 71.7426
29.6113 5144 71.7217
29.7288 5265 72.5603
29.8463 5231 72.3257
29.9638 5100 71.4143
30.0812 4870 69.7854
30.1987 5007 70.7602
30.3162 4681 68.4178
30.4337 4471 66.8655
30.5512 4375 66.1438
30.6687 4402 66.3476
30.7862 4619 67.9632
30.9037 4731 68.7823
31.0212 4852 69.6563
31.1387 4958 70.4131
31.2562 5103 71.4353
31.3737 5047 71.0422
31.4912 5078 71.2601
31.6087 4931 70.2211
31.7262 4986 70.6116
31.8436 4982 70.5833
31.9611 4976 70.5408
32.0785 5018 70.8378
32.1959 4768 69.0507
32.3134 4850 69.6419
32.4308 4750 68.9202
32.5482 4775 69.1014
32.6655 4928 70.1997
32.7829 4870 69.7854
32.9002 5023 70.8731
33.0176 5107 71.4633
33.1349 5098 71.4003
33.2522 5209 72.1734
33.3694 5139 71.6868
33.4867 5330 73.0068
33.6039 5112 71.4983
33.7211 4937 70.2638
33.8383 4950 70.3562
33.9554 4889 69.9214
34.0725 4536 67.3498
34.1896 4513 67.1789
34.3067 4370 66.106
34.4237 4597 67.8012
34.5407 4598 67.8086
34.6577 4767 69.0435
34.7746 4730 68.775
34.8915 4806 69.3253
35.0084 4858 69.6994
35.1252 4935 70.2496
35.242 4955 70.3918
35.3587 5062 71.1477
35.4755 4912 70.0857
35.5921 5054 71.0915
35.7088 4885 69.8928
35.8254 4860 69.7137
35.9419 4625 68.0074
36.0584 4620 67.9706
36.1749 4590 67.7495
36.2913 4656 68.2349
36.4077 4936 70.2567
36.524 4909 70.0643
36.6403 4930 70.214
36.7565 5085 71.3092
36.8727 4936 70.2567
36.9889 4951 70.3633
37.1049 4902 70.0143
37.221 0 1
37.3369 0 1
37.4529 0 1
37.5687 0 1
37.6845 0 1
37.8003 0 1
37.916 0 1
38.0316 0 1
38.1472 0 1
40.5851 0 1
40.7008 0 1
40.8164 0 1
40.9322 0 1
41.048 0 1
41.1639 0 1
41.2798 0 1
41.3958 0 1
41.5118 0 1
41.6279 0 1
41.744 3949 62.8411
41.8602 4211 64.8922
41.9765 4198 64.792
42.0928 4453 66.7308
42.2091 4239 65.1076
42.3255 4366 66.0757
42.4419 4209 64.8768
42.5584 4259 65.261
42.675 4231 65.0461
42.7915 4213 64.9076
42.9081 3925 62.6498
43.0248 3902 62.466
43.1415 3825 61.8466
43.2582 3831 61.8951
43.375 3959 62.9206
43.4918 3833 61.9112
43.6087 3921 62.6179
43.7256 3926 62.6578
43.8425 3910 62.53
43.9595 3878 62.2736
44.0765 3944 62.8013
44.1935 3849 62.0403
44.3106 3905 62.49
44.4277 3783 61.5061
44.5448 3697 60.803
44.6619 3643 60.3573
44.7791 3611 60.0916
44.8963 3394 58.258
45.0136 3587 59.8916
45.1308 3511 59.2537
45.2481 3633 60.2744
45.3654 3623 60.1914
45.4827 3527 59.3886
45.6001 3593 59.9416
45.7174 3472 58.9237
45.8348 3527 59.3886
45.9522 3515 59.2874
46.0697 3496 59.127
46.1871 3339 57.7841
46.3046 3376 58.1034
46.422 3196 56.5332
46.5395 3181 56.4004
46.657 3160 56.2139
46.7745 3060 55.3173
46.892 2990 54.6809
47.0096 3124 55.8928
47.1271 3045 55.1815
47.2446 3173 56.3294
47.3622 3018 54.9363
47.4797 2946 54.2771
47.5973 3018 54.9363
47.7149 2965 54.4518
47.8324 2933 54.1572
47.95 2979 54.5802
48.0675 2960 54.4059
48.1851 2836 53.2541
48.3027 2819 53.0943
48.4202 2827 53.1695
48.5378 2832 53.2165
48.6554 2828 53.1789
48.7729 2900 53.8516
48.8904 2907 53.9166
49.008 3014 54.8999
49.1255 2943 54.2494
49.243 2994 54.7175
49.3605 3079 55.4887
49.478 3014 54.8999
49.5955 3004 54.8088
49.713 3084 55.5338
49.8304 2990 54.6809
49.9479 2886 53.7215
50.0653 2857 53.4509
50.1827 2886 53.7215
50.3001 2938 54.2033
50.4175 2769 52.6213
50.5348 2863 53.507
50.6521 2945 54.2679
50.7694 3003 54.7996
50.8867 2936 54.1849
51.004 3054 55.263
51.1212 3204 56.6039
51.2384 3403 58.3352
51.3556 3269 57.1752
51.4727 3382 58.155
51.5899 3366 58.0172
51.707 3299 57.4369
51.824 3419 58.4722
51.9411 3467 58.8812
52.0581 3572 59.7662
52.175 3633 60.2744
52.2919 3830 61.887
52.4088 4017 63.3798
52.5257 3868 62.1932
52.6425 4046 63.6082
52.7593 4115 64.1483
52.876 4072 63.8122
52.9927 4025 63.4429
53.1094 4108 64.0937
53.226 4182 64.6684
53.3426 4169 64.5678
53.4591 4100 64.0312
53.5756 4036 63.5295
53.692 3884 62.3217
53.8084 3992 63.1823
53.9248 3955 62.8888
54.0411 3915 62.57
54.1573 3904 62.482
54.2735 0 1
54.3896 0 1
54.5057 0 1
54.6217 0 1
54.7377 0 1
54.8537 0 1
54.9695 0 1
55.0853 0 1
55.2011 0 1
55.3168 0 1
55.4324 0 1
57.824 0 1
57.9396 0 1
58.0553 0 1
58.1711 0 1
58.2869 0 1
58.4028 0 1
58.5187 0 1
58.6347 0 1
58.7508 0 1
58.8669 0 1
58.983 4433 66.5808
59.0992 4658 68.2495
59.2155 4741 68.8549
59.3318 4596 67.7938
59.4482 4619 67.9632
59.5646 4569 67.5944
59.681 4722 68.7168
59.7975 4647 68.1689
59.9141 4681 68.4178
60.0306 4565 67.5648
60.1473 4633 68.0661
60.2639 4585 67.7126
60.3807 4427 66.5357
60.4974 4613 67.9191
60.6142 4536 67.3498
60.731 4480 66.9328
60.8479 4658 68.2495
60.9648 4682 68.4251
61.0818 4757 68.971
61.1987 4663 68.2862
61.3158 4792 69.2243
61.4328 4889 69.9214
61.5499 4656 68.2349
61.667 4672 68.352
61.7841 4685 68.4471
61.9013 4612 67.9117
62.0185 4595 67.7864
62.1357 4518 67.2161
62.253 4452 66.7233
62.3702 4451 66.7158
62.4875 4373 66.1287
62.6049 4431 66.5658
62.7222 4391 66.2646
62.8396 4485 66.9701
62.9569 4501 67.0895
63.0743 4249 65.1844
63.1918 4167 64.5523
63.3092 4166 64.5446
63.4267 4166 64.5446
63.5441 4283 65.4446
63.6616 4071 63.8044
63.7791 4121 64.195
63.8966 4017 63.3798
64.0142 4090 63.9531
64.1317 4172 64.591
64.2492 4218 64.9461
64.3668 4143 64.3661
64.4843 4196 64.7765
64.6019 4372 66.1211
64.7195 4407 66.3852
64.837 4337 65.8559
64.9546 4347 65.9318
65.0722 4354 65.9848
65.1898 4271 65.3529
65.3074 4249 65.1844
65.4249 4228 65.0231
65.5425 4170 64.5755
65.6601 4183 64.6761
65.7777 4189 64.7225
65.8952 4089 63.9453
66.0128 4081 63.8827
66.1304 4135 64.304
66.2479 4123 64.2106
66.3655 4146 64.3894
66.483 4274 65.3758
66.6005 4195 64.7688
66.718 3994 63.1981
66.8355 4000 63.2456
66.953 3990 63.1664
67.0705 3919 62.6019
67.1879 3932 62.7057
67.3054 3890 62.3699
67.4228 3914 62.562
67.5402 3801 61.6523
67.6576 3875 62.2495
67.7749 3878 62.2736
67.8923 4010 63.3246
68.0096 4245 65.1537
68.1269 4266 65.3146
68.2442 4304 65.6049
68.3614 4421 66.4906
68.4787 4374 66.1362
68.5958 4385 66.2193
68.713 4295 65.5362
68.8302 4227 65.0154
68.9473 4252 65.2074
69.0643 4392 66.2722
69.1814 4308 65.6354
69.2984 4347 65.9318
69.4154 4443 66.6558
69.5323 4356 66
69.6492 4362 66.0454
69.7661 4361 66.0379
69.8829 4453 66.7308
69.9997 4558 67.513
70.1165 4489 67
70.2332 4658 68.2495
70.3499 4349 65.9469
70.4665 4119 64.1794
70.5831 4056 63.6867
70.6996 4047 63.616
70.8161 3874 62.2415
70.9326 4045 63.6003
71.049 3976 63.0555
71.1653 3852 62.0645
71.2817 3911 62.538
71.3979 3975 63.0476
71.5141 3925 62.6498
71.6303 3984 63.1189
71.7464 3785 61.5224
71.8624 0 1
71.9784 0 1
72.0944 0 1
72.2102 0 1
72.3261 0 1
72.4418 0 1
72.5575 0 1
72.6732 0 1
75.1054 0 1
75.2209 0 1
75.3365 0 1
75.4521 0 1
75.5678 0 1
75.6835 0 1
75.7993 0 1
75.9151 0 1
76.031 0 1
76.147 3358 57.9483
76.263 3641 60.3407
76.3791 3735 61.1146
76.4952 3813 61.7495
76.6113 3913 62.554
76.7276 3914 62.562
76.8438 4202 64.8228
76.9601 4253 65.215
77.0765 4284 65.4523
77.1929 4277 65.3988
77.3093 4335 65.8407
77.4258 4548 67.4389
77.5423 4508 67.1416
77.6589 4503 67.1044
77.7755 4386 66.2269
77.8921 4321 65.7343
78.0088 4312 65.6658
78.1256 4262 65.284
78.2423 4230 65.0385
78.3591 4313 65.6734
78.4759 4427 66.5357
78.5928 4365 66.0681
78.7097 4276 65.3911
78.8266 4171 64.5833
78.9436 4510 67.1565
79.0606 4453 66.7308
79.1776 4301 65.582
79.2946 4417 66.4605
79.4117 4151 64.4283
79.5288 4058 63.7024
79.6459 3809 61.7171
79.7631 3658 60.4814
79.8802 3694 60.7783
79.9974 3668 60.564
80.1147 3690 60.7454
80.2319 3827 61.8628
80.3491 3728 61.0574
80.4664 3966 62.9762
80.5837 4087 63.9296
80.701 4187 64.707
80.8183 4282 65.437
80.9357 4136 64.3117
81.053 4204 64.8383
81.1704 4212 64.8999
81.2877 4181 64.6607
81.4051 4062 63.7338
81.5225 4001 63.2535
81.6399 4131 64.2729
81.7573 3979 63.0793
81.8747 3894 62.4019
81.9922 3976 63.0555
82.1096 4001 63.2535
82.227 4025 63.4429
82.3444 3947 62.8252
82.4619 4281 65.4294
82.5793 4051 63.6475
82.6967 3922 62.6259
82.8142 3910 62.53
82.9316 4051 63.6475
83.049 3843 61.9919
83.1664 3670 60.5805
83.2838 3388 58.2065
83.4012 3148 56.107
83.5186 2979 54.5802
83.636 3014 54.8999
83.7534 3239 56.9122
83.8708 3285 57.3149
83.9881 3424 58.515
84.1055 3598 59.9833
84.2228 3654 60.4483
84.3401 3875 62.2495
84.4575 3909 62.522
84.5747 3920 62.6099
84.692 4021 63.4114
84.8093 4034 63.5138
84.9265 3977 63.0635
85.0437 3851 62.0564
85.1609 3814 61.7576
85.2781 3825 61.8466
85.3952 3720 60.9918
85.5123 3805 61.6847
85.6294 4003 63.2693
85.7465 4044 63.5925
85.8636 4049 63.6318
85.9806 4093 63.9766
86.0976 4077 63.8514
86.2145 4189 64.7225
86.3315 4391 66.2646
86.4484 4130 64.2651
86.5652 4261 65.2763
86.682 4210 64.8845
86.7988 3988 63.1506
86.9156 3792 61.5792
87.0323 3579 59.8247
87.149 3478 58.9746
87.2657 3440 58.6515
87.3823 3593 59.9416
87.4988 3850 62.0484
87.6154 4086 63.9218
87.7318 4156 64.467
87.8483 4255 65.2304
87.9647 4359 66.0227
88.081 4362 66.0454
88.1973 4524 67.2607
88.3136 4487 66.9851
88.4298 4362 66.0454
88.546 4304 65.6049
88.6621 4272 65.3605
88.7781 4309 65.643
88.8942 0 1
89.0101 0 1
89.126 0 1
89.2419 0 1
89.3577 0 1
89.4734 0 1
89.5891 0 1
89.7047 0 1
89.8203 0 1
89.9358 0 1
92.3269 0 1
92.4424 0 1
92.558 0 1
92.6736 0 1
92.7893 0 1
92.905 0 1
93.0208 0 1
93.1366 0 1
93.2525 0 1
93.3685 0 1
93.4845 0 1
93.6005 4227 65.0154
93.7167 4415 66.4455
93.8328 4457 66.7608
93.949 4290 65.4981
94.0653 4182 64.6684
94.1816 4347 65.9318
94.2979 4119 64.1794
94.4143 4114 64.1405
94.5307 4245 65.1537
94.6472 4247 65.169
94.7637 4371 66.1135
94.8803 4346 65.9242
94.9969 4525 67.2681
95.1135 4525 67.2681
95.2302 4470 66.8581
95.3469 4642 68.1322
95.4637 4616 67.9412
95.5805 4563 67.55
95.6973 4428 66.5432
95.8142 4460 66.7832
95.9311 4346 65.9242
96.048 3917 62.5859
96.1649 3517 59.3043
96.2819 3440 58.6515
96.3989 3162 56.2317
96.516 3406 58.3609
96.633 3592 59.9333
96.7501 3988 63.1506
96.8673 4318 65.7115
96.9844 4414 66.4379
97.1016 4512 67.1714
97.2188 4587 67.7274
97.336 4651 68.1982
97.4532 4637 68.0955
97.5704 4625 68.0074
97.6877 4480 66.9328
97.805 4477 66.9104
97.9223 4417 66.4605
98.0396 4379 66.174
98.1569 4296 65.5439
98.2743 4477 66.9104
98.3916 4522 67.2458
98.509 4589 67.7422
98.6264 4598 67.8086
98.7438 4597 67.8012
98.8612 4700 68.5565
98.9786 4730 68.775
99.096 4712 68.644
99.2134 4807 69.3325
99.3308 4674 68.3667
99.4482 4662 68.2788
99.5656 4447 66.6858
99.6831 4135 64.304
99.8005 3878 62.2736
99.9179 3500 59.1608
100.035 3536 59.4643
100.153 3539 59.4895
100.27 3958 62.9126
100.388 4340 65.8787
100.505 4338 65.8635
100.622 4664 68.2935
100.74 4640 68.1175
100.857 4615 67.9338
100.975 4609 67.8896
101.092 4625 68.0074
101.209 4403 66.3551
101.327 4420 66.4831
101.444 4619 67.9632
101.561 4457 66.7608
101.679 4370 66.106
101.796 4515 67.1937
101.913 4627 68.0221
102.03 4745 68.884
102.148 4739 68.8404
102.265 4686 68.4544
102.382 5038 70.9789
102.499 4916 70.1142
102.616 4846 69.6132
102.733 5038 70.9789
102.851 4959 70.4202
102.968 4979 70.562
103.085 4783 69.1592
103.202 4518 67.2161
103.319 4018 63.3877
103.436 3731 61.0819
103.552 3505 59.203
103.669 3511 59.2537
103.786 4005 63.2851
103.903 4502 67.0969
104.02 4671 68.3447
104.137 4926 70.1855
104.253 5051 71.0704
104.37 5001 70.7177
104.487 5008 70.7672
104.603 4885 69.8928
104.72 4735 68.8113
104.836 4701 68.5638
104.953 4802 69.2965
105.069 4698 68.542
105.186 4868 69.7711
105.302 4982 70.5833
105.418 4961 70.4344
105.535 5045 71.0282
105.651 5132 71.638
105.767 5267 72.5741
105.883 5306 72.8423
105.999 5289 72.7255
106.115 0 1
106.231 0 1
106.347 0 1
106.463 0 1
106.579 0 1
106.694 0 1
106.81 0 1
106.926 0 1
107.041 0 1
107.157 0 1
109.576 0 1
109.692 0 1
109.807 0 1
109.923 0 1
110.039 0 1
110.155 0 1
110.27 0 1
110.386 0 1
110.502 0 1
110.618 4723 68.7241
110.735 4895 69.9643
110.851 5044 71.0211
110.967 5066 71.1758
111.083 5016 70.8237
111.199 5078 71.2601
111.316 5134 71.6519
111.432 5067 71.1829
111.549 4969 70.4911
111.665 4722 68.7168
111.782 4447 66.6858
111.898 4025 63.4429
112.015 3466 58.8727
112.132 3157 56.1872
112.248 3281 57.28
112.365 3818 61.79
112.482 4314 65.681
112.599 4870 69.7854
112.716 4779 69.1303
112.832 4733 68.7968
112.949 4796 69.2532
113.066 4778 69.1231
113.183 4557 67.5056
113.3 4502 67.0969
113.417 4347 65.9318
113.534 4549 67.4463
113.652 4342 65.8939
113.769 4546 67.424
113.886 4450 66.7083
114.003 4505 67.1193
114.12 4681 68.4178
114.238 4691 68.4909
114.355 4779 69.1303
114.472 4823 69.4478
114.589 4841 69.5773
114.707 4887 69.9071
114.824 4976 70.5408
114.942 4832 69.5126
115.059 4751 68.9275
115.176 4768 69.0507
115.294 4623 67.9926
115.411 4207 64.8614
115.529 3699 60.8194
115.646 3153 56.1516
115.764 2959 54.3967
115.881 3314 57.5674
115.999 3912 62.546
116.116 4322 65.7419
116.234 4442 66.6483
116.351 4475 66.8954
116.469 4503 67.1044
116.586 4565 67.5648
116.704 4486 66.9776
116.821 4267 65.3223
116.939 4350 65.9545
117.056 4083 63.8984
117.174 4066 63.7652
117.291 4186 64.6993
117.409 4231 65.0461
117.526 4288 65.4828
117.644 4416 66.453
117.761 4483 66.9552
117.879 4472 66.873
117.996 4444 66.6633
118.114 4642 68.1322
118.231 4529 67.2978
118.349 4655 68.2276
118.466 4533 67.3276
118.584 4602 67.838
118.701 4453 66.7308
118.819 4424 66.5132
118.936 4167 64.5523
119.053 3863 62.153
119.171 3517 59.3043
119.288 2842 53.3104
119.405 2705 52.0096
119.523 3007 54.8361
119.64 3592 59.9333
119.757 3951 62.857
119.875 4028 63.4665
119.992 4120 64.1872
120.109 4253 65.215
120.226 4087 63.9296
120.343 4071 63.8044
120.46 3970 63.0079
120.578 3894 62.4019
120.695 4006 63.293
120.812 3783 61.5061
120.929 3890 62.3699
121.046 3927 62.6658
121.163 3853 62.0725
121.279 4102 64.0469
121.396 4189 64.7225
121.513 4078 63.8592
121.63 4158 64.4826
121.747 4325 65.7647
121.863 4241 65.123
121.98 4237 65.0922
122.097 4329 65.7951
122.213 4246 65.1613
122.33 4263 65.2917
122.446 4196 64.7765
122.563 4179 64.6452
122.679 3991 63.1744
122.795 3637 60.3075
122.912 3258 57.0789
123.028 2529 50.2892
123.144 2496 49.96
123.26 2718 52.1344
123.377 0 1
123.493 0 1
123.609 0 1
123.725 0 1
123.84 0 1
123.956 0 1
124.072 0 1
124.188 0 1
124.303 0 1
124.419 0 1
126.852 0 1
126.968 0 1
127.083 0 1
127.199 0 1
127.315 0 1
127.431 0 1
127.547 0 1
127.663 0 1
127.779 0 1
127.895 0 1
128.011 0 1
128.127 0 1
128.243 0 1
128.359 2533 50.3289
128.476 2755 52.4881
128.592 3283 57.2975
128.708 3907 62.506
128.825 4278 65.4064
128.941 4265 65.307
129.058 4219 64.9538
129.174 4288 65.4828
129.291 4194 64.7611
129.408 4079 63.867
129.524 3971 63.0159
129.641 3920 62.6099
129.758 3966 62.9762
129.875 3965 62.9682
129.992 3831 61.8951
130.108 4079 63.867
130.225 4054 63.671
130.342 4167 64.5523
130.459 4106 64.0781
130.576 4302 65.5896
130.693 4107 64.0859
130.81 4186 64.6993
130.928 4243 65.1383
131.045 4333 65.8255
131.162 4262 65.284
131.279 4182 64.6684
131.396 4173 64.5988
131.513 4079 63.867
131.631 3789 61.5549
131.748 3294 57.3934
131.865 2616 51.1468
131.983 2463 49.6286
132.1 3016 54.9181
132.217 3617 60.1415
132.335 3832 61.9032
132.452 4049 63.6318
132.57 4119 64.1794
132.687 3948 62.8331
132.804 4024 63.435
132.922 3845 62.0081
133.039 3888 62.3538
133.157 3768 61.384
133.274 3764 61.3514
133.392 3807 61.7009
133.509 3851 62.0564
133.627 3863 62.153
133.744 3905 62.49
133.862 3991 63.1744
133.979 3891 62.3779
134.097 4054 63.671
134.214 3966 62.9762
134.332 4020 63.4035
134.449 4142 64.3584
134.567 3965 62.9682
134.684 4039 63.5531
134.802 4168 64.56
134.919 4139 64.3351
135.037 3941 62.7774
135.154 3881 62.2977
135.272 3466 58.8727
135.389 2712 52.0769
135.507 2244 47.3709
135.624 2421 49.2037
135.742 3074 55.4437
135.859 3675 60.6218
135.977 3896 62.4179
136.094 3852 62.0645
136.211 3899 62.442
136.329 3903 62.474
136.446 3862 62.145
136.564 3620 60.1664
136.681 3615 60.1249
136.798 3689 60.7371
136.915 3477 58.9661
137.033 3638 60.3158
137.15 3514 59.279
137.267 3639 60.3241
137.384 3839 61.9597
137.502 3755 61.2781
137.619 3778 61.4654
137.736 3794 61.5955
137.853 3765 61.3596
137.97 3863 62.153
138.087 3677 60.6383
138.204 3940 62.7694
138.321 3858 62.1128
138.438 3893 62.3939
138.555 3938 62.7535
138.672 3974 63.0397
138.788 3703 60.8523
138.905 3406 58.3609
139.022 2775 52.6783
139.139 2399 48.9796
139.255 2414 49.1325
139.372 2963 54.4334
139.488 3601 60.0083
139.605 3842 61.9839
139.721 3813 61.7495
139.838 3838 61.9516
139.954 3813 61.7495
140.071 3701 60.8358
140.187 3739 61.1474
140.303 3610 60.0833
140.419 3599 59.9917
140.535 3623 60.1914
140.652 3384 58.1722
140.768 0 1
140.884 0 1
141 0 1
141.115 0 1
141.231 0 1
141.347 0 1
141.463 0 1
141.578 0 1
141.694 0 1
144.104 0 1
144.219 0 1
144.335 0 1
144.45 0 1
144.566 0 1
144.682 0 1
144.798 0 1
144.914 0 1
145.03 0 1
145.146 2556 50.5569
145.262 2820 53.1037
145.378 2763 52.5642
145.494 2612 51.1077
145.61 2710 52.0577
145.726 2719 52.144
145.842 2655 51.5267
145.959 2676 51.7301
146.075 2749 52.4309
146.192 2728 52.2303
146.308 2761 52.5452
146.425 2806 52.9717
146.541 2873 53.6004
146.658 2934 54.1664
146.774 2881 53.6749
146.891 2961 54.4151
147.008 2996 54.7357
147.125 2875 53.619
147.241 2964 54.4426
147.358 2999 54.7631
147.475 2998 54.754
147.592 2908 53.9259
147.709 2759 52.5262
147.826 2627 51.2543
147.943 2172 46.6047
148.06 1806 42.4971
148.177 1817 42.6263
148.294 2269 47.634
148.411 2691 51.8748
148.528 2918 54.0185
148.645 2899 53.8424
148.762 2827 53.1695
148.88 2890 53.7587
148.997 2809 53
149.114 2891 53.768
149.231 2665 51.6236
149.349 2710 52.0577
149.466 2774 52.6688
149.583 2710 52.0577
149.701 2591 50.9019
149.818 2615 51.1371
149.935 2773 52.6593
150.053 2753 52.469
150.17 2886 53.7215
150.287 2830 53.1977
150.405 2874 53.6097
150.522 3022 54.9727
150.64 3037 55.109
150.757 3092 55.6058
150.875 3118 55.8391
150.992 3119 55.848
151.11 3132 55.9643
151.227 3091 55.5968
151.344 2979 54.5802
151.462 2932 54.1479
151.579 2744 52.3832
151.697 2281 47.7598
151.814 1922 43.8406
151.932 2168 46.5618
152.049 2579 50.7839
152.167 3018 54.9363
152.284 3123 55.8838
152.402 3118 55.8391
152.519 3207 56.6304
152.636 3074 55.4437
152.754 3194 56.5155
152.871 3066 55.3715
152.989 3117 55.8301
153.106 2936 54.1849
153.223 2899 53.8424
153.341 3052 55.2449
153.458 2970 54.4977
153.575 2974 54.5344
153.693 3051 55.2359
153.81 3281 57.28
153.927 3173 56.3294
154.044 3215 56.701
154.162 3286 57.3236
154.279 3252 57.0263
154.396 3404 58.3438
154.513 3410 58.3952
154.63 3549 59.5735
154.747 3461 58.8303
154.864 3469 58.8982
154.981 3381 58.1464
155.098 3237 56.8946
155.215 2817 53.0754
155.332 2346 48.4355
155.449 2405 49.0408
155.566 2947 54.2863
155.683 3240 56.921
155.8 3433 58.5918
155.917 3444 58.6856
156.033 3402 58.3267
156.15 0 1
156.267 0 1
156.383 0 1
156.5 0 1
156.617 0 1
156.733 0 1
156.85 0 1
156.966 0 1
157.082 0 1
157.199 0 1
157.315 0 1
157.431 0 1
157.547 0 1
157.664 0 1
157.78 0 1
157.896 0 1
158.012 0 1
158.128 0 1
158.244 0 1
158.359 0 1
158.475 0 1
158.591 0 1
158.706 0 1
