
6.15755 0 1
6.2731 0 1
6.3887 0 1
6.50437 0 1
6.62009 0 1
6.73587 0 1
6.8517 0 1
6.96759 0 1
7.08353 0 1
7.19952 0 1
7.31557 0 1
7.43166 0 1
7.54781 0 1
7.664 0 1
7.78024 0 1
7.89653 0 1
8.01286 0 1
8.12924 0 1
8.24567 0 1
8.36213 0 1
8.47864 0 1
8.59519 0 1
8.71178 0 1
8.82841 0 1
8.94508 0 1
9.06179 0 1
9.17853 0 1
9.29531 0 1
9.41212 0 1
9.52897 0 1
9.64584 0 1
9.76276 0 1
9.8797 0 1
9.99667 0 1
10.1137 0 1
10.2307 0 1
10.3478 0 1
10.4648 0 1
10.5819 0 1
10.6991 0 1
10.8162 0 1
10.9334 0 1
11.0506 0 1
11.1678 0 1
11.285 0 1
11.4023 0 1
11.5196 0 1
11.6369 0 1
11.7542 0 1
11.8715 0 1
11.9888 0 1
12.1062 0 1
12.2235 0 1
12.3409 0 1
12.4582 0 1
12.5756 0 1
12.693 0 1
12.8104 0 1
12.9278 0 1
13.0452 0 1
13.1626 0 1
13.28 0 1
13.3974 0 1
13.5149 0 1
13.6323 0 1
13.7497 0 1
13.8671 0 1
13.9845 0 1
14.1019 0 1
14.2193 0 1
14.3367 0 1
14.4541 0 1
14.5714 0 1
14.6888 0 1
14.8062 0 1
14.9235 0 1
15.0408 875 29.5804
15.1581 897 29.95
15.2755 928 30.4631
15.3927 918 30.2985
15.51 902 30.0333
15.6273 849 29.1376
15.7445 855 29.2404
15.8617 851 29.1719
15.9789 831 28.8271
16.0961 764 27.6405
16.2132 817 28.5832
16.3304 801 28.3019
16.4475 805 28.3725
16.5646 829 28.7924
16.6816 801 28.3019
16.7986 767 27.6948
16.9156 748 27.3496
17.0326 780 27.9285
17.1496 774 27.8209
17.2665 785 28.0179
17.3833 780 27.9285
17.5002 843 29.0345
17.617 828 28.775
17.7338 773 27.8029
17.8505 814 28.5307
17.9672 792 28.1425
18.0839 793 28.1603
18.2005 781 27.9464
18.3171 791 28.1247
18.4337 803 28.3373
18.5502 818 28.6007
18.6666 786 28.0357
18.7831 784 28
18.8994 746 27.313
19.0158 717 26.7769
19.1321 714 26.7208
19.2483 636 25.219
19.3645 601 24.5153
19.4806 636 25.219
19.5967 594 24.3721
19.7128 599 24.4745
19.8288 555 23.5584
19.9447 534 23.1084
20.0606 0 1
20.1764 0 1
20.2922 0 1
20.4079 0 1
20.5236 0 1
20.6392 0 1
20.7548 0 1
20.8702 0 1
23.3078 0 1
23.4233 0 1
23.539 0 1
23.6547 0 1
23.7704 0 1
23.8862 0 1
24.0021 0 1
24.118 0 1
24.234 0 1
24.35 0 1
24.4661 295 17.1756
24.5822 340 18.4391
24.6984 425 20.6155
24.8146 441 21
24.9309 539 23.2164
25.0472 568 23.8328
25.1636 616 24.8193
25.28 696 26.3818
25.3965 786 28.0357
25.513 816 28.5657
25.6296 817 28.5832
25.7462 849 29.1376
25.8628 900 30
25.9795 830 28.8097
26.0962 791 28.1247
26.213 818 28.6007
26.3298 822 28.6705
26.4466 818 28.6007
26.5635 770 27.7489
26.6804 682 26.1151
26.7973 742 27.2397
26.9143 728 26.9815
27.0313 711 26.6646
27.1483 709 26.6271
27.2653 718 26.7955
27.3824 742 27.2397
27.4996 742 27.2397
27.6167 718 26.7955
27.7339 716 26.7582
27.8511 740 27.2029
27.9683 702 26.4953
28.0855 694 26.3439
28.2028 652 25.5343
28.3201 707 26.5895
28.4374 740 27.2029
28.5547 744 27.2764
28.6721 787 28.0535
28.7894 791 28.1247
28.9068 767 27.6948
29.0242 773 27.8029
29.1416 739 27.1846
29.259 774 27.8209
29.3764 697 26.4008
29.4939 712 26.6833
29.6113 730 27.0185
29.7288 706 26.5707
29.8463 656 25.6125
29.9638 713 26.7021
30.0812 673 25.9422
30.1987 721 26.8514
30.3162 669 25.865
30.4337 686 26.1916
30.5512 677 26.0192
30.6687 742 27.2397
30.7862 730 27.0185
30.9037 711 26.6646
31.0212 706 26.5707
31.1387 703 26.5141
31.2562 700 26.4575
31.3737 769 27.7308
31.4912 704 26.533
31.6087 728 26.9815
31.7262 779 27.9106
31.8436 753 27.4408
31.9611 733 27.074
32.0785 669 25.865
32.1959 695 26.3629
32.3134 751 27.4044
32.4308 712 26.6833
32.5482 685 26.1725
32.6655 672 25.923
32.7829 705 26.5518
32.9002 651 25.5147
33.0176 691 26.2869
33.1349 665 25.7876
33.2522 665 25.7876
33.3694 646 25.4165
33.4867 642 25.3377
33.6039 648 25.4558
33.7211 676 26
33.8383 662 25.7294
33.9554 670 25.8844
34.0725 687 26.2107
34.1896 686 26.1916
34.3067 669 25.865
34.4237 673 25.9422
34.5407 679 26.0576
34.6577 673 25.9422
34.7746 632 25.1396
34.8915 657 25.632
35.0084 617 24.8395
35.1252 635 25.1992
35.242 684 26.1534
35.3587 641 25.318
35.4755 654 25.5734
35.5921 586 24.2074
35.7088 644 25.3772
35.8254 555 23.5584
35.9419 631 25.1197
36.0584 660 25.6905
36.1749 602 24.5357
36.2913 610 24.6982
36.4077 575 23.9792
36.524 583 24.1454
36.6403 606 24.6171
36.7565 569 23.8537
36.8727 537 23.1733
36.9889 452 21.2603
37.1049 427 20.664
37.221 0 1
37.3369 0 1
37.4529 0 1
37.5687 0 1
37.6845 0 1
37.8003 0 1
37.916 0 1
38.0316 0 1
38.1472 0 1
40.5851 0 1
40.7008 0 1
40.8164 0 1
40.9322 0 1
41.048 0 1
41.1639 0 1
41.2798 0 1
41.3958 0 1
41.5118 0 1
41.6279 0 1
41.744 237 15.3948
41.8602 312 17.6635
41.9765 319 17.8606
42.0928 389 19.7231
42.2091 435 20.8567
42.3255 457 21.3776
42.4419 500 22.3607
42.5584 472 21.7256
42.675 454 21.3073
42.7915 490 22.1359
42.9081 527 22.9565
43.0248 502 22.4054
43.1415 519 22.7816
43.2582 472 21.7256
43.375 474 21.7715
43.4918 534 23.1084
43.6087 495 22.2486
43.7256 485 22.0227
43.8425 459 21.4243
43.9595 408 20.199
44.0765 497 22.2935
44.1935 510 22.5832
44.3106 502 22.4054
44.4277 440 20.9762
44.5448 429 20.7123
44.6619 448 21.166
44.7791 427 20.664
44.8963 477 21.8403
45.0136 490 22.1359
45.1308 520 22.8035
45.2481 529 23
45.3654 510 22.5832
45.4827 486 22.0454
45.6001 475 21.7945
45.7174 497 22.2935
45.8348 496 22.2711
45.9522 515 22.6936
46.0697 499 22.3383
46.1871 464 21.5407
46.3046 473 21.7486
46.422 461 21.4709
46.5395 529 23
46.657 444 21.0713
46.7745 421 20.5183
46.892 452 21.2603
47.0096 456 21.3542
47.1271 459 21.4243
47.2446 477 21.8403
47.3622 478 21.8632
47.4797 477 21.8403
47.5973 455 21.3307
47.7149 481 21.9317
47.8324 466 21.587
47.95 475 21.7945
48.0675 407 20.1742
48.1851 438 20.9284
48.3027 420 20.4939
48.4202 426 20.6398
48.5378 469 21.6564
48.6554 467 21.6102
48.7729 515 22.6936
48.8904 495 22.2486
49.008 503 22.4277
49.1255 480 21.9089
49.243 473 21.7486
49.3605 523 22.8692
49.478 464 21.5407
49.5955 480 21.9089
49.713 466 21.587
49.8304 470 21.6795
49.9479 445 21.095
50.0653 424 20.5913
50.1827 419 20.4695
50.3001 417 20.4206
50.4175 426 20.6398
50.5348 446 21.1187
50.6521 451 21.2368
50.7694 445 21.095
50.8867 440 20.9762
51.004 434 20.8327
51.1212 494 22.2261
51.2384 460 21.4476
51.3556 446 21.1187
51.4727 450 21.2132
51.5899 424 20.5913
51.707 442 21.0238
51.824 418 20.445
51.9411 418 20.445
52.0581 411 20.2731
52.175 448 21.166
52.2919 518 22.7596
52.4088 421 20.5183
52.5257 456 21.3542
52.6425 468 21.6333
52.7593 436 20.8806
52.876 493 22.2036
52.9927 466 21.587
53.1094 455 21.3307
53.226 424 20.5913
53.3426 434 20.8327
53.4591 460 21.4476
53.5756 396 19.8997
53.692 401 20.025
53.8084 340 18.4391
53.9248 332 18.2209
54.0411 318 17.8326
54.1573 290 17.0294
54.2735 0 1
54.3896 0 1
54.5057 0 1
54.6217 0 1
54.7377 0 1
54.8537 0 1
54.9695 0 1
55.0853 0 1
55.2011 0 1
55.3168 0 1
55.4324 0 1
57.824 0 1
57.9396 0 1
58.0553 0 1
58.1711 0 1
58.2869 0 1
58.4028 0 1
58.5187 0 1
58.6347 0 1
58.7508 0 1
58.8669 0 1
58.983 310 17.6068
59.0992 345 18.5742
59.2155 421 20.5183
59.3318 459 21.4243
59.4482 528 22.9783
59.5646 572 23.9165
59.681 599 24.4745
59.7975 609 24.6779
59.9141 666 25.807
60.0306 640 25.2982
60.1473 641 25.318
60.2639 614 24.779
60.3807 595 24.3926
60.4974 638 25.2587
60.6142 603 24.5561
60.731 623 24.96
60.8479 679 26.0576
60.9648 671 25.9037
61.0818 635 25.1992
61.1987 630 25.0998
61.3158 647 25.4362
61.4328 630 25.0998
61.5499 652 25.5343
61.667 673 25.9422
61.7841 671 25.9037
61.9013 711 26.6646
62.0185 660 25.6905
62.1357 642 25.3377
62.253 556 23.5797
62.3702 570 23.8747
62.4875 520 22.8035
62.6049 522 22.8473
62.7222 544 23.3238
62.8396 535 23.1301
62.9569 539 23.2164
63.0743 639 25.2784
63.1918 528 22.9783
63.3092 533 23.0868
63.4267 568 23.8328
63.5441 547 23.388
63.6616 506 22.4944
63.7791 480 21.9089
63.8966 506 22.4944
64.0142 501 22.383
64.1317 469 21.6564
64.2492 487 22.0681
64.3668 482 21.9545
64.4843 512 22.6274
64.6019 492 22.1811
64.7195 544 23.3238
64.837 469 21.6564
64.9546 491 22.1585
65.0722 546 23.3666
65.1898 523 22.8692
65.3074 557 23.6008
65.4249 543 23.3024
65.5425 533 23.0868
65.6601 528 22.9783
65.7777 514 22.6716
65.8952 467 21.6102
66.0128 443 21.0476
66.1304 482 21.9545
66.2479 482 21.9545
66.3655 551 23.4734
66.483 525 22.9129
66.6005 501 22.383
66.718 500 22.3607
66.8355 521 22.8254
66.953 521 22.8254
67.0705 533 23.0868
67.1879 522 22.8473
67.3054 513 22.6495
67.4228 500 22.3607
67.5402 483 21.9773
67.6576 463 21.5174
67.7749 465 21.5639
67.8923 420 20.4939
68.0096 477 21.8403
68.1269 487 22.0681
68.2442 470 21.6795
68.3614 462 21.4942
68.4787 519 22.7816
68.5958 487 22.0681
68.713 545 23.3452
68.8302 541 23.2594
68.9473 546 23.3666
69.0643 533 23.0868
69.1814 540 23.2379
69.2984 513 22.6495
69.4154 500 22.3607
69.5323 466 21.587
69.6492 471 21.7025
69.7661 422 20.5426
69.8829 486 22.0454
69.9997 498 22.3159
70.1165 509 22.561
70.2332 499 22.3383
70.3499 512 22.6274
70.4665 469 21.6564
70.5831 442 21.0238
70.6996 436 20.8806
70.8161 401 20.025
70.9326 347 18.6279
71.049 331 18.1934
71.1653 298 17.2627
71.2817 276 16.6132
71.3979 222 14.8997
71.5141 247 15.7162
71.6303 195 13.9642
71.7464 149 12.2066
71.8624 0 1
71.9784 0 1
72.0944 0 1
72.2102 0 1
72.3261 0 1
72.4418 0 1
72.5575 0 1
72.6732 0 1
75.1054 0 1
75.2209 0 1
75.3365 0 1
75.4521 0 1
75.5678 0 1
75.6835 0 1
75.7993 0 1
75.9151 0 1
76.031 0 1
76.147 318 17.8326
76.263 339 18.412
76.3791 359 18.9473
76.4952 393 19.8242
76.6113 401 20.025
76.7276 345 18.5742
76.8438 371 19.2614
76.9601 375 19.3649
77.0765 389 19.7231
77.1929 390 19.7484
77.3093 464 21.5407
77.4258 442 21.0238
77.5423 426 20.6398
77.6589 430 20.7364
77.7755 432 20.7846
77.8921 463 21.5174
78.0088 422 20.5426
78.1256 503 22.4277
78.2423 447 21.1424
78.3591 410 20.2485
78.4759 432 20.7846
78.5928 386 19.6469
78.7097 357 18.8944
78.8266 375 19.3649
78.9436 415 20.3715
79.0606 415 20.3715
79.1776 425 20.6155
79.2946 449 21.1896
79.4117 436 20.8806
79.5288 485 22.0227
79.6459 491 22.1585
79.7631 413 20.3224
79.8802 416 20.3961
79.9974 448 21.166
80.1147 423 20.567
80.2319 417 20.4206
80.3491 377 19.4165
80.4664 387 19.6723
80.5837 407 20.1742
80.701 394 19.8494
80.8183 437 20.9045
80.9357 422 20.5426
81.053 494 22.2261
81.1704 417 20.4206
81.2877 428 20.6882
81.4051 450 21.2132
81.5225 493 22.2036
81.6399 464 21.5407
81.7573 502 22.4054
81.8747 478 21.8632
81.9922 471 21.7025
82.1096 419 20.4695
82.227 406 20.1494
82.3444 390 19.7484
82.4619 406 20.1494
82.5793 423 20.567
82.6967 430 20.7364
82.8142 409 20.2237
82.9316 441 21
83.049 471 21.7025
83.1664 451 21.2368
83.2838 491 22.1585
83.4012 479 21.8861
83.5186 508 22.5389
83.636 466 21.587
83.7534 427 20.664
83.8708 396 19.8997
83.9881 387 19.6723
84.1055 423 20.567
84.2228 429 20.7123
84.3401 461 21.4709
84.4575 435 20.8567
84.5747 437 20.9045
84.692 461 21.4709
84.8093 475 21.7945
84.9265 520 22.8035
85.0437 480 21.9089
85.1609 487 22.0681
85.2781 521 22.8254
85.3952 521 22.8254
85.5123 485 22.0227
85.6294 485 22.0227
85.7465 431 20.7605
85.8636 443 21.0476
85.9806 418 20.445
86.0976 429 20.7123
86.2145 411 20.2731
86.3315 451 21.2368
86.4484 448 21.166
86.5652 447 21.1424
86.682 456 21.3542
86.7988 483 21.9773
86.9156 494 22.2261
87.0323 467 21.6102
87.149 479 21.8861
87.2657 477 21.8403
87.3823 416 20.3961
87.4988 412 20.2978
87.6154 393 19.8242
87.7318 369 19.2094
87.8483 408 20.199
87.9647 399 19.975
88.081 318 17.8326
88.1973 311 17.6352
88.3136 366 19.1311
88.4298 333 18.2483
88.546 322 17.9444
88.6621 312 17.6635
88.7781 262 16.1864
88.8942 0 1
89.0101 0 1
89.126 0 1
89.2419 0 1
89.3577 0 1
89.4734 0 1
89.5891 0 1
89.7047 0 1
89.8203 0 1
89.9358 0 1
92.3269 0 1
92.4424 0 1
92.558 0 1
92.6736 0 1
92.7893 0 1
92.905 0 1
93.0208 0 1
93.1366 0 1
93.2525 0 1
93.3685 0 1
93.4845 0 1
93.6005 367 19.1572
93.7167 402 20.0499
93.8328 444 21.0713
93.949 437 20.9045
94.0653 438 20.9284
94.1816 458 21.4009
94.2979 482 21.9545
94.4143 522 22.8473
94.5307 491 22.1585
94.6472 533 23.0868
94.7637 440 20.9762
94.8803 466 21.587
94.9969 478 21.8632
95.1135 443 21.0476
95.2302 503 22.4277
95.3469 488 22.0907
95.4637 462 21.4942
95.5805 518 22.7596
95.6973 529 23
95.8142 534 23.1084
95.9311 464 21.5407
96.048 519 22.7816
96.1649 495 22.2486
96.2819 519 22.7816
96.3989 476 21.8174
96.516 428 20.6882
96.633 472 21.7256
96.7501 428 20.6882
96.8673 454 21.3073
96.9844 501 22.383
97.1016 495 22.2486
97.2188 511 22.6053
97.336 468 21.6333
97.4532 487 22.0681
97.5704 496 22.2711
97.6877 517 22.7376
97.805 527 22.9565
97.9223 521 22.8254
98.0396 552 23.4947
98.1569 513 22.6495
98.2743 480 21.9089
98.3916 520 22.8035
98.509 499 22.3383
98.6264 470 21.6795
98.7438 445 21.095
98.8612 492 22.1811
98.9786 531 23.0434
99.096 523 22.8692
99.2134 538 23.1948
99.3308 495 22.2486
99.4482 545 23.3452
99.5656 555 23.5584
99.6831 540 23.2379
99.8005 550 23.4521
99.9179 499 22.3383
100.035 537 23.1733
100.153 455 21.3307
100.27 472 21.7256
100.388 495 22.2486
100.505 450 21.2132
100.622 512 22.6274
100.74 540 23.2379
100.857 530 23.0217
100.975 550 23.4521
101.092 502 22.4054
101.209 532 23.0651
101.327 580 24.0832
101.444 529 23
101.561 581 24.1039
101.679 560 23.6643
101.796 550 23.4521
101.913 525 22.9129
102.03 564 23.7487
102.148 539 23.2164
102.265 450 21.2132
102.382 529 23
102.499 539 23.2164
102.616 534 23.1084
102.733 546 23.3666
102.851 608 24.6577
102.968 591 24.3105
103.085 595 24.3926
103.202 554 23.5372
103.319 581 24.1039
103.436 542 23.2809
103.552 532 23.0651
103.669 551 23.4734
103.786 514 22.6716
103.903 543 23.3024
104.02 555 23.5584
104.137 563 23.7276
104.253 572 23.9165
104.37 532 23.0651
104.487 527 22.9565
104.603 605 24.5967
104.72 582 24.1247
104.836 589 24.2693
104.953 548 23.4094
105.069 512 22.6274
105.186 505 22.4722
105.302 506 22.4944
105.418 429 20.7123
105.535 413 20.3224
105.651 380 19.4936
105.767 338 18.3848
105.883 340 18.4391
105.999 308 17.5499
106.115 0 1
106.231 0 1
106.347 0 1
106.463 0 1
106.579 0 1
106.694 0 1
106.81 0 1
106.926 0 1
107.041 0 1
107.157 0 1
109.576 0 1
109.692 0 1
109.807 0 1
109.923 0 1
110.039 0 1
110.155 0 1
110.27 0 1
110.386 0 1
110.502 0 1
110.618 243 15.5885
110.735 347 18.6279
110.851 365 19.105
110.967 379 19.4679
111.083 477 21.8403
111.199 509 22.561
111.316 518 22.7596
111.432 525 22.9129
111.549 592 24.3311
111.665 547 23.388
111.782 578 24.0416
111.898 563 23.7276
112.015 577 24.0208
112.132 511 22.6053
112.248 526 22.9347
112.365 482 21.9545
112.482 515 22.6936
112.599 580 24.0832
112.716 586 24.2074
112.832 537 23.1733
112.949 525 22.9129
113.066 545 23.3452
113.183 544 23.3238
113.3 503 22.4277
113.417 540 23.2379
113.534 559 23.6432
113.652 532 23.0651
113.769 553 23.516
113.886 536 23.1517
114.003 498 22.3159
114.12 477 21.8403
114.238 483 21.9773
114.355 451 21.2368
114.472 454 21.3073
114.589 503 22.4277
114.707 471 21.7025
114.824 531 23.0434
114.942 521 22.8254
115.059 530 23.0217
115.176 540 23.2379
115.294 530 23.0217
115.411 502 22.4054
115.529 525 22.9129
115.646 428 20.6882
115.764 476 21.8174
115.881 467 21.6102
115.999 444 21.0713
116.116 460 21.4476
116.234 480 21.9089
116.351 429 20.7123
116.469 456 21.3542
116.586 471 21.7025
116.704 413 20.3224
116.821 516 22.7156
116.939 488 22.0907
117.056 458 21.4009
117.174 450 21.2132
117.291 464 21.5407
117.409 502 22.4054
117.526 442 21.0238
117.644 462 21.4942
117.761 448 21.166
117.879 435 20.8567
117.996 425 20.6155
118.114 400 20
118.231 445 21.095
118.349 495 22.2486
118.466 437 20.9045
118.584 443 21.0476
118.701 481 21.9317
118.819 501 22.383
118.936 466 21.587
119.053 446 21.1187
119.171 452 21.2603
119.288 396 19.8997
119.405 358 18.9209
119.523 438 20.9284
119.64 445 21.095
119.757 457 21.3776
119.875 434 20.8327
119.992 447 21.1424
120.109 446 21.1187
120.226 461 21.4709
120.343 433 20.8087
120.46 432 20.7846
120.578 405 20.1246
120.695 399 19.975
120.812 451 21.2368
120.929 489 22.1133
121.046 468 21.6333
121.163 385 19.6214
121.279 414 20.347
121.396 380 19.4936
121.513 394 19.8494
121.63 368 19.1833
121.747 392 19.799
121.863 379 19.4679
121.98 396 19.8997
122.097 332 18.2209
122.213 392 19.799
122.33 379 19.4679
122.446 334 18.2757
122.563 376 19.3907
122.679 324 18
122.795 263 16.2173
122.912 246 15.6844
123.028 246 15.6844
123.144 209 14.4568
123.26 246 15.6844
123.377 0 1
123.493 0 1
123.609 0 1
123.725 0 1
123.84 0 1
123.956 0 1
124.072 0 1
124.188 0 1
124.303 0 1
124.419 0 1
126.852 0 1
126.968 0 1
127.083 0 1
127.199 0 1
127.315 0 1
127.431 0 1
127.547 0 1
127.663 0 1
127.779 0 1
127.895 0 1
128.011 0 1
128.127 0 1
128.243 0 1
128.359 424 20.5913
128.476 439 20.9523
128.592 436 20.8806
128.708 455 21.3307
128.825 457 21.3776
128.941 519 22.7816
129.058 505 22.4722
129.174 504 22.4499
129.291 502 22.4054
129.408 472 21.7256
129.524 452 21.2603
129.641 448 21.166
129.758 512 22.6274
129.875 551 23.4734
129.992 527 22.9565
130.108 487 22.0681
130.225 525 22.9129
130.342 457 21.3776
130.459 487 22.0681
130.576 469 21.6564
130.693 488 22.0907
130.81 509 22.561
130.928 555 23.5584
131.045 560 23.6643
131.162 576 24
131.279 658 25.6515
131.396 648 25.4558
131.513 635 25.1992
131.631 567 23.8118
131.748 623 24.96
131.865 588 24.2487
131.983 679 26.0576
132.1 671 25.9037
132.217 736 27.1293
132.335 728 26.9815
132.452 774 27.8209
132.57 856 29.2575
132.687 813 28.5132
132.804 867 29.4449
132.922 858 29.2916
133.039 852 29.189
133.157 854 29.2233
133.274 969 31.1288
133.392 907 30.1164
133.509 859 29.3087
133.627 887 29.7825
133.744 873 29.5466
133.862 873 29.5466
133.979 843 29.0345
134.097 752 27.4226
134.214 773 27.8029
134.332 793 28.1603
134.449 800 28.2843
134.567 813 28.5132
134.684 828 28.775
134.802 894 29.8998
134.919 883 29.7153
135.037 868 29.4618
135.154 847 29.1033
135.272 786 28.0357
135.389 772 27.7849
135.507 772 27.7849
135.624 799 28.2666
135.742 829 28.7924
135.859 840 28.9828
135.977 911 30.1828
136.094 931 30.5123
136.211 895 29.9166
136.329 931 30.5123
136.446 914 30.2324
136.564 913 30.2159
136.681 903 30.05
136.798 965 31.0644
136.915 874 29.5635
137.033 876 29.5973
137.15 904 30.0666
137.267 942 30.692
137.384 873 29.5466
137.502 900 30
137.619 817 28.5832
137.736 820 28.6356
137.853 779 27.9106
137.97 825 28.7228
138.087 820 28.6356
138.204 871 29.5127
138.321 964 31.0483
138.438 945 30.7409
138.555 945 30.7409
138.672 963 31.0322
138.788 958 30.9516
138.905 834 28.8791
139.022 770 27.7489
139.139 794 28.178
139.255 807 28.4077
139.372 794 28.178
139.488 764 27.6405
139.605 738 27.1662
139.721 727 26.9629
139.838 691 26.2869
139.954 612 24.7386
140.071 571 23.8956
140.187 565 23.7697
140.303 522 22.8473
140.419 534 23.1084
140.535 529 23
140.652 475 21.7945
140.768 0 1
140.884 0 1
141 0 1
141.115 0 1
141.231 0 1
141.347 0 1
141.463 0 1
141.578 0 1
141.694 0 1
144.104 0 1
144.219 0 1
144.335 0 1
144.45 0 1
144.566 0 1
144.682 0 1
144.798 0 1
144.914 0 1
145.03 0 1
145.146 1078 32.8329
145.262 1183 34.3948
145.378 1217 34.8855
145.494 1236 35.1568
145.61 1243 35.2562
145.726 1354 36.7967
145.842 1319 36.318
145.959 1452 38.1051
146.075 1430 37.8153
146.192 1443 37.9868
146.308 1450 38.0789
146.425 1449 38.0657
146.541 1389 37.2693
146.658 1409 37.5366
146.774 1434 37.8682
146.891 1511 38.8716
147.008 1630 40.3733
147.125 1692 41.1339
147.241 1791 42.3202
147.358 1751 41.845
147.475 1706 41.3038
147.592 1606 40.0749
147.709 1465 38.2753
147.826 1136 33.7046
147.943 1057 32.5115
148.06 1257 35.4542
148.177 1330 36.4692
148.294 1588 39.8497
148.411 1581 39.7618
148.528 1675 40.9268
148.645 1625 40.3113
148.762 1655 40.6817
148.88 1635 40.4351
148.997 1643 40.5339
149.114 1600 40
149.231 1626 40.3237
149.349 1725 41.5331
149.466 1680 40.9878
149.583 1730 41.5933
149.701 1613 40.1622
149.818 1453 38.1182
149.935 1451 38.092
150.053 1415 37.6165
150.17 1403 37.4566
150.287 1522 39.0128
150.405 1491 38.6135
150.522 1477 38.4318
150.64 1554 39.4208
150.757 1586 39.8246
150.875 1531 39.128
150.992 1560 39.4968
151.11 1525 39.0512
151.227 1434 37.8682
151.344 1346 36.6879
151.462 1193 34.5398
151.579 1041 32.2645
151.697 1094 33.0757
151.814 1184 34.4093
151.932 1376 37.0945
152.049 1402 37.4433
152.167 1399 37.4032
152.284 1294 35.9722
152.402 1363 36.9188
152.519 1376 37.0945
152.636 1343 36.647
152.754 1383 37.1887
152.871 1333 36.5103
152.989 1219 34.9142
153.106 1238 35.1852
153.223 1256 35.4401
153.341 1236 35.1568
153.458 1189 34.4819
153.575 1089 33
153.693 1099 33.1512
153.81 1103 33.2114
153.927 1119 33.4515
154.044 1084 32.9242
154.162 1109 33.3017
154.279 1187 34.4529
154.396 1206 34.7275
154.513 1210 34.7851
154.63 1158 34.0294
154.747 1178 34.322
154.864 1084 32.9242
154.981 1043 32.2955
155.098 929 30.4795
155.215 933 30.545
155.332 997 31.5753
155.449 1071 32.7261
155.566 1102 33.1964
155.683 1136 33.7046
155.8 1177 34.3074
155.917 1179 34.3366
156.033 1175 34.2783
156.15 0 1
156.267 0 1
156.383 0 1
156.5 0 1
156.617 0 1
156.733 0 1
156.85 0 1
156.966 0 1
157.082 0 1
157.199 0 1
157.315 0 1
157.431 0 1
157.547 0 1
157.664 0 1
157.78 0 1
157.896 0 1
158.012 0 1
158.128 0 1
158.244 0 1
158.359 0 1
158.475 0 1
158.591 0 1
158.706 0 1
