
6.15755 0 1
6.2731 0 1
6.3887 0 1
6.50437 0 1
6.62009 0 1
6.73587 0 1
6.8517 0 1
6.96759 0 1
7.08353 0 1
7.19952 0 1
7.31557 0 1
7.43166 0 1
7.54781 0 1
7.664 0 1
7.78024 0 1
7.89653 0 1
8.01286 0 1
8.12924 0 1
8.24567 0 1
8.36213 0 1
8.47864 0 1
8.59519 0 1
8.71178 0 1
8.82841 0 1
8.94508 0 1
9.06179 0 1
9.17853 0 1
9.29531 0 1
9.41212 0 1
9.52897 0 1
9.64584 0 1
9.76276 0 1
9.8797 0 1
9.99667 0 1
10.1137 0 1
10.2307 0 1
10.3478 0 1
10.4648 0 1
10.5819 0 1
10.6991 0 1
10.8162 0 1
10.9334 0 1
11.0506 0 1
11.1678 0 1
11.285 0 1
11.4023 0 1
11.5196 0 1
11.6369 0 1
11.7542 0 1
11.8715 0 1
11.9888 0 1
12.1062 0 1
12.2235 0 1
12.3409 0 1
12.4582 0 1
12.5756 0 1
12.693 0 1
12.8104 0 1
12.9278 0 1
13.0452 0 1
13.1626 0 1
13.28 0 1
13.3974 0 1
13.5149 0 1
13.6323 0 1
13.7497 0 1
13.8671 0 1
13.9845 0 1
14.1019 0 1
14.2193 0 1
14.3367 0 1
14.4541 0 1
14.5714 0 1
14.6888 0 1
14.8062 0 1
14.9235 0 1
15.0408 0 0
15.1581 0 0
15.2755 0 0
15.3927 0 0
15.51 0 0
15.6273 0 0
15.7445 0 0
15.8617 0 0
15.9789 0 0
16.0961 0 0
16.2132 0 0
16.3304 0 0
16.4475 0 0
16.5646 0 0
16.6816 0 0
16.7986 0 0
16.9156 0 0
17.0326 0 0
17.1496 0 0
17.2665 0 0
17.3833 0 0
17.5002 0 0
17.617 0 0
17.7338 0 0
17.8505 0 0
17.9672 0 0
18.0839 0 0
18.2005 0 0
18.3171 0 0
18.4337 0 0
18.5502 0 0
18.6666 0 0
18.7831 0 0
18.8994 0 0
19.0158 0 0
19.1321 0 0
19.2483 0 0
19.3645 0 0
19.4806 0 0
19.5967 0 0
19.7128 0 0
19.8288 0 0
19.9447 0 0
20.0606 0 1
20.1764 0 1
20.2922 0 1
20.4079 0 1
20.5236 0 1
20.6392 0 1
20.7548 0 1
20.8702 0 1
23.3078 0 1
23.4233 0 1
23.539 0 1
23.6547 0 1
23.7704 0 1
23.8862 0 1
24.0021 0 1
24.118 0 1
24.234 0 1
24.35 0 1
24.4661 1421 37.6962
24.5822 1508 38.833
24.6984 1435 37.8814
24.8146 1363 36.9188
24.9309 1374 37.0675
25.0472 1323 36.3731
25.1636 1383 37.1887
25.28 1385 37.2156
25.3965 1472 38.3667
25.513 1512 38.8844
25.6296 1637 40.4599
25.7462 1610 40.1248
25.8628 1642 40.5216
25.9795 1661 40.7554
26.0962 1631 40.3856
26.213 1668 40.8412
26.3298 1629 40.3609
26.4466 1663 40.7799
26.5635 1562 39.5221
26.6804 1473 38.3797
26.7973 1536 39.1918
26.9143 1508 38.833
27.0313 1554 39.4208
27.1483 1487 38.5616
27.2653 1642 40.5216
27.3824 1691 41.1218
27.4996 1635 40.4351
27.6167 1641 40.5093
27.7339 1625 40.3113
27.8511 1533 39.1535
27.9683 1576 39.6989
28.0855 1545 39.3065
28.2028 1414 37.6032
28.3201 1333 36.5103
28.4374 1352 36.7696
28.5547 1262 35.5246
28.6721 1350 36.7423
28.7894 1451 38.092
28.9068 1417 37.6431
29.0242 1425 37.7492
29.1416 1532 39.1408
29.259 1516 38.9358
29.3764 1603 40.0375
29.4939 1608 40.0999
29.6113 1614 40.1746
29.7288 1574 39.6737
29.8463 1603 40.0375
29.9638 1594 39.9249
30.0812 1564 39.5474
30.1987 1561 39.5095
30.3162 1472 38.3667
30.4337 1492 38.6264
30.5512 1542 39.2683
30.6687 1583 39.7869
30.7862 1588 39.8497
30.9037 1626 40.3237
31.0212 1642 40.5216
31.1387 1639 40.4846
31.2562 1584 39.7995
31.3737 1591 39.8873
31.4912 1547 39.3319
31.6087 1533 39.1535
31.7262 1453 38.1182
31.8436 1397 37.3765
31.9611 1408 37.5233
32.0785 1299 36.0416
32.1959 1377 37.108
32.3134 1398 37.3898
32.4308 1439 37.9342
32.5482 1519 38.9744
32.6655 1544 39.2938
32.7829 1535 39.1791
32.9002 1632 40.398
33.0176 1605 40.0625
33.1349 1581 39.7618
33.2522 1605 40.0625
33.3694 1666 40.8167
33.4867 1664 40.7922
33.6039 1622 40.2741
33.7211 1561 39.5095
33.8383 1543 39.281
33.9554 1494 38.6523
34.0725 1516 38.9358
34.1896 1528 39.0896
34.3067 1647 40.5832
34.4237 1598 39.975
34.5407 1663 40.7799
34.6577 1625 40.3113
34.7746 1556 39.4462
34.8915 1671 40.8779
35.0084 1603 40.0375
35.1252 1585 39.8121
35.242 1541 39.2556
35.3587 1516 38.9358
35.4755 1396 37.3631
35.5921 1417 37.6431
35.7088 1323 36.3731
35.8254 1282 35.805
35.9419 1310 36.1939
36.0584 1366 36.9594
36.1749 1332 36.4966
36.2913 1441 37.9605
36.4077 1481 38.4838
36.524 1617 40.2119
36.6403 1581 39.7618
36.7565 1584 39.7995
36.8727 1637 40.4599
36.9889 1570 39.6232
37.1049 1598 39.975
37.221 0 1
37.3369 0 1
37.4529 0 1
37.5687 0 1
37.6845 0 1
37.8003 0 1
37.916 0 1
38.0316 0 1
38.1472 0 1
40.5851 0 1
40.7008 0 1
40.8164 0 1
40.9322 0 1
41.048 0 1
41.1639 0 1
41.2798 0 1
41.3958 0 1
41.5118 0 1
41.6279 0 1
41.744 1390 37.2827
41.8602 1464 38.2623
41.9765 1442 37.9737
42.0928 1416 37.6298
42.2091 1440 37.9473
42.3255 1530 39.1152
42.4419 1452 38.1051
42.5584 1465 38.2753
42.675 1332 36.4966
42.7915 1398 37.3898
42.9081 1398 37.3898
43.0248 1432 37.8418
43.1415 1515 38.923
43.2582 1444 38
43.375 1509 38.8458
43.4918 1510 38.8587
43.6087 1510 38.8587
43.7256 1500 38.7298
43.8425 1514 38.9102
43.9595 1504 38.7814
44.0765 1321 36.3456
44.1935 1329 36.4555
44.3106 1274 35.6931
44.4277 1201 34.6554
44.5448 1153 33.9559
44.6619 1086 32.9545
44.7791 1085 32.9393
44.8963 1118 33.4365
45.0136 1182 34.3802
45.1308 1206 34.7275
45.2481 1311 36.2077
45.3654 1282 35.805
45.4827 1250 35.3553
45.6001 1337 36.565
45.7174 1334 36.524
45.8348 1313 36.2353
45.9522 1234 35.1283
46.0697 1207 34.7419
46.1871 1095 33.0908
46.3046 1097 33.121
46.422 1147 33.8674
46.5395 1083 32.909
46.657 1190 34.4964
46.7745 1200 34.641
46.892 1218 34.8999
47.0096 1187 34.4529
47.1271 1202 34.6699
47.2446 1203 34.6843
47.3622 1211 34.7994
47.4797 1161 34.0735
47.5973 1155 33.9853
47.7149 1031 32.1092
47.8324 1013 31.8277
47.95 919 30.315
48.0675 832 28.8444
48.1851 819 28.6182
48.3027 871 29.5127
48.4202 839 28.9655
48.5378 971 31.1609
48.6554 944 30.7246
48.7729 1002 31.6544
48.8904 1033 32.1403
49.008 1057 32.5115
49.1255 1133 33.6601
49.243 1106 33.2566
49.3605 1092 33.0454
49.478 1103 33.2114
49.5955 1042 32.28
49.713 1031 32.1092
49.8304 1050 32.4037
49.9479 1012 31.8119
50.0653 1059 32.5423
50.1827 1145 33.8378
50.3001 1233 35.1141
50.4175 1229 35.0571
50.5348 1226 35.0143
50.6521 1276 35.7211
50.7694 1283 35.819
50.8867 1363 36.9188
51.004 1338 36.5787
51.1212 1369 37
51.2384 1307 36.1525
51.3556 1288 35.8887
51.4727 1178 34.322
51.5899 1177 34.3074
51.707 1096 33.1059
51.824 1132 33.6452
51.9411 1241 35.2278
52.0581 1349 36.7287
52.175 1348 36.7151
52.2919 1391 37.2961
52.4088 1559 39.4842
52.5257 1568 39.598
52.6425 1549 39.3573
52.7593 1602 40.025
52.876 1590 39.8748
52.9927 1617 40.2119
53.1094 1591 39.8873
53.226 1537 39.2046
53.3426 1449 38.0657
53.4591 1550 39.37
53.5756 1565 39.5601
53.692 1646 40.5709
53.8084 1583 39.7869
53.9248 1733 41.6293
54.0411 1704 41.2795
54.1573 1760 41.9524
54.2735 0 1
54.3896 0 1
54.5057 0 1
54.6217 0 1
54.7377 0 1
54.8537 0 1
54.9695 0 1
55.0853 0 1
55.2011 0 1
55.3168 0 1
55.4324 0 1
57.824 0 1
57.9396 0 1
58.0553 0 1
58.1711 0 1
58.2869 0 1
58.4028 0 1
58.5187 0 1
58.6347 0 1
58.7508 0 1
58.8669 0 1
58.983 2209 47
59.0992 2245 47.3814
59.2155 2188 46.7761
59.3318 2216 47.0744
59.4482 2329 48.2597
59.5646 2269 47.634
59.681 2192 46.8188
59.7975 2114 45.9783
59.9141 2117 46.0109
60.0306 2075 45.5522
60.1473 1873 43.2782
60.2639 1671 40.8779
60.3807 1615 40.1871
60.4974 1664 40.7922
60.6142 1679 40.9756
60.731 1756 41.9047
60.8479 1921 43.8292
60.9648 2076 45.5631
61.0818 2152 46.3897
61.1987 2065 45.4423
61.3158 2086 45.6727
61.4328 2107 45.9021
61.5499 2146 46.3249
61.667 2105 45.8803
61.7841 2070 45.4973
61.9013 2024 44.9889
62.0185 2039 45.1553
62.1357 2038 45.1442
62.253 2064 45.4313
62.3702 2229 47.2123
62.4875 2238 47.3075
62.6049 2242 47.3498
62.7222 2282 47.7703
62.8396 2288 47.833
62.9569 2343 48.4045
63.0743 2261 47.55
63.1918 2230 47.2229
63.3092 2159 46.465
63.4267 2029 45.0444
63.5441 1990 44.6094
63.6616 1863 43.1625
63.7791 1712 41.3763
63.8966 1610 40.1248
64.0142 1602 40.025
64.1317 1638 40.4722
64.2492 1854 43.0581
64.3668 1948 44.1362
64.4843 2043 45.1996
64.6019 2119 46.0326
64.7195 2229 47.2123
64.837 2164 46.5188
64.9546 2250 47.4342
65.0722 2153 46.4004
65.1898 2246 47.392
65.3074 2121 46.0543
65.4249 2105 45.8803
65.5425 2040 45.1664
65.6601 2085 45.6618
65.7777 2208 46.9894
65.8952 2221 47.1275
66.0128 2189 46.7868
66.1304 2365 48.6313
66.2479 2360 48.5798
66.3655 2344 48.4149
66.483 2389 48.8774
66.6005 2329 48.2597
66.718 2348 48.4562
66.8355 2290 47.8539
66.953 2258 47.5184
67.0705 2159 46.465
67.1879 2021 44.9555
67.3054 1902 43.6119
67.4228 1709 41.3401
67.5402 1542 39.2683
67.6576 1600 40
67.7749 1692 41.1339
67.8923 1825 42.72
68.0096 2037 45.1331
68.1269 2185 46.744
68.2442 2256 47.4974
68.3614 2371 48.6929
68.4787 2385 48.8365
68.5958 2442 49.4166
68.713 2442 49.4166
68.8302 2391 48.8979
68.9473 2411 49.1019
69.0643 2277 47.7179
69.1814 2268 47.6235
69.2984 2328 48.2494
69.4154 2389 48.8774
69.5323 2461 49.6085
69.6492 2523 50.2295
69.7661 2601 51
69.8829 2579 50.7839
69.9997 2639 51.3712
70.1165 2723 52.1824
70.2332 2682 51.788
70.3499 2630 51.2835
70.4665 2663 51.6043
70.5831 2515 50.1498
70.6996 2473 49.7293
70.8161 2375 48.734
70.9326 2199 46.8935
71.049 1978 44.4747
71.1653 1740 41.7133
71.2817 1664 40.7922
71.3979 1629 40.3609
71.5141 1634 40.4228
71.6303 1875 43.3013
71.7464 1936 44
71.8624 0 1
71.9784 0 1
72.0944 0 1
72.2102 0 1
72.3261 0 1
72.4418 0 1
72.5575 0 1
72.6732 0 1
75.1054 0 1
75.2209 0 1
75.3365 0 1
75.4521 0 1
75.5678 0 1
75.6835 0 1
75.7993 0 1
75.9151 0 1
76.031 0 1
76.147 2232 47.244
76.263 2347 48.4458
76.3791 2179 46.6798
76.4952 1875 43.3013
76.6113 1749 41.821
76.7276 1847 42.9767
76.8438 2024 44.9889
76.9601 2319 48.156
77.0765 2558 50.5767
77.1929 2768 52.6118
77.3093 2902 53.8702
77.4258 2953 54.3415
77.5423 2859 53.4696
77.6589 3078 55.4797
77.7755 2974 54.5344
77.8921 2911 53.9537
78.0088 2757 52.5071
78.1256 2771 52.6403
78.2423 2812 53.0283
78.3591 2762 52.5547
78.4759 2887 53.7308
78.5928 2953 54.3415
78.7097 2948 54.2955
78.8266 3191 56.4889
78.9436 3032 55.0636
79.0606 3180 56.3915
79.1776 3089 55.5788
79.2946 3225 56.7891
79.4117 3141 56.0446
79.5288 3079 55.4887
79.6459 3008 54.8452
79.7631 2910 53.9444
79.8802 2796 52.8772
79.9974 2576 50.7543
80.1147 2317 48.1352
80.2319 1938 44.0227
80.3491 2013 44.8665
80.4664 2195 46.8508
80.5837 2483 49.8297
80.701 2790 52.8205
80.8183 2981 54.5985
80.9357 3085 55.5428
81.053 3181 56.4004
81.1704 3118 55.8391
81.2877 3258 57.0789
81.4051 3189 56.4712
81.5225 3179 56.3826
81.6399 2946 54.2771
81.7573 3063 55.3444
81.8747 2961 54.4151
81.9922 2907 53.9166
82.1096 2985 54.6352
82.227 3102 55.6956
82.3444 3131 55.9553
82.4619 3228 56.8155
82.5793 3130 55.9464
82.6967 3299 57.4369
82.8142 3261 57.1052
82.9316 3216 56.7098
83.049 3202 56.5862
83.1664 3160 56.2139
83.2838 3130 55.9464
83.4012 3023 54.9818
83.5186 2755 52.4881
83.636 2592 50.9117
83.7534 2270 47.6445
83.8708 2005 44.7772
83.9881 1932 43.9545
84.1055 2069 45.4863
84.2228 2341 48.3839
84.3401 2781 52.7352
84.4575 3079 55.4887
84.5747 3287 57.3324
84.692 3405 58.3524
84.8093 3421 58.4893
84.9265 3406 58.3609
85.0437 3283 57.2975
85.1609 3411 58.4038
85.2781 3373 58.0775
85.3952 3181 56.4004
85.5123 3246 56.9737
85.6294 3238 56.9034
85.7465 3365 58.0086
85.8636 3484 59.0254
85.9806 3375 58.0948
86.0976 3651 60.4235
86.2145 3615 60.1249
86.3315 3686 60.7124
86.4484 3830 61.887
86.5652 3725 61.0328
86.682 3829 61.8789
86.7988 3706 60.8769
86.9156 3654 60.4483
87.0323 3576 59.7997
87.149 3387 58.1979
87.2657 2931 54.1387
87.3823 2673 51.7011
87.4988 2465 49.6488
87.6154 2517 50.1697
87.7318 2979 54.5802
87.8483 3335 57.7495
87.9647 3701 60.8358
88.081 3901 62.458
88.1973 4222 64.9769
88.3136 4154 64.4515
88.4298 4037 63.5374
88.546 4034 63.5138
88.6621 4080 63.8749
88.7781 3998 63.2297
88.8942 0 1
89.0101 0 1
89.126 0 1
89.2419 0 1
89.3577 0 1
89.4734 0 1
89.5891 0 1
89.7047 0 1
89.8203 0 1
89.9358 0 1
92.3269 0 1
92.4424 0 1
92.558 0 1
92.6736 0 1
92.7893 0 1
92.905 0 1
93.0208 0 1
93.1366 0 1
93.2525 0 1
93.3685 0 1
93.4845 0 1
93.6005 4206 64.8537
93.7167 4389 66.2495
93.8328 4306 65.6201
93.949 4290 65.4981
94.0653 4331 65.8103
94.1816 4345 65.9166
94.2979 4203 64.8305
94.4143 4319 65.7191
94.5307 4134 64.2962
94.6472 4176 64.622
94.7637 4136 64.3117
94.8803 4198 64.792
94.9969 4372 66.1211
95.1135 4326 65.7723
95.2302 4439 66.6258
95.3469 4669 68.3301
95.4637 4698 68.542
95.5805 4642 68.1322
95.6973 4833 69.5198
95.8142 4663 68.2862
95.9311 4491 67.0149
96.048 4538 67.3647
96.1649 4276 65.3911
96.2819 4166 64.5446
96.3989 3787 61.5386
96.516 3363 57.9914
96.633 2908 53.9259
96.7501 2830 53.1977
96.8673 3072 55.4256
96.9844 3539 59.4895
97.1016 4093 63.9766
97.2188 4447 66.6858
97.336 4815 69.3902
97.4532 4874 69.814
97.5704 4911 70.0785
97.6877 4835 69.5342
97.805 4853 69.6635
97.9223 4806 69.3253
98.0396 4741 68.8549
98.1569 4665 68.3008
98.2743 4525 67.2681
98.3916 4406 66.3777
98.509 4553 67.4759
98.6264 4583 67.6979
98.7438 4666 68.3081
98.8612 4793 69.2315
98.9786 4975 70.5337
99.096 5046 71.0352
99.2134 5034 70.9507
99.3308 5166 71.8749
99.4482 5141 71.7008
99.5656 4970 70.4982
99.6831 4880 69.857
99.8005 4743 68.8694
99.9179 4368 66.0908
100.035 4243 65.1383
100.153 3640 60.3324
100.27 3207 56.6304
100.388 3318 57.6021
100.505 3698 60.8112
100.622 4386 66.2269
100.74 4827 69.4766
100.857 5177 71.9514
100.975 5136 71.6659
101.092 5342 73.089
101.209 5215 72.215
101.327 5110 71.4843
101.444 5337 73.0548
101.561 5130 71.624
101.679 5077 71.2531
101.796 4977 70.5479
101.913 5094 71.3723
102.03 5011 70.7884
102.148 4835 69.5342
102.265 5243 72.4086
102.382 4920 70.1427
102.499 5358 73.1984
102.616 5510 74.2294
102.733 5537 74.411
102.851 5582 74.7128
102.968 5577 74.6793
103.085 5529 74.3572
103.202 5284 72.6911
103.319 5329 73
103.436 4968 70.484
103.552 4493 67.0298
103.669 3909 62.522
103.786 3496 59.127
103.903 3525 59.3717
104.02 4022 63.4192
104.137 4718 68.6877
104.253 5277 72.643
104.37 5400 73.4847
104.487 5727 75.6769
104.603 5677 75.3459
104.72 5579 74.6927
104.836 5643 75.1199
104.953 5618 74.9533
105.069 5605 74.8665
105.186 5633 75.0533
105.302 5548 74.4849
105.418 5432 73.7021
105.535 5223 72.2703
105.651 5505 74.1957
105.767 5484 74.054
105.883 5654 75.1931
105.999 5866 76.5898
106.115 0 1
106.231 0 1
106.347 0 1
106.463 0 1
106.579 0 1
106.694 0 1
106.81 0 1
106.926 0 1
107.041 0 1
107.157 0 1
109.576 0 1
109.692 0 1
109.807 0 1
109.923 0 1
110.039 0 1
110.155 0 1
110.27 0 1
110.386 0 1
110.502 0 1
110.618 4930 70.214
110.735 5110 71.4843
110.851 5426 73.6614
110.967 5371 73.2871
111.083 5319 72.9315
111.199 5577 74.6793
111.316 5585 74.7329
111.432 5489 74.0878
111.549 5540 74.4312
111.665 5443 73.7767
111.782 5200 72.111
111.898 4808 69.3397
112.015 4465 66.8207
112.132 3871 62.2174
112.248 3419 58.4722
112.365 3190 56.4801
112.482 3757 61.2944
112.599 4081 63.8827
112.716 4689 68.4763
112.832 5086 71.3162
112.949 4985 70.6045
113.066 5174 71.9305
113.183 5027 70.9013
113.3 4907 70.05
113.417 5058 71.1196
113.534 4968 70.484
113.652 4971 70.5053
113.769 4919 70.1356
113.886 4716 68.6731
114.003 4575 67.6387
114.12 4629 68.0368
114.238 4563 67.55
114.355 4553 67.4759
114.472 4687 68.4617
114.589 4718 68.6877
114.707 4828 69.4838
114.824 4915 70.1071
114.942 4879 69.8498
115.059 4901 70.0071
115.176 4884 69.8856
115.294 4838 69.5557
115.411 4493 67.0298
115.529 4254 65.2227
115.646 3752 61.2536
115.764 3368 58.0345
115.881 3114 55.8032
115.999 3090 55.5878
116.116 3643 60.3573
116.234 4125 64.2262
116.351 4529 67.2978
116.469 4770 69.0652
116.586 4716 68.6731
116.704 4782 69.152
116.821 4773 69.0869
116.939 4902 70.0143
117.056 4868 69.7711
117.174 4728 68.7605
117.291 4776 69.1086
117.409 4791 69.217
117.526 4490 67.0075
117.644 4526 67.2756
117.761 4477 66.9104
117.879 4508 67.1416
117.996 4523 67.2533
118.114 4527 67.283
118.231 4679 68.4032
118.349 4750 68.9202
118.466 4826 69.4694
118.584 4763 69.0145
118.701 4989 70.6329
118.819 4860 69.7137
118.936 4668 68.3228
119.053 4505 67.1193
119.171 4194 64.7611
119.288 3763 61.3433
119.405 3249 57
119.523 2963 54.4334
119.64 3152 56.1427
119.757 3464 58.8558
119.875 4005 63.2851
119.992 4302 65.5896
120.109 4470 66.8581
120.226 4526 67.2756
120.343 4451 66.7158
120.46 4563 67.55
120.578 4677 68.3886
120.695 4544 67.4092
120.812 4665 68.3008
120.929 4499 67.0746
121.046 4620 67.9706
121.163 4482 66.9477
121.279 4563 67.55
121.396 4442 66.6483
121.513 4352 65.9697
121.63 4366 66.0757
121.747 4330 65.8027
121.863 4395 66.2948
121.98 4471 66.8655
122.097 4442 66.6483
122.213 4644 68.1469
122.33 4612 67.9117
122.446 4501 67.0895
122.563 4510 67.1565
122.679 4267 65.3223
122.795 4161 64.5058
122.912 3848 62.0322
123.028 3588 59.8999
123.144 3063 55.3444
123.26 2874 53.6097
123.377 0 1
123.493 0 1
123.609 0 1
123.725 0 1
123.84 0 1
123.956 0 1
124.072 0 1
124.188 0 1
124.303 0 1
124.419 0 1
126.852 0 1
126.968 0 1
127.083 0 1
127.199 0 1
127.315 0 1
127.431 0 1
127.547 0 1
127.663 0 1
127.779 0 1
127.895 0 1
128.011 0 1
128.127 0 1
128.243 0 1
128.359 3476 58.9576
128.476 3225 56.7891
128.592 3189 56.4712
128.708 3761 61.327
128.825 4250 65.192
128.941 4694 68.5128
129.058 4769 69.0579
129.174 4920 70.1427
129.291 4822 69.4406
129.408 4740 68.8477
129.524 4779 69.1303
129.641 4867 69.7639
129.758 4759 68.9855
129.875 4810 69.3542
129.992 4541 67.3869
130.108 4676 68.3813
130.225 4636 68.0882
130.342 4651 68.1982
130.459 4534 67.335
130.576 4643 68.1396
130.693 4559 67.5204
130.81 4654 68.2202
130.928 4647 68.1689
131.045 4754 68.9493
131.162 4720 68.7023
131.279 4788 69.1954
131.396 4726 68.7459
131.513 4664 68.2935
131.631 4448 66.6933
131.748 4191 64.7379
131.865 3692 60.7618
131.983 3374 58.0861
132.1 3291 57.3672
132.217 3601 60.0083
132.335 3849 62.0403
132.452 4381 66.1891
132.57 4362 66.0454
132.687 4585 67.7126
132.804 4775 69.1014
132.922 4470 66.8581
133.039 4473 66.8805
133.157 4500 67.082
133.274 4521 67.2384
133.392 4500 67.082
133.509 4422 66.4981
133.627 4552 67.4685
133.744 4610 67.897
133.862 4402 66.3476
133.979 4354 65.9848
134.097 4375 66.1438
134.214 4548 67.4389
134.332 4303 65.5973
134.449 4438 66.6183
134.567 4427 66.5357
134.684 4579 67.6683
134.802 4525 67.2681
134.919 4682 68.4251
135.037 4495 67.0448
135.154 4444 66.6633
135.272 4230 65.0385
135.389 3771 61.4085
135.507 3432 58.5833
135.624 3133 55.9732
135.742 3292 57.376
135.859 3497 59.1354
135.977 3920 62.6099
136.094 4330 65.8027
136.211 4366 66.0757
136.329 4365 66.0681
136.446 4533 67.3276
136.564 4545 67.4166
136.681 4529 67.2978
136.798 4421 66.4906
136.915 4590 67.7495
137.033 4352 65.9697
137.15 4434 66.5883
137.267 4284 65.4523
137.384 4235 65.0769
137.502 4251 65.1997
137.619 4226 65.0077
137.736 4247 65.169
137.853 4188 64.7148
137.97 4086 63.9218
138.087 4393 66.2797
138.204 4368 66.0908
138.321 4352 65.9697
138.438 4349 65.9469
138.555 4361 66.0379
138.672 4389 66.2495
138.788 4265 65.307
138.905 4010 63.3246
139.022 3839 61.9597
139.139 3484 59.0254
139.255 3238 56.9034
139.372 3194 56.5155
139.488 3331 57.7148
139.605 3841 61.9758
139.721 4020 63.4035
139.838 4222 64.9769
139.954 4382 66.1967
140.071 4337 65.8559
140.187 4279 65.4141
140.303 4257 65.2457
140.419 4338 65.8635
140.535 4202 64.8228
140.652 4191 64.7379
140.768 0 1
140.884 0 1
141 0 1
141.115 0 1
141.231 0 1
141.347 0 1
141.463 0 1
141.578 0 1
141.694 0 1
144.104 0 1
144.219 0 1
144.335 0 1
144.45 0 1
144.566 0 1
144.682 0 1
144.798 0 1
144.914 0 1
145.03 0 1
145.146 3620 60.1664
145.262 3683 60.6877
145.378 3755 61.2781
145.494 3707 60.8851
145.61 3581 59.8415
145.726 3611 60.0916
145.842 3633 60.2744
145.959 3556 59.6322
146.075 3556 59.6322
146.192 3533 59.439
146.308 3570 59.7495
146.425 3560 59.6657
146.541 3583 59.8582
146.658 3565 59.7076
146.774 3597 59.975
146.891 3513 59.2706
147.008 3673 60.6053
147.125 3643 60.3573
147.241 3684 60.696
147.358 3485 59.0339
147.475 3451 58.7452
147.592 3195 56.5243
147.709 2973 54.5252
147.826 2731 52.259
147.943 2721 52.1632
148.06 2834 53.2353
148.177 3140 56.0357
148.294 3353 57.9051
148.411 3360 57.9655
148.528 3620 60.1664
148.645 3425 58.5235
148.762 3587 59.8916
148.88 3471 58.9152
148.997 3401 58.3181
149.114 3574 59.7829
149.231 3414 58.4294
149.349 3328 57.6888
149.466 3249 57
149.583 3249 57
149.701 3279 57.2626
149.818 3178 56.3738
149.935 3242 56.9386
150.053 3437 58.6259
150.17 3316 57.5847
150.287 3430 58.5662
150.405 3232 56.8507
150.522 3301 57.4543
150.64 3383 58.1636
150.757 3418 58.4637
150.875 3406 58.3609
150.992 3255 57.0526
151.11 3297 57.4195
151.227 3049 55.2178
151.344 2835 53.2447
151.462 2621 51.1957
151.579 2609 51.0784
151.697 2735 52.2972
151.814 2932 54.1479
151.932 3160 56.2139
152.049 3416 58.4466
152.167 3432 58.5833
152.284 3433 58.5918
152.402 3441 58.66
152.519 3411 58.4038
152.636 3462 58.8388
152.754 3301 57.4543
152.871 3263 57.1227
152.989 3186 56.4447
153.106 3259 57.0877
153.223 3301 57.4543
153.341 3221 56.7539
153.458 3386 58.1893
153.575 3266 57.1489
153.693 3305 57.4891
153.81 3400 58.3095
153.927 3278 57.2538
154.044 3443 58.6771
154.162 3388 58.2065
154.279 3350 57.8792
154.396 3516 59.2959
154.513 3551 59.5903
154.63 3366 58.0172
154.747 3355 57.9224
154.864 3277 57.2451
154.981 3012 54.8817
155.098 2894 53.7959
155.215 2732 52.2685
155.332 2885 53.7122
155.449 3074 55.4437
155.566 3363 57.9914
155.683 3504 59.1946
155.8 3452 58.7537
155.917 3416 58.4466
156.033 3457 58.7963
156.15 0 1
156.267 0 1
156.383 0 1
156.5 0 1
156.617 0 1
156.733 0 1
156.85 0 1
156.966 0 1
157.082 0 1
157.199 0 1
157.315 0 1
157.431 0 1
157.547 0 1
157.664 0 1
157.78 0 1
157.896 0 1
158.012 0 1
158.128 0 1
158.244 0 1
158.359 0 1
158.475 0 1
158.591 0 1
158.706 0 1
