
6.15755 0 1
6.2731 0 1
6.3887 0 1
6.50437 0 1
6.62009 0 1
6.73587 0 1
6.8517 0 1
6.96759 0 1
7.08353 0 1
7.19952 0 1
7.31557 0 1
7.43166 0 1
7.54781 0 1
7.664 0 1
7.78024 0 1
7.89653 0 1
8.01286 0 1
8.12924 0 1
8.24567 0 1
8.36213 0 1
8.47864 0 1
8.59519 0 1
8.71178 0 1
8.82841 0 1
8.94508 0 1
9.06179 0 1
9.17853 0 1
9.29531 0 1
9.41212 0 1
9.52897 0 1
9.64584 0 1
9.76276 0 1
9.8797 0 1
9.99667 0 1
10.1137 0 1
10.2307 0 1
10.3478 0 1
10.4648 0 1
10.5819 0 1
10.6991 0 1
10.8162 0 1
10.9334 0 1
11.0506 0 1
11.1678 0 1
11.285 0 1
11.4023 0 1
11.5196 0 1
11.6369 0 1
11.7542 0 1
11.8715 0 1
11.9888 0 1
12.1062 0 1
12.2235 0 1
12.3409 0 1
12.4582 0 1
12.5756 0 1
12.693 0 1
12.8104 0 1
12.9278 0 1
13.0452 0 1
13.1626 0 1
13.28 0 1
13.3974 0 1
13.5149 0 1
13.6323 0 1
13.7497 0 1
13.8671 0 1
13.9845 0 1
14.1019 0 1
14.2193 0 1
14.3367 0 1
14.4541 0 1
14.5714 0 1
14.6888 0 1
14.8062 0 1
14.9235 0 1
15.0408 3472 58.9237
15.1581 3545 59.5399
15.2755 3616 60.1332
15.3927 3710 60.9098
15.51 3768 61.384
15.6273 3644 60.3656
15.7445 3607 60.0583
15.8617 3749 61.2291
15.9789 3819 61.7981
16.0961 3695 60.7865
16.2132 3685 60.7042
16.3304 3797 61.6198
16.4475 3848 62.0322
16.5646 3858 62.1128
16.6816 3787 61.5386
16.7986 3836 61.9355
16.9156 3969 63
17.0326 3959 62.9206
17.1496 3940 62.7694
17.2665 4042 63.5767
17.3833 4039 63.5531
17.5002 4071 63.8044
17.617 4107 64.0859
17.7338 3962 62.9444
17.8505 3863 62.153
17.9672 3576 59.7997
18.0839 3405 58.3524
18.2005 3414 58.4294
18.3171 3490 59.0762
18.4337 3845 62.0081
18.5502 4222 64.9769
18.6666 4326 65.7723
18.7831 4466 66.8281
18.8994 4330 65.8027
19.0158 4449 66.7008
19.1321 4536 67.3498
19.2483 4564 67.5574
19.3645 4661 68.2715
19.4806 4467 66.8356
19.5967 4331 65.8103
19.7128 4439 66.6258
19.8288 4345 65.9166
19.9447 3662 60.5145
20.0606 0 1
20.1764 0 1
20.2922 0 1
20.4079 0 1
20.5236 0 1
20.6392 0 1
20.7548 0 1
20.8702 0 1
23.3078 0 1
23.4233 0 1
23.539 0 1
23.6547 0 1
23.7704 0 1
23.8862 0 1
24.0021 0 1
24.118 0 1
24.234 0 1
24.35 0 1
24.4661 4898 69.9857
24.5822 4870 69.7854
24.6984 4900 70
24.8146 4956 70.3989
24.9309 4821 69.4334
25.0472 4894 69.9571
25.1636 4633 68.0661
25.28 4596 67.7938
25.3965 4830 69.4982
25.513 4631 68.0515
25.6296 4918 70.1285
25.7462 4998 70.6965
25.8628 5086 71.3162
25.9795 5023 70.8731
26.0962 5043 71.0141
26.213 5114 71.5122
26.3298 5108 71.4703
26.4466 5163 71.854
26.5635 4836 69.5414
26.6804 4809 69.347
26.7973 4455 66.7458
26.9143 4378 66.1665
27.0313 4181 64.6607
27.1483 4297 65.5515
27.2653 4601 67.8307
27.3824 4868 69.7711
27.4996 4909 70.0643
27.6167 4903 70.0214
27.7339 5014 70.8096
27.8511 4973 70.5195
27.9683 4987 70.6187
28.0855 5063 71.1548
28.2028 5036 70.9648
28.3201 4996 70.6824
28.4374 5077 71.2531
28.5547 4803 69.3037
28.6721 4746 68.8912
28.7894 4645 68.1542
28.9068 4853 69.6635
29.0242 4861 69.7209
29.1416 4961 70.4344
29.259 4866 69.7567
29.3764 4918 70.1285
29.4939 5160 71.8331
29.6113 5052 71.0774
29.7288 5211 72.1873
29.8463 4985 70.6045
29.9638 5178 71.9583
30.0812 4968 70.484
30.1987 4790 69.2098
30.3162 4715 68.6659
30.4337 4414 66.4379
30.5512 4121 64.195
30.6687 4213 64.9076
30.7862 4376 66.1513
30.9037 4489 67
31.0212 4890 69.9285
31.1387 4871 69.7925
31.2562 4998 70.6965
31.3737 4969 70.4911
31.4912 4963 70.4486
31.6087 5057 71.1126
31.7262 5092 71.3583
31.8436 4966 70.4699
31.9611 5008 70.7672
32.0785 4802 69.2965
32.1959 4737 68.8259
32.3134 4825 69.4622
32.4308 4784 69.1665
32.5482 4692 68.4982
32.6655 4876 69.8284
32.7829 4982 70.5833
32.9002 4934 70.2424
33.0176 5151 71.7705
33.1349 5125 71.5891
33.2522 5248 72.4431
33.3694 5146 71.7356
33.4867 5154 71.7914
33.6039 5095 71.3793
33.7211 5115 71.5192
33.8383 4906 70.0428
33.9554 4753 68.942
34.0725 4495 67.0448
34.1896 4311 65.6582
34.3067 4379 66.174
34.4237 4371 66.1135
34.5407 4490 67.0075
34.6577 4528 67.2904
34.7746 4710 68.6294
34.8915 4658 68.2495
35.0084 4810 69.3542
35.1252 4909 70.0643
35.242 4965 70.4628
35.3587 4846 69.6132
35.4755 4965 70.4628
35.5921 4972 70.5124
35.7088 4845 69.606
35.8254 4815 69.3902
35.9419 4683 68.4324
36.0584 4688 68.469
36.1749 4783 69.1592
36.2913 4693 68.5055
36.4077 4698 68.542
36.524 4746 68.8912
36.6403 4869 69.7782
36.7565 5026 70.8943
36.8727 5035 70.9577
36.9889 4967 70.4769
37.1049 4829 69.491
37.221 0 1
37.3369 0 1
37.4529 0 1
37.5687 0 1
37.6845 0 1
37.8003 0 1
37.916 0 1
38.0316 0 1
38.1472 0 1
40.5851 0 1
40.7008 0 1
40.8164 0 1
40.9322 0 1
41.048 0 1
41.1639 0 1
41.2798 0 1
41.3958 0 1
41.5118 0 1
41.6279 0 1
41.744 3986 63.1348
41.8602 4064 63.7495
41.9765 4146 64.3894
42.0928 4264 65.2993
42.2091 4189 64.7225
42.3255 4289 65.4905
42.4419 4226 65.0077
42.5584 4231 65.0461
42.675 4094 63.9844
42.7915 4119 64.1794
42.9081 3961 62.9365
43.0248 3838 61.9516
43.1415 3819 61.7981
43.2582 3795 61.6036
43.375 3702 60.8441
43.4918 3963 62.9524
43.6087 3953 62.8729
43.7256 3807 61.7009
43.8425 3798 61.6279
43.9595 3793 61.5873
44.0765 3801 61.6523
44.1935 3746 61.2046
44.3106 3784 61.5142
44.4277 3796 61.6117
44.5448 3626 60.2163
44.6619 3548 59.5651
44.7791 3508 59.2284
44.8963 3436 58.6174
45.0136 3472 58.9237
45.1308 3447 58.7112
45.2481 3384 58.1722
45.3654 3476 58.9576
45.4827 3455 58.7792
45.6001 3351 57.8878
45.7174 3468 58.8897
45.8348 3349 57.8705
45.9522 3491 59.0847
46.0697 3310 57.5326
46.1871 3315 57.576
46.3046 3248 56.9912
46.422 3103 55.7046
46.5395 3129 55.9375
46.657 2895 53.8052
46.7745 2905 53.8981
46.892 2892 53.7773
47.0096 2931 54.1387
47.1271 2981 54.5985
47.2446 3029 55.0364
47.3622 2980 54.5894
47.4797 2936 54.1849
47.5973 2844 53.3292
47.7149 2872 53.591
47.8324 2908 53.9259
47.95 2859 53.4696
48.0675 2773 52.6593
48.1851 2816 53.066
48.3027 2780 52.7257
48.4202 2569 50.6853
48.5378 2681 51.7784
48.6554 2736 52.3068
48.7729 2844 53.3292
48.8904 2883 53.6936
49.008 2770 52.6308
49.1255 2852 53.4041
49.243 2910 53.9444
49.3605 2776 52.6878
49.478 2795 52.8678
49.5955 2840 53.2917
49.713 2826 53.1601
49.8304 2922 54.0555
49.9479 2816 53.066
50.0653 2799 52.9056
50.1827 2658 51.5558
50.3001 2590 50.892
50.4175 2555 50.547
50.5348 2728 52.2303
50.6521 2793 52.8488
50.7694 2870 53.5724
50.8867 2921 54.0463
51.004 3065 55.3624
51.1212 3054 55.263
51.2384 3134 55.9821
51.3556 3207 56.6304
51.4727 3370 58.0517
51.5899 3306 57.4978
51.707 3314 57.5674
51.824 3295 57.4021
51.9411 3351 57.8878
52.0581 3346 57.8446
52.175 3547 59.5567
52.2919 3784 61.5142
52.4088 3757 61.2944
52.5257 3815 61.7657
52.6425 3864 62.1611
52.7593 3969 63
52.876 3957 62.9047
52.9927 3929 62.6817
53.1094 3962 62.9444
53.226 3863 62.153
53.3426 3915 62.57
53.4591 4013 63.3482
53.5756 3953 62.8729
53.692 3997 63.2218
53.8084 3811 61.7333
53.9248 3703 60.8523
54.0411 3924 62.6418
54.1573 3811 61.7333
54.2735 0 1
54.3896 0 1
54.5057 0 1
54.6217 0 1
54.7377 0 1
54.8537 0 1
54.9695 0 1
55.0853 0 1
55.2011 0 1
55.3168 0 1
55.4324 0 1
57.824 0 1
57.9396 0 1
58.0553 0 1
58.1711 0 1
58.2869 0 1
58.4028 0 1
58.5187 0 1
58.6347 0 1
58.7508 0 1
58.8669 0 1
58.983 4465 66.8207
59.0992 4493 67.0298
59.2155 4482 66.9477
59.3318 4681 68.4178
59.4482 4533 67.3276
59.5646 4490 67.0075
59.681 4555 67.4907
59.7975 4440 66.6333
59.9141 4475 66.8954
60.0306 4441 66.6408
60.1473 4495 67.0448
60.2639 4523 67.2533
60.3807 4368 66.0908
60.4974 4351 65.9621
60.6142 4525 67.2681
60.731 4558 67.513
60.8479 4474 66.888
60.9648 4635 68.0808
61.0818 4571 67.6092
61.1987 4493 67.0298
61.3158 4656 68.2349
61.4328 4551 67.4611
61.5499 4562 67.5426
61.667 4496 67.0522
61.7841 4499 67.0746
61.9013 4460 66.7832
62.0185 4453 66.7308
62.1357 4364 66.0606
62.253 4400 66.3325
62.3702 4332 65.8179
62.4875 4346 65.9242
62.6049 4208 64.8691
62.7222 4201 64.8151
62.8396 4304 65.6049
62.9569 4253 65.215
63.0743 4180 64.6529
63.1918 4161 64.5058
63.3092 3961 62.9365
63.4267 4034 63.5138
63.5441 4104 64.0625
63.6616 4062 63.7338
63.7791 4034 63.5138
63.8966 4025 63.4429
64.0142 3978 63.0714
64.1317 4064 63.7495
64.2492 4139 64.3351
64.3668 4227 65.0154
64.4843 4317 65.7039
64.6019 4328 65.7875
64.7195 4303 65.5973
64.837 4341 65.8863
64.9546 4253 65.215
65.0722 4279 65.4141
65.1898 4184 64.6838
65.3074 4403 66.3551
65.4249 4093 63.9766
65.5425 4085 63.914
65.6601 4160 64.4981
65.7777 4057 63.6946
65.8952 4139 64.3351
66.0128 4059 63.7103
66.1304 3948 62.8331
66.2479 4146 64.3894
66.3655 4130 64.2651
66.483 4071 63.8044
66.6005 3982 63.1031
66.718 4010 63.3246
66.8355 3854 62.0806
66.953 3776 61.4492
67.0705 3762 61.3351
67.1879 3805 61.6847
67.3054 3761 61.327
67.4228 3661 60.5062
67.5402 3858 62.1128
67.6576 3698 60.8112
67.7749 3870 62.2093
67.8923 4078 63.8592
68.0096 4179 64.6452
68.1269 4125 64.2262
68.2442 4197 64.7843
68.3614 4291 65.5057
68.4787 4214 64.9153
68.5958 4325 65.7647
68.713 4254 65.2227
68.8302 4240 65.1153
68.9473 4295 65.5362
69.0643 4285 65.4599
69.1814 4199 64.7997
69.2984 4241 65.123
69.4154 4235 65.0769
69.5323 4247 65.169
69.6492 4318 65.7115
69.7661 4285 65.4599
69.8829 4246 65.1613
69.9997 4315 65.6887
70.1165 4399 66.325
70.2332 4348 65.9394
70.3499 4198 64.792
70.4665 4061 63.726
70.5831 3958 62.9126
70.6996 3776 61.4492
70.8161 3729 61.0655
70.9326 3878 62.2736
71.049 3917 62.5859
71.1653 3746 61.2046
71.2817 3898 62.434
71.3979 3926 62.6578
71.5141 3984 63.1189
71.6303 3925 62.6498
71.7464 3730 61.0737
71.8624 0 1
71.9784 0 1
72.0944 0 1
72.2102 0 1
72.3261 0 1
72.4418 0 1
72.5575 0 1
72.6732 0 1
75.1054 0 1
75.2209 0 1
75.3365 0 1
75.4521 0 1
75.5678 0 1
75.6835 0 1
75.7993 0 1
75.9151 0 1
76.031 0 1
76.147 3374 58.0861
76.263 3559 59.6574
76.3791 3665 60.5392
76.4952 3801 61.6523
76.6113 3767 61.3759
76.7276 3945 62.8092
76.8438 4005 63.2851
76.9601 4166 64.5446
77.0765 4201 64.8151
77.1929 4173 64.5988
77.3093 4280 65.4217
77.4258 4237 65.0922
77.5423 4312 65.6658
77.6589 4321 65.7343
77.7755 4244 65.146
77.8921 4164 64.5291
78.0088 4198 64.792
78.1256 4193 64.7534
78.2423 4174 64.6065
78.3591 4226 65.0077
78.4759 4318 65.7115
78.5928 4242 65.1306
78.7097 4244 65.146
78.8266 4195 64.7688
78.9436 4370 66.106
79.0606 4052 63.6553
79.1776 4217 64.9384
79.2946 4110 64.1093
79.4117 4122 64.2028
79.5288 3914 62.562
79.6459 3683 60.6877
79.7631 3514 59.279
79.8802 3535 59.4559
79.9974 3696 60.7947
80.1147 3579 59.8247
80.2319 3750 61.2372
80.3491 3796 61.6117
80.4664 4030 63.4823
80.5837 4006 63.293
80.701 4130 64.2651
80.8183 4161 64.5058
80.9357 4085 63.914
81.053 4199 64.7997
81.1704 4073 63.8201
81.2877 4131 64.2729
81.4051 4015 63.364
81.5225 3912 62.546
81.6399 3963 62.9524
81.7573 3956 62.8967
81.8747 3822 61.8223
81.9922 3847 62.0242
82.1096 3865 62.1691
82.227 4031 63.4902
82.3444 3939 62.7615
82.4619 3944 62.8013
82.5793 3909 62.522
82.6967 3856 62.0967
82.8142 3871 62.2174
82.9316 3875 62.2495
83.049 3698 60.8112
83.1664 3579 59.8247
83.2838 3268 57.1664
83.4012 2890 53.7587
83.5186 2946 54.2771
83.636 2928 54.111
83.7534 3056 55.2811
83.8708 3221 56.7539
83.9881 3413 58.4209
84.1055 3594 59.95
84.2228 3731 61.0819
84.3401 3813 61.7495
84.4575 3782 61.498
84.5747 3789 61.5549
84.692 4006 63.293
84.8093 3832 61.9032
84.9265 3863 62.153
85.0437 3684 60.696
85.1609 3792 61.5792
85.2781 3689 60.7371
85.3952 3868 62.1932
85.5123 3683 60.6877
85.6294 3824 61.8385
85.7465 3916 62.578
85.8636 4049 63.6318
85.9806 4040 63.561
86.0976 4040 63.561
86.2145 3996 63.2139
86.3315 4132 64.2806
86.4484 3977 63.0635
86.5652 4192 64.7457
86.682 4002 63.2614
86.7988 3833 61.9112
86.9156 3657 60.4731
87.0323 3382 58.155
87.149 3315 57.576
87.2657 3347 57.8533
87.3823 3558 59.649
87.4988 3711 60.918
87.6154 3853 62.0725
87.7318 4145 64.3817
87.8483 4155 64.4593
87.9647 4260 65.2687
88.081 4322 65.7419
88.1973 4346 65.9242
88.3136 4365 66.0681
88.4298 4294 65.5286
88.546 4210 64.8845
88.6621 4204 64.8383
88.7781 4143 64.3661
88.8942 0 1
89.0101 0 1
89.126 0 1
89.2419 0 1
89.3577 0 1
89.4734 0 1
89.5891 0 1
89.7047 0 1
89.8203 0 1
89.9358 0 1
92.3269 0 1
92.4424 0 1
92.558 0 1
92.6736 0 1
92.7893 0 1
92.905 0 1
93.0208 0 1
93.1366 0 1
93.2525 0 1
93.3685 0 1
93.4845 0 1
93.6005 4260 65.2687
93.7167 4212 64.8999
93.8328 4183 64.6761
93.949 4235 65.0769
94.0653 4172 64.591
94.1816 4123 64.2106
94.2979 4120 64.1872
94.4143 4125 64.2262
94.5307 4128 64.2495
94.6472 4183 64.6761
94.7637 4107 64.0859
94.8803 4329 65.7951
94.9969 4577 67.6535
95.1135 4541 67.3869
95.2302 4515 67.1937
95.3469 4437 66.6108
95.4637 4450 66.7083
95.5805 4401 66.34
95.6973 4484 66.9627
95.8142 4408 66.3928
95.9311 4120 64.1872
96.048 3732 61.0901
96.1649 3569 59.7411
96.2819 3232 56.8507
96.3989 3224 56.7803
96.516 3350 57.8792
96.633 3658 60.4814
96.7501 3994 63.1981
96.8673 4253 65.215
96.9844 4281 65.4294
97.1016 4429 66.5507
97.2188 4460 66.7832
97.336 4468 66.8431
97.4532 4471 66.8655
97.5704 4469 66.8506
97.6877 4300 65.5744
97.805 4323 65.7495
97.9223 4161 64.5058
98.0396 4234 65.0692
98.1569 4401 66.34
98.2743 4385 66.2193
98.3916 4391 66.2646
98.509 4390 66.2571
98.6264 4435 66.5958
98.7438 4465 66.8207
98.8612 4645 68.1542
98.9786 4619 67.9632
99.096 4498 67.0671
99.2134 4496 67.0522
99.3308 4573 67.624
99.4482 4491 67.0149
99.5656 4367 66.0833
99.6831 3988 63.1506
99.8005 3656 60.4649
99.9179 3320 57.6194
100.035 3268 57.1664
100.153 3448 58.7197
100.27 3872 62.2254
100.388 4209 64.8768
100.505 4336 65.8483
100.622 4482 66.9477
100.74 4664 68.2935
100.857 4578 67.6609
100.975 4555 67.4907
101.092 4554 67.4833
101.209 4430 66.5582
101.327 4513 67.1789
101.444 4429 66.5507
101.561 4415 66.4455
101.679 4360 66.0303
101.796 4426 66.5282
101.913 4475 66.8954
102.03 4585 67.7126
102.148 4554 67.4833
102.265 4626 68.0147
102.382 5026 70.8943
102.499 4747 68.8985
102.616 4818 69.4118
102.733 4937 70.2638
102.851 4776 69.1086
102.968 4753 68.942
103.085 4477 66.9104
103.202 4266 65.3146
103.319 3810 61.7252
103.436 3442 58.6686
103.552 3251 57.0175
103.669 3485 59.0339
103.786 3910 62.53
103.903 4382 66.1967
104.02 4664 68.2935
104.137 4723 68.7241
104.253 4792 69.2243
104.37 4888 69.9142
104.487 4730 68.775
104.603 4924 70.1712
104.72 4785 69.1737
104.836 4743 68.8694
104.953 4721 68.7095
105.069 4727 68.7532
105.186 4794 69.2387
105.302 4906 70.0428
105.418 4829 69.491
105.535 4962 70.4415
105.651 4975 70.5337
105.767 4954 70.3847
105.883 5195 72.0763
105.999 5017 70.8308
106.115 0 1
106.231 0 1
106.347 0 1
106.463 0 1
106.579 0 1
106.694 0 1
106.81 0 1
106.926 0 1
107.041 0 1
107.157 0 1
109.576 0 1
109.692 0 1
109.807 0 1
109.923 0 1
110.039 0 1
110.155 0 1
110.27 0 1
110.386 0 1
110.502 0 1
110.618 4735 68.8113
110.735 4730 68.775
110.851 4859 69.7065
110.967 4844 69.5989
111.083 4825 69.4622
111.199 5061 71.1407
111.316 4918 70.1285
111.432 4916 70.1142
111.549 4670 68.3374
111.665 4534 67.335
111.782 4201 64.8151
111.898 3889 62.3618
112.015 3212 56.6745
112.132 2912 53.963
112.248 3213 56.6833
112.365 3754 61.2699
112.482 4128 64.2495
112.599 4582 67.6905
112.716 4550 67.4537
112.832 4577 67.6535
112.949 4620 67.9706
113.066 4685 68.4471
113.183 4485 66.9701
113.3 4442 66.6483
113.417 4244 65.146
113.534 4370 66.106
113.652 4316 65.6963
113.769 4295 65.5362
113.886 4356 66
114.003 4434 66.5883
114.12 4589 67.7422
114.238 4657 68.2422
114.355 4524 67.2607
114.472 4592 67.7643
114.589 4695 68.5201
114.707 4634 68.0735
114.824 4731 68.7823
114.942 4715 68.6659
115.059 4605 67.8602
115.176 4537 67.3573
115.294 4373 66.1287
115.411 3976 63.0555
115.529 3527 59.3886
115.646 2916 54
115.764 2818 53.0848
115.881 3280 57.2713
115.999 3874 62.2415
116.116 4128 64.2495
116.234 4349 65.9469
116.351 4343 65.9014
116.469 4408 66.3928
116.586 4348 65.9394
116.704 4348 65.9394
116.821 4310 65.6506
116.939 4149 64.4127
117.056 4078 63.8592
117.174 4125 64.2262
117.291 3949 62.8411
117.409 4124 64.2184
117.526 4192 64.7457
117.644 4250 65.192
117.761 4287 65.4752
117.879 4353 65.9773
117.996 4457 66.7608
118.114 4415 66.4455
118.231 4441 66.6408
118.349 4308 65.6354
118.466 4284 65.4523
118.584 4456 66.7533
118.701 4349 65.9469
118.819 4290 65.4981
118.936 3953 62.8729
119.053 3614 60.1166
119.171 3211 56.6657
119.288 2620 51.1859
119.405 2633 51.3128
119.523 2860 53.479
119.64 3448 58.7197
119.757 3821 61.8142
119.875 3999 63.2376
119.992 3969 63
120.109 3932 62.7057
120.226 4050 63.6396
120.343 4037 63.5374
120.46 3904 62.482
120.578 3940 62.7694
120.695 3768 61.384
120.812 3812 61.7414
120.929 3878 62.2736
121.046 3885 62.3298
121.163 3956 62.8967
121.279 3954 62.8808
121.396 4045 63.6003
121.513 3906 62.498
121.63 4058 63.7024
121.747 4073 63.8201
121.863 4153 64.4438
121.98 4045 63.6003
122.097 4130 64.2651
122.213 4069 63.7887
122.33 4090 63.9531
122.446 3968 62.9921
122.563 4034 63.5138
122.679 3796 61.6117
122.795 3421 58.4893
122.912 2958 54.3875
123.028 2513 50.1298
123.144 2417 49.163
123.26 2696 51.923
123.377 0 1
123.493 0 1
123.609 0 1
123.725 0 1
123.84 0 1
123.956 0 1
124.072 0 1
124.188 0 1
124.303 0 1
124.419 0 1
126.852 0 1
126.968 0 1
127.083 0 1
127.199 0 1
127.315 0 1
127.431 0 1
127.547 0 1
127.663 0 1
127.779 0 1
127.895 0 1
128.011 0 1
128.127 0 1
128.243 0 1
128.359 2398 48.9694
128.476 2475 49.7494
128.592 3215 56.701
128.708 3814 61.7576
128.825 4096 64
128.941 4210 64.8845
129.058 4003 63.2693
129.174 4139 64.3351
129.291 3942 62.7853
129.408 3977 63.0635
129.524 3938 62.7535
129.641 3843 61.9919
129.758 3842 61.9839
129.875 3827 61.8628
129.992 3856 62.0967
130.108 3871 62.2174
130.225 3853 62.0725
130.342 3991 63.1744
130.459 3888 62.3538
130.576 4106 64.0781
130.693 3982 63.1031
130.81 3949 62.8411
130.928 4000 63.2456
131.045 3942 62.7853
131.162 4044 63.5925
131.279 4087 63.9296
131.396 4098 64.0156
131.513 3895 62.4099
131.631 3524 59.3633
131.748 3077 55.4707
131.865 2367 48.6518
131.983 2309 48.0521
132.1 2830 53.1977
132.217 3453 58.7622
132.335 3712 60.9262
132.452 3878 62.2736
132.57 3870 62.2093
132.687 3732 61.0901
132.804 3761 61.327
132.922 3670 60.5805
133.039 3685 60.7042
133.157 3555 59.6238
133.274 3527 59.3886
133.392 3557 59.6406
133.509 3621 60.1747
133.627 3594 59.95
133.744 3689 60.7371
133.862 3690 60.7454
133.979 3734 61.1065
134.097 3810 61.7252
134.214 3826 61.8547
134.332 3922 62.6259
134.449 3811 61.7333
134.567 3830 61.887
134.684 3876 62.2575
134.802 3768 61.384
134.919 3847 62.0242
135.037 3888 62.3538
135.154 3678 60.6465
135.272 3342 57.81
135.389 2533 50.3289
135.507 2032 45.0777
135.624 2288 47.833
135.742 2829 53.1883
135.859 3512 59.2621
135.977 3737 61.131
136.094 3759 61.3107
136.211 3694 60.7783
136.329 3794 61.5955
136.446 3543 59.5231
136.564 3725 61.0328
136.681 3568 59.7327
136.798 3443 58.6771
136.915 3552 59.5987
137.033 3483 59.0169
137.15 3434 58.6003
137.267 3485 59.0339
137.384 3566 59.716
137.502 3613 60.1082
137.619 3585 59.8749
137.736 3637 60.3075
137.853 3482 59.0085
137.97 3587 59.8916
138.087 3586 59.8832
138.204 3612 60.0999
138.321 3450 58.7367
138.438 3703 60.8523
138.555 3744 61.1882
138.672 3676 60.63
138.788 3570 59.7495
138.905 3072 55.4256
139.022 2667 51.643
139.139 2080 45.607
139.255 2280 47.7493
139.372 2788 52.8015
139.488 3245 56.9649
139.605 3559 59.6574
139.721 3641 60.3407
139.838 3629 60.2412
139.954 3591 59.925
140.071 3592 59.9333
140.187 3430 58.5662
140.303 3331 57.7148
140.419 3360 57.9655
140.535 3398 58.2924
140.652 3264 57.1314
140.768 0 1
140.884 0 1
141 0 1
141.115 0 1
141.231 0 1
141.347 0 1
141.463 0 1
141.578 0 1
141.694 0 1
144.104 0 1
144.219 0 1
144.335 0 1
144.45 0 1
144.566 0 1
144.682 0 1
144.798 0 1
144.914 0 1
145.03 0 1
145.146 2446 49.4571
145.262 2479 49.7896
145.378 2494 49.94
145.494 2541 50.4083
145.61 2429 49.2849
145.726 2430 49.295
145.842 2491 49.9099
145.959 2567 50.6656
146.075 2591 50.9019
146.192 2548 50.4777
146.308 2503 50.03
146.425 2495 49.95
146.541 2616 51.1468
146.658 2635 51.3323
146.774 2595 50.9411
146.891 2670 51.672
147.008 2798 52.8961
147.125 2741 52.3546
147.241 2759 52.5262
147.358 2767 52.6023
147.475 2785 52.7731
147.592 2717 52.1249
147.709 2495 49.95
147.826 2370 48.6826
147.943 1823 42.6966
148.06 1524 39.0384
148.177 1630 40.3733
148.294 2003 44.7549
148.411 2427 49.2646
148.528 2621 51.1957
148.645 2628 51.264
148.762 2695 51.9134
148.88 2649 51.4684
148.997 2518 50.1797
149.114 2614 51.1273
149.231 2616 51.1468
149.349 2504 50.04
149.466 2555 50.547
149.583 2519 50.1896
149.701 2541 50.4083
149.818 2438 49.3761
149.935 2556 50.5569
150.053 2600 50.9902
150.17 2680 51.7687
150.287 2592 50.9117
150.405 2663 51.6043
150.522 2679 51.7591
150.64 2798 52.8961
150.757 2649 51.4684
150.875 2685 51.817
150.992 2714 52.0961
151.11 2702 51.9808
151.227 2777 52.6972
151.344 2666 51.6333
151.462 2643 51.4101
151.579 2452 49.5177
151.697 1955 44.2154
151.814 1579 39.7366
151.932 1776 42.1426
152.049 2252 47.4552
152.167 2604 51.0294
152.284 2764 52.5738
152.402 2749 52.4309
152.519 2841 53.301
152.636 2790 52.8205
152.754 2813 53.0377
152.871 2719 52.144
152.989 2737 52.3163
153.106 2693 51.8941
153.223 2673 51.7011
153.341 2673 51.7011
153.458 2704 52
153.575 2775 52.6783
153.693 2860 53.479
153.81 2900 53.8516
153.927 3006 54.827
154.044 2936 54.1849
154.162 3034 55.0818
154.279 3032 55.0636
154.396 3047 55.1996
154.513 3124 55.8928
154.63 3118 55.8391
154.747 3141 56.0446
154.864 3175 56.3471
154.981 3202 56.5862
155.098 2986 54.6443
155.215 2568 50.6754
155.332 2118 46.0217
155.449 2173 46.6154
155.566 2760 52.5357
155.683 3010 54.8635
155.8 3039 55.1271
155.917 3258 57.0789
156.033 3193 56.5066
156.15 0 1
156.267 0 1
156.383 0 1
156.5 0 1
156.617 0 1
156.733 0 1
156.85 0 1
156.966 0 1
157.082 0 1
157.199 0 1
157.315 0 1
157.431 0 1
157.547 0 1
157.664 0 1
157.78 0 1
157.896 0 1
158.012 0 1
158.128 0 1
158.244 0 1
158.359 0 1
158.475 0 1
158.591 0 1
158.706 0 1
