
6.15755 0 1
6.2731 0 1
6.3887 0 1
6.50437 0 1
6.62009 0 1
6.73587 0 1
6.8517 0 1
6.96759 0 1
7.08353 0 1
7.19952 0 1
7.31557 0 1
7.43166 0 1
7.54781 0 1
7.664 0 1
7.78024 0 1
7.89653 0 1
8.01286 0 1
8.12924 0 1
8.24567 0 1
8.36213 0 1
8.47864 0 1
8.59519 0 1
8.71178 0 1
8.82841 0 1
8.94508 0 1
9.06179 0 1
9.17853 0 1
9.29531 0 1
9.41212 0 1
9.52897 0 1
9.64584 0 1
9.76276 0 1
9.8797 0 1
9.99667 0 1
10.1137 0 1
10.2307 0 1
10.3478 0 1
10.4648 0 1
10.5819 0 1
10.6991 0 1
10.8162 0 1
10.9334 0 1
11.0506 0 1
11.1678 0 1
11.285 0 1
11.4023 0 1
11.5196 0 1
11.6369 0 1
11.7542 0 1
11.8715 0 1
11.9888 0 1
12.1062 0 1
12.2235 0 1
12.3409 0 1
12.4582 0 1
12.5756 0 1
12.693 0 1
12.8104 0 1
12.9278 0 1
13.0452 0 1
13.1626 0 1
13.28 0 1
13.3974 0 1
13.5149 0 1
13.6323 0 1
13.7497 0 1
13.8671 0 1
13.9845 0 1
14.1019 0 1
14.2193 0 1
14.3367 0 1
14.4541 0 1
14.5714 0 1
14.6888 0 1
14.8062 0 1
14.9235 0 1
15.0408 0 0
15.1581 0 0
15.2755 0 0
15.3927 0 0
15.51 0 0
15.6273 0 0
15.7445 0 0
15.8617 0 0
15.9789 0 0
16.0961 0 0
16.2132 0 0
16.3304 0 0
16.4475 0 0
16.5646 0 0
16.6816 0 0
16.7986 0 0
16.9156 0 0
17.0326 0 0
17.1496 0 0
17.2665 0 0
17.3833 0 0
17.5002 0 0
17.617 0 0
17.7338 0 0
17.8505 0 0
17.9672 0 0
18.0839 0 0
18.2005 0 0
18.3171 0 0
18.4337 0 0
18.5502 0 0
18.6666 0 0
18.7831 0 0
18.8994 0 0
19.0158 0 0
19.1321 0 0
19.2483 0 0
19.3645 0 0
19.4806 0 0
19.5967 0 0
19.7128 0 0
19.8288 0 0
19.9447 0 0
20.0606 0 1
20.1764 0 1
20.2922 0 1
20.4079 0 1
20.5236 0 1
20.6392 0 1
20.7548 0 1
20.8702 0 1
23.3078 0 1
23.4233 0 1
23.539 0 1
23.6547 0 1
23.7704 0 1
23.8862 0 1
24.0021 0 1
24.118 0 1
24.234 0 1
24.35 0 1
24.4661 879 29.6479
24.5822 882 29.6985
24.6984 812 28.4956
24.8146 860 29.3258
24.9309 870 29.4958
25.0472 837 28.931
25.1636 872 29.5296
25.28 848 29.1204
25.3965 892 29.8664
25.513 875 29.5804
25.6296 901 30.0167
25.7462 944 30.7246
25.8628 958 30.9516
25.9795 990 31.4643
26.0962 969 31.1288
26.213 988 31.4325
26.3298 984 31.3688
26.4466 979 31.289
26.5635 1007 31.7333
26.6804 941 30.6757
26.7973 881 29.6816
26.9143 939 30.6431
27.0313 907 30.1164
27.1483 960 30.9839
27.2653 992 31.496
27.3824 992 31.496
27.4996 993 31.5119
27.6167 976 31.241
27.7339 941 30.6757
27.8511 977 31.257
27.9683 916 30.2655
28.0855 931 30.5123
28.2028 857 29.2746
28.3201 943 30.7083
28.4374 824 28.7054
28.5547 862 29.3598
28.6721 791 28.1247
28.7894 847 29.1033
28.9068 858 29.2916
29.0242 834 28.8791
29.1416 848 29.1204
29.259 853 29.2062
29.3764 833 28.8617
29.4939 926 30.4302
29.6113 925 30.4138
29.7288 929 30.4795
29.8463 920 30.3315
29.9638 920 30.3315
30.0812 944 30.7246
30.1987 933 30.545
30.3162 880 29.6648
30.4337 870 29.4958
30.5512 871 29.5127
30.6687 897 29.95
30.7862 895 29.9166
30.9037 962 31.0161
31.0212 970 31.1448
31.1387 918 30.2985
31.2562 949 30.8058
31.3737 950 30.8221
31.4912 928 30.4631
31.6087 877 29.6142
31.7262 891 29.8496
31.8436 932 30.5287
31.9611 804 28.3549
32.0785 834 28.8791
32.1959 877 29.6142
32.3134 823 28.688
32.4308 788 28.0713
32.5482 829 28.7924
32.6655 859 29.3087
32.7829 809 28.4429
32.9002 796 28.2135
33.0176 876 29.5973
33.1349 901 30.0167
33.2522 860 29.3258
33.3694 879 29.6479
33.4867 887 29.7825
33.6039 880 29.6648
33.7211 925 30.4138
33.8383 885 29.7489
33.9554 869 29.4788
34.0725 840 28.9828
34.1896 827 28.7576
34.3067 827 28.7576
34.4237 834 28.8791
34.5407 916 30.2655
34.6577 916 30.2655
34.7746 931 30.5123
34.8915 910 30.1662
35.0084 911 30.1828
35.1252 882 29.6985
35.242 901 30.0167
35.3587 925 30.4138
35.4755 917 30.282
35.5921 848 29.1204
35.7088 814 28.5307
35.8254 749 27.3679
35.9419 796 28.2135
36.0584 759 27.55
36.1749 787 28.0535
36.2913 743 27.258
36.4077 814 28.5307
36.524 821 28.6531
36.6403 859 29.3087
36.7565 821 28.6531
36.8727 761 27.5862
36.9889 867 29.4449
37.1049 889 29.8161
37.221 0 1
37.3369 0 1
37.4529 0 1
37.5687 0 1
37.6845 0 1
37.8003 0 1
37.916 0 1
38.0316 0 1
38.1472 0 1
40.5851 0 1
40.7008 0 1
40.8164 0 1
40.9322 0 1
41.048 0 1
41.1639 0 1
41.2798 0 1
41.3958 0 1
41.5118 0 1
41.6279 0 1
41.744 608 24.6577
41.8602 707 26.5895
41.9765 724 26.9072
42.0928 758 27.5318
42.2091 775 27.8388
42.3255 761 27.5862
42.4419 781 27.9464
42.5584 793 28.1603
42.675 710 26.6458
42.7915 747 27.3313
42.9081 734 27.0924
43.0248 723 26.8887
43.1415 725 26.9258
43.2582 730 27.0185
43.375 751 27.4044
43.4918 798 28.2489
43.6087 748 27.3496
43.7256 773 27.8029
43.8425 805 28.3725
43.9595 689 26.2488
44.0765 745 27.2947
44.1935 741 27.2213
44.3106 687 26.2107
44.4277 663 25.7488
44.5448 594 24.3721
44.6619 652 25.5343
44.7791 617 24.8395
44.8963 590 24.2899
45.0136 606 24.6171
45.1308 569 23.8537
45.2481 597 24.4336
45.3654 613 24.7588
45.4827 612 24.7386
45.6001 641 25.318
45.7174 628 25.0599
45.8348 640 25.2982
45.9522 624 24.98
46.0697 652 25.5343
46.1871 592 24.3311
46.3046 613 24.7588
46.422 542 23.2809
46.5395 529 23
46.657 585 24.1868
46.7745 608 24.6577
46.892 588 24.2487
47.0096 569 23.8537
47.1271 608 24.6577
47.2446 570 23.8747
47.3622 658 25.6515
47.4797 568 23.8328
47.5973 526 22.9347
47.7149 548 23.4094
47.8324 497 22.2935
47.95 524 22.891
48.0675 491 22.1585
48.1851 462 21.4942
48.3027 475 21.7945
48.4202 450 21.2132
48.5378 439 20.9523
48.6554 442 21.0238
48.7729 480 21.9089
48.8904 477 21.8403
49.008 474 21.7715
49.1255 514 22.6716
49.243 509 22.561
49.3605 478 21.8632
49.478 535 23.1301
49.5955 524 22.891
49.713 513 22.6495
49.8304 521 22.8254
49.9479 479 21.8861
50.0653 478 21.8632
50.1827 502 22.4054
50.3001 569 23.8537
50.4175 554 23.5372
50.5348 563 23.7276
50.6521 598 24.454
50.7694 595 24.3926
50.8867 612 24.7386
51.004 606 24.6171
51.1212 655 25.593
51.2384 617 24.8395
51.3556 598 24.454
51.4727 630 25.0998
51.5899 611 24.7184
51.707 614 24.779
51.824 600 24.4949
51.9411 572 23.9165
52.0581 535 23.1301
52.175 599 24.4745
52.2919 562 23.7065
52.4088 603 24.5561
52.5257 684 26.1534
52.6425 698 26.4197
52.7593 676 26
52.876 712 26.6833
52.9927 701 26.4764
53.1094 729 27
53.226 715 26.7395
53.3426 715 26.7395
53.4591 688 26.2298
53.5756 663 25.7488
53.692 694 26.3439
53.8084 736 27.1293
53.9248 821 28.6531
54.0411 791 28.1247
54.1573 842 29.0172
54.2735 0 1
54.3896 0 1
54.5057 0 1
54.6217 0 1
54.7377 0 1
54.8537 0 1
54.9695 0 1
55.0853 0 1
55.2011 0 1
55.3168 0 1
55.4324 0 1
57.824 0 1
57.9396 0 1
58.0553 0 1
58.1711 0 1
58.2869 0 1
58.4028 0 1
58.5187 0 1
58.6347 0 1
58.7508 0 1
58.8669 0 1
58.983 883 29.7153
59.0992 956 30.9192
59.2155 968 31.1127
59.3318 997 31.5753
59.4482 1020 31.9374
59.5646 1034 32.1559
59.681 959 30.9677
59.7975 1038 32.218
59.9141 989 31.4484
60.0306 872 29.5296
60.1473 977 31.257
60.2639 919 30.315
60.3807 820 28.6356
60.4974 814 28.5307
60.6142 749 27.3679
60.731 824 28.7054
60.8479 791 28.1247
60.9648 785 28.0179
61.0818 789 28.0891
61.1987 799 28.2666
61.3158 874 29.5635
61.4328 844 29.0517
61.5499 890 29.8329
61.667 876 29.5973
61.7841 792 28.1425
61.9013 801 28.3019
62.0185 828 28.775
62.1357 886 29.7658
62.253 805 28.3725
62.3702 833 28.8617
62.4875 885 29.7489
62.6049 876 29.5973
62.7222 933 30.545
62.8396 909 30.1496
62.9569 932 30.5287
63.0743 1003 31.6702
63.1918 966 31.0805
63.3092 952 30.8545
63.4267 895 29.9166
63.5441 835 28.8964
63.6616 798 28.2489
63.7791 835 28.8964
63.8966 754 27.4591
64.0142 724 26.9072
64.1317 715 26.7395
64.2492 708 26.6083
64.3668 670 25.8844
64.4843 723 26.8887
64.6019 706 26.5707
64.7195 716 26.7582
64.837 761 27.5862
64.9546 766 27.6767
65.0722 795 28.1957
65.1898 782 27.9643
65.3074 788 28.0713
65.4249 777 27.8747
65.5425 716 26.7582
65.6601 707 26.5895
65.7777 744 27.2764
65.8952 720 26.8328
66.0128 770 27.7489
66.1304 798 28.2489
66.2479 875 29.5804
66.3655 856 29.2575
66.483 890 29.8329
66.6005 864 29.3939
66.718 887 29.7825
66.8355 910 30.1662
66.953 851 29.1719
67.0705 887 29.7825
67.1879 808 28.4253
67.3054 779 27.9106
67.4228 743 27.258
67.5402 675 25.9808
67.6576 646 25.4165
67.7749 602 24.5357
67.8923 625 25
68.0096 604 24.5764
68.1269 633 25.1595
68.2442 679 26.0576
68.3614 755 27.4773
68.4787 759 27.55
68.5958 762 27.6043
68.713 841 29
68.8302 757 27.5136
68.9473 815 28.5482
69.0643 780 27.9285
69.1814 781 27.9464
69.2984 756 27.4955
69.4154 711 26.6646
69.5323 751 27.4044
69.6492 866 29.4279
69.7661 824 28.7054
69.8829 936 30.5941
69.9997 976 31.241
70.1165 948 30.7896
70.2332 1000 31.6228
70.3499 891 29.8496
70.4665 968 31.1127
70.5831 924 30.3974
70.6996 890 29.8329
70.8161 861 29.3428
70.9326 842 29.0172
71.049 765 27.6586
71.1653 767 27.6948
71.2817 740 27.2029
71.3979 713 26.7021
71.5141 675 25.9808
71.6303 637 25.2389
71.7464 667 25.8263
71.8624 0 1
71.9784 0 1
72.0944 0 1
72.2102 0 1
72.3261 0 1
72.4418 0 1
72.5575 0 1
72.6732 0 1
75.1054 0 1
75.2209 0 1
75.3365 0 1
75.4521 0 1
75.5678 0 1
75.6835 0 1
75.7993 0 1
75.9151 0 1
76.031 0 1
76.147 1088 32.9848
76.263 1201 34.6554
76.3791 1210 34.7851
76.4952 1150 33.9116
76.6113 1160 34.0588
76.7276 1113 33.3617
76.8438 1044 32.311
76.9601 1022 31.9687
77.0765 1130 33.6155
77.1929 1163 34.1028
77.3093 1236 35.1568
77.4258 1266 35.5809
77.5423 1343 36.647
77.6589 1333 36.5103
77.7755 1326 36.4143
77.8921 1281 35.7911
78.0088 1307 36.1525
78.1256 1245 35.2846
78.2423 1147 33.8674
78.3591 1108 33.2866
78.4759 1122 33.4963
78.5928 1138 33.7343
78.7097 1190 34.4964
78.8266 1290 35.9166
78.9436 1366 36.9594
79.0606 1374 37.0675
79.1776 1380 37.1484
79.2946 1333 36.5103
79.4117 1254 35.4119
79.5288 1298 36.0278
79.6459 1309 36.1801
79.7631 1216 34.8712
79.8802 1164 34.1174
79.9974 1115 33.3916
80.1147 1081 32.8786
80.2319 962 31.0161
80.3491 896 29.9333
80.4664 885 29.7489
80.5837 861 29.3428
80.701 857 29.2746
80.8183 845 29.0689
80.9357 905 30.0832
81.053 934 30.5614
81.1704 935 30.5778
81.2877 906 30.0998
81.4051 934 30.5614
81.5225 919 30.315
81.6399 899 29.9833
81.7573 893 29.8831
81.8747 755 27.4773
81.9922 758 27.5318
82.1096 672 25.923
82.227 720 26.8328
82.3444 772 27.7849
82.4619 818 28.6007
82.5793 811 28.4781
82.6967 881 29.6816
82.8142 875 29.5804
82.9316 860 29.3258
83.049 881 29.6816
83.1664 809 28.4429
83.2838 820 28.6356
83.4012 766 27.6767
83.5186 779 27.9106
83.636 666 25.807
83.7534 662 25.7294
83.8708 612 24.7386
83.9881 581 24.1039
84.1055 571 23.8956
84.2228 546 23.3666
84.3401 573 23.9374
84.4575 608 24.6577
84.5747 678 26.0384
84.692 655 25.593
84.8093 661 25.7099
84.9265 660 25.6905
85.0437 632 25.1396
85.1609 689 26.2488
85.2781 635 25.1992
85.3952 704 26.533
85.5123 640 25.2982
85.6294 662 25.7294
85.7465 665 25.7876
85.8636 694 26.3439
85.9806 738 27.1662
86.0976 805 28.3725
86.2145 796 28.2135
86.3315 889 29.8161
86.4484 881 29.6816
86.5652 919 30.315
86.682 905 30.0832
86.7988 866 29.4279
86.9156 891 29.8496
87.0323 808 28.4253
87.149 826 28.7402
87.2657 771 27.7669
87.3823 737 27.1477
87.4988 721 26.8514
87.6154 679 26.0576
87.7318 700 26.4575
87.8483 700 26.4575
87.9647 753 27.4408
88.081 779 27.9106
88.1973 815 28.5482
88.3136 872 29.5296
88.4298 862 29.3598
88.546 846 29.0861
88.6621 885 29.7489
88.7781 905 30.0832
88.8942 0 1
89.0101 0 1
89.126 0 1
89.2419 0 1
89.3577 0 1
89.4734 0 1
89.5891 0 1
89.7047 0 1
89.8203 0 1
89.9358 0 1
92.3269 0 1
92.4424 0 1
92.558 0 1
92.6736 0 1
92.7893 0 1
92.905 0 1
93.0208 0 1
93.1366 0 1
93.2525 0 1
93.3685 0 1
93.4845 0 1
93.6005 836 28.9137
93.7167 896 29.9333
93.8328 889 29.8161
93.949 831 28.8271
94.0653 798 28.2489
94.1816 828 28.775
94.2979 794 28.178
94.4143 751 27.4044
94.5307 833 28.8617
94.6472 744 27.2764
94.7637 826 28.7402
94.8803 803 28.3373
94.9969 875 29.5804
95.1135 903 30.05
95.2302 958 30.9516
95.3469 1014 31.8434
95.4637 1042 32.28
95.5805 1053 32.45
95.6973 1075 32.7872
95.8142 1068 32.6803
95.9311 965 31.0644
96.048 940 30.6594
96.1649 895 29.9166
96.2819 898 29.9666
96.3989 915 30.249
96.516 807 28.4077
96.633 762 27.6043
96.7501 735 27.1109
96.8673 677 26.0192
96.9844 694 26.3439
97.1016 772 27.7849
97.2188 799 28.2666
97.336 832 28.8444
97.4532 865 29.4109
97.5704 859 29.3087
97.6877 766 27.6767
97.805 808 28.4253
97.9223 808 28.4253
98.0396 781 27.9464
98.1569 738 27.1662
98.2743 731 27.037
98.3916 753 27.4408
98.509 765 27.6586
98.6264 783 27.9821
98.7438 876 29.5973
98.8612 922 30.3645
98.9786 889 29.8161
99.096 962 31.0161
99.2134 1005 31.7017
99.3308 1021 31.9531
99.4482 1006 31.7175
99.5656 924 30.3974
99.6831 921 30.348
99.8005 899 29.9833
99.9179 870 29.4958
100.035 840 28.9828
100.153 850 29.1548
100.27 726 26.9444
100.388 719 26.8142
100.505 684 26.1534
100.622 789 28.0891
100.74 782 27.9643
100.857 844 29.0517
100.975 796 28.2135
101.092 896 29.9333
101.209 849 29.1376
101.327 798 28.2489
101.444 865 29.4109
101.561 870 29.4958
101.679 824 28.7054
101.796 756 27.4955
101.913 813 28.5132
102.03 817 28.5832
102.148 823 28.688
102.265 936 30.5941
102.382 954 30.8869
102.499 1036 32.187
102.616 1006 31.7175
102.733 1056 32.4962
102.851 1121 33.4813
102.968 1160 34.0588
103.085 1118 33.4365
103.202 1153 33.9559
103.319 1045 32.3265
103.436 983 31.3528
103.552 911 30.1828
103.669 909 30.1496
103.786 900 30
103.903 829 28.7924
104.02 876 29.5973
104.137 840 28.9828
104.253 929 30.4795
104.37 921 30.348
104.487 980 31.305
104.603 1036 32.187
104.72 1005 31.7017
104.836 994 31.5278
104.953 944 30.7246
105.069 968 31.1127
105.186 908 30.133
105.302 896 29.9333
105.418 907 30.1164
105.535 972 31.1769
105.651 1030 32.0936
105.767 1104 33.2265
105.883 1180 34.3511
105.999 1175 34.2783
106.115 0 1
106.231 0 1
106.347 0 1
106.463 0 1
106.579 0 1
106.694 0 1
106.81 0 1
106.926 0 1
107.041 0 1
107.157 0 1
109.576 0 1
109.692 0 1
109.807 0 1
109.923 0 1
110.039 0 1
110.155 0 1
110.27 0 1
110.386 0 1
110.502 0 1
110.618 925 30.4138
110.735 1044 32.311
110.851 1119 33.4515
110.967 1112 33.3467
111.083 1173 34.2491
111.199 1216 34.8712
111.316 1277 35.7351
111.432 1285 35.8469
111.549 1249 35.3412
111.665 1207 34.7419
111.782 1143 33.8083
111.898 1134 33.6749
112.015 1136 33.7046
112.132 1101 33.1813
112.248 1007 31.7333
112.365 976 31.241
112.482 930 30.4959
112.599 918 30.2985
112.716 973 31.1929
112.832 1021 31.9531
112.949 1035 32.1714
113.066 1027 32.0468
113.183 1064 32.619
113.3 1056 32.4962
113.417 980 31.305
113.534 1037 32.2025
113.652 1004 31.686
113.769 974 31.209
113.886 970 31.1448
114.003 972 31.1769
114.12 951 30.8383
114.238 1118 33.4365
114.355 1132 33.6452
114.472 1305 36.1248
114.589 1157 34.0147
114.707 1281 35.7911
114.824 1297 36.0139
114.942 1368 36.9865
115.059 1382 37.1753
115.176 1376 37.0945
115.294 1319 36.318
115.411 1250 35.3553
115.529 1223 34.9714
115.646 1230 35.0714
115.764 1141 33.7787
115.881 1149 33.8969
115.999 1027 32.0468
116.116 1068 32.6803
116.234 1097 33.121
116.351 1233 35.1141
116.469 1205 34.7131
116.586 1201 34.6554
116.704 1227 35.0286
116.821 1236 35.1568
116.939 1226 35.0143
117.056 1195 34.5688
117.174 1194 34.5543
117.291 1169 34.1906
117.409 1246 35.2987
117.526 1159 34.0441
117.644 1196 34.5832
117.761 1290 35.9166
117.879 1335 36.5377
117.996 1380 37.1484
118.114 1472 38.3667
118.231 1522 39.0128
118.349 1518 38.9615
118.466 1590 39.8748
118.584 1563 39.5348
118.701 1554 39.4208
118.819 1555 39.4335
118.936 1592 39.8999
119.053 1473 38.3797
119.171 1539 39.2301
119.288 1376 37.0945
119.405 1303 36.0971
119.523 1319 36.318
119.64 1125 33.541
119.757 1237 35.171
119.875 1308 36.1663
119.992 1419 37.6696
120.109 1454 38.1314
120.226 1509 38.8458
120.343 1489 38.5876
120.46 1555 39.4335
120.578 1465 38.2753
120.695 1386 37.229
120.812 1394 37.3363
120.929 1375 37.081
121.046 1400 37.4166
121.163 1357 36.8375
121.279 1438 37.921
121.396 1454 38.1314
121.513 1477 38.4318
121.63 1627 40.3361
121.747 1617 40.2119
121.863 1676 40.939
121.98 1736 41.6653
122.097 1690 41.1096
122.213 1818 42.638
122.33 1730 41.5933
122.446 1727 41.5572
122.563 1689 41.0974
122.679 1664 40.7922
122.795 1533 39.1535
122.912 1525 39.0512
123.028 1451 38.092
123.144 1322 36.3593
123.26 1337 36.565
123.377 0 1
123.493 0 1
123.609 0 1
123.725 0 1
123.84 0 1
123.956 0 1
124.072 0 1
124.188 0 1
124.303 0 1
124.419 0 1
126.852 0 1
126.968 0 1
127.083 0 1
127.199 0 1
127.315 0 1
127.431 0 1
127.547 0 1
127.663 0 1
127.779 0 1
127.895 0 1
128.011 0 1
128.127 0 1
128.243 0 1
128.359 1526 39.064
128.476 1421 37.6962
128.592 1298 36.0278
128.708 1383 37.1887
128.825 1496 38.6782
128.941 1516 38.9358
129.058 1552 39.3954
129.174 1484 38.5227
129.291 1531 39.128
129.408 1545 39.3065
129.524 1471 38.3536
129.641 1492 38.6264
129.758 1449 38.0657
129.875 1360 36.8782
129.992 1308 36.1663
130.108 1407 37.51
130.225 1287 35.8748
130.342 1307 36.1525
130.459 1311 36.2077
130.576 1466 38.2884
130.693 1475 38.4057
130.81 1487 38.5616
130.928 1540 39.2428
131.045 1486 38.5487
131.162 1487 38.5616
131.279 1488 38.5746
131.396 1428 37.7889
131.513 1389 37.2693
131.631 1345 36.6742
131.748 1367 36.973
131.865 1265 35.5668
131.983 1229 35.0571
132.1 1188 34.4674
132.217 1234 35.1283
132.335 1262 35.5246
132.452 1270 35.6371
132.57 1351 36.756
132.687 1264 35.5528
132.804 1326 36.4143
132.922 1339 36.5923
133.039 1317 36.2905
133.157 1316 36.2767
133.274 1260 35.4965
133.392 1225 35
133.509 1163 34.1028
133.627 1187 34.4529
133.744 1096 33.1059
133.862 1212 34.8138
133.979 1185 34.4238
134.097 1253 35.3977
134.214 1295 35.9861
134.332 1247 35.3129
134.449 1347 36.7015
134.567 1349 36.7287
134.684 1305 36.1248
134.802 1374 37.0675
134.919 1310 36.1939
135.037 1361 36.8917
135.154 1365 36.9459
135.272 1285 35.8469
135.389 1133 33.6601
135.507 1076 32.8024
135.624 1070 32.7109
135.742 1097 33.121
135.859 1131 33.6303
135.977 1163 34.1028
136.094 1174 34.2637
136.211 1190 34.4964
136.329 1142 33.7935
136.446 1268 35.609
136.564 1103 33.2114
136.681 1160 34.0588
136.798 1143 33.8083
136.915 1087 32.9697
137.033 1033 32.1403
137.15 1075 32.7872
137.267 1042 32.28
137.384 1092 33.0454
137.502 1045 32.3265
137.619 1071 32.7261
137.736 1080 32.8634
137.853 1082 32.8938
137.97 1088 32.9848
138.087 1046 32.3419
138.204 1093 33.0606
138.321 1137 33.7194
138.438 1100 33.1662
138.555 1203 34.6843
138.672 1165 34.1321
138.788 1144 33.8231
138.905 1101 33.1813
139.022 1023 31.9844
139.139 1057 32.5115
139.255 1040 32.249
139.372 1053 32.45
139.488 1082 32.8938
139.605 1114 33.3766
139.721 1088 32.9848
139.838 1094 33.0757
139.954 1092 33.0454
140.071 1053 32.45
140.187 1095 33.0908
140.303 995 31.5436
140.419 1002 31.6544
140.535 1013 31.8277
140.652 975 31.225
140.768 0 1
140.884 0 1
141 0 1
141.115 0 1
141.231 0 1
141.347 0 1
141.463 0 1
141.578 0 1
141.694 0 1
144.104 0 1
144.219 0 1
144.335 0 1
144.45 0 1
144.566 0 1
144.682 0 1
144.798 0 1
144.914 0 1
145.03 0 1
145.146 1003 31.6702
145.262 1084 32.9242
145.378 1013 31.8277
145.494 963 31.0322
145.61 950 30.8221
145.726 1009 31.7648
145.842 1016 31.8748
145.959 934 30.5614
146.075 935 30.5778
146.192 1009 31.7648
146.308 994 31.5278
146.425 1047 32.3574
146.541 1021 31.9531
146.658 1091 33.0303
146.774 1098 33.1361
146.891 1101 33.1813
147.008 1091 33.0303
147.125 1148 33.8821
147.241 1116 33.4066
147.358 1117 33.4215
147.475 1114 33.3766
147.592 1141 33.7787
147.709 1045 32.3265
147.826 1023 31.9844
147.943 999 31.607
148.06 1017 31.8904
148.177 1022 31.9687
148.294 1078 32.8329
148.411 1086 32.9545
148.528 1055 32.4808
148.645 1114 33.3766
148.762 1045 32.3265
148.88 1033 32.1403
148.997 1042 32.28
149.114 1097 33.121
149.231 964 31.0483
149.349 1049 32.3883
149.466 994 31.5278
149.583 1005 31.7017
149.701 890 29.8329
149.818 940 30.6594
149.935 1021 31.9531
150.053 946 30.7571
150.17 1048 32.3728
150.287 1088 32.9848
150.405 1005 31.7017
150.522 1082 32.8938
150.64 1124 33.5261
150.757 1127 33.5708
150.875 1118 33.4365
150.992 1217 34.8855
151.11 1090 33.0151
151.227 1105 33.2415
151.344 1081 32.8786
151.462 1054 32.4654
151.579 1019 31.9218
151.697 998 31.5911
151.814 1114 33.3766
151.932 1080 32.8634
152.049 1087 32.9697
152.167 1148 33.8821
152.284 1165 34.1321
152.402 1177 34.3074
152.519 1160 34.0588
152.636 1148 33.8821
152.754 1054 32.4654
152.871 1009 31.7648
152.989 1070 32.7109
153.106 1025 32.0156
153.223 1022 31.9687
153.341 1047 32.3574
153.458 1067 32.665
153.575 1088 32.9848
153.693 1116 33.4066
153.81 1144 33.8231
153.927 1209 34.7707
154.044 1262 35.5246
154.162 1249 35.3412
154.279 1295 35.9861
154.396 1325 36.4005
154.513 1395 37.3497
154.63 1353 36.7831
154.747 1288 35.8887
154.864 1247 35.3129
154.981 1266 35.5809
155.098 1253 35.3977
155.215 1203 34.6843
155.332 1258 35.4683
155.449 1302 36.0832
155.566 1348 36.7151
155.683 1371 37.027
155.8 1279 35.7631
155.917 1316 36.2767
156.033 1366 36.9594
156.15 0 1
156.267 0 1
156.383 0 1
156.5 0 1
156.617 0 1
156.733 0 1
156.85 0 1
156.966 0 1
157.082 0 1
157.199 0 1
157.315 0 1
157.431 0 1
157.547 0 1
157.664 0 1
157.78 0 1
157.896 0 1
158.012 0 1
158.128 0 1
158.244 0 1
158.359 0 1
158.475 0 1
158.591 0 1
158.706 0 1
