
6.15755 0 1
6.2731 0 1
6.3887 0 1
6.50437 0 1
6.62009 0 1
6.73587 0 1
6.8517 0 1
6.96759 0 1
7.08353 0 1
7.19952 0 1
7.31557 0 1
7.43166 0 1
7.54781 0 1
7.664 0 1
7.78024 0 1
7.89653 0 1
8.01286 0 1
8.12924 0 1
8.24567 0 1
8.36213 0 1
8.47864 0 1
8.59519 0 1
8.71178 0 1
8.82841 0 1
8.94508 0 1
9.06179 0 1
9.17853 0 1
9.29531 0 1
9.41212 0 1
9.52897 0 1
9.64584 0 1
9.76276 0 1
9.8797 0 1
9.99667 0 1
10.1137 0 1
10.2307 0 1
10.3478 0 1
10.4648 0 1
10.5819 0 1
10.6991 0 1
10.8162 0 1
10.9334 0 1
11.0506 0 1
11.1678 0 1
11.285 0 1
11.4023 0 1
11.5196 0 1
11.6369 0 1
11.7542 0 1
11.8715 0 1
11.9888 0 1
12.1062 0 1
12.2235 0 1
12.3409 0 1
12.4582 0 1
12.5756 0 1
12.693 0 1
12.8104 0 1
12.9278 0 1
13.0452 0 1
13.1626 0 1
13.28 0 1
13.3974 0 1
13.5149 0 1
13.6323 0 1
13.7497 0 1
13.8671 0 1
13.9845 0 1
14.1019 0 1
14.2193 0 1
14.3367 0 1
14.4541 0 1
14.5714 0 1
14.6888 0 1
14.8062 0 1
14.9235 0 1
15.0408 958 30.9516
15.1581 1053 32.45
15.2755 1085 32.9393
15.3927 1050 32.4037
15.51 972 31.1769
15.6273 1018 31.9061
15.7445 1061 32.573
15.8617 946 30.7571
15.9789 1026 32.0312
16.0961 903 30.05
16.2132 923 30.3809
16.3304 952 30.8545
16.4475 968 31.1127
16.5646 893 29.8831
16.6816 901 30.0167
16.7986 870 29.4958
16.9156 871 29.5127
17.0326 815 28.5482
17.1496 841 29
17.2665 847 29.1033
17.3833 783 27.9821
17.5002 827 28.7576
17.617 798 28.2489
17.7338 877 29.6142
17.8505 845 29.0689
17.9672 890 29.8329
18.0839 903 30.05
18.2005 913 30.2159
18.3171 822 28.6705
18.4337 847 29.1033
18.5502 794 28.178
18.6666 868 29.4618
18.7831 854 29.2233
18.8994 819 28.6182
19.0158 785 28.0179
19.1321 760 27.5681
19.2483 728 26.9815
19.3645 744 27.2764
19.4806 685 26.1725
19.5967 682 26.1151
19.7128 681 26.096
19.8288 604 24.5764
19.9447 548 23.4094
20.0606 0 1
20.1764 0 1
20.2922 0 1
20.4079 0 1
20.5236 0 1
20.6392 0 1
20.7548 0 1
20.8702 0 1
23.3078 0 1
23.4233 0 1
23.539 0 1
23.6547 0 1
23.7704 0 1
23.8862 0 1
24.0021 0 1
24.118 0 1
24.234 0 1
24.35 0 1
24.4661 392 19.799
24.5822 464 21.5407
24.6984 528 22.9783
24.8146 574 23.9583
24.9309 707 26.5895
25.0472 730 27.0185
25.1636 866 29.4279
25.28 887 29.7825
25.3965 1013 31.8277
25.513 943 30.7083
25.6296 955 30.9031
25.7462 946 30.7571
25.8628 935 30.5778
25.9795 904 30.0666
26.0962 890 29.8329
26.213 779 27.9106
26.3298 830 28.8097
26.4466 834 28.8791
26.5635 834 28.8791
26.6804 705 26.5518
26.7973 728 26.9815
26.9143 760 27.5681
27.0313 733 27.074
27.1483 694 26.3439
27.2653 729 27
27.3824 843 29.0345
27.4996 836 28.9137
27.6167 757 27.5136
27.7339 797 28.2312
27.8511 829 28.7924
27.9683 788 28.0713
28.0855 830 28.8097
28.2028 828 28.775
28.3201 898 29.9666
28.4374 848 29.1204
28.5547 850 29.1548
28.6721 948 30.7896
28.7894 881 29.6816
28.9068 843 29.0345
29.0242 803 28.3373
29.1416 799 28.2666
29.259 764 27.6405
29.3764 747 27.3313
29.4939 808 28.4253
29.6113 641 25.318
29.7288 713 26.7021
29.8463 639 25.2784
29.9638 686 26.1916
30.0812 773 27.8029
30.1987 710 26.6458
30.3162 735 27.1109
30.4337 760 27.5681
30.5512 786 28.0357
30.6687 736 27.1293
30.7862 729 27
30.9037 822 28.6705
31.0212 826 28.7402
31.1387 783 27.9821
31.2562 827 28.7576
31.3737 813 28.5132
31.4912 795 28.1957
31.6087 864 29.3939
31.7262 808 28.4253
31.8436 803 28.3373
31.9611 843 29.0345
32.0785 835 28.8964
32.1959 787 28.0535
32.3134 792 28.1425
32.4308 767 27.6948
32.5482 748 27.3496
32.6655 675 25.9808
32.7829 695 26.3629
32.9002 683 26.1343
33.0176 717 26.7769
33.1349 626 25.02
33.2522 635 25.1992
33.3694 649 25.4755
33.4867 675 25.9808
33.6039 735 27.1109
33.7211 697 26.4008
33.8383 751 27.4044
33.9554 718 26.7955
34.0725 693 26.3249
34.1896 703 26.5141
34.3067 704 26.533
34.4237 687 26.2107
34.5407 731 27.037
34.6577 761 27.5862
34.7746 799 28.2666
34.8915 780 27.9285
35.0084 725 26.9258
35.1252 755 27.4773
35.242 783 27.9821
35.3587 742 27.2397
35.4755 713 26.7021
35.5921 761 27.5862
35.7088 745 27.2947
35.8254 732 27.0555
35.9419 712 26.6833
36.0584 678 26.0384
36.1749 665 25.7876
36.2913 640 25.2982
36.4077 592 24.3311
36.524 642 25.3377
36.6403 540 23.2379
36.7565 539 23.2164
36.8727 487 22.0681
36.9889 427 20.664
37.1049 425 20.6155
37.221 0 1
37.3369 0 1
37.4529 0 1
37.5687 0 1
37.6845 0 1
37.8003 0 1
37.916 0 1
38.0316 0 1
38.1472 0 1
40.5851 0 1
40.7008 0 1
40.8164 0 1
40.9322 0 1
41.048 0 1
41.1639 0 1
41.2798 0 1
41.3958 0 1
41.5118 0 1
41.6279 0 1
41.744 344 18.5472
41.8602 335 18.303
41.9765 418 20.445
42.0928 416 20.3961
42.2091 471 21.7025
42.3255 466 21.587
42.4419 571 23.8956
42.5584 512 22.6274
42.675 515 22.6936
42.7915 550 23.4521
42.9081 537 23.1733
43.0248 596 24.4131
43.1415 539 23.2164
43.2582 556 23.5797
43.375 534 23.1084
43.4918 542 23.2809
43.6087 602 24.5357
43.7256 537 23.1733
43.8425 518 22.7596
43.9595 534 23.1084
44.0765 544 23.3238
44.1935 610 24.6982
44.3106 508 22.5389
44.4277 526 22.9347
44.5448 541 23.2594
44.6619 614 24.779
44.7791 582 24.1247
44.8963 546 23.3666
45.0136 572 23.9165
45.1308 627 25.04
45.2481 634 25.1794
45.3654 581 24.1039
45.4827 621 24.9199
45.6001 532 23.0651
45.7174 539 23.2164
45.8348 527 22.9565
45.9522 503 22.4277
46.0697 541 23.2594
46.1871 588 24.2487
46.3046 571 23.8956
46.422 526 22.9347
46.5395 574 23.9583
46.657 580 24.0832
46.7745 535 23.1301
46.892 540 23.2379
47.0096 551 23.4734
47.1271 535 23.1301
47.2446 607 24.6374
47.3622 558 23.622
47.4797 502 22.4054
47.5973 538 23.1948
47.7149 562 23.7065
47.8324 563 23.7276
47.95 615 24.7992
48.0675 530 23.0217
48.1851 610 24.6982
48.3027 562 23.7065
48.4202 617 24.8395
48.5378 536 23.1517
48.6554 581 24.1039
48.7729 613 24.7588
48.8904 571 23.8956
49.008 560 23.6643
49.1255 550 23.4521
49.243 542 23.2809
49.3605 531 23.0434
49.478 530 23.0217
49.5955 499 22.3383
49.713 514 22.6716
49.8304 535 23.1301
49.9479 548 23.4094
50.0653 521 22.8254
50.1827 538 23.1948
50.3001 528 22.9783
50.4175 554 23.5372
50.5348 578 24.0416
50.6521 553 23.516
50.7694 545 23.3452
50.8867 514 22.6716
51.004 491 22.1585
51.1212 508 22.5389
51.2384 593 24.3516
51.3556 612 24.7386
51.4727 586 24.2074
51.5899 556 23.5797
51.707 578 24.0416
51.824 630 25.0998
51.9411 601 24.5153
52.0581 565 23.7697
52.175 616 24.8193
52.2919 619 24.8797
52.4088 652 25.5343
52.5257 611 24.7184
52.6425 638 25.2587
52.7593 558 23.622
52.876 575 23.9792
52.9927 554 23.5372
53.1094 583 24.1454
53.226 599 24.4745
53.3426 584 24.1661
53.4591 636 25.219
53.5756 699 26.4386
53.692 794 28.178
53.8084 888 29.7993
53.9248 893 29.8831
54.0411 930 30.4959
54.1573 829 28.7924
54.2735 0 1
54.3896 0 1
54.5057 0 1
54.6217 0 1
54.7377 0 1
54.8537 0 1
54.9695 0 1
55.0853 0 1
55.2011 0 1
55.3168 0 1
55.4324 0 1
57.824 0 1
57.9396 0 1
58.0553 0 1
58.1711 0 1
58.2869 0 1
58.4028 0 1
58.5187 0 1
58.6347 0 1
58.7508 0 1
58.8669 0 1
58.983 61337 247.663
59.0992 71686 267.742
59.2155 80665 284.016
59.3318 88755 297.918
59.4482 94000 306.594
59.5646 96238 310.223
59.681 94654 307.659
59.7975 91534 302.546
59.9141 88400 297.321
60.0306 88427 297.367
60.1473 88032 296.702
60.2639 86767 294.562
60.3807 84134 290.059
60.4974 80167 283.138
60.6142 75718 275.169
60.731 70196 264.945
60.8479 63581 252.153
60.9648 57085 238.925
61.0818 49749 223.045
61.1987 42818 206.925
61.3158 35410 188.175
61.4328 28994 170.276
61.5499 23118 152.046
61.667 18385 135.591
61.7841 15342 123.863
61.9013 13544 116.379
62.0185 12885 113.512
62.1357 12069 109.859
62.253 11191 105.788
62.3702 10025 100.125
62.4875 9080 95.289
62.6049 7890 88.8257
62.7222 6516 80.7217
62.8396 5468 73.9459
62.9569 4253 65.215
63.0743 3470 58.9067
63.1918 2713 52.0865
63.3092 2133 46.1844
63.4267 1768 42.0476
63.5441 1554 39.4208
63.6616 1333 36.5103
63.7791 1102 33.1964
63.8966 991 31.4802
64.0142 954 30.8869
64.1317 843 29.0345
64.2492 812 28.4956
64.3668 739 27.1846
64.4843 731 27.037
64.6019 627 25.04
64.7195 664 25.7682
64.837 664 25.7682
64.9546 660 25.6905
65.0722 647 25.4362
65.1898 626 25.02
65.3074 655 25.593
65.4249 574 23.9583
65.5425 660 25.6905
65.6601 569 23.8537
65.7777 602 24.5357
65.8952 633 25.1595
66.0128 649 25.4755
66.1304 682 26.1151
66.2479 600 24.4949
66.3655 616 24.8193
66.483 611 24.7184
66.6005 629 25.0799
66.718 682 26.1151
66.8355 626 25.02
66.953 614 24.779
67.0705 584 24.1661
67.1879 615 24.7992
67.3054 622 24.9399
67.4228 649 25.4755
67.5402 667 25.8263
67.6576 626 25.02
67.7749 652 25.5343
67.8923 622 24.9399
68.0096 615 24.7992
68.1269 618 24.8596
68.2442 606 24.6171
68.3614 639 25.2784
68.4787 634 25.1794
68.5958 622 24.9399
68.713 588 24.2487
68.8302 589 24.2693
68.9473 540 23.2379
69.0643 578 24.0416
69.1814 570 23.8747
69.2984 558 23.622
69.4154 548 23.4094
69.5323 574 23.9583
69.6492 630 25.0998
69.7661 580 24.0832
69.8829 591 24.3105
69.9997 564 23.7487
70.1165 581 24.1039
70.2332 573 23.9374
70.3499 585 24.1868
70.4665 581 24.1039
70.5831 509 22.561
70.6996 467 21.6102
70.8161 448 21.166
70.9326 402 20.0499
71.049 388 19.6977
71.1653 369 19.2094
71.2817 340 18.4391
71.3979 358 18.9209
71.5141 314 17.72
71.6303 311 17.6352
71.7464 271 16.4621
71.8624 0 1
71.9784 0 1
72.0944 0 1
72.2102 0 1
72.3261 0 1
72.4418 0 1
72.5575 0 1
72.6732 0 1
75.1054 0 1
75.2209 0 1
75.3365 0 1
75.4521 0 1
75.5678 0 1
75.6835 0 1
75.7993 0 1
75.9151 0 1
76.031 0 1
76.147 357 18.8944
76.263 423 20.567
76.3791 503 22.4277
76.4952 518 22.7596
76.6113 544 23.3238
76.7276 549 23.4307
76.8438 560 23.6643
76.9601 531 23.0434
77.0765 506 22.4944
77.1929 504 22.4499
77.3093 525 22.9129
77.4258 517 22.7376
77.5423 490 22.1359
77.6589 562 23.7065
77.7755 518 22.7596
77.8921 503 22.4277
78.0088 485 22.0227
78.1256 450 21.2132
78.2423 474 21.7715
78.3591 480 21.9089
78.4759 535 23.1301
78.5928 510 22.5832
78.7097 506 22.4944
78.8266 564 23.7487
78.9436 496 22.2711
79.0606 509 22.561
79.1776 545 23.3452
79.2946 521 22.8254
79.4117 568 23.8328
79.5288 486 22.0454
79.6459 539 23.2164
79.7631 508 22.5389
79.8802 529 23
79.9974 541 23.2594
80.1147 552 23.4947
80.2319 565 23.7697
80.3491 586 24.2074
80.4664 557 23.6008
80.5837 537 23.1733
80.701 520 22.8035
80.8183 571 23.8956
80.9357 527 22.9565
81.053 524 22.891
81.1704 543 23.3024
81.2877 573 23.9374
81.4051 516 22.7156
81.5225 508 22.5389
81.6399 497 22.2935
81.7573 499 22.3383
81.8747 427 20.664
81.9922 488 22.0907
82.1096 522 22.8473
82.227 501 22.383
82.3444 528 22.9783
82.4619 522 22.8473
82.5793 523 22.8692
82.6967 523 22.8692
82.8142 526 22.9347
82.9316 546 23.3666
83.049 543 23.3024
83.1664 573 23.9374
83.2838 541 23.2594
83.4012 508 22.5389
83.5186 503 22.4277
83.636 544 23.3238
83.7534 567 23.8118
83.8708 546 23.3666
83.9881 529 23
84.1055 559 23.6432
84.2228 558 23.622
84.3401 608 24.6577
84.4575 538 23.1948
84.5747 567 23.8118
84.692 539 23.2164
84.8093 557 23.6008
84.9265 513 22.6495
85.0437 563 23.7276
85.1609 581 24.1039
85.2781 530 23.0217
85.3952 526 22.9347
85.5123 509 22.561
85.6294 505 22.4722
85.7465 518 22.7596
85.8636 544 23.3238
85.9806 551 23.4734
86.0976 537 23.1733
86.2145 485 22.0227
86.3315 557 23.6008
86.4484 561 23.6854
86.5652 565 23.7697
86.682 519 22.7816
86.7988 549 23.4307
86.9156 539 23.2164
87.0323 514 22.6716
87.149 586 24.2074
87.2657 516 22.7156
87.3823 490 22.1359
87.4988 527 22.9565
87.6154 549 23.4307
87.7318 501 22.383
87.8483 508 22.5389
87.9647 468 21.6333
88.081 402 20.0499
88.1973 408 20.199
88.3136 350 18.7083
88.4298 352 18.7617
88.546 347 18.6279
88.6621 309 17.5784
88.7781 305 17.4642
88.8942 0 1
89.0101 0 1
89.126 0 1
89.2419 0 1
89.3577 0 1
89.4734 0 1
89.5891 0 1
89.7047 0 1
89.8203 0 1
89.9358 0 1
92.3269 0 1
92.4424 0 1
92.558 0 1
92.6736 0 1
92.7893 0 1
92.905 0 1
93.0208 0 1
93.1366 0 1
93.2525 0 1
93.3685 0 1
93.4845 0 1
93.6005 439 20.9523
93.7167 449 21.1896
93.8328 509 22.561
93.949 524 22.891
94.0653 515 22.6936
94.1816 530 23.0217
94.2979 520 22.8035
94.4143 535 23.1301
94.5307 517 22.7376
94.6472 537 23.1733
94.7637 500 22.3607
94.8803 538 23.1948
94.9969 546 23.3666
95.1135 494 22.2261
95.2302 530 23.0217
95.3469 532 23.0651
95.4637 530 23.0217
95.5805 579 24.0624
95.6973 552 23.4947
95.8142 564 23.7487
95.9311 549 23.4307
96.048 545 23.3452
96.1649 547 23.388
96.2819 548 23.4094
96.3989 565 23.7697
96.516 502 22.4054
96.633 561 23.6854
96.7501 556 23.5797
96.8673 590 24.2899
96.9844 531 23.0434
97.1016 534 23.1084
97.2188 554 23.5372
97.336 535 23.1301
97.4532 558 23.622
97.5704 548 23.4094
97.6877 563 23.7276
97.805 571 23.8956
97.9223 586 24.2074
98.0396 570 23.8747
98.1569 566 23.7908
98.2743 551 23.4734
98.3916 568 23.8328
98.509 537 23.1733
98.6264 523 22.8692
98.7438 570 23.8747
98.8612 520 22.8035
98.9786 585 24.1868
99.096 571 23.8956
99.2134 645 25.3969
99.3308 587 24.2281
99.4482 602 24.5357
99.5656 614 24.779
99.6831 585 24.1868
99.8005 581 24.1039
99.9179 579 24.0624
100.035 594 24.3721
100.153 572 23.9165
100.27 583 24.1454
100.388 631 25.1197
100.505 585 24.1868
100.622 582 24.1247
100.74 568 23.8328
100.857 589 24.2693
100.975 525 22.9129
101.092 576 24
101.209 567 23.8118
101.327 619 24.8797
101.444 586 24.2074
101.561 606 24.6171
101.679 665 25.7876
101.796 590 24.2899
101.913 532 23.0651
102.03 550 23.4521
102.148 566 23.7908
102.265 547 23.388
102.382 596 24.4131
102.499 562 23.7065
102.616 590 24.2899
102.733 622 24.9399
102.851 615 24.7992
102.968 625 25
103.085 639 25.2784
103.202 598 24.454
103.319 608 24.6577
103.436 571 23.8956
103.552 564 23.7487
103.669 563 23.7276
103.786 605 24.5967
103.903 650 25.4951
104.02 661 25.7099
104.137 608 24.6577
104.253 630 25.0998
104.37 604 24.5764
104.487 579 24.0624
104.603 596 24.4131
104.72 598 24.454
104.836 589 24.2693
104.953 603 24.5561
105.069 541 23.2594
105.186 559 23.6432
105.302 481 21.9317
105.418 453 21.2838
105.535 431 20.7605
105.651 398 19.9499
105.767 366 19.1311
105.883 322 17.9444
105.999 311 17.6352
106.115 0 1
106.231 0 1
106.347 0 1
106.463 0 1
106.579 0 1
106.694 0 1
106.81 0 1
106.926 0 1
107.041 0 1
107.157 0 1
109.576 0 1
109.692 0 1
109.807 0 1
109.923 0 1
110.039 0 1
110.155 0 1
110.27 0 1
110.386 0 1
110.502 0 1
110.618 307 17.5214
110.735 336 18.3303
110.851 373 19.3132
110.967 393 19.8242
111.083 407 20.1742
111.199 463 21.5174
111.316 504 22.4499
111.432 586 24.2074
111.549 535 23.1301
111.665 528 22.9783
111.782 579 24.0624
111.898 577 24.0208
112.015 569 23.8537
112.132 543 23.3024
112.248 541 23.2594
112.365 551 23.4734
112.482 604 24.5764
112.599 569 23.8537
112.716 630 25.0998
112.832 572 23.9165
112.949 550 23.4521
113.066 545 23.3452
113.183 537 23.1733
113.3 543 23.3024
113.417 551 23.4734
113.534 546 23.3666
113.652 554 23.5372
113.769 562 23.7065
113.886 553 23.516
114.003 497 22.2935
114.12 545 23.3452
114.238 508 22.5389
114.355 505 22.4722
114.472 436 20.8806
114.589 480 21.9089
114.707 475 21.7945
114.824 579 24.0624
114.942 615 24.7992
115.059 533 23.0868
115.176 526 22.9347
115.294 531 23.0434
115.411 545 23.3452
115.529 532 23.0651
115.646 539 23.2164
115.764 481 21.9317
115.881 525 22.9129
115.999 513 22.6495
116.116 490 22.1359
116.234 476 21.8174
116.351 502 22.4054
116.469 508 22.5389
116.586 478 21.8632
116.704 503 22.4277
116.821 469 21.6564
116.939 556 23.5797
117.056 546 23.3666
117.174 507 22.5167
117.291 581 24.1039
117.409 518 22.7596
117.526 520 22.8035
117.644 496 22.2711
117.761 485 22.0227
117.879 468 21.6333
117.996 429 20.7123
118.114 494 22.2261
118.231 453 21.2838
118.349 522 22.8473
118.466 535 23.1301
118.584 515 22.6936
118.701 544 23.3238
118.819 475 21.7945
118.936 513 22.6495
119.053 459 21.4243
119.171 503 22.4277
119.288 492 22.1811
119.405 444 21.0713
119.523 512 22.6274
119.64 463 21.5174
119.757 516 22.7156
119.875 494 22.2261
119.992 497 22.2935
120.109 461 21.4709
120.226 471 21.7025
120.343 490 22.1359
120.46 458 21.4009
120.578 465 21.5639
120.695 505 22.4722
120.812 487 22.0681
120.929 512 22.6274
121.046 523 22.8692
121.163 463 21.5174
121.279 487 22.0681
121.396 461 21.4709
121.513 444 21.0713
121.63 431 20.7605
121.747 374 19.3391
121.863 405 20.1246
121.98 405 20.1246
122.097 422 20.5426
122.213 475 21.7945
122.33 424 20.5913
122.446 408 20.199
122.563 394 19.8494
122.679 365 19.105
122.795 332 18.2209
122.912 282 16.7929
123.028 322 17.9444
123.144 266 16.3095
123.26 272 16.4924
123.377 0 1
123.493 0 1
123.609 0 1
123.725 0 1
123.84 0 1
123.956 0 1
124.072 0 1
124.188 0 1
124.303 0 1
124.419 0 1
126.852 0 1
126.968 0 1
127.083 0 1
127.199 0 1
127.315 0 1
127.431 0 1
127.547 0 1
127.663 0 1
127.779 0 1
127.895 0 1
128.011 0 1
128.127 0 1
128.243 0 1
128.359 526 22.9347
128.476 535 23.1301
128.592 553 23.516
128.708 548 23.4094
128.825 558 23.622
128.941 597 24.4336
129.058 532 23.0651
129.174 621 24.9199
129.291 572 23.9165
129.408 589 24.2693
129.524 582 24.1247
129.641 601 24.5153
129.758 607 24.6374
129.875 596 24.4131
129.992 649 25.4755
130.108 659 25.671
130.225 638 25.2587
130.342 705 26.5518
130.459 628 25.0599
130.576 635 25.1992
130.693 620 24.8998
130.81 666 25.807
130.928 763 27.6225
131.045 846 29.0861
131.162 963 31.0322
131.279 1137 33.7194
131.396 1390 37.2827
131.513 1542 39.2683
131.631 1686 41.0609
131.748 1802 42.45
131.865 1928 43.909
131.983 1992 44.6318
132.1 2096 45.7821
132.217 2208 46.9894
132.335 2284 47.7912
132.452 2293 47.8853
132.57 2281 47.7598
132.687 2354 48.518
132.804 2332 48.2908
132.922 2320 48.1664
133.039 2308 48.0416
133.157 2351 48.4871
133.274 2329 48.2597
133.392 2297 47.927
133.509 2233 47.2546
133.627 2198 46.8828
133.744 2155 46.422
133.862 1990 44.6094
133.979 1840 42.8952
134.097 1534 39.1663
134.214 1335 36.5377
134.332 1336 36.5513
134.449 1571 39.6358
134.567 1690 41.1096
134.684 1750 41.833
134.802 1859 43.1161
134.919 1796 42.3792
135.037 1668 40.8412
135.154 1741 41.7253
135.272 1550 39.37
135.389 1580 39.7492
135.507 1551 39.3827
135.624 1567 39.5854
135.742 1620 40.2492
135.859 1535 39.1791
135.977 1517 38.9487
136.094 1531 39.128
136.211 1563 39.5348
136.329 1536 39.1918
136.446 1500 38.7298
136.564 1478 38.4448
136.681 1515 38.923
136.798 1499 38.7169
136.915 1522 39.0128
137.033 1482 38.4968
137.15 1490 38.6005
137.267 1435 37.8814
137.384 1443 37.9868
137.502 1433 37.855
137.619 1347 36.7015
137.736 1283 35.819
137.853 1052 32.4345
137.97 1102 33.1964
138.087 1176 34.2929
138.204 1255 35.426
138.321 1332 36.4966
138.438 1313 36.2353
138.555 1348 36.7151
138.672 1334 36.524
138.788 1316 36.2767
138.905 1276 35.7211
139.022 1189 34.4819
139.139 1097 33.121
139.255 1167 34.1614
139.372 1027 32.0468
139.488 1018 31.9061
139.605 1002 31.6544
139.721 913 30.2159
139.838 909 30.1496
139.954 908 30.133
140.071 766 27.6767
140.187 764 27.6405
140.303 712 26.6833
140.419 694 26.3439
140.535 658 25.6515
140.652 630 25.0998
140.768 0 1
140.884 0 1
141 0 1
141.115 0 1
141.231 0 1
141.347 0 1
141.463 0 1
141.578 0 1
141.694 0 1
144.104 0 1
144.219 0 1
144.335 0 1
144.45 0 1
144.566 0 1
144.682 0 1
144.798 0 1
144.914 0 1
145.03 0 1
145.146 1284 35.8329
145.262 1424 37.7359
145.378 1392 37.3095
145.494 1515 38.923
145.61 1548 39.3446
145.726 1522 39.0128
145.842 1626 40.3237
145.959 1699 41.2189
146.075 1609 40.1123
146.192 1631 40.3856
146.308 1580 39.7492
146.425 1518 38.9615
146.541 1502 38.7556
146.658 1513 38.8973
146.774 1595 39.9375
146.891 1679 40.9756
147.008 1866 43.1972
147.125 1775 42.1307
147.241 1853 43.0465
147.358 1928 43.909
147.475 1965 44.3283
147.592 1910 43.7035
147.709 1907 43.6692
147.826 1800 42.4264
147.943 1745 41.7732
148.06 1805 42.4853
148.177 1913 43.7379
148.294 1873 43.2782
148.411 1974 44.4297
148.528 1909 43.6921
148.645 1942 44.0681
148.762 1977 44.4635
148.88 1985 44.5533
148.997 2025 45
149.114 2010 44.833
149.231 1955 44.2154
149.349 2003 44.7549
149.466 1915 43.7607
149.583 2033 45.0888
149.701 2027 45.0222
149.818 2008 44.8107
149.935 2100 45.8258
150.053 1893 43.5086
150.17 1909 43.6921
150.287 1859 43.1161
150.405 1902 43.6119
150.522 1778 42.1663
150.64 1769 42.0595
150.757 1880 43.359
150.875 1936 44
150.992 2059 45.3762
151.11 1908 43.6807
151.227 1915 43.7607
151.344 1902 43.6119
151.462 1798 42.4028
151.579 1846 42.9651
151.697 1862 43.1509
151.814 1882 43.382
151.932 2045 45.2217
152.049 2078 45.5851
152.167 2084 45.6508
152.284 2063 45.4203
152.402 2141 46.2709
152.519 2228 47.2017
152.636 2183 46.7226
152.754 2191 46.8081
152.871 2128 46.1303
152.989 2233 47.2546
153.106 2254 47.4763
153.223 2267 47.613
153.341 2153 46.4004
153.458 2110 45.9347
153.575 2102 45.8476
153.693 2026 45.0111
153.81 1980 44.4972
153.927 1975 44.441
154.044 2101 45.8367
154.162 2124 46.0869
154.279 2099 45.8148
154.396 2158 46.4543
154.513 2103 45.8585
154.63 2118 46.0217
154.747 2115 45.9891
154.864 2062 45.4093
154.981 1942 44.0681
155.098 1974 44.4297
155.215 2109 45.9239
155.332 2181 46.7012
155.449 2260 47.5395
155.566 2268 47.6235
155.683 2363 48.6107
155.8 2403 49.0204
155.917 2334 48.3115
156.033 2401 49
156.15 0 1
156.267 0 1
156.383 0 1
156.5 0 1
156.617 0 1
156.733 0 1
156.85 0 1
156.966 0 1
157.082 0 1
157.199 0 1
157.315 0 1
157.431 0 1
157.547 0 1
157.664 0 1
157.78 0 1
157.896 0 1
158.012 0 1
158.128 0 1
158.244 0 1
158.359 0 1
158.475 0 1
158.591 0 1
158.706 0 1
