
6.15755 0 1
6.2731 0 1
6.3887 0 1
6.50437 0 1
6.62009 0 1
6.73587 0 1
6.8517 0 1
6.96759 0 1
7.08353 0 1
7.19952 0 1
7.31557 0 1
7.43166 0 1
7.54781 0 1
7.664 0 1
7.78024 0 1
7.89653 0 1
8.01286 0 1
8.12924 0 1
8.24567 0 1
8.36213 0 1
8.47864 0 1
8.59519 0 1
8.71178 0 1
8.82841 0 1
8.94508 0 1
9.06179 0 1
9.17853 0 1
9.29531 0 1
9.41212 0 1
9.52897 0 1
9.64584 0 1
9.76276 0 1
9.8797 0 1
9.99667 0 1
10.1137 0 1
10.2307 0 1
10.3478 0 1
10.4648 0 1
10.5819 0 1
10.6991 0 1
10.8162 0 1
10.9334 0 1
11.0506 0 1
11.1678 0 1
11.285 0 1
11.4023 0 1
11.5196 0 1
11.6369 0 1
11.7542 0 1
11.8715 0 1
11.9888 0 1
12.1062 0 1
12.2235 0 1
12.3409 0 1
12.4582 0 1
12.5756 0 1
12.693 0 1
12.8104 0 1
12.9278 0 1
13.0452 0 1
13.1626 0 1
13.28 0 1
13.3974 0 1
13.5149 0 1
13.6323 0 1
13.7497 0 1
13.8671 0 1
13.9845 0 1
14.1019 0 1
14.2193 0 1
14.3367 0 1
14.4541 0 1
14.5714 0 1
14.6888 0 1
14.8062 0 1
14.9235 0 1
15.0408 0 0
15.1581 0 0
15.2755 0 0
15.3927 0 0
15.51 0 0
15.6273 0 0
15.7445 0 0
15.8617 0 0
15.9789 0 0
16.0961 0 0
16.2132 0 0
16.3304 0 0
16.4475 0 0
16.5646 0 0
16.6816 0 0
16.7986 0 0
16.9156 0 0
17.0326 0 0
17.1496 0 0
17.2665 0 0
17.3833 0 0
17.5002 0 0
17.617 0 0
17.7338 0 0
17.8505 0 0
17.9672 0 0
18.0839 0 0
18.2005 0 0
18.3171 0 0
18.4337 0 0
18.5502 0 0
18.6666 0 0
18.7831 0 0
18.8994 0 0
19.0158 0 0
19.1321 0 0
19.2483 0 0
19.3645 0 0
19.4806 0 0
19.5967 0 0
19.7128 0 0
19.8288 0 0
19.9447 0 0
20.0606 0 1
20.1764 0 1
20.2922 0 1
20.4079 0 1
20.5236 0 1
20.6392 0 1
20.7548 0 1
20.8702 0 1
23.3078 0 1
23.4233 0 1
23.539 0 1
23.6547 0 1
23.7704 0 1
23.8862 0 1
24.0021 0 1
24.118 0 1
24.234 0 1
24.35 0 1
24.4661 1800 42.4264
24.5822 1894 43.5201
24.6984 1784 42.2374
24.8146 1826 42.7317
24.9309 1684 41.0366
25.0472 1589 39.8623
25.1636 1666 40.8167
25.28 1771 42.0833
25.3965 1902 43.6119
25.513 1950 44.1588
25.6296 2043 45.1996
25.7462 2019 44.9333
25.8628 2080 45.607
25.9795 2055 45.3321
26.0962 2112 45.9565
26.213 2061 45.3982
26.3298 2012 44.8553
26.4466 2042 45.1885
26.5635 2000 44.7214
26.6804 2008 44.8107
26.7973 1893 43.5086
26.9143 1948 44.1362
27.0313 2081 45.618
27.1483 1993 44.643
27.2653 2078 45.5851
27.3824 2110 45.9347
27.4996 2102 45.8476
27.6167 2002 44.7437
27.7339 2045 45.2217
27.8511 2035 45.111
27.9683 1905 43.6463
28.0855 1966 44.3396
28.2028 1832 42.8019
28.3201 1737 41.6773
28.4374 1675 40.9268
28.5547 1551 39.3827
28.6721 1611 40.1373
28.7894 1712 41.3763
28.9068 1685 41.0488
29.0242 1816 42.6146
29.1416 1939 44.0341
29.259 2007 44.7996
29.3764 1911 43.715
29.4939 1947 44.1248
29.6113 2071 45.5082
29.7288 2032 45.0777
29.8463 1994 44.6542
29.9638 2006 44.7884
30.0812 2015 44.8888
30.1987 1979 44.486
30.3162 1839 42.8836
30.4337 1909 43.6921
30.5512 2040 45.1664
30.6687 1991 44.6206
30.7862 2083 45.6399
30.9037 2076 45.5631
31.0212 2088 45.6946
31.1387 2050 45.2769
31.2562 2025 45
31.3737 2053 45.31
31.4912 2032 45.0777
31.6087 1992 44.6318
31.7262 1932 43.9545
31.8436 1711 41.3642
31.9611 1592 39.8999
32.0785 1574 39.6737
32.1959 1590 39.8748
32.3134 1738 41.6893
32.4308 1737 41.6773
32.5482 1869 43.2319
32.6655 1963 44.3058
32.7829 1983 44.5309
32.9002 1983 44.5309
33.0176 2006 44.7884
33.1349 2062 45.4093
33.2522 2057 45.3542
33.3694 2136 46.2169
33.4867 2032 45.0777
33.6039 2003 44.7549
33.7211 2005 44.7772
33.8383 1989 44.5982
33.9554 1942 44.0681
34.0725 1894 43.5201
34.1896 1992 44.6318
34.3067 2018 44.9222
34.4237 2135 46.2061
34.5407 2057 45.3542
34.6577 2154 46.4112
34.7746 2108 45.913
34.8915 2075 45.5522
35.0084 2103 45.8585
35.1252 2062 45.4093
35.242 2047 45.2438
35.3587 1954 44.2041
35.4755 1840 42.8952
35.5921 1701 41.2432
35.7088 1573 39.6611
35.8254 1572 39.6485
35.9419 1538 39.2173
36.0584 1637 40.4599
36.1749 1771 42.0833
36.2913 1857 43.0929
36.4077 1913 43.7379
36.524 2075 45.5522
36.6403 2065 45.4423
36.7565 1987 44.5758
36.8727 2055 45.3321
36.9889 2054 45.3211
37.1049 1996 44.6766
37.221 0 1
37.3369 0 1
37.4529 0 1
37.5687 0 1
37.6845 0 1
37.8003 0 1
37.916 0 1
38.0316 0 1
38.1472 0 1
40.5851 0 1
40.7008 0 1
40.8164 0 1
40.9322 0 1
41.048 0 1
41.1639 0 1
41.2798 0 1
41.3958 0 1
41.5118 0 1
41.6279 0 1
41.744 1759 41.9404
41.8602 1851 43.0232
41.9765 1824 42.7083
42.0928 1856 43.0813
42.2091 1879 43.3474
42.3255 1913 43.7379
42.4419 1868 43.2204
42.5584 1776 42.1426
42.675 1806 42.4971
42.7915 1750 41.833
42.9081 1831 42.7902
43.0248 1745 41.7732
43.1415 1849 43
43.2582 1899 43.5775
43.375 1945 44.1022
43.4918 1937 44.0114
43.6087 1895 43.5316
43.7256 1965 44.3283
43.8425 1826 42.7317
43.9595 1810 42.5441
44.0765 1657 40.7063
44.1935 1696 41.1825
44.3106 1629 40.3609
44.4277 1459 38.1969
44.5448 1254 35.4119
44.6619 1171 34.2199
44.7791 1234 35.1283
44.8963 1391 37.2961
45.0136 1467 38.3014
45.1308 1622 40.2741
45.2481 1587 39.8372
45.3654 1694 41.1582
45.4827 1694 41.1582
45.6001 1647 40.5832
45.7174 1620 40.2492
45.8348 1670 40.8656
45.9522 1675 40.9268
46.0697 1578 39.724
46.1871 1531 39.128
46.3046 1508 38.833
46.422 1540 39.2428
46.5395 1489 38.5876
46.657 1477 38.4318
46.7745 1521 39
46.892 1575 39.6863
47.0096 1567 39.5854
47.1271 1572 39.6485
47.2446 1546 39.3192
47.3622 1538 39.2173
47.4797 1519 38.9744
47.5973 1477 38.4318
47.7149 1411 37.5633
47.8324 1334 36.524
47.95 1210 34.7851
48.0675 1103 33.2114
48.1851 976 31.241
48.3027 1040 32.249
48.4202 1077 32.8177
48.5378 1229 35.0571
48.6554 1301 36.0694
48.7729 1381 37.1618
48.8904 1419 37.6696
49.008 1439 37.9342
49.1255 1421 37.6962
49.243 1515 38.923
49.3605 1410 37.55
49.478 1404 37.47
49.5955 1475 38.4057
49.713 1497 38.6911
49.8304 1450 38.0789
49.9479 1393 37.3229
50.0653 1469 38.3275
50.1827 1621 40.2616
50.3001 1589 39.8623
50.4175 1652 40.6448
50.5348 1658 40.7185
50.6521 1782 42.2137
50.7694 1776 42.1426
50.8867 1834 42.8252
51.004 1814 42.5911
51.1212 1837 42.8602
51.2384 1913 43.7379
51.3556 1790 42.3084
51.4727 1669 40.8534
51.5899 1508 38.833
51.707 1383 37.1887
51.824 1360 36.8782
51.9411 1578 39.724
52.0581 1794 42.3556
52.175 2006 44.7884
52.2919 2113 45.9674
52.4088 2126 46.1086
52.5257 2198 46.8828
52.6425 2236 47.2864
52.7593 2214 47.0532
52.876 2290 47.8539
52.9927 2301 47.9687
53.1094 2264 47.5815
53.226 2406 49.051
53.3426 2275 47.697
53.4591 2338 48.3529
53.5756 2378 48.7647
53.692 2439 49.3862
53.8084 2525 50.2494
53.9248 2453 49.5278
54.0411 2605 51.0392
54.1573 2632 51.303
54.2735 0 1
54.3896 0 1
54.5057 0 1
54.6217 0 1
54.7377 0 1
54.8537 0 1
54.9695 0 1
55.0853 0 1
55.2011 0 1
55.3168 0 1
55.4324 0 1
57.824 0 1
57.9396 0 1
58.0553 0 1
58.1711 0 1
58.2869 0 1
58.4028 0 1
58.5187 0 1
58.6347 0 1
58.7508 0 1
58.8669 0 1
58.983 3200 56.5685
59.0992 3384 58.1722
59.2155 3509 59.2368
59.3318 3648 60.3987
59.4482 3512 59.2621
59.5646 3468 58.8897
59.681 3529 59.4054
59.7975 3349 57.8705
59.9141 3449 58.7282
60.0306 3150 56.1249
60.1473 2914 53.9815
60.2639 2614 51.1273
60.3807 2475 49.7494
60.4974 2537 50.3686
60.6142 2766 52.5928
60.731 2882 53.6843
60.8479 3165 56.2583
60.9648 3308 57.5152
61.0818 3574 59.7829
61.1987 3561 59.6741
61.3158 3636 60.2993
61.4328 3495 59.1185
61.5499 3542 59.5147
61.667 3620 60.1664
61.7841 3573 59.7746
61.9013 3551 59.5903
62.0185 3593 59.9416
62.1357 3596 59.9667
62.253 3438 58.6345
62.3702 3588 59.8999
62.4875 3591 59.925
62.6049 3665 60.5392
62.7222 3684 60.696
62.8396 3845 62.0081
62.9569 3726 61.041
63.0743 3758 61.3025
63.1918 3660 60.4979
63.3092 3682 60.6795
63.4267 3586 59.8832
63.5441 3344 57.8273
63.6616 3060 55.3173
63.7791 2736 52.3068
63.8966 2513 50.1298
64.0142 2477 49.7695
64.1317 2782 52.7447
64.2492 3161 56.2228
64.3668 3441 58.66
64.4843 3650 60.4152
64.6019 3786 61.5305
64.7195 3905 62.49
64.837 3827 61.8628
64.9546 3831 61.8951
65.0722 3876 62.2575
65.1898 3890 62.3699
65.3074 3858 62.1128
65.4249 3800 61.6441
65.5425 3917 62.5859
65.6601 3744 61.1882
65.7777 3822 61.8223
65.8952 3670 60.5805
66.0128 3751 61.2454
66.1304 3873 62.2334
66.2479 4021 63.4114
66.3655 4030 63.4823
66.483 4162 64.5136
66.6005 4133 64.2884
66.718 3997 63.2218
66.8355 3982 63.1031
66.953 3957 62.9047
67.0705 3842 61.9839
67.1879 3634 60.2827
67.3054 3362 57.9828
67.4228 2910 53.9444
67.5402 2606 51.049
67.6576 2755 52.4881
67.7749 2877 53.6377
67.8923 3443 58.6771
68.0096 3757 61.2944
68.1269 3978 63.0714
68.2442 4237 65.0922
68.3614 4319 65.7191
68.4787 4241 65.123
68.5958 4267 65.3223
68.713 4313 65.6734
68.8302 4273 65.3682
68.9473 4433 66.5808
69.0643 4471 66.8655
69.1814 4252 65.2074
69.2984 4219 64.9538
69.4154 4368 66.0908
69.5323 4378 66.1665
69.6492 4458 66.7683
69.7661 4473 66.8805
69.8829 4402 66.3476
69.9997 4674 68.3667
70.1165 4728 68.7605
70.2332 4686 68.4544
70.3499 4815 69.3902
70.4665 4557 67.5056
70.5831 4606 67.8675
70.6996 4262 65.284
70.8161 4106 64.0781
70.9326 3913 62.554
71.049 3533 59.439
71.1653 3134 55.9821
71.2817 2974 54.5344
71.3979 2991 54.69
71.5141 3272 57.2014
71.6303 3400 58.3095
71.7464 3703 60.8523
71.8624 0 1
71.9784 0 1
72.0944 0 1
72.2102 0 1
72.3261 0 1
72.4418 0 1
72.5575 0 1
72.6732 0 1
75.1054 0 1
75.2209 0 1
75.3365 0 1
75.4521 0 1
75.5678 0 1
75.6835 0 1
75.7993 0 1
75.9151 0 1
76.031 0 1
76.147 3877 62.2656
76.263 3908 62.514
76.3791 3603 60.025
76.4952 3282 57.2887
76.6113 3161 56.2228
76.7276 3302 57.463
76.8438 3624 60.1997
76.9601 4168 64.56
77.0765 4487 66.9851
77.1929 4942 70.2994
77.3093 5014 70.8096
77.4258 4979 70.562
77.5423 5148 71.7496
77.6589 4976 70.5408
77.7755 5048 71.0493
77.8921 4957 70.406
78.0088 4887 69.9071
78.1256 4876 69.8284
78.2423 4947 70.3349
78.3591 4881 69.8642
78.4759 4768 69.0507
78.5928 4813 69.3758
78.7097 4826 69.4694
78.8266 5125 71.5891
78.9436 4740 68.8477
79.0606 4805 69.3181
79.1776 4997 70.6895
79.2946 5106 71.4563
79.4117 4968 70.484
79.5288 4983 70.5904
79.6459 4683 68.4324
79.7631 4389 66.2495
79.8802 4139 64.3351
79.9974 3932 62.7057
80.1147 3541 59.5063
80.2319 3257 57.0701
80.3491 3195 56.5243
80.4664 3604 60.0333
80.5837 4058 63.7024
80.701 4459 66.7757
80.8183 4718 68.6877
80.9357 4856 69.685
81.053 4780 69.1375
81.1704 4739 68.8404
81.2877 4919 70.1356
81.4051 4963 70.4486
81.5225 4961 70.4344
81.6399 4667 68.3154
81.7573 4780 69.1375
81.8747 4580 67.6757
81.9922 4725 68.7386
82.1096 4615 67.9338
82.227 4568 67.587
82.3444 4714 68.6586
82.4619 4682 68.4251
82.5793 4728 68.7605
82.6967 4873 69.8069
82.8142 4832 69.5126
82.9316 4696 68.5274
83.049 4748 68.9057
83.1664 4615 67.9338
83.2838 4432 66.5733
83.4012 4074 63.8279
83.5186 3865 62.1691
83.636 3541 59.5063
83.7534 3289 57.3498
83.8708 2887 53.7308
83.9881 2907 53.9166
84.1055 3260 57.0964
84.2228 3595 59.9583
84.3401 4217 64.9384
84.4575 4359 66.0227
84.5747 4610 67.897
84.692 4566 67.5722
84.8093 4652 68.2056
84.9265 4611 67.9043
85.0437 4636 68.0882
85.1609 4749 68.913
85.2781 4626 68.0147
85.3952 4714 68.6586
85.5123 4674 68.3667
85.6294 4616 67.9412
85.7465 4620 67.9706
85.8636 4682 68.4251
85.9806 4678 68.3959
86.0976 4864 69.7424
86.2145 4897 69.9786
86.3315 4882 69.8713
86.4484 5267 72.5741
86.5652 5222 72.2634
86.682 5168 71.8888
86.7988 5021 70.859
86.9156 4935 70.2496
87.0323 4559 67.5204
87.149 4180 64.6529
87.2657 3979 63.0793
87.3823 3652 60.4318
87.4988 3477 58.9661
87.6154 3599 59.9917
87.7318 4145 64.3817
87.8483 4612 67.9117
87.9647 5025 70.8872
88.081 5284 72.6911
88.1973 5389 73.4098
88.3136 5483 74.0473
88.4298 5436 73.7292
88.546 5302 72.8148
88.6621 5336 73.0479
88.7781 5381 73.3553
88.8942 0 1
89.0101 0 1
89.126 0 1
89.2419 0 1
89.3577 0 1
89.4734 0 1
89.5891 0 1
89.7047 0 1
89.8203 0 1
89.9358 0 1
92.3269 0 1
92.4424 0 1
92.558 0 1
92.6736 0 1
92.7893 0 1
92.905 0 1
93.0208 0 1
93.1366 0 1
93.2525 0 1
93.3685 0 1
93.4845 0 1
93.6005 5266 72.5672
93.7167 5337 73.0548
93.8328 5234 72.3464
93.949 5325 72.9726
94.0653 5372 73.2939
94.1816 5292 72.7461
94.2979 5292 72.7461
94.4143 5379 73.3417
94.5307 5366 73.253
94.6472 5247 72.4362
94.7637 5159 71.8262
94.8803 5433 73.7089
94.9969 5348 73.13
95.1135 5321 72.9452
95.2302 5315 72.904
95.3469 5538 74.4177
95.4637 5562 74.5788
95.5805 5397 73.4643
95.6973 5495 74.1283
95.8142 5572 74.6458
95.9311 5339 73.0685
96.048 5483 74.0473
96.1649 4923 70.1641
96.2819 4624 68
96.3989 4235 65.0769
96.516 3897 62.426
96.633 3708 60.8933
96.7501 3732 61.0901
96.8673 4130 64.2651
96.9844 4522 67.2458
97.1016 5073 71.225
97.2188 5485 74.0608
97.336 5685 75.3989
97.4532 5709 75.5579
97.5704 5769 75.9539
97.6877 5777 76.0066
97.805 5664 75.2596
97.9223 5617 74.9466
98.0396 5668 75.2861
98.1569 5671 75.306
98.2743 5562 74.5788
98.3916 5535 74.3976
98.509 5723 75.6505
98.6264 5544 74.458
98.7438 5643 75.1199
98.8612 5684 75.3923
98.9786 5760 75.8947
99.096 5698 75.4851
99.2134 5747 75.809
99.3308 5728 75.6836
99.4482 6002 77.4726
99.5656 5985 77.3628
99.6831 5647 75.1465
99.8005 5449 73.8173
99.9179 4941 70.2922
100.035 4544 67.4092
100.153 4259 65.261
100.27 4054 63.671
100.388 4311 65.6582
100.505 4732 68.7895
100.622 5329 73
100.74 5667 75.2795
100.857 5810 76.2234
100.975 6035 77.6853
101.092 5924 76.9675
101.209 6029 77.6466
101.327 6003 77.479
101.444 5879 76.6746
101.561 5983 77.3499
101.679 6077 77.9551
101.796 6016 77.5629
101.913 5891 76.7529
102.03 6006 77.4984
102.148 5945 77.1038
102.265 6371 79.8185
102.382 5662 75.2463
102.499 6205 78.7718
102.616 6179 78.6066
102.733 6173 78.5684
102.851 6230 78.9303
102.968 6344 79.6492
103.085 6104 78.1281
103.202 5939 77.0649
103.319 5847 76.4657
103.436 5580 74.6994
103.552 4905 70.0357
103.669 4360 66.0303
103.786 4146 64.3894
103.903 4451 66.7158
104.02 5084 71.3022
104.137 5563 74.5855
104.253 6138 78.3454
104.37 6177 78.5939
104.487 6438 80.2371
104.603 6577 81.0987
104.72 6558 80.9815
104.836 6452 80.3243
104.953 6462 80.3866
105.069 6396 79.975
105.186 6504 80.6474
105.302 6476 80.4736
105.418 6366 79.7872
105.535 6493 80.5792
105.651 6549 80.9259
105.767 6435 80.2185
105.883 6604 81.265
105.999 6490 80.5605
106.115 0 1
106.231 0 1
106.347 0 1
106.463 0 1
106.579 0 1
106.694 0 1
106.81 0 1
106.926 0 1
107.041 0 1
107.157 0 1
109.576 0 1
109.692 0 1
109.807 0 1
109.923 0 1
110.039 0 1
110.155 0 1
110.27 0 1
110.386 0 1
110.502 0 1
110.618 6099 78.0961
110.735 6060 77.846
110.851 6338 79.6116
110.967 6144 78.3837
111.083 6248 79.0443
111.199 6288 79.2969
111.316 6191 78.6829
111.432 6094 78.0641
111.549 6174 78.5748
111.665 5949 77.1298
111.782 5835 76.3872
111.898 5528 74.3505
112.015 4875 69.8212
112.132 4346 65.9242
112.248 4091 63.9609
112.365 4225 65
112.482 4819 69.419
112.599 5086 71.3162
112.716 5486 74.0675
112.832 5788 76.0789
112.949 5868 76.6029
113.066 5838 76.4068
113.183 5853 76.5049
113.3 5845 76.4526
113.417 5705 75.5315
113.534 5592 74.7797
113.652 5712 75.5778
113.769 5663 75.2529
113.886 5669 75.2928
114.003 5613 74.92
114.12 5533 74.3841
114.238 5395 73.4507
114.355 5524 74.3236
114.472 5425 73.6546
114.589 5630 75.0333
114.707 5552 74.5117
114.824 5442 73.7699
114.942 5550 74.4983
115.059 5373 73.3008
115.176 5537 74.411
115.294 5382 73.3621
115.411 5091 71.3512
115.529 4721 68.7095
115.646 4279 65.4141
115.764 3940 62.7694
115.881 3879 62.2816
115.999 4203 64.8305
116.116 4596 67.7938
116.234 5051 71.0704
116.351 5338 73.0616
116.469 5422 73.6342
116.586 5553 74.5185
116.704 5576 74.6726
116.821 5506 74.2024
116.939 5598 74.8198
117.056 5422 73.6342
117.174 5521 74.3034
117.291 5575 74.6659
117.409 5514 74.2563
117.526 5492 74.108
117.644 5601 74.8398
117.761 5596 74.8064
117.879 5522 74.3102
117.996 5506 74.2024
118.114 5609 74.8933
118.231 5627 75.0133
118.349 5659 75.2263
118.466 5662 75.2463
118.584 5642 75.1132
118.701 5594 74.793
118.819 5494 74.1215
118.936 5444 73.7835
119.053 5203 72.1318
119.171 4698 68.542
119.288 4309 65.643
119.405 4070 63.7966
119.523 3745 61.1964
119.64 4153 64.4438
119.757 4666 68.3081
119.875 5050 71.0634
119.992 5377 73.328
120.109 5368 73.2666
120.226 5477 74.0068
120.343 5637 75.08
120.46 5491 74.1013
120.578 5572 74.6458
120.695 5376 73.3212
120.812 5447 73.8038
120.929 5394 73.4439
121.046 5514 74.2563
121.163 5443 73.7767
121.279 5395 73.4507
121.396 5401 73.4915
121.513 5413 73.5731
121.63 5455 73.858
121.747 5271 72.6017
121.863 5539 74.4245
121.98 5456 73.8647
122.097 5366 73.253
122.213 5582 74.7128
122.33 5400 73.4847
122.446 5416 73.5935
122.563 5375 73.3144
122.679 5165 71.8679
122.795 4902 70.0143
122.912 4713 68.6513
123.028 4333 65.8255
123.144 3912 62.546
123.26 3765 61.3596
123.377 0 1
123.493 0 1
123.609 0 1
123.725 0 1
123.84 0 1
123.956 0 1
124.072 0 1
124.188 0 1
124.303 0 1
124.419 0 1
126.852 0 1
126.968 0 1
127.083 0 1
127.199 0 1
127.315 0 1
127.431 0 1
127.547 0 1
127.663 0 1
127.779 0 1
127.895 0 1
128.011 0 1
128.127 0 1
128.243 0 1
128.359 4386 66.2269
128.476 4245 65.1537
128.592 4495 67.0448
128.708 5051 71.0704
128.825 5561 74.5721
128.941 5949 77.1298
129.058 5915 76.909
129.174 6005 77.4919
129.291 6204 78.7655
129.408 6152 78.4347
129.524 5964 77.2269
129.641 6003 77.479
129.758 6076 77.9487
129.875 6054 77.8075
129.992 5925 76.974
130.108 5950 77.1362
130.225 5903 76.831
130.342 5840 76.4199
130.459 5844 76.4461
130.576 6235 78.962
130.693 5956 77.1751
130.81 5922 76.9545
130.928 5875 76.6485
131.045 5912 76.8895
131.162 5815 76.2561
131.279 5964 77.2269
131.396 5905 76.844
131.513 5772 75.9737
131.631 5465 73.9256
131.748 5173 71.9236
131.865 4836 69.5414
131.983 4271 65.3529
132.1 4538 67.3647
132.217 4687 68.4617
132.335 5201 72.118
132.452 5801 76.1643
132.57 5784 76.0526
132.687 5572 74.6458
132.804 6059 77.8396
132.922 6020 77.5887
133.039 5913 76.896
133.157 5926 76.9805
133.274 5801 76.1643
133.392 5910 76.8765
133.509 5632 75.0467
133.627 5761 75.9013
133.744 5765 75.9276
133.862 5652 75.1798
133.979 5754 75.8551
134.097 5733 75.7166
134.214 5850 76.4853
134.332 5644 75.1266
134.449 5814 76.2496
134.567 5738 75.7496
134.684 5829 76.3479
134.802 5860 76.5506
134.919 5739 75.7562
135.037 5672 75.3127
135.154 5518 74.2832
135.272 5136 71.6659
135.389 4915 70.1071
135.507 4628 68.0294
135.624 4256 65.238
135.742 4456 66.7533
135.859 4884 69.8856
135.977 5431 73.6953
136.094 5684 75.3923
136.211 5764 75.921
136.329 5843 76.4395
136.446 5714 75.591
136.564 5932 77.0195
136.681 6019 77.5822
136.798 5699 75.4917
136.915 5947 77.1168
137.033 5565 74.5989
137.15 5901 76.818
137.267 5653 75.1864
137.384 5675 75.3326
137.502 5641 75.1066
137.619 5671 75.306
137.736 5653 75.1864
137.853 5628 75.02
137.97 5490 74.0945
138.087 5835 76.3872
138.204 5626 75.0067
138.321 5678 75.3525
138.438 5804 76.184
138.555 5945 77.1038
138.672 5753 75.8485
138.788 5461 73.8986
138.905 5273 72.6154
139.022 4901 70.0071
139.139 4596 67.7938
139.255 4507 67.1342
139.372 4413 66.4304
139.488 4831 69.5054
139.605 5235 72.3533
139.721 5657 75.213
139.838 5690 75.4321
139.954 5715 75.5976
140.071 5691 75.4387
140.187 5919 76.935
140.303 5767 75.9408
140.419 5750 75.8288
140.535 5682 75.379
140.652 5594 74.793
140.768 0 1
140.884 0 1
141 0 1
141.115 0 1
141.231 0 1
141.347 0 1
141.463 0 1
141.578 0 1
141.694 0 1
144.104 0 1
144.219 0 1
144.335 0 1
144.45 0 1
144.566 0 1
144.682 0 1
144.798 0 1
144.914 0 1
145.03 0 1
145.146 5041 71
145.262 5100 71.4143
145.378 5018 70.8378
145.494 5105 71.4493
145.61 4890 69.9285
145.726 5066 71.1758
145.842 4880 69.857
145.959 4864 69.7424
146.075 4788 69.1954
146.192 4756 68.9638
146.308 4652 68.2056
146.425 4762 69.0072
146.541 4829 69.491
146.658 4852 69.6563
146.774 4724 68.7314
146.891 4722 68.7168
147.008 4831 69.5054
147.125 4851 69.6491
147.241 4780 69.1375
147.358 4641 68.1249
147.475 4629 68.0368
147.592 4301 65.582
147.709 3979 63.0793
147.826 3738 61.1392
147.943 3797 61.6198
148.06 4087 63.9296
148.177 4290 65.4981
148.294 4660 68.2642
148.411 4815 69.3902
148.528 4804 69.3109
148.645 4738 68.8331
148.762 4907 70.05
148.88 4889 69.9214
148.997 4559 67.5204
149.114 4921 70.1498
149.231 4696 68.5274
149.349 4518 67.2161
149.466 4556 67.4981
149.583 4434 66.5883
149.701 4393 66.2797
149.818 4423 66.5056
149.935 4538 67.3647
150.053 4385 66.2193
150.17 4467 66.8356
150.287 4492 67.0224
150.405 4577 67.6535
150.522 4673 68.3593
150.64 4617 67.9485
150.757 4632 68.0588
150.875 4573 67.624
150.992 4514 67.1863
151.11 4307 65.6277
151.227 4310 65.6506
151.344 3840 61.9677
151.462 3482 59.0085
151.579 3646 60.3821
151.697 3960 62.9285
151.814 4403 66.3551
151.932 4403 66.3551
152.049 4694 68.5128
152.167 4655 68.2276
152.284 4660 68.2642
152.402 4615 67.9338
152.519 4662 68.2788
152.636 4727 68.7532
152.754 4727 68.7532
152.871 4578 67.6609
152.989 4612 67.9117
153.106 4563 67.55
153.223 4484 66.9627
153.341 4341 65.8863
153.458 4330 65.8027
153.575 4443 66.6558
153.693 4393 66.2797
153.81 4359 66.0227
153.927 4376 66.1513
154.044 4532 67.3201
154.162 4665 68.3008
154.279 4820 69.4262
154.396 4701 68.5638
154.513 4703 68.5784
154.63 4745 68.884
154.747 4579 67.6683
154.864 4456 66.7533
154.981 4178 64.6375
155.098 3788 61.5467
155.215 3891 62.3779
155.332 4170 64.5755
155.449 4357 66.0076
155.566 4618 67.9559
155.683 4676 68.3813
155.8 4762 69.0072
155.917 4703 68.5784
156.033 4716 68.6731
156.15 0 1
156.267 0 1
156.383 0 1
156.5 0 1
156.617 0 1
156.733 0 1
156.85 0 1
156.966 0 1
157.082 0 1
157.199 0 1
157.315 0 1
157.431 0 1
157.547 0 1
157.664 0 1
157.78 0 1
157.896 0 1
158.012 0 1
158.128 0 1
158.244 0 1
158.359 0 1
158.475 0 1
158.591 0 1
158.706 0 1
