
6.15755 0 1
6.2731 0 1
6.3887 0 1
6.50437 0 1
6.62009 0 1
6.73587 0 1
6.8517 0 1
6.96759 0 1
7.08353 0 1
7.19952 0 1
7.31557 0 1
7.43166 0 1
7.54781 0 1
7.664 0 1
7.78024 0 1
7.89653 0 1
8.01286 0 1
8.12924 0 1
8.24567 0 1
8.36213 0 1
8.47864 0 1
8.59519 0 1
8.71178 0 1
8.82841 0 1
8.94508 0 1
9.06179 0 1
9.17853 0 1
9.29531 0 1
9.41212 0 1
9.52897 0 1
9.64584 0 1
9.76276 0 1
9.8797 0 1
9.99667 0 1
10.1137 0 1
10.2307 0 1
10.3478 0 1
10.4648 0 1
10.5819 0 1
10.6991 0 1
10.8162 0 1
10.9334 0 1
11.0506 0 1
11.1678 0 1
11.285 0 1
11.4023 0 1
11.5196 0 1
11.6369 0 1
11.7542 0 1
11.8715 0 1
11.9888 0 1
12.1062 0 1
12.2235 0 1
12.3409 0 1
12.4582 0 1
12.5756 0 1
12.693 0 1
12.8104 0 1
12.9278 0 1
13.0452 0 1
13.1626 0 1
13.28 0 1
13.3974 0 1
13.5149 0 1
13.6323 0 1
13.7497 0 1
13.8671 0 1
13.9845 0 1
14.1019 0 1
14.2193 0 1
14.3367 0 1
14.4541 0 1
14.5714 0 1
14.6888 0 1
14.8062 0 1
14.9235 0 1
15.0408 9015 94.9474
15.1581 9463 97.278
15.2755 9588 97.9183
15.3927 9928 99.6393
15.51 9815 99.0707
15.6273 9697 98.4733
15.7445 9541 97.678
15.8617 9624 98.102
15.9789 9684 98.4073
16.0961 9841 99.2018
16.2132 9958 99.7898
16.3304 10505 102.494
16.4475 10533 102.63
16.5646 11027 105.01
16.6816 11370 106.63
16.7986 11482 107.154
16.9156 11931 109.229
17.0326 12207 110.485
17.1496 12417 111.432
17.2665 12731 112.832
17.3833 12964 113.86
17.5002 13147 114.66
17.617 13215 114.957
17.7338 13294 115.3
17.8505 13229 115.017
17.9672 13190 114.848
18.0839 12404 111.373
18.2005 12095 109.977
18.3171 12025 109.659
18.4337 12433 111.503
18.5502 13123 114.556
18.6666 13363 115.598
18.7831 13513 116.245
18.8994 13461 116.022
19.0158 13234 115.039
19.1321 13007 114.048
19.2483 12651 112.477
19.3645 12548 112.018
19.4806 12327 111.027
19.5967 12044 109.745
19.7128 11907 109.119
19.8288 11723 108.273
19.9447 10531 102.621
20.0606 0 1
20.1764 0 1
20.2922 0 1
20.4079 0 1
20.5236 0 1
20.6392 0 1
20.7548 0 1
20.8702 0 1
23.3078 0 1
23.4233 0 1
23.539 0 1
23.6547 0 1
23.7704 0 1
23.8862 0 1
24.0021 0 1
24.118 0 1
24.234 0 1
24.35 0 1
24.4661 12083 109.923
24.5822 12128 110.127
24.6984 12122 110.1
24.8146 11984 109.471
24.9309 11846 108.839
25.0472 11932 109.234
25.1636 11783 108.55
25.28 12087 109.941
25.3965 12405 111.378
25.513 12996 114
25.6296 13544 116.379
25.7462 13718 117.124
25.8628 13796 117.456
25.9795 14378 119.908
26.0962 14357 119.821
26.213 14234 119.306
26.3298 14476 120.316
26.4466 14055 118.554
26.5635 14050 118.533
26.6804 13625 116.726
26.7973 12766 112.987
26.9143 12490 111.759
27.0313 13091 114.416
27.1483 13438 115.922
27.2653 13932 118.034
27.3824 13801 117.478
27.4996 13976 118.22
27.6167 13627 116.735
27.7339 13402 115.767
27.8511 13087 114.398
27.9683 13076 114.35
28.0855 12742 112.88
28.2028 12509 111.844
28.3201 12210 110.499
28.4374 11886 109.023
28.5547 11909 109.128
28.6721 11912 109.142
28.7894 11874 108.968
28.9068 11857 108.89
29.0242 12316 110.977
29.1416 12706 112.721
29.259 12924 113.684
29.3764 13277 115.226
29.4939 13342 115.508
29.6113 13501 116.194
29.7288 13776 117.371
29.8463 14019 118.402
29.9638 13884 117.83
30.0812 13625 116.726
30.1987 13147 114.66
30.3162 12255 110.702
30.4337 11572 107.573
30.5512 12036 109.709
30.6687 12502 111.812
30.7862 13002 114.026
30.9037 13200 114.891
31.0212 13191 114.852
31.1387 13348 115.534
31.2562 12954 113.816
31.3737 12906 113.605
31.4912 12806 113.164
31.6087 12619 112.334
31.7262 12202 110.463
31.8436 11975 109.43
31.9611 11951 109.321
32.0785 11597 107.689
32.1959 11565 107.541
32.3134 11614 107.768
32.4308 11506 107.266
32.5482 11810 108.674
32.6655 12222 110.553
32.7829 12317 110.982
32.9002 12872 113.455
33.0176 13228 115.013
33.1349 13251 115.113
33.2522 13453 115.987
33.3694 13393 115.728
33.4867 13457 116.004
33.6039 13532 116.327
33.7211 13251 115.113
33.8383 13026 114.132
33.9554 12025 109.659
34.0725 11403 106.785
34.1896 10932 104.556
34.3067 11560 107.517
34.4237 12060 109.818
34.5407 12504 111.821
34.6577 12551 112.031
34.7746 12755 112.938
34.8915 12621 112.343
35.0084 12624 112.357
35.1252 12438 111.526
35.242 12280 110.815
35.3587 11864 108.922
35.4755 11672 108.037
35.5921 11655 107.958
35.7088 11382 106.686
35.8254 11078 105.252
35.9419 11163 105.655
36.0584 11090 105.309
36.1749 10762 103.74
36.2913 11342 106.499
36.4077 11385 106.701
36.524 11779 108.531
36.6403 12043 109.741
36.7565 12327 111.027
36.8727 12536 111.964
36.9889 12641 112.432
37.1049 12730 112.827
37.221 0 1
37.3369 0 1
37.4529 0 1
37.5687 0 1
37.6845 0 1
37.8003 0 1
37.916 0 1
38.0316 0 1
38.1472 0 1
40.5851 0 1
40.7008 0 1
40.8164 0 1
40.9322 0 1
41.048 0 1
41.1639 0 1
41.2798 0 1
41.3958 0 1
41.5118 0 1
41.6279 0 1
41.744 9007 94.9052
41.8602 9884 99.4183
41.9765 10404 102
42.0928 10613 103.019
42.2091 10698 103.431
42.3255 10753 103.697
42.4419 10876 104.288
42.5584 10505 102.494
42.675 10369 101.828
42.7915 9975 99.8749
42.9081 9177 95.7967
43.0248 8758 93.5842
43.1415 8832 93.9787
43.2582 9386 96.8814
43.375 9508 97.509
43.4918 9766 98.8231
43.6087 10124 100.618
43.7256 9893 99.4636
43.8425 9842 99.2069
43.9595 9522 97.5807
44.0765 9193 95.8801
44.1935 9145 95.6295
44.3106 8797 93.7923
44.4277 8625 92.8709
44.5448 8483 92.1032
44.6619 8190 90.4986
44.7791 7714 87.8294
44.8963 7531 86.7813
45.0136 7400 86.0233
45.1308 7667 87.5614
45.2481 7644 87.43
45.3654 7854 88.6228
45.4827 7979 89.3252
45.6001 8208 90.598
45.7174 8358 91.4221
45.8348 8200 90.5539
45.9522 8121 90.1166
46.0697 8162 90.3438
46.1871 7913 88.955
46.3046 7595 87.1493
46.422 7102 84.2734
46.5395 6713 81.9329
46.657 6602 81.2527
46.7745 6676 81.7068
46.892 7211 84.9176
47.0096 7428 86.1858
47.1271 7305 85.4693
47.2446 7495 86.5737
47.3622 7458 86.3597
47.4797 7221 84.9765
47.5973 7250 85.1469
47.7149 6950 83.3667
47.8324 6954 83.3906
47.95 6588 81.1665
48.0675 6597 81.2219
48.1851 6409 80.0562
48.3027 6220 78.867
48.4202 6047 77.7625
48.5378 6018 77.5758
48.6554 5946 77.1103
48.7729 6260 79.1202
48.8904 6276 79.2212
49.008 6592 81.1911
49.1255 6853 82.7828
49.243 6979 83.5404
49.3605 7187 84.7762
49.478 7145 84.5281
49.5955 7212 84.9235
49.713 7090 84.2021
49.8304 6784 82.365
49.9479 6320 79.4984
50.0653 5883 76.7007
50.1827 6016 77.5629
50.3001 6316 79.4733
50.4175 6648 81.5353
50.5348 7101 84.2674
50.6521 7456 86.3481
50.7694 7645 87.4357
50.8867 7771 88.1533
51.004 7950 89.1628
51.1212 8054 89.7441
51.2384 8094 89.9667
51.3556 7913 88.955
51.4727 8076 89.8666
51.5899 8090 89.9444
51.707 8046 89.6995
51.824 7980 89.3308
51.9411 7616 87.2697
52.0581 7748 88.0227
52.175 7747 88.017
52.2919 8200 90.5539
52.4088 8378 91.5314
52.5257 8760 93.5949
52.6425 9187 95.8488
52.7593 9585 97.903
52.876 9792 98.9545
52.9927 9868 99.3378
53.1094 9923 99.6143
53.226 10211 101.049
53.3426 10108 100.539
53.4591 9577 97.8621
53.5756 9046 95.1105
53.692 8530 92.358
53.8084 8580 92.6283
53.9248 8834 93.9894
54.0411 9429 97.103
54.1573 9829 99.1413
54.2735 0 1
54.3896 0 1
54.5057 0 1
54.6217 0 1
54.7377 0 1
54.8537 0 1
54.9695 0 1
55.0853 0 1
55.2011 0 1
55.3168 0 1
55.4324 0 1
57.824 0 1
57.9396 0 1
58.0553 0 1
58.1711 0 1
58.2869 0 1
58.4028 0 1
58.5187 0 1
58.6347 0 1
58.7508 0 1
58.8669 0 1
58.983 10012 100.06
59.0992 10892 104.365
59.2155 11249 106.061
59.3318 11780 108.536
59.4482 12367 111.207
59.5646 12221 110.549
59.681 12734 112.845
59.7975 12735 112.849
59.9141 12753 112.929
60.0306 12479 111.709
60.1473 12429 111.485
60.2639 11984 109.471
60.3807 11755 108.42
60.4974 11358 106.574
60.6142 11022 104.986
60.731 10784 103.846
60.8479 10659 103.242
60.9648 10587 102.893
61.0818 10881 104.312
61.1987 11163 105.655
61.3158 11671 108.032
61.4328 11961 109.366
61.5499 12411 111.405
61.667 12360 111.176
61.7841 12305 110.928
61.9013 12093 109.968
62.0185 11709 108.208
62.1357 11005 104.905
62.253 10220 101.094
62.3702 9999 99.995
62.4875 10048 100.24
62.6049 10465 102.299
62.7222 10998 104.871
62.8396 11723 108.273
62.9569 11834 108.784
63.0743 11937 109.257
63.1918 12187 110.395
63.3092 12105 110.023
63.4267 12185 110.386
63.5441 11783 108.55
63.6616 11727 108.291
63.7791 11429 106.907
63.8966 11286 106.236
64.0142 10870 104.259
64.1317 10451 102.23
64.2492 9920 99.5992
64.3668 9715 98.5647
64.4843 9845 99.222
64.6019 10169 100.841
64.7195 10480 102.372
64.837 11186 105.764
64.9546 11472 107.107
65.0722 11640 107.889
65.1898 11614 107.768
65.3074 12118 110.082
65.4249 11412 106.827
65.5425 11431 106.916
65.6601 10995 104.857
65.7777 10085 100.424
65.8952 9362 96.7574
66.0128 9338 96.6333
66.1304 9697 98.4733
66.2479 10235 101.168
66.3655 10533 102.63
66.483 11316 106.377
66.6005 11453 107.019
66.718 11904 109.105
66.8355 11853 108.871
66.953 11992 109.508
67.0705 11634 107.861
67.1879 11643 107.903
67.3054 11320 106.395
67.4228 11191 105.788
67.5402 10820 104.019
67.6576 10719 103.533
67.7749 10095 100.474
67.8923 9790 98.9444
68.0096 9450 97.2111
68.1269 9541 97.678
68.2442 9711 98.5444
68.3614 10246 101.223
68.4787 10886 104.336
68.5958 11542 107.434
68.713 11691 108.125
68.8302 11992 109.508
68.9473 12029 109.677
69.0643 12075 109.886
69.1814 12044 109.745
69.2984 11479 107.14
69.4154 10744 103.653
69.5323 9976 99.8799
69.6492 9544 97.6934
69.7661 9940 99.6995
69.8829 10363 101.799
69.9997 11239 106.014
70.1165 11881 109
70.2332 12392 111.319
70.3499 12389 111.306
70.4665 12509 111.844
70.5831 12771 113.009
70.6996 12494 111.777
70.8161 12462 111.633
70.9326 12461 111.629
71.049 11821 108.724
71.1653 11835 108.789
71.2817 11350 106.536
71.3979 10903 104.417
71.5141 10260 101.292
71.6303 9509 97.5141
71.7464 8737 93.4719
71.8624 0 1
71.9784 0 1
72.0944 0 1
72.2102 0 1
72.3261 0 1
72.4418 0 1
72.5575 0 1
72.6732 0 1
75.1054 0 1
75.2209 0 1
75.3365 0 1
75.4521 0 1
75.5678 0 1
75.6835 0 1
75.7993 0 1
75.9151 0 1
76.031 0 1
76.147 11506 107.266
76.263 11558 107.508
76.3791 11969 109.403
76.4952 11204 105.849
76.6113 10952 104.652
76.7276 10364 101.804
76.8438 9887 99.4334
76.9601 9866 99.3277
77.0765 10369 101.828
77.1929 10721 103.542
77.3093 11611 107.754
77.4258 12062 109.827
77.5423 12540 111.982
77.6589 12555 112.049
77.7755 12430 111.49
77.8921 12746 112.898
78.0088 12453 111.593
78.1256 11574 107.583
78.2423 10486 102.401
78.3591 9721 98.5951
78.4759 9271 96.286
78.5928 9210 95.9687
78.7097 10264 101.311
78.8266 10821 104.024
78.9436 12023 109.649
79.0606 12108 110.036
79.1776 12405 111.378
79.2946 12548 112.018
79.4117 12747 112.903
79.5288 12706 112.721
79.6459 12651 112.477
79.7631 12343 111.099
79.8802 12411 111.405
79.9974 11712 108.222
80.1147 11587 107.643
80.2319 11140 105.546
80.3491 10456 102.255
80.4664 9770 98.8433
80.5837 9642 98.1937
80.701 10040 100.2
80.8183 10511 102.523
80.9357 11278 106.198
81.053 12198 110.445
81.1704 12323 111.009
81.2877 12299 110.901
81.4051 12373 111.234
81.5225 12655 112.494
81.6399 12139 110.177
81.7573 12238 110.625
81.8747 10712 103.499
81.9922 9932 99.6594
82.1096 9534 97.6422
82.227 9621 98.0867
82.3444 10258 101.282
82.4619 11323 106.41
82.5793 11812 108.683
82.6967 11716 108.24
82.8142 12424 111.463
82.9316 12470 111.669
83.049 12594 112.223
83.1664 12600 112.25
83.2838 12571 112.12
83.4012 12538 111.973
83.5186 12147 110.213
83.636 11867 108.936
83.7534 11607 107.736
83.8708 11352 106.546
83.9881 10637 103.136
84.1055 9874 99.368
84.2228 9912 99.559
84.3401 10019 100.095
84.4575 10401 101.985
84.5747 11245 106.042
84.692 12229 110.585
84.8093 12610 112.294
84.9265 12809 113.177
85.0437 13170 114.761
85.1609 12821 113.23
85.2781 12401 111.36
85.3952 11540 107.424
85.5123 10723 103.552
85.6294 10095 100.474
85.7465 9550 97.7241
85.8636 10066 100.329
85.9806 10968 104.728
86.0976 11844 108.83
86.2145 12450 111.58
86.3315 12971 113.89
86.4484 13184 114.822
86.5652 13578 116.525
86.682 13677 116.949
86.7988 13584 116.55
86.9156 13374 115.646
87.0323 13422 115.853
87.149 13175 114.782
87.2657 12637 112.414
87.3823 12490 111.759
87.4988 11882 109.005
87.6154 11144 105.565
87.7318 10538 102.655
87.8483 10717 103.523
87.9647 11581 107.615
88.081 11807 108.66
88.1973 12712 112.748
88.3136 13500 116.19
88.4298 13521 116.28
88.546 13698 117.038
88.6621 13434 115.905
88.7781 13376 115.655
88.8942 0 1
89.0101 0 1
89.126 0 1
89.2419 0 1
89.3577 0 1
89.4734 0 1
89.5891 0 1
89.7047 0 1
89.8203 0 1
89.9358 0 1
92.3269 0 1
92.4424 0 1
92.558 0 1
92.6736 0 1
92.7893 0 1
92.905 0 1
93.0208 0 1
93.1366 0 1
93.2525 0 1
93.3685 0 1
93.4845 0 1
93.6005 12847 113.345
93.7167 13222 114.987
93.8328 13108 114.49
93.949 12982 113.939
94.0653 12556 112.054
94.1816 11659 107.977
94.2979 11018 104.967
94.4143 10517 102.552
94.5307 10424 102.098
94.6472 10470 102.323
94.7637 11283 106.221
94.8803 11853 108.871
94.9969 12250 110.68
95.1135 12764 112.978
95.2302 13072 114.333
95.3469 13585 116.555
95.4637 13518 116.267
95.5805 13398 115.75
95.6973 13585 116.555
95.8142 13849 117.682
95.9311 13344 115.516
96.048 13355 115.564
96.1649 12934 113.728
96.2819 12813 113.195
96.3989 12175 110.34
96.516 11568 107.555
96.633 10888 104.346
96.7501 10583 102.874
96.8673 11057 105.152
96.9844 11606 107.731
97.1016 12490 111.759
97.2188 13126 114.569
97.336 13554 116.422
97.4532 13612 116.67
97.5704 13405 115.78
97.6877 13260 115.152
97.805 12311 110.955
97.9223 11639 107.884
98.0396 10983 104.8
98.1569 10432 102.137
98.2743 10385 101.907
98.3916 10793 103.889
98.509 11347 106.522
98.6264 11881 109
98.7438 12315 110.973
98.8612 12487 111.745
98.9786 12965 113.864
99.096 13119 114.538
99.2134 13571 116.495
99.3308 13385 115.694
99.4482 13219 114.974
99.5656 13231 115.026
99.6831 13105 114.477
99.8005 12712 112.748
99.9179 12372 111.229
100.035 11694 108.139
100.153 10878 104.298
100.27 10463 102.289
100.388 10517 102.552
100.505 10932 104.556
100.622 12064 109.836
100.74 12376 111.247
100.857 13138 114.621
100.975 13158 114.708
101.092 13096 114.438
101.209 13300 115.326
101.327 12914 113.64
101.444 12319 110.991
101.561 11644 107.907
101.679 11041 105.076
101.796 10520 102.567
101.913 10389 101.926
102.03 11107 105.39
102.148 11862 108.913
102.265 11636 107.87
102.382 13781 117.393
102.499 13513 116.245
102.616 13695 117.026
102.733 13722 117.141
102.851 13991 118.284
102.968 14112 118.794
103.085 14085 118.68
103.202 13578 116.525
103.319 13737 117.205
103.436 13298 115.317
103.552 12690 112.65
103.669 11982 109.462
103.786 11270 106.16
103.903 11293 106.269
104.02 11902 109.096
104.137 12758 112.951
104.253 13644 116.808
104.37 14172 119.046
104.487 14456 120.233
104.603 14418 120.075
104.72 14068 118.609
104.836 13706 117.073
104.953 12911 113.627
105.069 12010 109.59
105.186 11459 107.047
105.302 10978 104.776
105.418 11329 106.438
105.535 12055 109.795
105.651 13064 114.298
105.767 13440 115.931
105.883 13841 117.648
105.999 13951 118.114
106.115 0 1
106.231 0 1
106.347 0 1
106.463 0 1
106.579 0 1
106.694 0 1
106.81 0 1
106.926 0 1
107.041 0 1
107.157 0 1
109.576 0 1
109.692 0 1
109.807 0 1
109.923 0 1
110.039 0 1
110.155 0 1
110.27 0 1
110.386 0 1
110.502 0 1
110.618 10931 104.551
110.735 11548 107.462
110.851 11835 108.789
110.967 12261 110.729
111.083 12411 111.405
111.199 12577 112.147
111.316 12741 112.876
111.432 12767 112.991
111.549 12458 111.615
111.665 12220 110.544
111.782 12005 109.567
111.898 11558 107.508
112.015 11054 105.138
112.132 10178 100.886
112.248 9555 97.7497
112.365 9696 98.4683
112.482 10590 102.908
112.599 10857 104.197
112.716 11606 107.731
112.832 11923 109.192
112.949 11632 107.852
113.066 11511 107.289
113.183 11300 106.301
113.3 10919 104.494
113.417 10325 101.612
113.534 9632 98.1428
113.652 9019 94.9684
113.769 8663 93.0752
113.886 8523 92.3201
114.003 8779 93.6963
114.12 9503 97.4833
114.238 9690 98.4378
114.355 9839 99.1917
114.472 10243 101.208
114.589 10123 100.613
114.707 10376 101.863
114.824 10463 102.289
114.942 10126 100.628
115.059 10217 101.079
115.176 9976 99.8799
115.294 9848 99.2371
115.411 9243 96.1405
115.529 9054 95.1525
115.646 8388 91.586
115.764 7698 87.7382
115.881 7487 86.5275
115.999 7850 88.6002
116.116 8306 91.1373
116.234 8702 93.2845
116.351 8958 94.6467
116.469 8664 93.0806
116.586 8457 91.9619
116.704 8522 92.3147
116.821 8486 92.1195
116.939 8030 89.6103
117.056 7598 87.1665
117.174 7063 84.0417
117.291 6943 83.3247
117.409 6634 81.4494
117.526 6862 82.8372
117.644 7081 84.1487
117.761 7553 86.908
117.879 7889 88.82
117.996 8251 90.835
118.114 8173 90.4046
118.231 8378 91.5314
118.349 8286 91.0275
118.466 8519 92.2984
118.584 8697 93.2577
118.701 8567 92.5581
118.819 8360 91.433
118.936 8350 91.3783
119.053 8164 90.3549
119.171 7912 88.9494
119.288 7443 86.2728
119.405 7045 83.9345
119.523 7012 83.7377
119.64 7354 85.7555
119.757 7980 89.3308
119.875 8426 91.7932
119.992 8623 92.8601
120.109 8789 93.7497
120.226 8934 94.5198
120.343 8757 93.5788
120.46 8724 93.4024
120.578 8568 92.5635
120.695 8105 90.0278
120.812 8016 89.5321
120.929 7440 86.2554
121.046 7416 86.1162
121.163 7392 85.9767
121.279 7757 88.0738
121.396 8248 90.8185
121.513 8667 93.0967
121.63 9106 95.4254
121.747 9210 95.9687
121.863 9339 96.6385
121.98 9726 98.6205
122.097 9627 98.1173
122.213 9889 99.4435
122.33 10102 100.509
122.446 10002 100.01
122.563 9980 99.8999
122.679 9847 99.2321
122.795 9513 97.5346
122.912 9477 97.3499
123.028 8987 94.7998
123.144 8386 91.5751
123.26 8419 91.7551
123.377 0 1
123.493 0 1
123.609 0 1
123.725 0 1
123.84 0 1
123.956 0 1
124.072 0 1
124.188 0 1
124.303 0 1
124.419 0 1
126.852 0 1
126.968 0 1
127.083 0 1
127.199 0 1
127.315 0 1
127.431 0 1
127.547 0 1
127.663 0 1
127.779 0 1
127.895 0 1
128.011 0 1
128.127 0 1
128.243 0 1
128.359 10117 100.583
128.476 9774 98.8635
128.592 10090 100.449
128.708 10567 102.796
128.825 11502 107.247
128.941 11684 108.093
129.058 11975 109.43
129.174 12045 109.75
129.291 11835 108.789
129.408 11797 108.614
129.524 11135 105.523
129.641 10738 103.624
129.758 10055 100.275
129.875 9836 99.1766
129.992 9364 96.7678
130.108 9105 95.4201
130.225 9559 97.7701
130.342 9922 99.6092
130.459 10177 100.881
130.576 10194 100.965
130.693 10461 102.279
130.81 10449 102.22
130.928 10714 103.508
131.045 10778 103.817
131.162 10836 104.096
131.279 10903 104.417
131.396 10852 104.173
131.513 10715 103.513
131.631 10151 100.752
131.748 9926 99.6293
131.865 9552 97.7343
131.983 9068 95.226
132.1 8981 94.7681
132.217 9517 97.5551
132.335 9983 99.915
132.452 10270 101.341
132.57 10247 101.227
132.687 10064 100.319
132.804 10492 102.43
132.922 10061 100.305
133.039 9666 98.3158
133.157 9074 95.2575
133.274 8922 94.4563
133.392 8321 91.2195
133.509 7959 89.2132
133.627 8166 90.3659
133.744 7782 88.2156
133.862 8380 91.5423
133.979 8400 91.6515
134.097 8460 91.9783
134.214 8544 92.4338
134.332 8604 92.7577
134.449 8814 93.8829
134.567 8725 93.4077
134.684 8692 93.2309
134.802 8877 94.2178
134.919 8617 92.8278
135.037 8489 92.1358
135.154 8172 90.3991
135.272 8092 89.9555
135.389 7525 86.7468
135.507 7233 85.047
135.624 7102 84.2734
135.742 7201 84.8587
135.859 7390 85.9651
135.977 7914 88.9607
136.094 7747 88.017
136.211 7741 87.983
136.329 7762 88.1022
136.446 7799 88.3119
136.564 7492 86.5563
136.681 6995 83.6361
136.798 6847 82.7466
136.915 6452 80.3243
137.033 6457 80.3555
137.15 5999 77.4532
137.267 6073 77.9295
137.384 6216 78.8416
137.502 6563 81.0123
137.619 6651 81.5537
137.736 6943 83.3247
137.853 6731 82.0427
137.97 7040 83.9047
138.087 7315 85.5278
138.204 7372 85.8604
138.321 7493 86.5621
138.438 7591 87.1263
138.555 7645 87.4357
138.672 7784 88.227
138.788 7598 87.1665
138.905 7474 86.4523
139.022 7358 85.7788
139.139 7025 83.8153
139.255 7157 84.5991
139.372 7494 86.5679
139.488 8007 89.4818
139.605 8398 91.6406
139.721 8614 92.8116
139.838 8812 93.8723
139.954 8993 94.8314
140.071 8638 92.9408
140.187 8629 92.8924
140.303 8181 90.4489
140.419 8180 90.4434
140.535 8010 89.4986
140.652 7674 87.6014
140.768 0 1
140.884 0 1
141 0 1
141.115 0 1
141.231 0 1
141.347 0 1
141.463 0 1
141.578 0 1
141.694 0 1
144.104 0 1
144.219 0 1
144.335 0 1
144.45 0 1
144.566 0 1
144.682 0 1
144.798 0 1
144.914 0 1
145.03 0 1
145.146 7530 86.7756
145.262 7381 85.9127
145.378 7018 83.7735
145.494 6843 82.7224
145.61 6822 82.5954
145.726 6337 79.6053
145.842 6196 78.7147
145.959 6025 77.6209
146.075 6150 78.4219
146.192 6353 79.7057
146.308 6346 79.6618
146.425 6397 79.9812
146.541 6584 81.1419
146.658 6417 80.1062
146.774 6314 79.4607
146.891 6519 80.7403
147.008 6421 80.1311
147.125 6550 80.9321
147.241 6467 80.4177
147.358 6429 80.181
147.475 6203 78.7591
147.592 6041 77.7239
147.709 5703 75.5182
147.826 5467 73.9392
147.943 5537 74.411
148.06 5583 74.7195
148.177 5939 77.0649
148.294 5999 77.4532
148.411 6174 78.5748
148.528 5992 77.408
148.645 5935 77.039
148.762 5864 76.5768
148.88 5859 76.5441
148.997 5718 75.6175
149.114 5015 70.8167
149.231 5072 71.218
149.349 5047 71.0422
149.466 4808 69.3397
149.583 4711 68.6367
149.701 4778 69.1231
149.818 4885 69.8928
149.935 5033 70.9436
150.053 5037 70.9718
150.17 5190 72.0417
150.287 5241 72.3948
150.405 5307 72.8492
150.522 5371 73.2871
150.64 5366 73.253
150.757 5451 73.8309
150.875 5462 73.9053
150.992 5447 73.8038
151.11 5449 73.8173
151.227 5248 72.4431
151.344 5232 72.3326
151.462 4980 70.5691
151.579 5247 72.4362
151.697 5553 74.5185
151.814 5654 75.1931
151.932 5898 76.7984
152.049 5934 77.0325
152.167 6039 77.711
152.284 5898 76.7984
152.402 6146 78.3964
152.519 5732 75.71
152.636 5672 75.3127
152.754 5633 75.0533
152.871 5497 74.1418
152.989 5259 72.519
153.106 5253 72.4776
153.223 5345 73.1095
153.341 5340 73.0753
153.458 5376 73.3212
153.575 5595 74.7997
153.693 5713 75.5844
153.81 5735 75.7298
153.927 5820 76.2889
154.044 5965 77.2334
154.162 6009 77.5177
154.279 6223 78.886
154.396 6369 79.806
154.513 6667 81.6517
154.63 6652 81.5598
154.747 6562 81.0062
154.864 6408 80.05
154.981 6210 78.8036
155.098 6295 79.341
155.215 6507 80.666
155.332 6693 81.8108
155.449 6965 83.4566
155.566 7035 83.8749
155.683 7127 84.4216
155.8 7205 84.8823
155.917 7315 85.5278
156.033 7072 84.0952
156.15 0 1
156.267 0 1
156.383 0 1
156.5 0 1
156.617 0 1
156.733 0 1
156.85 0 1
156.966 0 1
157.082 0 1
157.199 0 1
157.315 0 1
157.431 0 1
157.547 0 1
157.664 0 1
157.78 0 1
157.896 0 1
158.012 0 1
158.128 0 1
158.244 0 1
158.359 0 1
158.475 0 1
158.591 0 1
158.706 0 1
