
6.15755 0 1
6.2731 0 1
6.3887 0 1
6.50437 0 1
6.62009 0 1
6.73587 0 1
6.8517 0 1
6.96759 0 1
7.08353 0 1
7.19952 0 1
7.31557 0 1
7.43166 0 1
7.54781 0 1
7.664 0 1
7.78024 0 1
7.89653 0 1
8.01286 0 1
8.12924 0 1
8.24567 0 1
8.36213 0 1
8.47864 0 1
8.59519 0 1
8.71178 0 1
8.82841 0 1
8.94508 0 1
9.06179 0 1
9.17853 0 1
9.29531 0 1
9.41212 0 1
9.52897 0 1
9.64584 0 1
9.76276 0 1
9.8797 0 1
9.99667 0 1
10.1137 0 1
10.2307 0 1
10.3478 0 1
10.4648 0 1
10.5819 0 1
10.6991 0 1
10.8162 0 1
10.9334 0 1
11.0506 0 1
11.1678 0 1
11.285 0 1
11.4023 0 1
11.5196 0 1
11.6369 0 1
11.7542 0 1
11.8715 0 1
11.9888 0 1
12.1062 0 1
12.2235 0 1
12.3409 0 1
12.4582 0 1
12.5756 0 1
12.693 0 1
12.8104 0 1
12.9278 0 1
13.0452 0 1
13.1626 0 1
13.28 0 1
13.3974 0 1
13.5149 0 1
13.6323 0 1
13.7497 0 1
13.8671 0 1
13.9845 0 1
14.1019 0 1
14.2193 0 1
14.3367 0 1
14.4541 0 1
14.5714 0 1
14.6888 0 1
14.8062 0 1
14.9235 0 1
15.0408 18073 134.436
15.1581 18794 137.091
15.2755 19559 139.853
15.3927 19988 141.379
15.51 19701 140.36
15.6273 19672 140.257
15.7445 19373 139.187
15.8617 18741 136.898
15.9789 18018 134.231
16.0961 17373 131.807
16.2132 16929 130.111
16.3304 16915 130.058
16.4475 16435 128.199
16.5646 16459 128.293
16.6816 16006 126.515
16.7986 15983 126.424
16.9156 15521 124.583
17.0326 14939 122.225
17.1496 14488 120.366
17.2665 14215 119.227
17.3833 14413 120.054
17.5002 14255 119.394
17.617 14666 121.103
17.7338 14934 122.205
17.8505 15224 123.386
17.9672 15699 125.296
18.0839 15938 126.246
18.2005 16535 128.588
18.3171 16542 128.616
18.4337 16982 130.315
18.5502 17050 130.576
18.6666 17342 131.689
18.7831 17231 131.267
18.8994 16848 129.8
19.0158 15931 126.218
19.1321 15301 123.697
19.2483 14513 120.47
19.3645 13529 116.314
19.4806 12229 110.585
19.5967 11450 107.005
19.7128 10521 102.572
19.8288 9809 99.0404
19.9447 8911 94.3981
20.0606 0 1
20.1764 0 1
20.2922 0 1
20.4079 0 1
20.5236 0 1
20.6392 0 1
20.7548 0 1
20.8702 0 1
23.3078 0 1
23.4233 0 1
23.539 0 1
23.6547 0 1
23.7704 0 1
23.8862 0 1
24.0021 0 1
24.118 0 1
24.234 0 1
24.35 0 1
24.4661 7359 85.7846
24.5822 8078 89.8777
24.6984 8393 91.6133
24.8146 8843 94.0372
24.9309 9361 96.7523
25.0472 10070 100.349
25.1636 10942 104.604
25.28 12083 109.923
25.3965 12948 113.789
25.513 13514 116.25
25.6296 14584 120.764
25.7462 15132 123.012
25.8628 15493 124.471
25.9795 15470 124.378
26.0962 15739 125.455
26.213 15458 124.33
26.3298 15265 123.552
26.4466 14697 121.231
26.5635 14490 120.374
26.6804 14286 119.524
26.7973 14354 119.808
26.9143 14871 121.947
27.0313 14487 120.362
27.1483 14925 122.168
27.2653 15044 122.654
27.3824 14967 122.34
27.4996 14789 121.61
27.6167 14861 121.906
27.7339 14360 119.833
27.8511 14067 118.604
27.9683 13613 116.675
28.0855 13219 114.974
28.2028 12494 111.777
28.3201 11924 109.197
28.4374 11334 106.461
28.5547 11337 106.475
28.6721 11758 108.434
28.7894 12251 110.684
28.9068 12766 112.987
29.0242 13218 114.97
29.1416 13204 114.909
29.259 13328 115.447
29.3764 13572 116.499
29.4939 13551 116.409
29.6113 13622 116.713
29.7288 13571 116.495
29.8463 13550 116.404
29.9638 13456 116
30.0812 13418 115.836
30.1987 13466 116.043
30.3162 13629 116.743
30.4337 14048 118.524
30.5512 13908 117.932
30.6687 14146 118.937
30.7862 14030 118.448
30.9037 13855 117.707
31.0212 14353 119.804
31.1387 13959 118.148
31.2562 13505 116.211
31.3737 13365 115.607
31.4912 12981 113.934
31.6087 12495 111.781
31.7262 12124 110.109
31.8436 11501 107.243
31.9611 11006 104.909
32.0785 10893 104.37
32.1959 11292 106.264
32.3134 11900 109.087
32.4308 12235 110.612
32.5482 12525 111.915
32.6655 12669 112.557
32.7829 12724 112.801
32.9002 12674 112.579
33.0176 12753 112.929
33.1349 12761 112.965
33.2522 13156 114.7
33.3694 13065 114.302
33.4867 13005 114.039
33.6039 13025 114.127
33.7211 12640 112.428
33.8383 12688 112.641
33.9554 12909 113.618
34.0725 13235 115.043
34.1896 13390 115.715
34.3067 13823 117.571
34.4237 13711 117.094
34.5407 13616 116.688
34.6577 13716 117.115
34.7746 13478 116.095
34.8915 13383 115.685
35.0084 13130 114.586
35.1252 12704 112.712
35.242 12388 111.301
35.3587 12152 110.236
35.4755 11238 106.009
35.5921 10556 102.742
35.7088 10221 101.099
35.8254 10337 101.671
35.9419 10590 102.908
36.0584 11125 105.475
36.1749 11129 105.494
36.2913 11433 106.925
36.4077 11441 106.963
36.524 11149 105.589
36.6403 11267 106.146
36.7565 11165 105.665
36.8727 10673 103.31
36.9889 10449 102.22
37.1049 9939 99.6945
37.221 0 1
37.3369 0 1
37.4529 0 1
37.5687 0 1
37.6845 0 1
37.8003 0 1
37.916 0 1
38.0316 0 1
38.1472 0 1
40.5851 0 1
40.7008 0 1
40.8164 0 1
40.9322 0 1
41.048 0 1
41.1639 0 1
41.2798 0 1
41.3958 0 1
41.5118 0 1
41.6279 0 1
41.744 6232 78.943
41.8602 6954 83.3906
41.9765 7389 85.9593
42.0928 7847 88.5833
42.2091 8546 92.4446
42.3255 8657 93.043
42.4419 8925 94.4722
42.5584 9201 95.9218
42.675 9588 97.9183
42.7915 10252 101.252
42.9081 10970 104.738
43.0248 11485 107.168
43.1415 11505 107.261
43.2582 11651 107.94
43.375 11989 109.494
43.4918 11973 109.421
43.6087 11821 108.724
43.7256 11944 109.289
43.8425 11585 107.634
43.9595 11549 107.466
44.0765 11599 107.699
44.1935 11222 105.934
44.3106 10732 103.595
44.4277 10099 100.494
44.5448 9457 97.2471
44.6619 9663 98.3006
44.7791 9873 99.363
44.8963 10357 101.769
45.0136 11046 105.1
45.1308 11281 106.212
45.2481 11254 106.085
45.3654 11353 106.55
45.4827 11303 106.316
45.6001 11361 106.588
45.7174 11539 107.42
45.8348 11465 107.075
45.9522 11590 107.657
46.0697 11485 107.168
46.1871 11683 108.088
46.3046 11601 107.708
46.422 11811 108.678
46.5395 12519 111.888
46.657 12759 112.956
46.7745 12844 113.331
46.892 13128 114.577
47.0096 13216 114.961
47.1271 13348 115.534
47.2446 13314 115.386
47.3622 13163 114.73
47.4797 13119 114.538
47.5973 12709 112.734
47.7149 12213 110.512
47.8324 11902 109.096
47.95 11169 105.683
48.0675 10299 101.484
48.1851 10517 102.552
48.3027 10888 104.346
48.4202 11553 107.485
48.5378 11896 109.069
48.6554 12405 111.378
48.7729 12675 112.583
48.8904 12628 112.374
49.008 12614 112.312
49.1255 12713 112.752
49.243 12786 113.075
49.3605 12561 112.076
49.478 12534 111.955
49.5955 12605 112.272
49.713 12619 112.334
49.8304 12925 113.688
49.9479 13408 115.793
50.0653 13978 118.229
50.1827 14129 118.865
50.3001 14406 120.025
50.4175 14602 120.839
50.5348 14805 121.676
50.6521 14566 120.69
50.7694 14923 122.16
50.8867 14774 121.548
51.004 14679 121.157
51.1212 14440 120.167
51.2384 13763 117.316
51.3556 12835 113.292
51.4727 12150 110.227
51.5899 11425 106.888
51.707 11763 108.457
51.824 12336 111.068
51.9411 13339 115.495
52.0581 14286 119.524
52.175 14238 119.323
52.2919 14526 120.524
52.4088 14389 119.954
52.5257 14396 119.983
52.6425 14637 120.983
52.7593 14943 122.242
52.876 15013 122.528
52.9927 15297 123.681
53.1094 14810 121.696
53.226 14748 121.441
53.3426 14770 121.532
53.4591 15006 122.499
53.5756 15199 123.284
53.692 15152 123.093
53.8084 15206 123.313
53.9248 15037 122.625
54.0411 14442 120.175
54.1573 13726 117.158
54.2735 0 1
54.3896 0 1
54.5057 0 1
54.6217 0 1
54.7377 0 1
54.8537 0 1
54.9695 0 1
55.0853 0 1
55.2011 0 1
55.3168 0 1
55.4324 0 1
57.824 0 1
57.9396 0 1
58.0553 0 1
58.1711 0 1
58.2869 0 1
58.4028 0 1
58.5187 0 1
58.6347 0 1
58.7508 0 1
58.8669 0 1
58.983 12260 110.725
59.0992 14596 120.814
59.2155 16554 128.662
59.3318 18495 135.996
59.4482 20121 141.849
59.5646 21659 147.17
59.681 22833 151.106
59.7975 23157 152.174
59.9141 23327 152.732
60.0306 23355 152.823
60.1473 22453 149.843
60.2639 21358 146.144
60.3807 20581 143.461
60.4974 21296 145.931
60.6142 22580 150.266
60.731 24302 155.891
60.8479 25787 160.583
60.9648 26620 163.156
61.0818 27731 166.526
61.1987 27772 166.649
61.3158 28185 167.884
61.4328 28246 168.065
61.5499 28290 168.196
61.667 28030 167.422
61.7841 28487 168.781
61.9013 28313 168.265
62.0185 27911 167.066
62.1357 28583 169.065
62.253 29020 170.353
62.3702 29699 172.334
62.4875 30190 173.753
62.6049 31110 176.38
62.7222 31653 177.913
62.8396 31957 178.765
62.9569 32634 180.649
63.0743 32630 180.638
63.1918 31815 178.368
63.3092 31304 176.929
63.4267 29645 172.177
63.5441 28518 168.873
63.6616 25884 160.885
63.7791 23974 154.835
63.8966 22900 151.327
64.0142 23309 152.673
64.1317 25075 158.351
64.2492 27273 165.145
64.3668 29045 170.426
64.4843 30174 173.707
64.6019 30287 174.032
64.7195 31268 176.828
64.837 31160 176.522
64.9546 31441 177.316
65.0722 31491 177.457
65.1898 31230 176.72
65.3074 31681 177.992
65.4249 30527 174.72
65.5425 30603 174.937
65.6601 30920 175.841
65.7777 30736 175.317
65.8952 31864 178.505
66.0128 32474 180.205
66.1304 33060 181.824
66.2479 33704 183.586
66.3655 34335 185.297
66.483 34802 186.553
66.6005 34655 186.159
66.718 34272 185.127
66.8355 33990 184.364
66.953 32691 180.807
67.0705 31399 177.198
67.1879 28482 168.766
67.3054 25710 160.343
67.4228 23503 153.307
67.5402 22732 150.771
67.6576 24212 155.602
67.7749 26453 162.644
67.8923 28504 168.831
68.0096 30849 175.639
68.1269 31585 177.722
68.2442 32094 179.148
68.3614 32808 181.13
68.4787 32751 180.972
68.5958 32837 181.21
68.713 32746 180.959
68.8302 32825 181.177
68.9473 32151 179.307
69.0643 31982 178.835
69.1814 31203 176.644
69.2984 31147 176.485
69.4154 31242 176.754
69.5323 31475 177.412
69.6492 32150 179.304
69.7661 32967 181.568
69.8829 33507 183.049
69.9997 33483 182.984
70.1165 33667 183.486
70.2332 33403 182.765
70.3499 32614 180.593
70.4665 31290 176.89
70.5831 29310 171.202
70.6996 27197 164.915
70.8161 24668 157.06
70.9326 20604 143.541
71.049 16985 130.327
71.1653 14234 119.306
71.2817 13249 115.104
71.3979 13121 114.547
71.5141 13136 114.612
71.6303 12755 112.938
71.7464 11621 107.801
71.8624 0 1
71.9784 0 1
72.0944 0 1
72.2102 0 1
72.3261 0 1
72.4418 0 1
72.5575 0 1
72.6732 0 1
75.1054 0 1
75.2209 0 1
75.3365 0 1
75.4521 0 1
75.5678 0 1
75.6835 0 1
75.7993 0 1
75.9151 0 1
76.031 0 1
76.147 16400 128.062
76.263 16980 130.307
76.3791 16679 129.147
76.4952 16702 129.236
76.6113 17739 133.188
76.7276 20086 141.725
76.8438 23107 152.01
76.9601 25910 160.966
77.0765 27311 165.26
77.1929 27938 167.147
77.3093 28682 169.358
77.4258 28841 169.826
77.5423 28798 169.7
77.6589 29493 171.735
77.7755 29182 170.827
77.8921 28885 169.956
78.0088 28056 167.499
78.1256 27622 166.199
78.2423 27569 166.039
78.3591 27458 165.705
78.4759 27336 165.336
78.5928 28034 167.434
78.7097 28794 169.688
78.8266 28721 169.473
78.9436 30875 175.713
79.0606 30367 174.261
79.1776 31089 176.321
79.2946 31118 176.403
79.4117 31049 176.207
79.5288 30465 174.542
79.6459 28969 170.203
79.7631 27202 164.93
79.8802 24755 157.337
79.9974 21873 147.895
80.1147 19760 140.57
80.2319 19959 141.276
80.3491 22222 149.07
80.4664 24810 157.512
80.5837 27234 165.027
80.701 28278 168.161
80.8183 28886 169.959
80.9357 29412 171.499
81.053 29688 172.302
81.1704 29855 172.786
81.2877 30224 173.851
81.4051 29927 172.994
81.5225 30429 174.439
81.6399 29459 171.636
81.7573 29642 172.169
81.8747 28399 168.52
81.9922 28108 167.654
82.1096 28744 169.541
82.227 29017 170.344
82.3444 29299 171.17
82.4619 30801 175.502
82.5793 31339 177.028
82.6967 31664 177.944
82.8142 32560 180.444
82.9316 32565 180.458
83.049 32523 180.341
83.1664 31398 177.195
83.2838 29879 172.855
83.4012 28100 167.631
83.5186 25520 159.75
83.636 22591 150.303
83.7534 20120 141.845
83.8708 20063 141.644
83.9881 21574 146.881
84.1055 23960 154.79
84.2228 26996 164.305
84.3401 29048 170.435
84.4575 30448 174.494
84.5747 31141 176.468
84.692 31099 176.349
84.8093 31426 177.274
84.9265 30899 175.781
85.0437 30633 175.023
85.1609 30529 174.725
85.2781 30076 173.424
85.3952 29316 171.219
85.5123 29010 170.323
85.6294 28928 170.082
85.7465 28903 170.009
85.8636 29637 172.154
85.9806 30469 174.554
86.0976 31668 177.955
86.2145 32091 179.14
86.3315 33422 182.817
86.4484 31945 178.732
86.5652 32779 181.05
86.682 32292 179.7
86.7988 31471 177.401
86.9156 29806 172.644
87.0323 27825 166.808
87.149 25122 158.499
87.2657 22241 149.134
87.3823 20724 143.958
87.4988 21402 146.294
87.6154 23339 152.771
87.7318 25604 160.012
87.8483 26914 164.055
87.9647 27281 165.17
88.081 27807 166.754
88.1973 27398 165.523
88.3136 25844 160.761
88.4298 23886 154.551
88.546 21232 145.712
88.6621 18232 135.026
88.7781 15857 125.925
88.8942 0 1
89.0101 0 1
89.126 0 1
89.2419 0 1
89.3577 0 1
89.4734 0 1
89.5891 0 1
89.7047 0 1
89.8203 0 1
89.9358 0 1
92.3269 0 1
92.4424 0 1
92.558 0 1
92.6736 0 1
92.7893 0 1
92.905 0 1
93.0208 0 1
93.1366 0 1
93.2525 0 1
93.3685 0 1
93.4845 0 1
93.6005 22426 149.753
93.7167 24034 155.029
93.8328 25939 161.056
93.949 27328 165.312
94.0653 29218 170.933
94.1816 30380 174.299
94.2979 31395 177.186
94.4143 31293 176.898
94.5307 31084 176.307
94.6472 30858 175.664
94.7637 30758 175.38
94.8803 31220 176.692
94.9969 31932 178.695
95.1135 32566 180.461
95.2302 33679 183.518
95.3469 34126 184.732
95.4637 34800 186.548
95.5805 34850 186.682
95.6973 34374 185.402
95.8142 33282 182.434
95.9311 31953 178.754
96.048 30284 174.023
96.1649 28650 169.263
96.2819 26334 162.278
96.3989 24186 155.518
96.516 23221 152.384
96.633 23509 153.326
96.7501 25421 159.44
96.8673 27611 166.166
96.9844 29753 172.491
97.1016 31460 177.37
97.2188 32393 179.981
97.336 32994 181.643
97.4532 32480 180.222
97.5704 32607 180.574
97.6877 32389 179.969
97.805 31559 177.649
97.9223 31041 176.185
98.0396 30847 175.633
98.1569 30250 173.925
98.2743 30022 173.269
98.3916 30369 174.267
98.509 31254 176.788
98.6264 32066 179.07
98.7438 33180 182.154
98.8612 33970 184.31
98.9786 34905 186.829
99.096 35608 188.701
99.2134 35684 188.902
99.3308 35468 188.329
99.4482 34593 185.992
99.5656 33042 181.775
99.6831 31039 176.179
99.8005 29090 170.558
99.9179 26850 163.86
100.035 25740 160.437
100.153 25941 161.062
100.27 27732 166.529
100.388 29794 172.609
100.505 30915 175.827
100.622 31891 178.581
100.74 32826 181.179
100.857 33494 183.014
100.975 33477 182.967
101.092 33899 184.117
101.209 33304 182.494
101.327 32828 181.185
101.444 32151 179.307
101.561 31757 178.205
101.679 31231 176.723
101.796 31082 176.301
101.913 31099 176.349
102.03 31889 178.575
102.148 33404 182.768
102.265 34297 185.194
102.382 34550 185.876
102.499 35685 188.905
102.616 36169 190.181
102.733 36382 190.741
102.851 36243 190.376
102.968 35688 188.913
103.085 34033 184.48
103.202 32267 179.63
103.319 30183 173.733
103.436 27703 166.442
103.552 26080 161.493
103.669 25723 160.384
103.786 27303 165.236
103.903 29717 172.386
104.02 31495 177.468
104.137 32669 180.746
104.253 33263 182.381
104.37 33261 182.376
104.487 33825 183.916
104.603 33081 181.882
104.72 32369 179.914
104.836 31353 177.068
104.953 30522 174.705
105.069 29271 171.088
105.186 28386 168.481
105.302 27422 165.596
105.418 26954 164.177
105.535 26472 162.702
105.651 25917 160.988
105.767 24784 157.429
105.883 22945 151.476
105.999 20080 141.704
106.115 0 1
106.231 0 1
106.347 0 1
106.463 0 1
106.579 0 1
106.694 0 1
106.81 0 1
106.926 0 1
107.041 0 1
107.157 0 1
109.576 0 1
109.692 0 1
109.807 0 1
109.923 0 1
110.039 0 1
110.155 0 1
110.27 0 1
110.386 0 1
110.502 0 1
110.618 14957 122.299
110.735 18049 134.347
110.851 20931 144.675
110.967 23482 153.238
111.083 25783 160.571
111.199 28029 167.419
111.316 29021 170.356
111.432 30529 174.725
111.549 31621 177.823
111.665 31265 176.819
111.782 30260 173.954
111.898 28958 170.171
112.015 26984 164.268
112.132 24922 157.867
112.248 23167 152.207
112.365 23749 154.107
112.482 25771 160.533
112.599 27758 166.607
112.716 28840 169.823
112.832 29406 171.482
112.949 29787 172.589
113.066 29870 172.829
113.183 29410 171.493
113.3 29275 171.099
113.417 29114 170.628
113.534 28351 168.378
113.652 27765 166.628
113.769 26856 163.878
113.886 27077 164.551
114.003 26706 163.42
114.12 27470 165.741
114.238 28098 167.625
114.355 29150 170.734
114.472 30231 173.871
114.589 30617 174.977
114.707 31468 177.392
114.824 31406 177.217
114.942 31533 177.575
115.059 31470 177.398
115.176 31053 176.219
115.294 29295 171.158
115.411 27838 166.847
115.529 26775 163.631
115.646 24867 157.693
115.764 23188 152.276
115.881 22912 151.367
115.999 24412 156.243
116.116 26422 162.548
116.234 27732 166.529
116.351 27618 166.187
116.469 28183 167.878
116.586 27706 166.451
116.704 27594 166.114
116.821 27919 167.09
116.939 27875 166.958
117.056 27101 164.624
117.174 26471 162.699
117.291 26026 161.326
117.409 25246 158.89
117.526 25191 158.717
117.644 25350 159.217
117.761 26721 163.466
117.879 27343 165.357
117.996 27889 167
118.114 28647 169.254
118.231 28810 169.735
118.349 29502 171.761
118.466 29200 170.88
118.584 29481 171.7
118.701 28798 169.7
118.819 27965 167.227
118.936 26899 164.009
119.053 25679 160.247
119.171 24239 155.689
119.288 22705 150.682
119.405 21524 146.711
119.523 22226 149.084
119.64 23361 152.843
119.757 25415 159.421
119.875 25984 161.196
119.992 25696 160.3
120.109 25847 160.77
120.226 26051 161.403
120.343 25808 160.649
120.46 25808 160.649
120.578 25268 158.959
120.695 24990 158.082
120.812 24540 156.652
120.929 23901 154.599
121.046 23022 151.73
121.163 22683 150.609
121.279 23567 153.515
121.396 23734 154.058
121.513 24340 156.013
121.63 25339 159.182
121.747 24777 157.407
121.863 24696 157.15
121.98 25275 158.981
122.097 24968 158.013
122.213 24117 155.296
122.33 23620 153.688
122.446 22198 148.99
122.563 20933 144.682
122.679 18946 137.644
122.795 16742 129.391
122.912 14557 120.652
123.028 13220 114.978
123.144 12570 112.116
123.26 12522 111.902
123.377 0 1
123.493 0 1
123.609 0 1
123.725 0 1
123.84 0 1
123.956 0 1
124.072 0 1
124.188 0 1
124.303 0 1
124.419 0 1
126.852 0 1
126.968 0 1
127.083 0 1
127.199 0 1
127.315 0 1
127.431 0 1
127.547 0 1
127.663 0 1
127.779 0 1
127.895 0 1
128.011 0 1
128.127 0 1
128.243 0 1
128.359 24710 157.194
128.476 23845 154.418
128.592 24363 156.087
128.708 25617 160.053
128.825 27253 165.085
128.941 28041 167.454
129.058 28463 168.71
129.174 28269 168.134
129.291 28585 169.071
129.408 28406 168.541
129.524 28602 169.121
129.641 28622 169.18
129.758 27916 167.081
129.875 26198 161.858
129.992 25851 160.782
130.108 25482 159.631
130.225 25603 160.009
130.342 26023 161.316
130.459 27290 165.197
130.576 29423 171.531
130.693 29370 171.377
130.81 29586 172.006
130.928 29124 170.658
131.045 29382 171.412
131.162 29354 171.33
131.279 29534 171.855
131.396 29613 172.084
131.513 29251 171.029
131.631 28312 168.262
131.748 27561 166.015
131.865 26280 162.111
131.983 24504 156.538
132.1 24254 155.737
132.217 25472 159.599
132.335 27302 165.233
132.452 28020 167.392
132.57 28312 168.262
132.687 27783 166.682
132.804 28532 168.914
132.922 28409 168.55
133.039 28173 167.848
133.157 28420 168.582
133.274 27859 166.91
133.392 26646 163.236
133.509 26056 161.419
133.627 25573 159.916
133.744 25288 159.022
133.862 25824 160.698
133.979 26742 163.53
134.097 28335 168.33
134.214 28836 169.812
134.332 28985 170.25
134.449 28386 168.481
134.567 28460 168.701
134.684 28850 169.853
134.802 28911 170.032
134.919 29222 170.944
135.037 28786 169.664
135.154 27810 166.763
135.272 27252 165.082
135.389 26247 162.009
135.507 24777 157.407
135.624 24266 155.775
135.742 24971 158.022
135.859 26120 161.617
135.977 27913 167.072
136.094 27819 166.79
136.211 27640 166.253
136.329 27761 166.616
136.446 27504 165.843
136.564 27809 166.76
136.681 27707 166.454
136.798 27571 166.045
136.915 27088 164.584
137.033 25616 160.05
137.15 24880 157.734
137.267 25005 158.13
137.384 24959 157.984
137.502 25289 159.025
137.619 26519 162.847
137.736 27387 165.49
137.853 26664 163.291
137.97 27384 165.481
138.087 27071 164.533
138.204 27009 164.344
138.321 27142 164.748
138.438 27190 164.894
138.555 27568 166.036
138.672 27082 164.566
138.788 26160 161.741
138.905 24765 157.369
139.022 23818 154.331
139.139 22367 149.556
139.255 21389 146.25
139.372 21431 146.393
139.488 21618 147.031
139.605 22108 148.688
139.721 21415 146.339
139.838 20389 142.79
139.954 19085 138.148
140.071 17445 132.08
140.187 16692 129.198
140.303 15910 126.135
140.419 15291 123.657
140.535 14507 120.445
140.652 13418 115.836
140.768 0 1
140.884 0 1
141 0 1
141.115 0 1
141.231 0 1
141.347 0 1
141.463 0 1
141.578 0 1
141.694 0 1
144.104 0 1
144.219 0 1
144.335 0 1
144.45 0 1
144.566 0 1
144.682 0 1
144.798 0 1
144.914 0 1
145.03 0 1
145.146 19217 138.625
145.262 20302 142.485
145.378 20539 143.314
145.494 20763 144.094
145.61 20141 141.919
145.726 19725 140.446
145.842 19112 138.246
145.959 18729 136.854
146.075 18404 135.661
146.192 18362 135.506
146.308 18738 136.887
146.425 19441 139.431
146.541 19854 140.904
146.658 19992 141.393
146.774 20065 141.651
146.891 20351 142.657
147.008 20169 142.018
147.125 19965 141.298
147.241 20071 141.672
147.358 20913 144.613
147.475 20576 143.443
147.592 20269 142.369
147.709 19452 139.47
147.826 18910 137.514
147.943 18258 135.122
148.06 17846 133.589
148.177 18095 134.518
148.294 19201 138.568
148.411 19863 140.936
148.528 19751 140.538
148.645 20077 141.693
148.762 20161 141.989
148.88 20163 141.996
148.997 20554 143.367
149.114 19501 139.646
149.231 19758 140.563
149.349 19881 141
149.466 18470 135.904
149.583 18262 135.137
149.701 17908 133.821
149.818 17344 131.697
149.935 17774 133.319
150.053 18344 135.44
150.17 19018 137.906
150.287 19220 138.636
150.405 18933 137.597
150.522 19602 140.007
150.64 19590 139.964
150.757 19534 139.764
150.875 19713 140.403
150.992 19784 140.656
151.11 19812 140.755
151.227 19643 140.153
151.344 19067 138.083
151.462 18476 135.926
151.579 17537 132.427
151.697 17416 131.97
151.814 17886 133.739
151.932 18278 135.196
152.049 18770 137.004
152.167 19283 138.863
152.284 19496 139.628
152.402 19104 138.217
152.519 19370 139.176
152.636 18908 137.506
152.754 19057 138.047
152.871 18738 136.887
152.989 17887 133.742
153.106 17526 132.386
153.223 16781 129.541
153.341 16676 129.136
153.458 16526 128.553
153.575 16840 129.769
153.693 17559 132.51
153.81 17620 132.74
153.927 18031 134.28
154.044 17929 133.899
154.162 18009 134.198
154.279 18111 134.577
154.396 18424 135.735
154.513 18549 136.195
154.63 18839 137.255
154.747 18764 136.982
154.864 18351 135.466
154.981 17410 131.947
155.098 16823 129.704
155.215 16550 128.647
155.332 16481 128.378
155.449 17071 130.656
155.566 17402 131.917
155.683 17682 132.974
155.8 17333 131.655
155.917 16950 130.192
156.033 16835 129.75
156.15 0 1
156.267 0 1
156.383 0 1
156.5 0 1
156.617 0 1
156.733 0 1
156.85 0 1
156.966 0 1
157.082 0 1
157.199 0 1
157.315 0 1
157.431 0 1
157.547 0 1
157.664 0 1
157.78 0 1
157.896 0 1
158.012 0 1
158.128 0 1
158.244 0 1
158.359 0 1
158.475 0 1
158.591 0 1
158.706 0 1
