
6.15755 0 1
6.2731 0 1
6.3887 0 1
6.50437 0 1
6.62009 0 1
6.73587 0 1
6.8517 0 1
6.96759 0 1
7.08353 0 1
7.19952 0 1
7.31557 0 1
7.43166 0 1
7.54781 0 1
7.664 0 1
7.78024 0 1
7.89653 0 1
8.01286 0 1
8.12924 0 1
8.24567 0 1
8.36213 0 1
8.47864 0 1
8.59519 0 1
8.71178 0 1
8.82841 0 1
8.94508 0 1
9.06179 0 1
9.17853 0 1
9.29531 0 1
9.41212 0 1
9.52897 0 1
9.64584 0 1
9.76276 0 1
9.8797 0 1
9.99667 0 1
10.1137 0 1
10.2307 0 1
10.3478 0 1
10.4648 0 1
10.5819 0 1
10.6991 0 1
10.8162 0 1
10.9334 0 1
11.0506 0 1
11.1678 0 1
11.285 0 1
11.4023 0 1
11.5196 0 1
11.6369 0 1
11.7542 0 1
11.8715 0 1
11.9888 0 1
12.1062 0 1
12.2235 0 1
12.3409 0 1
12.4582 0 1
12.5756 0 1
12.693 0 1
12.8104 0 1
12.9278 0 1
13.0452 0 1
13.1626 0 1
13.28 0 1
13.3974 0 1
13.5149 0 1
13.6323 0 1
13.7497 0 1
13.8671 0 1
13.9845 0 1
14.1019 0 1
14.2193 0 1
14.3367 0 1
14.4541 0 1
14.5714 0 1
14.6888 0 1
14.8062 0 1
14.9235 0 1
15.0408 0 0
15.1581 0 0
15.2755 0 0
15.3927 0 0
15.51 0 0
15.6273 0 0
15.7445 0 0
15.8617 0 0
15.9789 0 0
16.0961 0 0
16.2132 0 0
16.3304 0 0
16.4475 0 0
16.5646 0 0
16.6816 0 0
16.7986 0 0
16.9156 0 0
17.0326 0 0
17.1496 0 0
17.2665 0 0
17.3833 0 0
17.5002 0 0
17.617 0 0
17.7338 0 0
17.8505 0 0
17.9672 0 0
18.0839 0 0
18.2005 0 0
18.3171 0 0
18.4337 0 0
18.5502 0 0
18.6666 0 0
18.7831 0 0
18.8994 0 0
19.0158 0 0
19.1321 0 0
19.2483 0 0
19.3645 0 0
19.4806 0 0
19.5967 0 0
19.7128 0 0
19.8288 0 0
19.9447 0 0
20.0606 0 1
20.1764 0 1
20.2922 0 1
20.4079 0 1
20.5236 0 1
20.6392 0 1
20.7548 0 1
20.8702 0 1
23.3078 0 1
23.4233 0 1
23.539 0 1
23.6547 0 1
23.7704 0 1
23.8862 0 1
24.0021 0 1
24.118 0 1
24.234 0 1
24.35 0 1
24.4661 2508 50.0799
24.5822 2689 51.8556
24.6984 2586 50.8527
24.8146 2715 52.1057
24.9309 2718 52.1344
25.0472 2585 50.8429
25.1636 2696 51.923
25.28 2721 52.1632
25.3965 2745 52.3927
25.513 2820 53.1037
25.6296 2758 52.5167
25.7462 2876 53.6284
25.8628 2747 52.4118
25.9795 2664 51.614
26.0962 2768 52.6118
26.213 2770 52.6308
26.3298 2680 51.7687
26.4466 2563 50.6261
26.5635 2558 50.5767
26.6804 2532 50.319
26.7973 2538 50.3786
26.9143 2530 50.2991
27.0313 2316 48.1248
27.1483 2238 47.3075
27.2653 2356 48.5386
27.3824 2366 48.6415
27.4996 2285 47.8017
27.6167 2194 46.8402
27.7339 2076 45.5631
27.8511 2064 45.4313
27.9683 2003 44.7549
28.0855 2109 45.9239
28.2028 2111 45.9456
28.3201 2071 45.5082
28.4374 2187 46.7654
28.5547 2114 45.9783
28.6721 2249 47.4236
28.7894 2257 47.5079
28.9068 2189 46.7868
29.0242 2132 46.1736
29.1416 2233 47.2546
29.259 2195 46.8508
29.3764 2213 47.0425
29.4939 2221 47.1275
29.6113 2166 46.5403
29.7288 2132 46.1736
29.8463 2116 46
29.9638 2082 45.6289
30.0812 2116 46
30.1987 2056 45.3431
30.3162 1997 44.6878
30.4337 1869 43.2319
30.5512 1835 42.8369
30.6687 1839 42.8836
30.7862 1805 42.4853
30.9037 1802 42.45
31.0212 1881 43.3705
31.1387 1769 42.0595
31.2562 1828 42.7551
31.3737 1714 41.4005
31.4912 1720 41.4729
31.6087 1768 42.0476
31.7262 1775 42.1307
31.8436 1771 42.0833
31.9611 1803 42.4617
32.0785 1892 43.4971
32.1959 1877 43.3244
32.3134 1932 43.9545
32.4308 1942 44.0681
32.5482 1879 43.3474
32.6655 1809 42.5323
32.7829 1738 41.6893
32.9002 1864 43.1741
33.0176 1826 42.7317
33.1349 1890 43.4741
33.2522 1816 42.6146
33.3694 1861 43.1393
33.4867 1797 42.391
33.6039 1761 41.9643
33.7211 1785 42.2493
33.8383 1791 42.3202
33.9554 1768 42.0476
34.0725 1696 41.1825
34.1896 1619 40.2368
34.3067 1657 40.7063
34.4237 1589 39.8623
34.5407 1572 39.6485
34.6577 1582 39.7744
34.7746 1607 40.0874
34.8915 1434 37.8682
35.0084 1514 38.9102
35.1252 1524 39.0384
35.242 1495 38.6652
35.3587 1492 38.6264
35.4755 1562 39.5221
35.5921 1531 39.128
35.7088 1687 41.0731
35.8254 1663 40.7799
35.9419 1614 40.1746
36.0584 1604 40.05
36.1749 1677 40.9512
36.2913 1641 40.5093
36.4077 1646 40.5709
36.524 1595 39.9375
36.6403 1595 39.9375
36.7565 1635 40.4351
36.8727 1606 40.0749
36.9889 1612 40.1497
37.1049 1574 39.6737
37.221 0 1
37.3369 0 1
37.4529 0 1
37.5687 0 1
37.6845 0 1
37.8003 0 1
37.916 0 1
38.0316 0 1
38.1472 0 1
40.5851 0 1
40.7008 0 1
40.8164 0 1
40.9322 0 1
41.048 0 1
41.1639 0 1
41.2798 0 1
41.3958 0 1
41.5118 0 1
41.6279 0 1
41.744 1140 33.7639
41.8602 1162 34.0881
41.9765 1230 35.0714
42.0928 1184 34.4093
42.2091 1173 34.2491
42.3255 1212 34.8138
42.4419 1196 34.5832
42.5584 1231 35.0856
42.675 1167 34.1614
42.7915 1203 34.6843
42.9081 1210 34.7851
43.0248 1136 33.7046
43.1415 1044 32.311
43.2582 1020 31.9374
43.375 995 31.5436
43.4918 1082 32.8938
43.6087 1061 32.573
43.7256 928 30.4631
43.8425 961 31
43.9595 932 30.5287
44.0765 991 31.4802
44.1935 962 31.0161
44.3106 1015 31.8591
44.4277 1029 32.078
44.5448 1047 32.3574
44.6619 1023 31.9844
44.7791 1038 32.218
44.8963 1012 31.8119
45.0136 1056 32.4962
45.1308 947 30.7734
45.2481 954 30.8869
45.3654 941 30.6757
45.4827 1003 31.6702
45.6001 915 30.249
45.7174 985 31.3847
45.8348 966 31.0805
45.9522 1016 31.8748
46.0697 908 30.133
46.1871 930 30.4959
46.3046 926 30.4302
46.422 877 29.6142
46.5395 831 28.8271
46.657 798 28.2489
46.7745 810 28.4605
46.892 797 28.2312
47.0096 775 27.8388
47.1271 816 28.5657
47.2446 792 28.1425
47.3622 774 27.8209
47.4797 723 26.8887
47.5973 661 25.7099
47.7149 707 26.5895
47.8324 688 26.2298
47.95 752 27.4226
48.0675 699 26.4386
48.1851 769 27.7308
48.3027 710 26.6458
48.4202 708 26.6083
48.5378 686 26.1916
48.6554 708 26.6083
48.7729 745 27.2947
48.8904 722 26.8701
49.008 748 27.3496
49.1255 765 27.6586
49.243 744 27.2764
49.3605 772 27.7849
49.478 771 27.7669
49.5955 695 26.3629
49.713 747 27.3313
49.8304 786 28.0357
49.9479 818 28.6007
50.0653 786 28.0357
50.1827 782 27.9643
50.3001 719 26.8142
50.4175 784 28
50.5348 729 27
50.6521 763 27.6225
50.7694 768 27.7128
50.8867 767 27.6948
51.004 730 27.0185
51.1212 797 28.2312
51.2384 830 28.8097
51.3556 862 29.3598
51.4727 911 30.1828
51.5899 1009 31.7648
51.707 977 31.257
51.824 941 30.6757
51.9411 978 31.273
52.0581 997 31.5753
52.175 951 30.8383
52.2919 1039 32.2335
52.4088 952 30.8545
52.5257 1002 31.6544
52.6425 1054 32.4654
52.7593 1081 32.8786
52.876 1086 32.9545
52.9927 1046 32.3419
53.1094 1115 33.3916
53.226 1116 33.4066
53.3426 1102 33.1964
53.4591 1114 33.3766
53.5756 1132 33.6452
53.692 1165 34.1321
53.8084 1152 33.9411
53.9248 1140 33.7639
54.0411 1089 33
54.1573 1065 32.6343
54.2735 0 1
54.3896 0 1
54.5057 0 1
54.6217 0 1
54.7377 0 1
54.8537 0 1
54.9695 0 1
55.0853 0 1
55.2011 0 1
55.3168 0 1
55.4324 0 1
57.824 0 1
57.9396 0 1
58.0553 0 1
58.1711 0 1
58.2869 0 1
58.4028 0 1
58.5187 0 1
58.6347 0 1
58.7508 0 1
58.8669 0 1
58.983 1231 35.0856
59.0992 1253 35.3977
59.2155 1312 36.2215
59.3318 1144 33.8231
59.4482 1158 34.0294
59.5646 1208 34.7563
59.681 1243 35.2562
59.7975 1190 34.4964
59.9141 1259 35.4824
60.0306 1267 35.5949
60.1473 1261 35.5106
60.2639 1282 35.805
60.3807 1276 35.7211
60.4974 1264 35.5528
60.6142 1266 35.5809
60.731 1263 35.5387
60.8479 1237 35.171
60.9648 1198 34.6121
61.0818 1198 34.6121
61.1987 1236 35.1568
61.3158 1214 34.8425
61.4328 1270 35.6371
61.5499 1278 35.7491
61.667 1278 35.7491
61.7841 1243 35.2562
61.9013 1229 35.0571
62.0185 1187 34.4529
62.1357 1209 34.7707
62.253 1247 35.3129
62.3702 1178 34.322
62.4875 1147 33.8674
62.6049 1118 33.4365
62.7222 1055 32.4808
62.8396 1064 32.619
62.9569 1081 32.8786
63.0743 1117 33.4215
63.1918 1101 33.1813
63.3092 1158 34.0294
63.4267 1082 32.8938
63.5441 1199 34.6266
63.6616 1183 34.3948
63.7791 1146 33.8526
63.8966 1198 34.6121
64.0142 1125 33.541
64.1317 1147 33.8674
64.2492 1069 32.6956
64.3668 1104 33.2265
64.4843 1146 33.8526
64.6019 1072 32.7414
64.7195 1069 32.6956
64.837 1134 33.6749
64.9546 1156 34
65.0722 1069 32.6956
65.1898 1079 32.8481
65.3074 1164 34.1174
65.4249 1034 32.1559
65.5425 1017 31.8904
65.6601 1068 32.6803
65.7777 1132 33.6452
65.8952 1171 34.2199
66.0128 1101 33.1813
66.1304 1068 32.6803
66.2479 1059 32.5423
66.3655 1020 31.9374
66.483 965 31.0644
66.6005 999 31.607
66.718 1008 31.749
66.8355 1004 31.686
66.953 999 31.607
67.0705 1060 32.5576
67.1879 1024 32
67.3054 1091 33.0303
67.4228 1072 32.7414
67.5402 1068 32.6803
67.6576 1019 31.9218
67.7749 1070 32.7109
67.8923 1123 33.5112
68.0096 1067 32.665
68.1269 1056 32.4962
68.2442 1112 33.3467
68.3614 1115 33.3916
68.4787 1081 32.8786
68.5958 1107 33.2716
68.713 1091 33.0303
68.8302 1116 33.4066
68.9473 1100 33.1662
69.0643 1123 33.5112
69.1814 1056 32.4962
69.2984 1120 33.4664
69.4154 1123 33.5112
69.5323 1057 32.5115
69.6492 1113 33.3617
69.7661 1089 33
69.8829 1113 33.3617
69.9997 1069 32.6956
70.1165 1085 32.9393
70.2332 990 31.4643
70.3499 973 31.1929
70.4665 1032 32.1248
70.5831 1159 34.0441
70.6996 1048 32.3728
70.8161 1170 34.2053
70.9326 1164 34.1174
71.049 1135 33.6898
71.1653 1103 33.2114
71.2817 1072 32.7414
71.3979 1053 32.45
71.5141 1067 32.665
71.6303 1053 32.45
71.7464 985 31.3847
71.8624 0 1
71.9784 0 1
72.0944 0 1
72.2102 0 1
72.3261 0 1
72.4418 0 1
72.5575 0 1
72.6732 0 1
75.1054 0 1
75.2209 0 1
75.3365 0 1
75.4521 0 1
75.5678 0 1
75.6835 0 1
75.7993 0 1
75.9151 0 1
76.031 0 1
76.147 963 31.0322
76.263 1057 32.5115
76.3791 1046 32.3419
76.4952 998 31.5911
76.6113 1039 32.2335
76.7276 1087 32.9697
76.8438 1046 32.3419
76.9601 1078 32.8329
77.0765 1051 32.4191
77.1929 1015 31.8591
77.3093 1075 32.7872
77.4258 1056 32.4962
77.5423 1034 32.1559
77.6589 1009 31.7648
77.7755 1079 32.8481
77.8921 1012 31.8119
78.0088 1049 32.3883
78.1256 1031 32.1092
78.2423 1029 32.078
78.3591 1060 32.5576
78.4759 1038 32.218
78.5928 1032 32.1248
78.7097 1043 32.2955
78.8266 1068 32.6803
78.9436 969 31.1288
79.0606 921 30.348
79.1776 896 29.9333
79.2946 769 27.7308
79.4117 860 29.3258
79.5288 985 31.3847
79.6459 961 31
79.7631 952 30.8545
79.8802 947 30.7734
79.9974 901 30.0167
80.1147 937 30.6105
80.2319 937 30.6105
80.3491 971 31.1609
80.4664 950 30.8221
80.5837 939 30.6431
80.701 904 30.0666
80.8183 926 30.4302
80.9357 900 30
81.053 950 30.8221
81.1704 938 30.6268
81.2877 978 31.273
81.4051 866 29.4279
81.5225 925 30.4138
81.6399 847 29.1033
81.7573 967 31.0966
81.8747 905 30.0832
81.9922 911 30.1828
82.1096 880 29.6648
82.227 915 30.249
82.3444 871 29.5127
82.4619 894 29.8998
82.5793 903 30.05
82.6967 876 29.5973
82.8142 790 28.1069
82.9316 699 26.4386
83.049 715 26.7395
83.1664 764 27.6405
83.2838 912 30.1993
83.4012 834 28.8791
83.5186 831 28.8271
83.636 767 27.6948
83.7534 733 27.074
83.8708 800 28.2843
83.9881 772 27.7849
84.1055 765 27.6586
84.2228 813 28.5132
84.3401 768 27.7128
84.4575 814 28.5307
84.5747 798 28.2489
84.692 769 27.7308
84.8093 783 27.9821
84.9265 755 27.4773
85.0437 785 28.0179
85.1609 811 28.4781
85.2781 815 28.5482
85.3952 797 28.2312
85.5123 807 28.4077
85.6294 778 27.8927
85.7465 839 28.9655
85.8636 800 28.2843
85.9806 807 28.4077
86.0976 805 28.3725
86.2145 821 28.6531
86.3315 781 27.9464
86.4484 747 27.3313
86.5652 727 26.9629
86.682 775 27.8388
86.7988 843 29.0345
86.9156 828 28.775
87.0323 875 29.5804
87.149 854 29.2233
87.2657 886 29.7658
87.3823 799 28.2666
87.4988 831 28.8271
87.6154 894 29.8998
87.7318 816 28.5657
87.8483 853 29.2062
87.9647 883 29.7153
88.081 856 29.2575
88.1973 882 29.6985
88.3136 929 30.4795
88.4298 916 30.2655
88.546 873 29.5466
88.6621 912 30.1993
88.7781 864 29.3939
88.8942 0 1
89.0101 0 1
89.126 0 1
89.2419 0 1
89.3577 0 1
89.4734 0 1
89.5891 0 1
89.7047 0 1
89.8203 0 1
89.9358 0 1
92.3269 0 1
92.4424 0 1
92.558 0 1
92.6736 0 1
92.7893 0 1
92.905 0 1
93.0208 0 1
93.1366 0 1
93.2525 0 1
93.3685 0 1
93.4845 0 1
93.6005 889 29.8161
93.7167 921 30.348
93.8328 920 30.3315
93.949 901 30.0167
94.0653 846 29.0861
94.1816 914 30.2324
94.2979 921 30.348
94.4143 901 30.0167
94.5307 932 30.5287
94.6472 874 29.5635
94.7637 917 30.282
94.8803 910 30.1662
94.9969 908 30.133
95.1135 931 30.5123
95.2302 987 31.4166
95.3469 1012 31.8119
95.4637 933 30.545
95.5805 847 29.1033
95.6973 795 28.1957
95.8142 776 27.8568
95.9311 902 30.0333
96.048 840 28.9828
96.1649 987 31.4166
96.2819 909 30.1496
96.3989 920 30.3315
96.516 895 29.9166
96.633 910 30.1662
96.7501 862 29.3598
96.8673 828 28.775
96.9844 873 29.5466
97.1016 870 29.4958
97.2188 873 29.5466
97.336 786 28.0357
97.4532 950 30.8221
97.5704 876 29.5973
97.6877 850 29.1548
97.805 887 29.7825
97.9223 851 29.1719
98.0396 812 28.4956
98.1569 868 29.4618
98.2743 844 29.0517
98.3916 839 28.9655
98.509 873 29.5466
98.6264 883 29.7153
98.7438 850 29.1548
98.8612 866 29.4279
98.9786 823 28.688
99.096 857 29.2746
99.2134 781 27.9464
99.3308 768 27.7128
99.4482 787 28.0535
99.5656 840 28.9828
99.6831 860 29.3258
99.8005 877 29.6142
99.9179 846 29.0861
100.035 782 27.9643
100.153 794 28.178
100.27 801 28.3019
100.388 757 27.5136
100.505 810 28.4605
100.622 812 28.4956
100.74 869 29.4788
100.857 739 27.1846
100.975 771 27.7669
101.092 763 27.6225
101.209 821 28.6531
101.327 758 27.5318
101.444 756 27.4955
101.561 752 27.4226
101.679 813 28.5132
101.796 751 27.4044
101.913 739 27.1846
102.03 793 28.1603
102.148 761 27.5862
102.265 793 28.1603
102.382 756 27.4955
102.499 766 27.6767
102.616 810 28.4605
102.733 765 27.6586
102.851 677 26.0192
102.968 683 26.1343
103.085 729 27
103.202 697 26.4008
103.319 722 26.8701
103.436 757 27.5136
103.552 645 25.3969
103.669 660 25.6905
103.786 653 25.5539
103.903 660 25.6905
104.02 651 25.5147
104.137 664 25.7682
104.253 660 25.6905
104.37 638 25.2587
104.487 609 24.6779
104.603 639 25.2784
104.72 607 24.6374
104.836 594 24.3721
104.953 587 24.2281
105.069 618 24.8596
105.186 566 23.7908
105.302 608 24.6577
105.418 541 23.2594
105.535 540 23.2379
105.651 542 23.2809
105.767 559 23.6432
105.883 594 24.3721
105.999 539 23.2164
106.115 0 1
106.231 0 1
106.347 0 1
106.463 0 1
106.579 0 1
106.694 0 1
106.81 0 1
106.926 0 1
107.041 0 1
107.157 0 1
109.576 0 1
109.692 0 1
109.807 0 1
109.923 0 1
110.039 0 1
110.155 0 1
110.27 0 1
110.386 0 1
110.502 0 1
110.618 342 18.4932
110.735 320 17.8885
110.851 363 19.0526
110.967 325 18.0278
111.083 321 17.9165
111.199 388 19.6977
111.316 355 18.8414
111.432 379 19.4679
111.549 317 17.8045
111.665 328 18.1108
111.782 286 16.9115
111.898 321 17.9165
112.015 325 18.0278
112.132 298 17.2627
112.248 324 18
112.365 287 16.9411
112.482 316 17.7764
112.599 282 16.7929
112.716 257 16.0312
112.832 272 16.4924
112.949 309 17.5784
113.066 315 17.7482
113.183 289 17
113.3 293 17.1172
113.417 313 17.6918
113.534 283 16.8226
113.652 260 16.1245
113.769 301 17.3494
113.886 296 17.2047
114.003 291 17.0587
114.12 299 17.2916
114.238 286 16.9115
114.355 303 17.4069
114.472 307 17.5214
114.589 276 16.6132
114.707 276 16.6132
114.824 318 17.8326
114.942 365 19.105
115.059 337 18.3576
115.176 343 18.5203
115.294 357 18.8944
115.411 349 18.6815
115.529 365 19.105
115.646 376 19.3907
115.764 384 19.5959
115.881 359 18.9473
115.999 371 19.2614
116.116 359 18.9473
116.234 361 19
116.351 354 18.8149
116.469 324 18
116.586 356 18.868
116.704 345 18.5742
116.821 379 19.4679
116.939 393 19.8242
117.056 421 20.5183
117.174 374 19.3391
117.291 385 19.6214
117.409 411 20.2731
117.526 408 20.199
117.644 410 20.2485
117.761 449 21.1896
117.879 405 20.1246
117.996 423 20.567
118.114 369 19.2094
118.231 373 19.3132
118.349 405 20.1246
118.466 439 20.9523
118.584 461 21.4709
118.701 490 22.1359
118.819 523 22.8692
118.936 480 21.9089
119.053 520 22.8035
119.171 508 22.5389
119.288 540 23.2379
119.405 486 22.0454
119.523 444 21.0713
119.64 503 22.4277
119.757 483 21.9773
119.875 533 23.0868
119.992 487 22.0681
120.109 514 22.6716
120.226 500 22.3607
120.343 483 21.9773
120.46 484 22
120.578 505 22.4722
120.695 493 22.2036
120.812 523 22.8692
120.929 529 23
121.046 550 23.4521
121.163 545 23.3452
121.279 602 24.5357
121.396 582 24.1247
121.513 582 24.1247
121.63 557 23.6008
121.747 569 23.8537
121.863 489 22.1133
121.98 493 22.2036
122.097 471 21.7025
122.213 498 22.3159
122.33 605 24.5967
122.446 602 24.5357
122.563 635 25.1992
122.679 687 26.2107
122.795 576 24
122.912 611 24.7184
123.028 605 24.5967
123.144 601 24.5153
123.26 643 25.3574
123.377 0 1
123.493 0 1
123.609 0 1
123.725 0 1
123.84 0 1
123.956 0 1
124.072 0 1
124.188 0 1
124.303 0 1
124.419 0 1
126.852 0 1
126.968 0 1
127.083 0 1
127.199 0 1
127.315 0 1
127.431 0 1
127.547 0 1
127.663 0 1
127.779 0 1
127.895 0 1
128.011 0 1
128.127 0 1
128.243 0 1
128.359 776 27.8568
128.476 833 28.8617
128.592 875 29.5804
128.708 750 27.3861
128.825 817 28.5832
128.941 793 28.1603
129.058 794 28.178
129.174 773 27.8029
129.291 774 27.8209
129.408 805 28.3725
129.524 837 28.931
129.641 789 28.0891
129.758 819 28.6182
129.875 798 28.2489
129.992 826 28.7402
130.108 856 29.2575
130.225 873 29.5466
130.342 855 29.2404
130.459 744 27.2764
130.576 802 28.3196
130.693 778 27.8927
130.81 741 27.2213
130.928 661 25.7099
131.045 697 26.4008
131.162 699 26.4386
131.279 810 28.4605
131.396 836 28.9137
131.513 843 29.0345
131.631 840 28.9828
131.748 868 29.4618
131.865 835 28.8964
131.983 845 29.0689
132.1 883 29.7153
132.217 880 29.6648
132.335 930 30.4959
132.452 835 28.8964
132.57 888 29.7993
132.687 863 29.3769
132.804 873 29.5466
132.922 890 29.8329
133.039 849 29.1376
133.157 841 29
133.274 927 30.4467
133.392 895 29.9166
133.509 859 29.3087
133.627 874 29.5635
133.744 873 29.5466
133.862 924 30.3974
133.979 888 29.7993
134.097 858 29.2916
134.214 886 29.7658
134.332 736 27.1293
134.449 723 26.8887
134.567 722 26.8701
134.684 768 27.7128
134.802 819 28.6182
134.919 885 29.7489
135.037 861 29.3428
135.154 944 30.7246
135.272 1002 31.6544
135.389 915 30.249
135.507 917 30.282
135.624 941 30.6757
135.742 923 30.3809
135.859 961 31
135.977 937 30.6105
136.094 906 30.0998
136.211 908 30.133
136.329 940 30.6594
136.446 991 31.4802
136.564 885 29.7489
136.681 935 30.5778
136.798 918 30.2985
136.915 966 31.0805
137.033 971 31.1609
137.15 939 30.6431
137.267 945 30.7409
137.384 911 30.1828
137.502 950 30.8221
137.619 881 29.6816
137.736 906 30.0998
137.853 832 28.8444
137.97 857 29.2746
138.087 779 27.9106
138.204 877 29.6142
138.321 801 28.3019
138.438 894 29.8998
138.555 935 30.5778
138.672 980 31.305
138.788 952 30.8545
138.905 1001 31.6386
139.022 993 31.5119
139.139 946 30.7571
139.255 973 31.1929
139.372 1008 31.749
139.488 929 30.4795
139.605 990 31.4643
139.721 1026 32.0312
139.838 963 31.0322
139.954 1007 31.7333
140.071 990 31.4643
140.187 942 30.692
140.303 931 30.5123
140.419 963 31.0322
140.535 974 31.209
140.652 913 30.2159
140.768 0 1
140.884 0 1
141 0 1
141.115 0 1
141.231 0 1
141.347 0 1
141.463 0 1
141.578 0 1
141.694 0 1
144.104 0 1
144.219 0 1
144.335 0 1
144.45 0 1
144.566 0 1
144.682 0 1
144.798 0 1
144.914 0 1
145.03 0 1
145.146 938 30.6268
145.262 868 29.4618
145.378 908 30.133
145.494 874 29.5635
145.61 907 30.1164
145.726 903 30.05
145.842 917 30.282
145.959 887 29.7825
146.075 878 29.6311
146.192 817 28.5832
146.308 818 28.6007
146.425 866 29.4279
146.541 822 28.6705
146.658 813 28.5132
146.774 717 26.7769
146.891 783 27.9821
147.008 763 27.6225
147.125 816 28.5657
147.241 819 28.6182
147.358 810 28.4605
147.475 822 28.6705
147.592 941 30.6757
147.709 920 30.3315
147.826 838 28.9482
147.943 916 30.2655
148.06 868 29.4618
148.177 925 30.4138
148.294 899 29.9833
148.411 894 29.8998
148.528 885 29.7489
148.645 869 29.4788
148.762 885 29.7489
148.88 849 29.1376
148.997 800 28.2843
149.114 950 30.8221
149.231 860 29.3258
149.349 886 29.7658
149.466 857 29.2746
149.583 829 28.7924
149.701 798 28.2489
149.818 780 27.9285
149.935 833 28.8617
150.053 810 28.4605
150.17 763 27.6225
150.287 770 27.7489
150.405 737 27.1477
150.522 762 27.6043
150.64 762 27.6043
150.757 811 28.4781
150.875 846 29.0861
150.992 868 29.4618
151.11 780 27.9285
151.227 822 28.6705
151.344 790 28.1069
151.462 872 29.5296
151.579 915 30.249
151.697 870 29.4958
151.814 881 29.6816
151.932 907 30.1164
152.049 824 28.7054
152.167 820 28.6356
152.284 857 29.2746
152.402 897 29.95
152.519 820 28.6356
152.636 840 28.9828
152.754 861 29.3428
152.871 850 29.1548
152.989 864 29.3939
153.106 880 29.6648
153.223 804 28.3549
153.341 833 28.8617
153.458 791 28.1247
153.575 758 27.5318
153.693 814 28.5307
153.81 787 28.0535
153.927 774 27.8209
154.044 743 27.258
154.162 794 28.178
154.279 811 28.4781
154.396 855 29.2404
154.513 846 29.0861
154.63 884 29.7321
154.747 884 29.7321
154.864 821 28.6531
154.981 839 28.9655
155.098 913 30.2159
155.215 894 29.8998
155.332 941 30.6757
155.449 912 30.1993
155.566 902 30.0333
155.683 901 30.0167
155.8 960 30.9839
155.917 908 30.133
156.033 865 29.4109
156.15 0 1
156.267 0 1
156.383 0 1
156.5 0 1
156.617 0 1
156.733 0 1
156.85 0 1
156.966 0 1
157.082 0 1
157.199 0 1
157.315 0 1
157.431 0 1
157.547 0 1
157.664 0 1
157.78 0 1
157.896 0 1
158.012 0 1
158.128 0 1
158.244 0 1
158.359 0 1
158.475 0 1
158.591 0 1
158.706 0 1
