
6.15755 0 1
6.2731 0 1
6.3887 0 1
6.50437 0 1
6.62009 0 1
6.73587 0 1
6.8517 0 1
6.96759 0 1
7.08353 0 1
7.19952 0 1
7.31557 0 1
7.43166 0 1
7.54781 0 1
7.664 0 1
7.78024 0 1
7.89653 0 1
8.01286 0 1
8.12924 0 1
8.24567 0 1
8.36213 0 1
8.47864 0 1
8.59519 0 1
8.71178 0 1
8.82841 0 1
8.94508 0 1
9.06179 0 1
9.17853 0 1
9.29531 0 1
9.41212 0 1
9.52897 0 1
9.64584 0 1
9.76276 0 1
9.8797 0 1
9.99667 0 1
10.1137 0 1
10.2307 0 1
10.3478 0 1
10.4648 0 1
10.5819 0 1
10.6991 0 1
10.8162 0 1
10.9334 0 1
11.0506 0 1
11.1678 0 1
11.285 0 1
11.4023 0 1
11.5196 0 1
11.6369 0 1
11.7542 0 1
11.8715 0 1
11.9888 0 1
12.1062 0 1
12.2235 0 1
12.3409 0 1
12.4582 0 1
12.5756 0 1
12.693 0 1
12.8104 0 1
12.9278 0 1
13.0452 0 1
13.1626 0 1
13.28 0 1
13.3974 0 1
13.5149 0 1
13.6323 0 1
13.7497 0 1
13.8671 0 1
13.9845 0 1
14.1019 0 1
14.2193 0 1
14.3367 0 1
14.4541 0 1
14.5714 0 1
14.6888 0 1
14.8062 0 1
14.9235 0 1
15.0408 18103 134.547
15.1581 19021 137.917
15.2755 19963 141.29
15.3927 20073 141.679
15.51 20073 141.679
15.6273 19810 140.748
15.7445 19730 140.464
15.8617 19113 138.25
15.9789 18405 135.665
16.0961 17907 133.817
16.2132 17296 131.514
16.3304 16858 129.838
16.4475 17002 130.392
16.5646 16641 129
16.6816 16357 127.894
16.7986 16033 126.621
16.9156 15730 125.419
17.0326 15254 123.507
17.1496 14881 121.988
17.2665 14681 121.165
17.3833 14749 121.445
17.5002 14418 120.075
17.617 14695 121.223
17.7338 15122 122.972
17.8505 15533 124.631
17.9672 15781 125.622
18.0839 16322 127.758
18.2005 16703 129.24
18.3171 16981 130.311
18.4337 17488 132.242
18.5502 17386 131.856
18.6666 17255 131.358
18.7831 17383 131.845
18.8994 16863 129.858
19.0158 16357 127.894
19.1321 15590 124.86
19.2483 14819 121.733
19.3645 13458 116.009
19.4806 12663 112.53
19.5967 11598 107.694
19.7128 10350 101.735
19.8288 9788 98.9343
19.9447 9106 95.4254
20.0606 0 1
20.1764 0 1
20.2922 0 1
20.4079 0 1
20.5236 0 1
20.6392 0 1
20.7548 0 1
20.8702 0 1
23.3078 0 1
23.4233 0 1
23.539 0 1
23.6547 0 1
23.7704 0 1
23.8862 0 1
24.0021 0 1
24.118 0 1
24.234 0 1
24.35 0 1
24.4661 7591 87.1263
24.5822 8214 90.6311
24.6984 8584 92.6499
24.8146 9046 95.1105
24.9309 9501 97.4731
25.0472 10384 101.902
25.1636 11171 105.693
25.28 12169 110.313
25.3965 13235 115.043
25.513 14068 118.609
25.6296 14889 122.02
25.7462 15293 123.665
25.8628 15827 125.805
25.9795 15831 125.821
26.0962 15839 125.853
26.213 15712 125.348
26.3298 15533 124.631
26.4466 15009 122.511
26.5635 14820 121.737
26.6804 14461 120.254
26.7973 14373 119.887
26.9143 14743 121.421
27.0313 14970 122.352
27.1483 15300 123.693
27.2653 15300 123.693
27.3824 15153 123.098
27.4996 15214 123.345
27.6167 15055 122.699
27.7339 14524 120.516
27.8511 14316 119.649
27.9683 13725 117.154
28.0855 13490 116.146
28.2028 12858 113.393
28.3201 12197 110.44
28.4374 11595 107.68
28.5547 11536 107.406
28.6721 11975 109.43
28.7894 12617 112.325
28.9068 13122 114.551
29.0242 13403 115.771
29.1416 13661 116.88
29.259 13826 117.584
29.3764 13759 117.299
29.4939 13647 116.82
29.6113 13971 118.199
29.7288 13955 118.131
29.8463 13954 118.127
29.9638 13750 117.26
30.0812 13456 116
30.1987 13545 116.383
30.3162 13541 116.366
30.4337 13940 118.068
30.5512 14197 119.151
30.6687 14356 119.817
30.7862 14510 120.457
30.9037 14545 120.603
31.0212 14555 120.644
31.1387 14359 119.829
31.2562 13863 117.741
31.3737 13847 117.673
31.4912 13290 115.282
31.6087 12682 112.614
31.7262 12377 111.252
31.8436 11601 107.708
31.9611 11069 105.209
32.0785 11137 105.532
32.1959 11609 107.745
32.3134 12080 109.909
32.4308 12546 112.009
32.5482 12984 113.947
32.6655 12637 112.414
32.7829 13107 114.486
32.9002 12897 113.565
33.0176 13177 114.791
33.1349 13082 114.377
33.2522 13588 116.568
33.3694 13219 114.974
33.4867 13505 116.211
33.6039 13085 114.39
33.7211 13084 114.385
33.8383 12770 113.004
33.9554 13411 115.806
34.0725 13318 115.404
34.1896 13890 117.856
34.3067 13744 117.235
34.4237 13651 116.837
34.5407 14073 118.63
34.6577 13986 118.262
34.7746 13810 117.516
34.8915 13561 116.452
35.0084 13162 114.726
35.1252 12870 113.446
35.242 12560 112.071
35.3587 12056 109.8
35.4755 11514 107.303
35.5921 10879 104.302
35.7088 10579 102.854
35.8254 10673 103.31
35.9419 10779 103.822
36.0584 10905 104.427
36.1749 11584 107.629
36.2913 11555 107.494
36.4077 11633 107.856
36.524 11534 107.396
36.6403 11364 106.602
36.7565 11252 106.075
36.8727 10932 104.556
36.9889 10746 103.663
37.1049 10168 100.837
37.221 0 1
37.3369 0 1
37.4529 0 1
37.5687 0 1
37.6845 0 1
37.8003 0 1
37.916 0 1
38.0316 0 1
38.1472 0 1
40.5851 0 1
40.7008 0 1
40.8164 0 1
40.9322 0 1
41.048 0 1
41.1639 0 1
41.2798 0 1
41.3958 0 1
41.5118 0 1
41.6279 0 1
41.744 6159 78.4793
41.8602 6989 83.6002
41.9765 7596 87.155
42.0928 8057 89.7608
42.2091 8395 91.6242
42.3255 8955 94.6309
42.4419 9149 95.6504
42.5584 9454 97.2317
42.675 9695 98.4632
42.7915 10373 101.848
42.9081 11317 106.381
43.0248 11538 107.415
43.1415 11748 108.388
43.2582 12084 109.927
43.375 12135 110.159
43.4918 12210 110.499
43.6087 12107 110.032
43.7256 11957 109.348
43.8425 11694 108.139
43.9595 11774 108.508
44.0765 11681 108.079
44.1935 11295 106.278
44.3106 10811 103.976
44.4277 10101 100.504
44.5448 9576 97.857
44.6619 9879 99.3932
44.7791 10009 100.045
44.8963 10517 102.552
45.0136 11169 105.683
45.1308 11409 106.813
45.2481 11307 106.334
45.3654 11735 108.328
45.4827 11526 107.359
45.6001 11801 108.632
45.7174 11858 108.894
45.8348 11889 109.037
45.9522 11757 108.43
46.0697 11702 108.176
46.1871 11560 107.517
46.3046 11918 109.17
46.422 12259 110.72
46.5395 12499 111.799
46.657 12931 113.715
46.7745 13212 114.943
46.892 13273 115.209
47.0096 13408 115.793
47.1271 13571 116.495
47.2446 13576 116.516
47.3622 13458 116.009
47.4797 13153 114.687
47.5973 13035 114.171
47.7149 12648 112.463
47.8324 12129 110.132
47.95 11459 107.047
48.0675 10475 102.347
48.1851 10653 103.213
48.3027 11095 105.333
48.4202 11568 107.555
48.5378 12404 111.373
48.6554 12394 111.328
48.7729 12453 111.593
48.8904 12863 113.415
49.008 12768 112.996
49.1255 12966 113.868
49.243 12976 113.912
49.3605 12875 113.468
49.478 12898 113.569
49.5955 12757 112.947
49.713 13034 114.167
49.8304 13058 114.272
49.9479 13551 116.409
50.0653 14262 119.424
50.1827 14696 121.227
50.3001 14553 120.636
50.4175 14854 121.877
50.5348 15115 122.943
50.6521 14925 122.168
50.7694 15087 122.829
50.8867 15050 122.678
51.004 15000 122.474
51.1212 14899 122.061
51.2384 14219 119.243
51.3556 13364 115.603
51.4727 12313 110.964
51.5899 11681 108.079
51.707 11870 108.95
51.824 12687 112.637
51.9411 13466 116.043
52.0581 14493 120.387
52.175 14562 120.673
52.2919 14626 120.938
52.4088 14643 121.008
52.5257 14862 121.91
52.6425 14912 122.115
52.7593 14820 121.737
52.876 15062 122.727
52.9927 15188 123.24
53.1094 15080 122.801
53.226 15200 123.288
53.3426 14969 122.348
53.4591 15210 123.329
53.5756 15461 124.342
53.692 15483 124.431
53.8084 15428 124.21
53.9248 15114 122.939
54.0411 14669 121.116
54.1573 13814 117.533
54.2735 0 1
54.3896 0 1
54.5057 0 1
54.6217 0 1
54.7377 0 1
54.8537 0 1
54.9695 0 1
55.0853 0 1
55.2011 0 1
55.3168 0 1
55.4324 0 1
57.824 0 1
57.9396 0 1
58.0553 0 1
58.1711 0 1
58.2869 0 1
58.4028 0 1
58.5187 0 1
58.6347 0 1
58.7508 0 1
58.8669 0 1
58.983 12528 111.929
59.0992 14701 121.248
59.2155 16660 129.074
59.3318 18430 135.757
59.4482 20333 142.594
59.5646 21817 147.706
59.681 23220 152.381
59.7975 23457 153.157
59.9141 23672 153.857
60.0306 23248 152.473
60.1473 22579 150.263
60.2639 21478 146.554
60.3807 20885 144.516
60.4974 21529 146.728
60.6142 22883 151.271
60.731 24271 155.792
60.8479 26269 162.077
60.9648 26851 163.863
61.0818 27417 165.581
61.1987 27812 166.769
61.3158 28143 167.759
61.4328 28454 168.683
61.5499 28804 169.717
61.667 28429 168.609
61.7841 28198 167.923
61.9013 28097 167.622
62.0185 28415 168.567
62.1357 28299 168.223
62.253 29407 171.485
62.3702 30098 173.488
62.4875 30668 175.123
62.6049 31108 176.375
62.7222 31550 177.623
62.8396 32474 180.205
62.9569 32767 181.017
63.0743 32576 180.488
63.1918 32260 179.611
63.3092 31382 177.15
63.4267 30124 173.563
63.5441 28447 168.662
63.6616 26225 161.941
63.7791 24248 155.718
63.8966 23172 152.224
64.0142 23637 153.743
64.1317 25197 158.736
64.2492 27680 166.373
64.3668 29672 172.256
64.4843 30422 174.419
64.6019 31023 176.133
64.7195 31269 176.83
64.837 31079 176.292
64.9546 31661 177.935
65.0722 31956 178.762
65.1898 31595 177.75
65.3074 31715 178.087
65.4249 31044 176.193
65.5425 30739 175.325
65.6601 31050 176.21
65.7777 31065 176.253
65.8952 31913 178.642
66.0128 32639 180.663
66.1304 33736 183.674
66.2479 34128 184.738
66.3655 34356 185.354
66.483 34807 186.566
66.6005 35247 187.742
66.718 34592 185.989
66.8355 33995 184.377
66.953 32911 181.414
67.0705 31055 176.224
67.1879 28878 169.935
67.3054 26204 161.876
67.4228 23955 154.774
67.5402 23103 151.997
67.6576 24241 155.695
67.7749 26586 163.052
67.8923 28791 169.679
68.0096 30878 175.721
68.1269 32092 179.142
68.2442 32451 180.142
68.3614 32707 180.851
68.4787 33093 181.915
68.5958 32828 181.185
68.713 33431 182.841
68.8302 32882 181.334
68.9473 32565 180.458
69.0643 32063 179.061
69.1814 31621 177.823
69.2984 31364 177.099
69.4154 31750 178.185
69.5323 32175 179.374
69.6492 32424 180.067
69.7661 33285 182.442
69.8829 33732 183.663
69.9997 33957 184.274
70.1165 33834 183.94
70.2332 33858 184.005
70.3499 33077 181.871
70.4665 31885 178.564
70.5831 29730 172.424
70.6996 27664 166.325
70.8161 24562 156.723
70.9326 21189 145.564
71.049 17048 130.568
71.1653 14547 120.611
71.2817 13483 116.116
71.3979 13175 114.782
71.5141 13227 115.009
71.6303 13237 115.052
71.7464 11559 107.513
71.8624 0 1
71.9784 0 1
72.0944 0 1
72.2102 0 1
72.3261 0 1
72.4418 0 1
72.5575 0 1
72.6732 0 1
75.1054 0 1
75.2209 0 1
75.3365 0 1
75.4521 0 1
75.5678 0 1
75.6835 0 1
75.7993 0 1
75.9151 0 1
76.031 0 1
76.147 16772 129.507
76.263 17056 130.599
76.3791 16903 130.012
76.4952 16341 127.832
76.6113 17930 133.903
76.7276 20590 143.492
76.8438 23439 153.098
76.9601 25974 161.165
77.0765 27609 166.16
77.1929 28343 168.354
77.3093 29040 170.411
77.4258 29004 170.306
77.5423 29092 170.564
77.6589 29556 171.919
77.7755 29424 171.534
77.8921 28769 169.614
78.0088 28633 169.213
78.1256 28003 167.341
78.2423 27765 166.628
78.3591 27633 166.232
78.4759 27422 165.596
78.5928 28348 168.369
78.7097 29134 170.687
78.8266 29192 170.857
78.9436 31079 176.292
79.0606 30814 175.539
79.1776 31150 176.494
79.2946 31769 178.239
79.4117 31641 177.879
79.5288 30702 175.22
79.6459 29678 172.273
79.7631 27166 164.821
79.8802 25086 158.386
79.9974 22340 149.466
80.1147 20139 141.912
80.2319 20479 143.105
80.3491 22514 150.047
80.4664 24961 157.991
80.5837 27753 166.592
80.701 28854 169.865
80.8183 28828 169.788
80.9357 29949 173.058
81.053 29959 173.087
81.1704 30556 174.803
81.2877 30036 173.309
81.4051 30564 174.826
81.5225 30455 174.514
81.6399 29579 171.985
81.7573 29660 172.221
81.8747 28239 168.045
81.9922 28998 170.288
82.1096 28934 170.1
82.227 29253 171.035
82.3444 29866 172.818
82.4619 31205 176.649
82.5793 32002 178.891
82.6967 32388 179.967
82.8142 33080 181.879
82.9316 32927 181.458
83.049 32650 180.693
83.1664 31620 177.82
83.2838 30163 173.675
83.4012 28425 168.597
83.5186 25421 159.44
83.636 22827 151.086
83.7534 20540 143.318
83.8708 20140 141.915
83.9881 21822 147.723
84.1055 24454 156.378
84.2228 27068 164.524
84.3401 29564 171.942
84.4575 30388 174.322
84.5747 31187 176.598
84.692 31466 177.387
84.8093 31578 177.702
84.9265 30937 175.889
85.0437 30871 175.701
85.1609 31038 176.176
85.2781 30094 173.476
85.3952 29220 170.939
85.5123 29160 170.763
85.6294 29423 171.531
85.7465 29232 170.974
85.8636 29897 172.907
85.9806 30627 175.006
86.0976 31799 178.323
86.2145 32486 180.239
86.3315 33867 184.03
86.4484 32200 179.444
86.5652 33441 182.869
86.682 32953 181.53
86.7988 31610 177.792
86.9156 30242 173.902
87.0323 28277 168.158
87.149 25155 158.603
87.2657 22473 149.91
87.3823 20907 144.593
87.4988 21442 146.431
87.6154 23540 153.428
87.7318 26024 161.32
87.8483 27243 165.055
87.9647 27517 165.882
88.081 27716 166.481
88.1973 27408 165.554
88.3136 26171 161.775
88.4298 24328 155.974
88.546 21267 145.832
88.6621 18629 136.488
88.7781 15991 126.456
88.8942 0 1
89.0101 0 1
89.126 0 1
89.2419 0 1
89.3577 0 1
89.4734 0 1
89.5891 0 1
89.7047 0 1
89.8203 0 1
89.9358 0 1
92.3269 0 1
92.4424 0 1
92.558 0 1
92.6736 0 1
92.7893 0 1
92.905 0 1
93.0208 0 1
93.1366 0 1
93.2525 0 1
93.3685 0 1
93.4845 0 1
93.6005 22408 149.693
93.7167 24201 155.567
93.8328 25899 160.932
93.949 27730 166.523
94.0653 29626 172.122
94.1816 30813 175.536
94.2979 31722 178.107
94.4143 31534 177.578
94.5307 31295 176.904
94.6472 31382 177.15
94.7637 31074 176.278
94.8803 31336 177.02
94.9969 32120 179.221
95.1135 32396 179.989
95.2302 33927 184.193
95.3469 34480 185.688
95.4637 34727 186.352
95.5805 35088 187.318
95.6973 34802 186.553
95.8142 33683 183.529
95.9311 32160 179.332
96.048 30832 175.59
96.1649 28780 169.647
96.2819 26421 162.545
96.3989 24660 157.035
96.516 23710 153.981
96.633 24173 155.477
96.7501 25670 160.219
96.8673 27770 166.643
96.9844 30076 173.424
97.1016 31578 177.702
97.2188 32567 180.463
97.336 32781 181.055
97.4532 33201 182.211
97.5704 32816 181.152
97.6877 32356 179.878
97.805 32141 179.279
97.9223 31193 176.615
98.0396 31100 176.352
98.1569 30512 174.677
98.2743 30640 175.043
98.3916 30334 174.167
98.509 31181 176.581
98.6264 32422 180.061
98.7438 33439 182.863
98.8612 34834 186.639
98.9786 35276 187.819
99.096 35538 188.515
99.2134 36018 189.784
99.3308 35591 188.656
99.4482 34819 186.598
99.5656 33386 182.718
99.6831 31149 176.491
99.8005 29455 171.625
99.9179 27374 165.451
100.035 25815 160.67
100.153 26647 163.239
100.27 27848 166.877
100.388 30095 173.479
100.505 31306 176.935
100.622 32255 179.597
100.74 33141 182.047
100.857 33535 183.126
100.975 33544 183.15
101.092 33961 184.285
101.209 33548 183.161
101.327 33336 182.581
101.444 33014 181.698
101.561 32483 180.23
101.679 31670 177.961
101.796 31329 177
101.913 31293 176.898
102.03 32205 179.458
102.148 33626 183.374
102.265 34517 185.788
102.382 34965 186.989
102.499 36200 190.263
102.616 36189 190.234
102.733 36918 192.141
102.851 36434 190.877
102.968 35689 188.915
103.085 34185 184.892
103.202 32071 179.084
103.319 30125 173.566
103.436 28133 167.729
103.552 26413 162.521
103.669 26401 162.484
103.786 27875 166.958
103.903 30099 173.491
104.02 31724 178.112
104.137 32826 181.179
104.253 33437 182.858
104.37 33320 182.538
104.487 34069 184.578
104.603 33106 181.951
104.72 32186 179.405
104.836 31908 178.628
104.953 30773 175.422
105.069 29510 171.785
105.186 28889 169.968
105.302 28020 167.392
105.418 26951 164.168
105.535 26832 163.805
105.651 25950 161.09
105.767 24927 157.883
105.883 23046 151.809
105.999 20124 141.859
106.115 0 1
106.231 0 1
106.347 0 1
106.463 0 1
106.579 0 1
106.694 0 1
106.81 0 1
106.926 0 1
107.041 0 1
107.157 0 1
109.576 0 1
109.692 0 1
109.807 0 1
109.923 0 1
110.039 0 1
110.155 0 1
110.27 0 1
110.386 0 1
110.502 0 1
110.618 15033 122.609
110.735 18244 135.07
110.851 20802 144.229
110.967 23734 154.058
111.083 26170 161.771
111.199 28104 167.642
111.316 29516 171.802
111.432 30860 175.67
111.549 31957 178.765
111.665 31414 177.24
111.782 30640 175.043
111.898 29183 170.83
112.015 27263 165.115
112.132 25117 158.483
112.248 23720 154.013
112.365 23987 154.877
112.482 25734 160.418
112.599 27916 167.081
112.716 29131 170.678
112.832 29640 172.163
112.949 29611 172.078
113.066 30067 173.398
113.183 29926 172.991
113.3 29545 171.887
113.417 29248 171.02
113.534 29005 170.309
113.652 28206 167.946
113.769 27582 166.078
113.886 27203 164.933
114.003 26552 162.948
114.12 27234 165.027
114.238 28645 169.248
114.355 29568 171.953
114.472 30245 173.911
114.589 30843 175.622
114.707 31264 176.816
114.824 31561 177.654
114.942 31845 178.452
115.059 31676 177.978
115.176 31198 176.63
115.294 29821 172.688
115.411 28336 168.333
115.529 27099 164.618
115.646 24890 157.766
115.764 23365 152.856
115.881 23166 152.204
115.999 24454 156.378
116.116 26344 162.308
116.234 27662 166.319
116.351 27973 167.251
116.469 28057 167.502
116.586 28211 167.961
116.704 28171 167.842
116.821 28495 168.805
116.939 28077 167.562
117.056 27606 166.151
117.174 26621 163.159
117.291 26033 161.347
117.409 25540 159.812
117.526 25632 160.1
117.644 25775 160.546
117.761 27090 164.59
117.879 27635 166.238
117.996 27887 166.994
118.114 28854 169.865
118.231 28906 170.018
118.349 29413 171.502
118.466 29560 171.93
118.584 29261 171.058
118.701 29203 170.889
118.819 28178 167.863
118.936 26899 164.009
119.053 25613 160.041
119.171 24182 155.506
119.288 22483 149.943
119.405 21799 147.645
119.523 22321 149.402
119.64 24013 154.961
119.757 25168 158.644
119.875 26294 162.154
119.992 26128 161.642
120.109 26081 161.496
120.226 26428 162.567
120.343 26308 162.197
120.46 25777 160.552
120.578 25973 161.161
120.695 25707 160.334
120.812 24759 157.35
120.929 24322 155.955
121.046 23459 153.163
121.163 23335 152.758
121.279 23525 153.379
121.396 24357 156.067
121.513 24629 156.936
121.63 25203 158.755
121.747 25231 158.843
121.863 25310 159.091
121.98 25394 159.355
122.097 24922 157.867
122.213 24664 157.048
122.33 23524 153.375
122.446 22442 149.807
122.563 20968 144.803
122.679 19064 138.072
122.795 16949 130.188
122.912 14770 121.532
123.028 13255 115.13
123.144 12912 113.631
123.26 12457 111.611
123.377 0 1
123.493 0 1
123.609 0 1
123.725 0 1
123.84 0 1
123.956 0 1
124.072 0 1
124.188 0 1
124.303 0 1
124.419 0 1
126.852 0 1
126.968 0 1
127.083 0 1
127.199 0 1
127.315 0 1
127.431 0 1
127.547 0 1
127.663 0 1
127.779 0 1
127.895 0 1
128.011 0 1
128.127 0 1
128.243 0 1
128.359 25050 158.272
128.476 24069 155.142
128.592 24322 155.955
128.708 25769 160.527
128.825 27337 165.339
128.941 28117 167.681
129.058 28577 169.047
129.174 28927 170.079
129.291 28458 168.695
129.408 28874 169.924
129.524 29172 170.798
129.641 28690 169.381
129.758 28262 168.113
129.875 26885 163.966
129.992 26093 161.533
130.108 25800 160.624
130.225 25689 160.278
130.342 26327 162.256
130.459 27507 165.852
130.576 29421 171.526
130.693 29627 172.125
130.81 29660 172.221
130.928 29419 171.52
131.045 29434 171.563
131.162 29513 171.793
131.279 29882 172.864
131.396 30261 173.957
131.513 29120 170.646
131.631 28583 169.065
131.748 27569 166.039
131.865 26569 163
131.983 24860 157.671
132.1 24579 156.777
132.217 26017 161.298
132.335 27389 165.496
132.452 28676 169.34
132.57 28692 169.387
132.687 28360 168.404
132.804 28844 169.835
132.922 28357 168.395
133.039 28683 169.361
133.157 28798 169.7
133.274 28235 168.033
133.392 26770 163.615
133.509 26115 161.601
133.627 25569 159.903
133.744 25510 159.719
133.862 26027 161.329
133.979 27291 165.2
134.097 28798 169.7
134.214 29123 170.655
134.332 28751 169.561
134.449 28537 168.929
134.567 28616 169.163
134.684 28964 170.188
134.802 28985 170.25
134.919 29422 171.528
135.037 29159 170.76
135.154 28137 167.741
135.272 27238 165.039
135.389 26591 163.067
135.507 25063 158.313
135.624 24500 156.525
135.742 25281 159
135.859 26225 161.941
135.977 27755 166.598
136.094 28236 168.036
136.211 28294 168.208
136.329 27749 166.58
136.446 27743 166.562
136.564 27989 167.299
136.681 28422 168.588
136.798 27702 166.439
136.915 27118 164.675
137.033 26169 161.768
137.15 25422 159.443
137.267 25001 158.117
137.384 24978 158.044
137.502 25538 159.806
137.619 26309 162.2
137.736 27499 165.828
137.853 26839 163.826
137.97 27740 166.553
138.087 26957 164.186
138.204 27218 164.979
138.321 27497 165.822
138.438 27910 167.063
138.555 28070 167.541
138.672 27243 165.055
138.788 26398 162.475
138.905 25183 158.692
139.022 24036 155.035
139.139 22554 150.18
139.255 21796 147.635
139.372 21477 146.55
139.488 21767 147.536
139.605 22367 149.556
139.721 21658 147.167
139.838 20616 143.583
139.954 19295 138.906
140.071 17542 132.446
140.187 16868 129.877
140.303 16170 127.161
140.419 15465 124.358
140.535 14661 121.083
140.652 13513 116.245
140.768 0 1
140.884 0 1
141 0 1
141.115 0 1
141.231 0 1
141.347 0 1
141.463 0 1
141.578 0 1
141.694 0 1
144.104 0 1
144.219 0 1
144.335 0 1
144.45 0 1
144.566 0 1
144.682 0 1
144.798 0 1
144.914 0 1
145.03 0 1
145.146 19223 138.647
145.262 20102 141.782
145.378 20652 143.708
145.494 20491 143.147
145.61 20541 143.321
145.726 20047 141.587
145.842 19212 138.607
145.959 18859 137.328
146.075 18265 135.148
146.192 18544 136.176
146.308 19133 138.322
146.425 19602 140.007
146.541 20064 141.647
146.658 20419 142.895
146.774 20187 142.081
146.891 20319 142.545
147.008 20205 142.144
147.125 20044 141.577
147.241 20356 142.674
147.358 21012 144.955
147.475 20841 144.364
147.592 20408 142.857
147.709 19635 140.125
147.826 19002 137.848
147.943 18515 136.07
148.06 17958 134.007
148.177 18321 135.355
148.294 19303 138.935
148.411 20094 141.753
148.528 20568 143.415
148.645 20225 142.215
148.762 20111 141.813
148.88 20034 141.542
148.997 20577 143.447
149.114 20079 141.7
149.231 20247 142.292
149.349 19823 140.794
149.466 19026 137.935
149.583 18325 135.37
149.701 18110 134.573
149.818 17805 133.435
149.935 17876 133.701
150.053 18848 137.288
150.17 19109 138.235
150.287 19645 140.161
150.405 19583 139.939
150.522 19861 140.929
150.64 19174 138.47
150.757 19697 140.346
150.875 19842 140.862
150.992 20147 141.94
151.11 19918 141.131
151.227 19814 140.762
151.344 18907 137.503
151.462 18245 135.074
151.579 17727 133.143
151.697 17612 132.71
151.814 17949 133.974
151.932 18525 136.107
152.049 19362 139.147
152.167 19565 139.875
152.284 19457 139.488
152.402 19320 138.996
152.519 19073 138.105
152.636 18931 137.59
152.754 19094 138.181
152.871 19075 138.112
152.989 18249 135.089
153.106 17692 133.011
153.223 17177 131.061
153.341 16874 129.9
153.458 16706 129.252
153.575 17086 130.713
153.693 17683 132.977
153.81 17948 133.97
153.927 18013 134.213
154.044 17965 134.034
154.162 18299 135.274
154.279 18310 135.314
154.396 18594 136.36
154.513 18760 136.967
154.63 19057 138.047
154.747 18856 137.317
154.864 18467 135.893
154.981 17450 132.098
155.098 17227 131.252
155.215 16501 128.456
155.332 16677 129.139
155.449 17195 131.13
155.566 17917 133.854
155.683 18033 134.287
155.8 17497 132.276
155.917 17403 131.92
156.033 16866 129.869
156.15 0 1
156.267 0 1
156.383 0 1
156.5 0 1
156.617 0 1
156.733 0 1
156.85 0 1
156.966 0 1
157.082 0 1
157.199 0 1
157.315 0 1
157.431 0 1
157.547 0 1
157.664 0 1
157.78 0 1
157.896 0 1
158.012 0 1
158.128 0 1
158.244 0 1
158.359 0 1
158.475 0 1
158.591 0 1
158.706 0 1
