
6.15755 0 1
6.2731 0 1
6.3887 0 1
6.50437 0 1
6.62009 0 1
6.73587 0 1
6.8517 0 1
6.96759 0 1
7.08353 0 1
7.19952 0 1
7.31557 0 1
7.43166 0 1
7.54781 0 1
7.664 0 1
7.78024 0 1
7.89653 0 1
8.01286 0 1
8.12924 0 1
8.24567 0 1
8.36213 0 1
8.47864 0 1
8.59519 0 1
8.71178 0 1
8.82841 0 1
8.94508 0 1
9.06179 0 1
9.17853 0 1
9.29531 0 1
9.41212 0 1
9.52897 0 1
9.64584 0 1
9.76276 0 1
9.8797 0 1
9.99667 0 1
10.1137 0 1
10.2307 0 1
10.3478 0 1
10.4648 0 1
10.5819 0 1
10.6991 0 1
10.8162 0 1
10.9334 0 1
11.0506 0 1
11.1678 0 1
11.285 0 1
11.4023 0 1
11.5196 0 1
11.6369 0 1
11.7542 0 1
11.8715 0 1
11.9888 0 1
12.1062 0 1
12.2235 0 1
12.3409 0 1
12.4582 0 1
12.5756 0 1
12.693 0 1
12.8104 0 1
12.9278 0 1
13.0452 0 1
13.1626 0 1
13.28 0 1
13.3974 0 1
13.5149 0 1
13.6323 0 1
13.7497 0 1
13.8671 0 1
13.9845 0 1
14.1019 0 1
14.2193 0 1
14.3367 0 1
14.4541 0 1
14.5714 0 1
14.6888 0 1
14.8062 0 1
14.9235 0 1
15.0408 0 0
15.1581 0 0
15.2755 0 0
15.3927 0 0
15.51 0 0
15.6273 0 0
15.7445 0 0
15.8617 0 0
15.9789 0 0
16.0961 0 0
16.2132 0 0
16.3304 0 0
16.4475 0 0
16.5646 0 0
16.6816 0 0
16.7986 0 0
16.9156 0 0
17.0326 0 0
17.1496 0 0
17.2665 0 0
17.3833 0 0
17.5002 0 0
17.617 0 0
17.7338 0 0
17.8505 0 0
17.9672 0 0
18.0839 0 0
18.2005 0 0
18.3171 0 0
18.4337 0 0
18.5502 0 0
18.6666 0 0
18.7831 0 0
18.8994 0 0
19.0158 0 0
19.1321 0 0
19.2483 0 0
19.3645 0 0
19.4806 0 0
19.5967 0 0
19.7128 0 0
19.8288 0 0
19.9447 0 0
20.0606 0 1
20.1764 0 1
20.2922 0 1
20.4079 0 1
20.5236 0 1
20.6392 0 1
20.7548 0 1
20.8702 0 1
23.3078 0 1
23.4233 0 1
23.539 0 1
23.6547 0 1
23.7704 0 1
23.8862 0 1
24.0021 0 1
24.118 0 1
24.234 0 1
24.35 0 1
24.4661 1330 36.4692
24.5822 1285 35.8469
24.6984 1269 35.623
24.8146 1314 36.2491
24.9309 1222 34.9571
25.0472 1335 36.5377
25.1636 1218 34.8999
25.28 1206 34.7275
25.3965 1298 36.0278
25.513 1318 36.3043
25.6296 1302 36.0832
25.7462 1355 36.8103
25.8628 1296 36
25.9795 1297 36.0139
26.0962 1278 35.7491
26.213 1276 35.7211
26.3298 1318 36.3043
26.4466 1294 35.9722
26.5635 1264 35.5528
26.6804 1195 34.5688
26.7973 1211 34.7994
26.9143 1231 35.0856
27.0313 1268 35.609
27.1483 1307 36.1525
27.2653 1418 37.6563
27.3824 1435 37.8814
27.4996 1375 37.081
27.6167 1379 37.1349
27.7339 1403 37.4566
27.8511 1296 36
27.9683 1330 36.4692
28.0855 1317 36.2905
28.2028 1309 36.1801
28.3201 1229 35.0571
28.4374 1246 35.2987
28.5547 1222 34.9571
28.6721 1174 34.2637
28.7894 1258 35.4683
28.9068 1253 35.3977
29.0242 1187 34.4529
29.1416 1217 34.8855
29.259 1201 34.6554
29.3764 1151 33.9264
29.4939 1234 35.1283
29.6113 1164 34.1174
29.7288 1229 35.0571
29.8463 1199 34.6266
29.9638 1158 34.0294
30.0812 1181 34.3657
30.1987 1131 33.6303
30.3162 1113 33.3617
30.4337 1199 34.6266
30.5512 1218 34.8999
30.6687 1304 36.1109
30.7862 1306 36.1386
30.9037 1250 35.3553
31.0212 1259 35.4824
31.1387 1349 36.7287
31.2562 1329 36.4555
31.3737 1349 36.7287
31.4912 1262 35.5246
31.6087 1217 34.8855
31.7262 1234 35.1283
31.8436 1215 34.8569
31.9611 1242 35.242
32.0785 1138 33.7343
32.1959 1086 32.9545
32.3134 1091 33.0303
32.4308 1160 34.0588
32.5482 1127 33.5708
32.6655 1148 33.8821
32.7829 1185 34.4238
32.9002 1124 33.5261
33.0176 1170 34.2053
33.1349 1166 34.1467
33.2522 1212 34.8138
33.3694 1198 34.6121
33.4867 1188 34.4674
33.6039 1165 34.1321
33.7211 1139 33.7491
33.8383 1137 33.7194
33.9554 1172 34.2345
34.0725 1121 33.4813
34.1896 1229 35.0571
34.3067 1309 36.1801
34.4237 1207 34.7419
34.5407 1287 35.8748
34.6577 1231 35.0856
34.7746 1345 36.6742
34.8915 1260 35.4965
35.0084 1297 36.0139
35.1252 1201 34.6554
35.242 1293 35.9583
35.3587 1296 36
35.4755 1234 35.1283
35.5921 1215 34.8569
35.7088 1136 33.7046
35.8254 1081 32.8786
35.9419 1155 33.9853
36.0584 1017 31.8904
36.1749 1158 34.0294
36.2913 1077 32.8177
36.4077 1065 32.6343
36.524 1083 32.909
36.6403 1134 33.6749
36.7565 1073 32.7567
36.8727 1144 33.8231
36.9889 1084 32.9242
37.1049 1133 33.6601
37.221 0 1
37.3369 0 1
37.4529 0 1
37.5687 0 1
37.6845 0 1
37.8003 0 1
37.916 0 1
38.0316 0 1
38.1472 0 1
40.5851 0 1
40.7008 0 1
40.8164 0 1
40.9322 0 1
41.048 0 1
41.1639 0 1
41.2798 0 1
41.3958 0 1
41.5118 0 1
41.6279 0 1
41.744 786 28.0357
41.8602 846 29.0861
41.9765 913 30.2159
42.0928 906 30.0998
42.2091 958 30.9516
42.3255 950 30.8221
42.4419 919 30.315
42.5584 904 30.0666
42.675 857 29.2746
42.7915 855 29.2404
42.9081 880 29.6648
43.0248 927 30.4467
43.1415 959 30.9677
43.2582 895 29.9166
43.375 967 31.0966
43.4918 967 31.0966
43.6087 925 30.4138
43.7256 893 29.8831
43.8425 837 28.931
43.9595 889 29.8161
44.0765 889 29.8161
44.1935 833 28.8617
44.3106 819 28.6182
44.4277 740 27.2029
44.5448 752 27.4226
44.6619 686 26.1916
44.7791 670 25.8844
44.8963 613 24.7588
45.0136 627 25.04
45.1308 611 24.7184
45.2481 641 25.318
45.3654 650 25.4951
45.4827 639 25.2784
45.6001 644 25.3772
45.7174 672 25.923
45.8348 690 26.2679
45.9522 661 25.7099
46.0697 667 25.8263
46.1871 628 25.0599
46.3046 589 24.2693
46.422 618 24.8596
46.5395 631 25.1197
46.657 684 26.1534
46.7745 671 25.9037
46.892 725 26.9258
47.0096 642 25.3377
47.1271 666 25.807
47.2446 674 25.9615
47.3622 697 26.4008
47.4797 614 24.779
47.5973 658 25.6515
47.7149 618 24.8596
47.8324 582 24.1247
47.95 575 23.9792
48.0675 485 22.0227
48.1851 505 22.4722
48.3027 471 21.7025
48.4202 468 21.6333
48.5378 447 21.1424
48.6554 433 20.8087
48.7729 423 20.567
48.8904 493 22.2036
49.008 534 23.1084
49.1255 509 22.561
49.243 496 22.2711
49.3605 555 23.5584
49.478 485 22.0227
49.5955 427 20.664
49.713 444 21.0713
49.8304 492 22.1811
49.9479 497 22.2935
50.0653 551 23.4734
50.1827 558 23.622
50.3001 553 23.516
50.4175 621 24.9199
50.5348 621 24.9199
50.6521 649 25.4755
50.7694 619 24.8797
50.8867 655 25.593
51.004 676 26
51.1212 710 26.6458
51.2384 677 26.0192
51.3556 679 26.0576
51.4727 675 25.9808
51.5899 635 25.1992
51.707 611 24.7184
51.824 604 24.5764
51.9411 589 24.2693
52.0581 595 24.3926
52.175 635 25.1992
52.2919 651 25.5147
52.4088 654 25.5734
52.5257 679 26.0576
52.6425 724 26.9072
52.7593 753 27.4408
52.876 833 28.8617
52.9927 791 28.1247
53.1094 759 27.55
53.226 845 29.0689
53.3426 801 28.3019
53.4591 852 29.189
53.5756 841 29
53.692 951 30.8383
53.8084 995 31.5436
53.9248 985 31.3847
54.0411 1044 32.311
54.1573 1057 32.5115
54.2735 0 1
54.3896 0 1
54.5057 0 1
54.6217 0 1
54.7377 0 1
54.8537 0 1
54.9695 0 1
55.0853 0 1
55.2011 0 1
55.3168 0 1
55.4324 0 1
57.824 0 1
57.9396 0 1
58.0553 0 1
58.1711 0 1
58.2869 0 1
58.4028 0 1
58.5187 0 1
58.6347 0 1
58.7508 0 1
58.8669 0 1
58.983 1058 32.5269
59.0992 1176 34.2929
59.2155 1263 35.5387
59.3318 1232 35.0999
59.4482 1193 34.5398
59.5646 1174 34.2637
59.681 1188 34.4674
59.7975 1197 34.5977
59.9141 1145 33.8378
60.0306 1030 32.0936
60.1473 1080 32.8634
60.2639 1001 31.6386
60.3807 904 30.0666
60.4974 867 29.4449
60.6142 853 29.2062
60.731 851 29.1719
60.8479 846 29.0861
60.9648 871 29.5127
61.0818 879 29.6479
61.1987 932 30.5287
61.3158 906 30.0998
61.4328 1007 31.7333
61.5499 964 31.0483
61.667 934 30.5614
61.7841 917 30.282
61.9013 936 30.5941
62.0185 922 30.3645
62.1357 984 31.3688
62.253 1025 32.0156
62.3702 984 31.3688
62.4875 1072 32.7414
62.6049 1128 33.5857
62.7222 1166 34.1467
62.8396 1132 33.6452
62.9569 1149 33.8969
63.0743 1171 34.2199
63.1918 1140 33.7639
63.3092 1089 33
63.4267 1095 33.0908
63.5441 1023 31.9844
63.6616 1010 31.7805
63.7791 907 30.1164
63.8966 902 30.0333
64.0142 812 28.4956
64.1317 839 28.9655
64.2492 778 27.8927
64.3668 883 29.7153
64.4843 907 30.1164
64.6019 929 30.4795
64.7195 931 30.5123
64.837 1038 32.218
64.9546 996 31.5595
65.0722 1054 32.4654
65.1898 997 31.5753
65.3074 954 30.8869
65.4249 944 30.7246
65.5425 938 30.6268
65.6601 972 31.1769
65.7777 1032 32.1248
65.8952 1024 32
66.0128 1113 33.3617
66.1304 1102 33.1964
66.2479 1146 33.8526
66.3655 1172 34.2345
66.483 1188 34.4674
66.6005 1273 35.6791
66.718 1187 34.4529
66.8355 1177 34.3074
66.953 1120 33.4664
67.0705 1067 32.665
67.1879 987 31.4166
67.3054 975 31.225
67.4228 872 29.5296
67.5402 846 29.0861
67.6576 729 27
67.7749 789 28.0891
67.8923 759 27.55
68.0096 804 28.3549
68.1269 849 29.1376
68.2442 867 29.4449
68.3614 910 30.1662
68.4787 1052 32.4345
68.5958 928 30.4631
68.713 979 31.289
68.8302 997 31.5753
68.9473 960 30.9839
69.0643 907 30.1164
69.1814 909 30.1496
69.2984 953 30.8707
69.4154 962 31.0161
69.5323 1077 32.8177
69.6492 1109 33.3017
69.7661 1167 34.1614
69.8829 1169 34.1906
69.9997 1177 34.3074
70.1165 1189 34.4819
70.2332 1153 33.9559
70.3499 1179 34.3366
70.4665 1164 34.1174
70.5831 1101 33.1813
70.6996 996 31.5595
70.8161 956 30.9192
70.9326 935 30.5778
71.049 822 28.6705
71.1653 777 27.8747
71.2817 778 27.8927
71.3979 751 27.4044
71.5141 737 27.1477
71.6303 679 26.0576
71.7464 686 26.1916
71.8624 0 1
71.9784 0 1
72.0944 0 1
72.2102 0 1
72.3261 0 1
72.4418 0 1
72.5575 0 1
72.6732 0 1
75.1054 0 1
75.2209 0 1
75.3365 0 1
75.4521 0 1
75.5678 0 1
75.6835 0 1
75.7993 0 1
75.9151 0 1
76.031 0 1
76.147 912 30.1993
76.263 959 30.9677
76.3791 861 29.3428
76.4952 805 28.3725
76.6113 777 27.8747
76.7276 769 27.7308
76.8438 754 27.4591
76.9601 790 28.1069
77.0765 882 29.6985
77.1929 887 29.7825
77.3093 965 31.0644
77.4258 982 31.3369
77.5423 1030 32.0936
77.6589 1054 32.4654
77.7755 1018 31.9061
77.8921 951 30.8383
78.0088 978 31.273
78.1256 888 29.7993
78.2423 902 30.0333
78.3591 886 29.7658
78.4759 954 30.8869
78.5928 1011 31.7962
78.7097 1049 32.3883
78.8266 1104 33.2265
78.9436 1091 33.0303
79.0606 1146 33.8526
79.1776 1164 34.1174
79.2946 1170 34.2053
79.4117 1184 34.4093
79.5288 1092 33.0454
79.6459 1086 32.9545
79.7631 1012 31.8119
79.8802 913 30.2159
79.9974 856 29.2575
80.1147 748 27.3496
80.2319 693 26.3249
80.3491 706 26.5707
80.4664 657 25.632
80.5837 663 25.7488
80.701 742 27.2397
80.8183 774 27.8209
80.9357 829 28.7924
81.053 860 29.3258
81.1704 852 29.189
81.2877 870 29.4958
81.4051 839 28.9655
81.5225 830 28.8097
81.6399 852 29.189
81.7573 740 27.2029
81.8747 746 27.313
81.9922 778 27.8927
82.1096 784 28
82.227 859 29.3087
82.3444 889 29.8161
82.4619 901 30.0167
82.5793 992 31.496
82.6967 958 30.9516
82.8142 965 31.0644
82.9316 996 31.5595
83.049 935 30.5778
83.1664 933 30.545
83.2838 868 29.4618
83.4012 815 28.5482
83.5186 702 26.4953
83.636 732 27.0555
83.7534 626 25.02
83.8708 580 24.0832
83.9881 547 23.388
84.1055 544 23.3238
84.2228 585 24.1868
84.3401 608 24.6577
84.4575 649 25.4755
84.5747 755 27.4773
84.692 790 28.1069
84.8093 764 27.6405
84.9265 742 27.2397
85.0437 773 27.8029
85.1609 757 27.5136
85.2781 784 28
85.3952 740 27.2029
85.5123 762 27.6043
85.6294 734 27.0924
85.7465 831 28.8271
85.8636 866 29.4279
85.9806 897 29.95
86.0976 927 30.4467
86.2145 1026 32.0312
86.3315 1074 32.7719
86.4484 1035 32.1714
86.5652 1075 32.7872
86.682 1024 32
86.7988 1042 32.28
86.9156 950 30.8221
87.0323 857 29.2746
87.149 795 28.1957
87.2657 758 27.5318
87.3823 678 26.0384
87.4988 681 26.096
87.6154 643 25.3574
87.7318 680 26.0768
87.8483 755 27.4773
87.9647 865 29.4109
88.081 913 30.2159
88.1973 976 31.241
88.3136 989 31.4484
88.4298 1016 31.8748
88.546 975 31.225
88.6621 927 30.4467
88.7781 943 30.7083
88.8942 0 1
89.0101 0 1
89.126 0 1
89.2419 0 1
89.3577 0 1
89.4734 0 1
89.5891 0 1
89.7047 0 1
89.8203 0 1
89.9358 0 1
92.3269 0 1
92.4424 0 1
92.558 0 1
92.6736 0 1
92.7893 0 1
92.905 0 1
93.0208 0 1
93.1366 0 1
93.2525 0 1
93.3685 0 1
93.4845 0 1
93.6005 953 30.8707
93.7167 952 30.8545
93.8328 948 30.7896
93.949 990 31.4643
94.0653 963 31.0322
94.1816 958 30.9516
94.2979 962 31.0161
94.4143 941 30.6757
94.5307 929 30.4795
94.6472 946 30.7571
94.7637 960 30.9839
94.8803 998 31.5911
94.9969 1073 32.7567
95.1135 1144 33.8231
95.2302 1091 33.0303
95.3469 1182 34.3802
95.4637 1193 34.5398
95.5805 1250 35.3553
95.6973 1261 35.5106
95.8142 1150 33.9116
95.9311 1136 33.7046
96.048 1123 33.5112
96.1649 1041 32.2645
96.2819 894 29.8998
96.3989 895 29.9166
96.516 785 28.0179
96.633 694 26.3439
96.7501 748 27.3496
96.8673 725 26.9258
96.9844 763 27.6225
97.1016 814 28.5307
97.2188 893 29.8831
97.336 1009 31.7648
97.4532 995 31.5436
97.5704 1014 31.8434
97.6877 994 31.5278
97.805 961 31
97.9223 956 30.9192
98.0396 939 30.6431
98.1569 900 30
98.2743 895 29.9166
98.3916 881 29.6816
98.509 966 31.0805
98.6264 1081 32.8786
98.7438 1073 32.7567
98.8612 1096 33.1059
98.9786 1134 33.6749
99.096 1240 35.2136
99.2134 1197 34.5977
99.3308 1251 35.3695
99.4482 1176 34.2929
99.5656 1181 34.3657
99.6831 1089 33
99.8005 1025 32.0156
99.9179 961 31
100.035 870 29.4958
100.153 836 28.9137
100.27 758 27.5318
100.388 743 27.258
100.505 825 28.7228
100.622 910 30.1662
100.74 938 30.6268
100.857 966 31.0805
100.975 1015 31.8591
101.092 1032 32.1248
101.209 1014 31.8434
101.327 977 31.257
101.444 976 31.241
101.561 971 31.1609
101.679 907 30.1164
101.796 988 31.4325
101.913 933 30.545
102.03 1022 31.9687
102.148 1061 32.573
102.265 1104 33.2265
102.382 1206 34.7275
102.499 1272 35.6651
102.616 1242 35.242
102.733 1289 35.9026
102.851 1322 36.3593
102.968 1262 35.5246
103.085 1216 34.8712
103.202 1151 33.9264
103.319 1079 32.8481
103.436 1032 32.1248
103.552 935 30.5778
103.669 868 29.4618
103.786 811 28.4781
103.903 752 27.4226
104.02 854 29.2233
104.137 886 29.7658
104.253 1001 31.6386
104.37 1080 32.8634
104.487 1138 33.7343
104.603 1111 33.3317
104.72 1053 32.45
104.836 1105 33.2415
104.953 1072 32.7414
105.069 1060 32.5576
105.186 1093 33.0606
105.302 1055 32.4808
105.418 1168 34.176
105.535 1134 33.6749
105.651 1251 35.3695
105.767 1343 36.647
105.883 1372 37.0405
105.999 1388 37.2559
106.115 0 1
106.231 0 1
106.347 0 1
106.463 0 1
106.579 0 1
106.694 0 1
106.81 0 1
106.926 0 1
107.041 0 1
107.157 0 1
109.576 0 1
109.692 0 1
109.807 0 1
109.923 0 1
110.039 0 1
110.155 0 1
110.27 0 1
110.386 0 1
110.502 0 1
110.618 1104 33.2265
110.735 1198 34.6121
110.851 1267 35.5949
110.967 1268 35.609
111.083 1246 35.2987
111.199 1310 36.1939
111.316 1325 36.4005
111.432 1321 36.3456
111.549 1300 36.0555
111.665 1284 35.8329
111.782 1254 35.4119
111.898 1132 33.6452
112.015 1062 32.5883
112.132 959 30.9677
112.248 870 29.4958
112.365 825 28.7228
112.482 716 26.7582
112.599 883 29.7153
112.716 1003 31.6702
112.832 951 30.8383
112.949 1012 31.8119
113.066 983 31.3528
113.183 940 30.6594
113.3 1013 31.8277
113.417 945 30.7409
113.534 948 30.7896
113.652 1027 32.0468
113.769 1009 31.7648
113.886 1019 31.9218
114.003 1083 32.909
114.12 1133 33.6601
114.238 1182 34.3802
114.355 1191 34.5109
114.472 1305 36.1248
114.589 1240 35.2136
114.707 1279 35.7631
114.824 1304 36.1109
114.942 1372 37.0405
115.059 1291 35.9305
115.176 1272 35.6651
115.294 1200 34.641
115.411 1151 33.9264
115.529 1110 33.3167
115.646 1039 32.2335
115.764 929 30.4795
115.881 834 28.8791
115.999 889 29.8161
116.116 888 29.7993
116.234 950 30.8221
116.351 998 31.5911
116.469 1014 31.8434
116.586 1070 32.7109
116.704 1072 32.7414
116.821 1057 32.5115
116.939 997 31.5753
117.056 968 31.1127
117.174 1029 32.078
117.291 1018 31.9061
117.409 1137 33.7194
117.526 1123 33.5112
117.644 1173 34.2491
117.761 1180 34.3511
117.879 1335 36.5377
117.996 1312 36.2215
118.114 1351 36.756
118.231 1357 36.8375
118.349 1425 37.7492
118.466 1370 37.0135
118.584 1478 38.4448
118.701 1382 37.1753
118.819 1328 36.4417
118.936 1302 36.0832
119.053 1189 34.4819
119.171 1178 34.322
119.288 1047 32.3574
119.405 995 31.5436
119.523 899 29.9833
119.64 944 30.7246
119.757 948 30.7896
119.875 968 31.1127
119.992 1049 32.3883
120.109 1020 31.9374
120.226 1022 31.9687
120.343 1015 31.8591
120.46 1048 32.3728
120.578 1050 32.4037
120.695 1030 32.0936
120.812 1092 33.0454
120.929 1118 33.4365
121.046 1091 33.0303
121.163 1129 33.6006
121.279 1191 34.5109
121.396 1230 35.0714
121.513 1252 35.3836
121.63 1283 35.819
121.747 1340 36.606
121.863 1332 36.4966
121.98 1340 36.606
122.097 1365 36.9459
122.213 1375 37.081
122.33 1388 37.2559
122.446 1265 35.5668
122.563 1255 35.426
122.679 1285 35.8469
122.795 1143 33.8083
122.912 1092 33.0454
123.028 1084 32.9242
123.144 985 31.3847
123.26 903 30.05
123.377 0 1
123.493 0 1
123.609 0 1
123.725 0 1
123.84 0 1
123.956 0 1
124.072 0 1
124.188 0 1
124.303 0 1
124.419 0 1
126.852 0 1
126.968 0 1
127.083 0 1
127.199 0 1
127.315 0 1
127.431 0 1
127.547 0 1
127.663 0 1
127.779 0 1
127.895 0 1
128.011 0 1
128.127 0 1
128.243 0 1
128.359 1092 33.0454
128.476 1068 32.6803
128.592 1065 32.6343
128.708 1068 32.6803
128.825 1129 33.6006
128.941 1187 34.4529
129.058 1171 34.2199
129.174 1181 34.3657
129.291 1133 33.6601
129.408 1105 33.2415
129.524 1128 33.5857
129.641 1139 33.7491
129.758 1133 33.6601
129.875 1131 33.6303
129.992 1193 34.5398
130.108 1196 34.5832
130.225 1205 34.7131
130.342 1309 36.1801
130.459 1252 35.3836
130.576 1355 36.8103
130.693 1358 36.8511
130.81 1346 36.6879
130.928 1321 36.3456
131.045 1338 36.5787
131.162 1272 35.6651
131.279 1340 36.606
131.396 1304 36.1109
131.513 1311 36.2077
131.631 1228 35.0428
131.748 1220 34.9285
131.865 1145 33.8378
131.983 1063 32.6037
132.1 1076 32.8024
132.217 989 31.4484
132.335 1087 32.9697
132.452 1220 34.9285
132.57 1131 33.6303
132.687 1153 33.9559
132.804 1165 34.1321
132.922 1200 34.641
133.039 1104 33.2265
133.157 1177 34.3074
133.274 1179 34.3366
133.392 1171 34.2199
133.509 1167 34.1614
133.627 1190 34.4964
133.744 1232 35.0999
133.862 1292 35.9444
133.979 1305 36.1248
134.097 1271 35.6511
134.214 1263 35.5387
134.332 1356 36.8239
134.449 1387 37.2424
134.567 1359 36.8646
134.684 1366 36.9594
134.802 1352 36.7696
134.919 1304 36.1109
135.037 1340 36.606
135.154 1277 35.7351
135.272 1272 35.6651
135.389 1189 34.4819
135.507 1127 33.5708
135.624 1064 32.619
135.742 1056 32.4962
135.859 1055 32.4808
135.977 1138 33.7343
136.094 1135 33.6898
136.211 1160 34.0588
136.329 1145 33.8378
136.446 1128 33.5857
136.564 1157 34.0147
136.681 1164 34.1174
136.798 1138 33.7343
136.915 1149 33.8969
137.033 1184 34.4093
137.15 1259 35.4824
137.267 1200 34.641
137.384 1232 35.0999
137.502 1297 36.0139
137.619 1293 35.9583
137.736 1292 35.9444
137.853 1258 35.4683
137.97 1325 36.4005
138.087 1284 35.8329
138.204 1293 35.9583
138.321 1329 36.4555
138.438 1343 36.647
138.555 1353 36.7831
138.672 1380 37.1484
138.788 1355 36.8103
138.905 1288 35.8887
139.022 1228 35.0428
139.139 1105 33.2415
139.255 1077 32.8177
139.372 1056 32.4962
139.488 1101 33.1813
139.605 1160 34.0588
139.721 1219 34.9142
139.838 1191 34.5109
139.954 1136 33.7046
140.071 1156 34
140.187 1128 33.5857
140.303 1169 34.1906
140.419 1210 34.7851
140.535 1144 33.8231
140.652 1062 32.5883
140.768 0 1
140.884 0 1
141 0 1
141.115 0 1
141.231 0 1
141.347 0 1
141.463 0 1
141.578 0 1
141.694 0 1
144.104 0 1
144.219 0 1
144.335 0 1
144.45 0 1
144.566 0 1
144.682 0 1
144.798 0 1
144.914 0 1
145.03 0 1
145.146 816 28.5657
145.262 914 30.2324
145.378 929 30.4795
145.494 936 30.5941
145.61 910 30.1662
145.726 937 30.6105
145.842 923 30.3809
145.959 925 30.4138
146.075 906 30.0998
146.192 950 30.8221
146.308 987 31.4166
146.425 977 31.257
146.541 982 31.3369
146.658 936 30.5941
146.774 1073 32.7567
146.891 945 30.7409
147.008 983 31.3528
147.125 1005 31.7017
147.241 1031 32.1092
147.358 1043 32.2955
147.475 1116 33.4066
147.592 990 31.4643
147.709 1052 32.4345
147.826 983 31.3528
147.943 1024 32
148.06 923 30.3809
148.177 865 29.4109
148.294 923 30.3809
148.411 860 29.3258
148.528 904 30.0666
148.645 923 30.3809
148.762 960 30.9839
148.88 1001 31.6386
148.997 932 30.5287
149.114 959 30.9677
149.231 941 30.6757
149.349 907 30.1164
149.466 968 31.1127
149.583 883 29.7153
149.701 947 30.7734
149.818 975 31.225
149.935 943 30.7083
150.053 982 31.3369
150.17 990 31.4643
150.287 1009 31.7648
150.405 981 31.3209
150.522 1036 32.187
150.64 1036 32.187
150.757 1039 32.2335
150.875 1105 33.2415
150.992 1060 32.5576
151.11 1071 32.7261
151.227 1084 32.9242
151.344 1036 32.187
151.462 1044 32.311
151.579 1056 32.4962
151.697 954 30.8869
151.814 890 29.8329
151.932 922 30.3645
152.049 871 29.5127
152.167 1038 32.218
152.284 976 31.241
152.402 986 31.4006
152.519 1023 31.9844
152.636 1081 32.8786
152.754 982 31.3369
152.871 960 30.9839
152.989 1003 31.6702
153.106 1045 32.3265
153.223 1010 31.7805
153.341 1008 31.749
153.458 1038 32.218
153.575 1019 31.9218
153.693 1036 32.187
153.81 1071 32.7261
153.927 1056 32.4962
154.044 1114 33.3766
154.162 1030 32.0936
154.279 1130 33.6155
154.396 1214 34.8425
154.513 1140 33.7639
154.63 1226 35.0143
154.747 1226 35.0143
154.864 1283 35.819
154.981 1270 35.6371
155.098 1115 33.3916
155.215 1103 33.2114
155.332 1103 33.2114
155.449 1003 31.6702
155.566 1032 32.1248
155.683 1110 33.3167
155.8 1095 33.0908
155.917 1267 35.5949
156.033 1137 33.7194
156.15 0 1
156.267 0 1
156.383 0 1
156.5 0 1
156.617 0 1
156.733 0 1
156.85 0 1
156.966 0 1
157.082 0 1
157.199 0 1
157.315 0 1
157.431 0 1
157.547 0 1
157.664 0 1
157.78 0 1
157.896 0 1
158.012 0 1
158.128 0 1
158.244 0 1
158.359 0 1
158.475 0 1
158.591 0 1
158.706 0 1
