
6.15755 0 1
6.2731 0 1
6.3887 0 1
6.50437 0 1
6.62009 0 1
6.73587 0 1
6.8517 0 1
6.96759 0 1
7.08353 0 1
7.19952 0 1
7.31557 0 1
7.43166 0 1
7.54781 0 1
7.664 0 1
7.78024 0 1
7.89653 0 1
8.01286 0 1
8.12924 0 1
8.24567 0 1
8.36213 0 1
8.47864 0 1
8.59519 0 1
8.71178 0 1
8.82841 0 1
8.94508 0 1
9.06179 0 1
9.17853 0 1
9.29531 0 1
9.41212 0 1
9.52897 0 1
9.64584 0 1
9.76276 0 1
9.8797 0 1
9.99667 0 1
10.1137 0 1
10.2307 0 1
10.3478 0 1
10.4648 0 1
10.5819 0 1
10.6991 0 1
10.8162 0 1
10.9334 0 1
11.0506 0 1
11.1678 0 1
11.285 0 1
11.4023 0 1
11.5196 0 1
11.6369 0 1
11.7542 0 1
11.8715 0 1
11.9888 0 1
12.1062 0 1
12.2235 0 1
12.3409 0 1
12.4582 0 1
12.5756 0 1
12.693 0 1
12.8104 0 1
12.9278 0 1
13.0452 0 1
13.1626 0 1
13.28 0 1
13.3974 0 1
13.5149 0 1
13.6323 0 1
13.7497 0 1
13.8671 0 1
13.9845 0 1
14.1019 0 1
14.2193 0 1
14.3367 0 1
14.4541 0 1
14.5714 0 1
14.6888 0 1
14.8062 0 1
14.9235 0 1
15.0408 0 0
15.1581 0 0
15.2755 0 0
15.3927 0 0
15.51 0 0
15.6273 0 0
15.7445 0 0
15.8617 0 0
15.9789 0 0
16.0961 0 0
16.2132 0 0
16.3304 0 0
16.4475 0 0
16.5646 0 0
16.6816 0 0
16.7986 0 0
16.9156 0 0
17.0326 0 0
17.1496 0 0
17.2665 0 0
17.3833 0 0
17.5002 0 0
17.617 0 0
17.7338 0 0
17.8505 0 0
17.9672 0 0
18.0839 0 0
18.2005 0 0
18.3171 0 0
18.4337 0 0
18.5502 0 0
18.6666 0 0
18.7831 0 0
18.8994 0 0
19.0158 0 0
19.1321 0 0
19.2483 0 0
19.3645 0 0
19.4806 0 0
19.5967 0 0
19.7128 0 0
19.8288 0 0
19.9447 0 0
20.0606 0 1
20.1764 0 1
20.2922 0 1
20.4079 0 1
20.5236 0 1
20.6392 0 1
20.7548 0 1
20.8702 0 1
23.3078 0 1
23.4233 0 1
23.539 0 1
23.6547 0 1
23.7704 0 1
23.8862 0 1
24.0021 0 1
24.118 0 1
24.234 0 1
24.35 0 1
24.4661 1645 40.5586
24.5822 1627 40.3361
24.6984 1671 40.8779
24.8146 1704 41.2795
24.9309 1664 40.7922
25.0472 1699 41.2189
25.1636 1691 41.1218
25.28 1665 40.8044
25.3965 1707 41.3159
25.513 1694 41.1582
25.6296 1759 41.9404
25.7462 1757 41.9166
25.8628 1779 42.1782
25.9795 1743 41.7493
26.0962 1657 40.7063
26.213 1766 42.0238
26.3298 1788 42.2847
26.4466 1625 40.3113
26.5635 1542 39.2683
26.6804 1395 37.3497
26.7973 1345 36.6742
26.9143 1421 37.6962
27.0313 1486 38.5487
27.1483 1513 38.8973
27.2653 1623 40.2865
27.3824 1677 40.9512
27.4996 1744 41.7612
27.6167 1692 41.1339
27.7339 1665 40.8044
27.8511 1640 40.4969
27.9683 1626 40.3237
28.0855 1665 40.8044
28.2028 1610 40.1248
28.3201 1577 39.7115
28.4374 1600 40
28.5547 1561 39.5095
28.6721 1579 39.7366
28.7894 1567 39.5854
28.9068 1583 39.7869
29.0242 1719 41.4608
29.1416 1616 40.1995
29.259 1659 40.7308
29.3764 1648 40.5956
29.4939 1612 40.1497
29.6113 1653 40.6571
29.7288 1642 40.5216
29.8463 1597 39.9625
29.9638 1547 39.3319
30.0812 1472 38.3667
30.1987 1303 36.0971
30.3162 1341 36.6197
30.4337 1291 35.9305
30.5512 1471 38.3536
30.6687 1506 38.8072
30.7862 1650 40.6202
30.9037 1580 39.7492
31.0212 1647 40.5832
31.1387 1626 40.3237
31.2562 1642 40.5216
31.3737 1661 40.7554
31.4912 1631 40.3856
31.6087 1585 39.8121
31.7262 1590 39.8748
31.8436 1678 40.9634
31.9611 1612 40.1497
32.0785 1583 39.7869
32.1959 1602 40.025
32.3134 1700 41.2311
32.4308 1682 41.0122
32.5482 1681 41
32.6655 1603 40.0375
32.7829 1617 40.2119
32.9002 1672 40.8901
33.0176 1656 40.694
33.1349 1707 41.3159
33.2522 1649 40.6079
33.3694 1637 40.4599
33.4867 1611 40.1373
33.6039 1532 39.1408
33.7211 1488 38.5746
33.8383 1409 37.5366
33.9554 1388 37.2559
34.0725 1328 36.4417
34.1896 1448 38.0526
34.3067 1439 37.9342
34.4237 1585 39.8121
34.5407 1681 41
34.6577 1719 41.4608
34.7746 1713 41.3884
34.8915 1634 40.4228
35.0084 1657 40.7063
35.1252 1633 40.4104
35.242 1680 40.9878
35.3587 1671 40.8779
35.4755 1626 40.3237
35.5921 1659 40.7308
35.7088 1634 40.4228
35.8254 1667 40.8289
35.9419 1582 39.7744
36.0584 1632 40.398
36.1749 1701 41.2432
36.2913 1683 41.0244
36.4077 1641 40.5093
36.524 1630 40.3733
36.6403 1705 41.2916
36.7565 1623 40.2865
36.8727 1675 40.9268
36.9889 1692 41.1339
37.1049 1620 40.2492
37.221 0 1
37.3369 0 1
37.4529 0 1
37.5687 0 1
37.6845 0 1
37.8003 0 1
37.916 0 1
38.0316 0 1
38.1472 0 1
40.5851 0 1
40.7008 0 1
40.8164 0 1
40.9322 0 1
41.048 0 1
41.1639 0 1
41.2798 0 1
41.3958 0 1
41.5118 0 1
41.6279 0 1
41.744 1360 36.8782
41.8602 1455 38.1445
41.9765 1438 37.921
42.0928 1432 37.8418
42.2091 1484 38.5227
42.3255 1486 38.5487
42.4419 1380 37.1484
42.5584 1256 35.4401
42.675 1142 33.7935
42.7915 1100 33.1662
42.9081 1161 34.0735
43.0248 1283 35.819
43.1415 1459 38.1969
43.2582 1361 36.8917
43.375 1467 38.3014
43.4918 1457 38.1707
43.6087 1457 38.1707
43.7256 1468 38.3145
43.8425 1481 38.4838
43.9595 1358 36.8511
44.0765 1396 37.3631
44.1935 1301 36.0694
44.3106 1358 36.8511
44.4277 1295 35.9861
44.5448 1225 35
44.6619 1296 36
44.7791 1314 36.2491
44.8963 1277 35.7351
45.0136 1316 36.2767
45.1308 1339 36.5923
45.2481 1354 36.7967
45.3654 1341 36.6197
45.4827 1314 36.2491
45.6001 1271 35.6511
45.7174 1342 36.6333
45.8348 1298 36.0278
45.9522 1226 35.0143
46.0697 1208 34.7563
46.1871 1055 32.4808
46.3046 976 31.241
46.422 990 31.4643
46.5395 1008 31.749
46.657 1161 34.0735
46.7745 1194 34.5543
46.892 1201 34.6554
47.0096 1242 35.242
47.1271 1228 35.0428
47.2446 1162 34.0881
47.3622 1272 35.6651
47.4797 1133 33.6601
47.5973 1193 34.5398
47.7149 1109 33.3017
47.8324 1108 33.2866
47.95 1017 31.8904
48.0675 1058 32.5269
48.1851 1096 33.1059
48.3027 1067 32.665
48.4202 1092 33.0454
48.5378 1095 33.0908
48.6554 1141 33.7787
48.7729 1164 34.1174
48.8904 1139 33.7491
49.008 1220 34.9285
49.1255 1171 34.2199
49.243 1174 34.2637
49.3605 1202 34.6699
49.478 1215 34.8569
49.5955 1073 32.7567
49.713 961 31
49.8304 884 29.7321
49.9479 899 29.9833
50.0653 1018 31.9061
50.1827 1191 34.5109
50.3001 1325 36.4005
50.4175 1311 36.2077
50.5348 1401 37.4299
50.6521 1428 37.7889
50.7694 1488 38.5746
50.8867 1453 38.1182
51.004 1509 38.8458
51.1212 1605 40.0625
51.2384 1552 39.3954
51.3556 1517 38.9487
51.4727 1508 38.833
51.5899 1464 38.2623
51.707 1558 39.4715
51.824 1678 40.9634
51.9411 1658 40.7185
52.0581 1744 41.7612
52.175 1747 41.7971
52.2919 1814 42.5911
52.4088 1822 42.6849
52.5257 1987 44.5758
52.6425 1892 43.4971
52.7593 1888 43.4511
52.876 2002 44.7437
52.9927 1981 44.5084
53.1094 1843 42.9302
53.226 1781 42.2019
53.3426 1651 40.6325
53.4591 1484 38.5227
53.5756 1606 40.0749
53.692 1722 41.497
53.8084 1905 43.6463
53.9248 2070 45.4973
54.0411 2136 46.2169
54.1573 2214 47.0532
54.2735 0 1
54.3896 0 1
54.5057 0 1
54.6217 0 1
54.7377 0 1
54.8537 0 1
54.9695 0 1
55.0853 0 1
55.2011 0 1
55.3168 0 1
55.4324 0 1
57.824 0 1
57.9396 0 1
58.0553 0 1
58.1711 0 1
58.2869 0 1
58.4028 0 1
58.5187 0 1
58.6347 0 1
58.7508 0 1
58.8669 0 1
58.983 2697 51.9326
59.0992 2875 53.619
59.2155 3033 55.0727
59.3318 3046 55.1906
59.4482 3089 55.5788
59.5646 3085 55.5428
59.681 3194 56.5155
59.7975 3183 56.4181
59.9141 2984 54.626
60.0306 2933 54.1572
60.1473 2880 53.6656
60.2639 2828 53.1789
60.3807 2887 53.7308
60.4974 2917 54.0093
60.6142 2906 53.9073
60.731 2921 54.0463
60.8479 2989 54.6717
60.9648 3103 55.7046
61.0818 3178 56.3738
61.1987 3208 56.6392
61.3158 3235 56.8771
61.4328 3179 56.3826
61.5499 3070 55.4076
61.667 3001 54.7814
61.7841 2840 53.2917
61.9013 2598 50.9706
62.0185 2442 49.4166
62.1357 2484 49.8397
62.253 2735 52.2972
62.3702 3031 55.0545
62.4875 3238 56.9034
62.6049 3309 57.5239
62.7222 3347 57.8533
62.8396 3478 58.9746
62.9569 3476 58.9576
63.0743 3430 58.5662
63.1918 3396 58.2752
63.3092 3446 58.7026
63.4267 3350 57.8792
63.5441 3196 56.5332
63.6616 3220 56.745
63.7791 3037 55.109
63.8966 3080 55.4977
64.0142 3106 55.7315
64.1317 3302 57.463
64.2492 3266 57.1489
64.3668 3334 57.7408
64.4843 3535 59.4559
64.6019 3464 58.8558
64.7195 3494 59.1101
64.837 3528 59.397
64.9546 3552 59.5987
65.0722 3483 59.0169
65.1898 3439 58.643
65.3074 3305 57.4891
65.4249 2956 54.3691
65.5425 2754 52.4786
65.6601 2570 50.6952
65.7777 2761 52.5452
65.8952 3023 54.9818
66.0128 3350 57.8792
66.1304 3604 60.0333
66.2479 3652 60.4318
66.3655 3789 61.5549
66.483 3771 61.4085
66.6005 3820 61.8061
66.718 3916 62.578
66.8355 3777 61.4573
66.953 3710 60.9098
67.0705 3685 60.7042
67.1879 3535 59.4559
67.3054 3602 60.0167
67.4228 3349 57.8705
67.5402 3299 57.4369
67.6576 3349 57.8705
67.7749 3622 60.1831
67.8923 3809 61.7171
68.0096 3832 61.9032
68.1269 4024 63.435
68.2442 3987 63.1427
68.3614 3943 62.7933
68.4787 4079 63.867
68.5958 4015 63.364
68.713 4049 63.6318
68.8302 3865 62.1691
68.9473 3792 61.5792
69.0643 3539 59.4895
69.1814 3247 56.9825
69.2984 3028 55.0273
69.4154 3063 55.3444
69.5323 3445 58.6941
69.6492 3871 62.2174
69.7661 4129 64.2573
69.8829 4360 66.0303
69.9997 4477 66.9104
70.1165 4384 66.2118
70.2332 4612 67.9117
70.3499 4509 67.1491
70.4665 4488 66.9925
70.5831 4461 66.7907
70.6996 4330 65.8027
70.8161 4219 64.9538
70.9326 4085 63.914
71.049 3857 62.1048
71.1653 3700 60.8276
71.2817 3862 62.145
71.3979 3791 61.5711
71.5141 3979 63.0793
71.6303 4064 63.7495
71.7464 3850 62.0484
71.8624 0 1
71.9784 0 1
72.0944 0 1
72.2102 0 1
72.3261 0 1
72.4418 0 1
72.5575 0 1
72.6732 0 1
75.1054 0 1
75.2209 0 1
75.3365 0 1
75.4521 0 1
75.5678 0 1
75.6835 0 1
75.7993 0 1
75.9151 0 1
76.031 0 1
76.147 4054 63.671
76.263 4301 65.582
76.3791 4210 64.8845
76.4952 3985 63.1269
76.6113 3967 62.9841
76.7276 4256 65.238
76.8438 4246 65.1613
76.9601 4705 68.593
77.0765 4612 67.9117
77.1929 4871 69.7925
77.3093 4953 70.3776
77.4258 4894 69.9571
77.5423 4842 69.5845
77.6589 4838 69.5557
77.7755 5050 71.0634
77.8921 4709 68.6222
78.0088 4189 64.7225
78.1256 3823 61.8304
78.2423 3617 60.1415
78.3591 3454 58.7707
78.4759 3401 58.3181
78.5928 3844 62
78.7097 4396 66.3023
78.8266 4916 70.1142
78.9436 4661 68.2715
79.0606 4821 69.4334
79.1776 4846 69.6132
79.2946 4996 70.6824
79.4117 4839 69.5629
79.5288 4828 69.4838
79.6459 4780 69.1375
79.7631 4612 67.9117
79.8802 4417 66.4605
79.9974 4184 64.6838
80.1147 4117 64.1639
80.2319 3945 62.8092
80.3491 4132 64.2806
80.4664 4128 64.2495
80.5837 4362 66.0454
80.701 4671 68.3447
80.8183 4781 69.1448
80.9357 4725 68.7386
81.053 4840 69.5701
81.1704 4709 68.6222
81.2877 4827 69.4766
81.4051 4653 68.2129
81.5225 4592 67.7643
81.6399 4344 65.909
81.7573 3983 63.111
81.8747 3525 59.3717
81.9922 3378 58.1206
82.1096 3359 57.9569
82.227 3655 60.4566
82.3444 4091 63.9609
82.4619 4214 64.9153
82.5793 4384 66.2118
82.6967 4801 69.2892
82.8142 4728 68.7605
82.9316 4673 68.3593
83.049 4660 68.2642
83.1664 4593 67.7717
83.2838 4413 66.4304
83.4012 4379 66.174
83.5186 4216 64.9307
83.636 4045 63.6003
83.7534 3739 61.1474
83.8708 3583 59.8582
83.9881 3598 59.9833
84.1055 3909 62.522
84.2228 4058 63.7024
84.3401 4223 64.9846
84.4575 4339 65.8711
84.5747 4649 68.1836
84.692 4613 67.9191
84.8093 4575 67.6387
84.9265 4526 67.2756
85.0437 4579 67.6683
85.1609 4313 65.6734
85.2781 3999 63.2376
85.3952 3712 60.9262
85.5123 3508 59.2284
85.6294 3486 59.0424
85.7465 3598 59.9833
85.8636 3943 62.7933
85.9806 4332 65.8179
86.0976 4474 66.888
86.2145 4751 68.9275
86.3315 4780 69.1375
86.4484 5035 70.9577
86.5652 4988 70.6258
86.682 4977 70.5479
86.7988 4940 70.2851
86.9156 4857 69.6922
87.0323 4816 69.3974
87.149 4694 68.5128
87.2657 4482 66.9477
87.3823 4107 64.0859
87.4988 4186 64.6993
87.6154 4325 65.7647
87.7318 4585 67.7126
87.8483 4847 69.6204
87.9647 5041 71
88.081 5371 73.2871
88.1973 5378 73.3348
88.3136 5411 73.5595
88.4298 5462 73.9053
88.546 5302 72.8148
88.6621 5260 72.5259
88.7781 4903 70.0214
88.8942 0 1
89.0101 0 1
89.126 0 1
89.2419 0 1
89.3577 0 1
89.4734 0 1
89.5891 0 1
89.7047 0 1
89.8203 0 1
89.9358 0 1
92.3269 0 1
92.4424 0 1
92.558 0 1
92.6736 0 1
92.7893 0 1
92.905 0 1
93.0208 0 1
93.1366 0 1
93.2525 0 1
93.3685 0 1
93.4845 0 1
93.6005 5243 72.4086
93.7167 5407 73.5323
93.8328 5224 72.2772
93.949 5299 72.7942
94.0653 5197 72.0902
94.1816 5072 71.218
94.2979 4734 68.8041
94.4143 4518 67.2161
94.5307 4289 65.4905
94.6472 4146 64.3894
94.7637 4091 63.9609
94.8803 4261 65.2763
94.9969 4483 66.9552
95.1135 4829 69.491
95.2302 5133 71.645
95.3469 5197 72.0902
95.4637 5355 73.1779
95.5805 5511 74.2361
95.6973 5612 74.9133
95.8142 5555 74.5319
95.9311 5580 74.6994
96.048 5339 73.0685
96.1649 5346 73.1163
96.2819 5173 71.9236
96.3989 4839 69.5629
96.516 4763 69.0145
96.633 4372 66.1211
96.7501 4299 65.5668
96.8673 4579 67.6683
96.9844 4880 69.857
97.1016 5028 70.9084
97.2188 5369 73.2735
97.336 5527 74.3438
97.4532 5565 74.5989
97.5704 5604 74.8599
97.6877 5517 74.2765
97.805 5431 73.6953
97.9223 5171 71.9097
98.0396 4974 70.5266
98.1569 4570 67.6018
98.2743 4402 66.3476
98.3916 4322 65.7419
98.509 4365 66.0681
98.6264 4750 68.9202
98.7438 4907 70.05
98.8612 5096 71.3863
98.9786 5348 73.13
99.096 5730 75.6968
99.2134 5741 75.7694
99.3308 5835 76.3872
99.4482 5895 76.7789
99.5656 5708 75.5513
99.6831 5650 75.1665
99.8005 5427 73.6682
99.9179 5413 73.5731
100.035 4985 70.6045
100.153 4740 68.8477
100.27 4493 67.0298
100.388 4574 67.6314
100.505 4824 69.455
100.622 5269 72.5879
100.74 5558 74.552
100.857 5842 76.433
100.975 5884 76.7072
101.092 5825 76.3217
101.209 5810 76.2234
101.327 5914 76.9025
101.444 5701 75.505
101.561 5506 74.2024
101.679 5184 72
101.796 4841 69.5773
101.913 4538 67.3647
102.03 4663 68.2862
102.148 4807 69.3325
102.265 5581 74.7061
102.382 5232 72.3326
102.499 5645 75.1332
102.616 5764 75.921
102.733 5887 76.7268
102.851 5974 77.2917
102.968 6093 78.0577
103.085 6073 77.9295
103.202 6031 77.6595
103.319 5833 76.3741
103.436 5869 76.6094
103.552 5531 74.3707
103.669 5121 71.5612
103.786 4835 69.5342
103.903 4817 69.4046
104.02 5160 71.8331
104.137 5634 75.06
104.253 6245 79.0253
104.37 6153 78.4411
104.487 6393 79.9562
104.603 6412 80.075
104.72 6446 80.287
104.836 6379 79.8686
104.953 6400 80
105.069 5931 77.013
105.186 5526 74.3371
105.302 5258 72.5121
105.418 5102 71.4283
105.535 5207 72.1595
105.651 5523 74.3169
105.767 5902 76.8245
105.883 5978 77.3175
105.999 6342 79.6367
106.115 0 1
106.231 0 1
106.347 0 1
106.463 0 1
106.579 0 1
106.694 0 1
106.81 0 1
106.926 0 1
107.041 0 1
107.157 0 1
109.576 0 1
109.692 0 1
109.807 0 1
109.923 0 1
110.039 0 1
110.155 0 1
110.27 0 1
110.386 0 1
110.502 0 1
110.618 4781 69.1448
110.735 5283 72.6842
110.851 5733 75.7166
110.967 5827 76.3348
111.083 5747 75.809
111.199 5897 76.7919
111.316 6068 77.8974
111.432 6111 78.1729
111.549 6158 78.4729
111.665 6029 77.6466
111.782 6009 77.5177
111.898 5759 75.8881
112.015 5560 74.5654
112.132 4974 70.5266
112.248 4639 68.1102
112.365 4578 67.6609
112.482 4700 68.5565
112.599 5018 70.8378
112.716 5387 73.3962
112.832 5647 75.1465
112.949 5697 75.4785
113.066 5708 75.5513
113.183 5629 75.0267
113.3 5514 74.2563
113.417 5578 74.686
113.534 5461 73.8986
113.652 5279 72.6567
113.769 4937 70.2638
113.886 4598 67.8086
114.003 4323 65.7495
114.12 4432 66.5733
114.238 4673 68.3593
114.355 4924 70.1712
114.472 4884 69.8856
114.589 5107 71.4633
114.707 5123 71.5751
114.824 5379 73.3417
114.942 5473 73.9797
115.059 5600 74.8331
115.176 5485 74.0608
115.294 5403 73.5051
115.411 5247 72.4362
115.529 5003 70.7319
115.646 4724 68.7314
115.764 4316 65.6963
115.881 3963 62.9524
115.999 4200 64.8074
116.116 4548 67.4389
116.234 4974 70.5266
116.351 5255 72.4914
116.469 5279 72.6567
116.586 5438 73.7428
116.704 5519 74.29
116.821 5379 73.3417
116.939 5594 74.793
117.056 5321 72.9452
117.174 5322 72.952
117.291 5148 71.7496
117.409 5020 70.852
117.526 4390 66.2571
117.644 4528 67.2904
117.761 4567 67.5796
117.879 4754 68.9493
117.996 4969 70.4911
118.114 5108 71.4703
118.231 5170 71.9027
118.349 5256 72.4983
118.466 5322 72.952
118.584 5503 74.1822
118.701 5576 74.6726
118.819 5437 73.736
118.936 5502 74.1755
119.053 5394 73.4439
119.171 5101 71.4213
119.288 4688 68.469
119.405 4270 65.3452
119.523 4033 63.5059
119.64 4043 63.5846
119.757 4435 66.5958
119.875 4974 70.5266
119.992 5153 71.7844
120.109 5227 72.298
120.226 5453 73.8444
120.343 5369 73.2735
120.46 5314 72.8972
120.578 5308 72.856
120.695 5473 73.9797
120.812 5365 73.2462
120.929 5098 71.4003
121.046 5088 71.3302
121.163 4799 69.2748
121.279 4567 67.5796
121.396 4552 67.4685
121.513 4586 67.72
121.63 4869 69.7782
121.747 4857 69.6922
121.863 5114 71.5122
121.98 5176 71.9444
122.097 5067 71.1829
122.213 5259 72.519
122.33 5385 73.3826
122.446 5380 73.3485
122.563 5270 72.5948
122.679 5543 74.4513
122.795 5137 71.6729
122.912 5162 71.8471
123.028 4641 68.1249
123.144 4283 65.4446
123.26 4031 63.4902
123.377 0 1
123.493 0 1
123.609 0 1
123.725 0 1
123.84 0 1
123.956 0 1
124.072 0 1
124.188 0 1
124.303 0 1
124.419 0 1
126.852 0 1
126.968 0 1
127.083 0 1
127.199 0 1
127.315 0 1
127.431 0 1
127.547 0 1
127.663 0 1
127.779 0 1
127.895 0 1
128.011 0 1
128.127 0 1
128.243 0 1
128.359 4677 68.3886
128.476 4282 65.437
128.592 4458 66.7683
128.708 4914 70.0999
128.825 5448 73.8106
128.941 5845 76.4526
129.058 5955 77.1686
129.174 6208 78.7909
129.291 6102 78.1153
129.408 5972 77.2787
129.524 6011 77.5306
129.641 5974 77.2917
129.758 5760 75.8947
129.875 5650 75.1665
129.992 5562 74.5788
130.108 5380 73.3485
130.225 5361 73.2189
130.342 5195 72.0763
130.459 5033 70.9436
130.576 5374 73.3076
130.693 5501 74.1687
130.81 5583 74.7195
130.928 5777 76.0066
131.045 5570 74.6324
131.162 5715 75.5976
131.279 5939 77.0649
131.396 5858 76.5376
131.513 5877 76.6616
131.631 5737 75.743
131.748 5436 73.7292
131.865 4803 69.3037
131.983 4499 67.0746
132.1 4532 67.3201
132.217 4570 67.6018
132.335 5158 71.8192
132.452 5390 73.4166
132.57 5732 75.71
132.687 5615 74.9333
132.804 6046 77.756
132.922 5756 75.8683
133.039 5753 75.8485
133.157 5763 75.9144
133.274 5820 76.2889
133.392 5755 75.8617
133.509 5506 74.2024
133.627 5425 73.6546
133.744 5260 72.5259
133.862 5033 70.9436
133.979 4964 70.4557
134.097 4964 70.4557
134.214 5307 72.8492
134.332 5220 72.2496
134.449 5583 74.7195
134.567 5517 74.2765
134.684 5691 75.4387
134.802 5694 75.4586
134.919 5619 74.96
135.037 5790 76.092
135.154 5587 74.7462
135.272 5489 74.0878
135.389 4979 70.562
135.507 4534 67.335
135.624 4212 64.8999
135.742 4374 66.1362
135.859 4824 69.455
135.977 5122 71.5681
136.094 5581 74.7061
136.211 5552 74.5117
136.329 5759 75.8881
136.446 5690 75.4321
136.564 5705 75.5315
136.681 5926 76.9805
136.798 5734 75.7232
136.915 5664 75.2596
137.033 5441 73.7631
137.15 5487 74.0743
137.267 5331 73.0137
137.384 5331 73.0137
137.502 5111 71.4913
137.619 5045 71.0282
137.736 5084 71.3022
137.853 5024 70.8802
137.97 5126 71.5961
138.087 5519 74.29
138.204 5432 73.7021
138.321 5415 73.5867
138.438 5566 74.6056
138.555 5653 75.1864
138.672 5674 75.326
138.788 5676 75.3392
138.905 5471 73.9662
139.022 5011 70.7884
139.139 4629 68.0368
139.255 4394 66.2873
139.372 4354 65.9848
139.488 4617 67.9485
139.605 5086 71.3162
139.721 5326 72.9794
139.838 5627 75.0133
139.954 5639 75.0933
140.071 5701 75.505
140.187 5629 75.0267
140.303 5590 74.7663
140.419 5583 74.7195
140.535 5665 75.2662
140.652 5487 74.0743
140.768 0 1
140.884 0 1
141 0 1
141.115 0 1
141.231 0 1
141.347 0 1
141.463 0 1
141.578 0 1
141.694 0 1
144.104 0 1
144.219 0 1
144.335 0 1
144.45 0 1
144.566 0 1
144.682 0 1
144.798 0 1
144.914 0 1
145.03 0 1
145.146 4931 70.2211
145.262 4947 70.3349
145.378 4846 69.6132
145.494 5048 71.0493
145.61 4866 69.7567
145.726 4868 69.7711
145.842 4817 69.4046
145.959 4623 67.9926
146.075 4635 68.0808
146.192 4407 66.3852
146.308 4390 66.2571
146.425 4366 66.0757
146.541 4354 65.9848
146.658 4414 66.4379
146.774 4558 67.513
146.891 4653 68.2129
147.008 4697 68.5347
147.125 4616 67.9412
147.241 4678 68.3959
147.358 4551 67.4611
147.475 4545 67.4166
147.592 4130 64.2651
147.709 3926 62.6578
147.826 3514 59.279
147.943 3536 59.4643
148.06 3665 60.5392
148.177 4068 63.7809
148.294 4452 66.7233
148.411 4489 67
148.528 4630 68.0441
148.645 4602 67.838
148.762 4545 67.4166
148.88 4538 67.3647
148.997 4382 66.1967
149.114 4679 68.4032
149.231 4449 66.7008
149.349 4584 67.7052
149.466 4378 66.1665
149.583 4388 66.242
149.701 4042 63.5767
149.818 4178 64.6375
149.935 4062 63.7338
150.053 3987 63.1427
150.17 4130 64.2651
150.287 4142 64.3584
150.405 4278 65.4064
150.522 4363 66.053
150.64 4347 65.9318
150.757 4368 66.0908
150.875 4213 64.9076
150.992 4243 65.1383
151.11 4132 64.2806
151.227 3887 62.3458
151.344 3659 60.4897
151.462 3232 56.8507
151.579 3306 57.4978
151.697 3531 59.4222
151.814 3987 63.1427
151.932 4271 65.3529
152.049 4379 66.174
152.167 4357 66.0076
152.284 4446 66.6783
152.402 4400 66.3325
152.519 4290 65.4981
152.636 4352 65.9697
152.754 4405 66.3702
152.871 4493 67.0298
152.989 4297 65.5515
153.106 4325 65.7647
153.223 4273 65.3682
153.341 4211 64.8922
153.458 4143 64.3661
153.575 4100 64.0312
153.693 3926 62.6578
153.81 3988 63.1506
153.927 4138 64.3273
154.044 4197 64.7843
154.162 4286 65.4675
154.279 4422 66.4981
154.396 4317 65.7039
154.513 4398 66.3174
154.63 4280 65.4217
154.747 4135 64.304
154.864 4086 63.9218
154.981 3784 61.5142
155.098 3560 59.6657
155.215 3542 59.5147
155.332 3723 61.0164
155.449 4070 63.7966
155.566 4380 66.1816
155.683 4362 66.0454
155.8 4344 65.909
155.917 4487 66.9851
156.033 4347 65.9318
156.15 0 1
156.267 0 1
156.383 0 1
156.5 0 1
156.617 0 1
156.733 0 1
156.85 0 1
156.966 0 1
157.082 0 1
157.199 0 1
157.315 0 1
157.431 0 1
157.547 0 1
157.664 0 1
157.78 0 1
157.896 0 1
158.012 0 1
158.128 0 1
158.244 0 1
158.359 0 1
158.475 0 1
158.591 0 1
158.706 0 1
