
6.15755 0 1
6.2731 0 1
6.3887 0 1
6.50437 0 1
6.62009 0 1
6.73587 0 1
6.8517 0 1
6.96759 0 1
7.08353 0 1
7.19952 0 1
7.31557 0 1
7.43166 0 1
7.54781 0 1
7.664 0 1
7.78024 0 1
7.89653 0 1
8.01286 0 1
8.12924 0 1
8.24567 0 1
8.36213 0 1
8.47864 0 1
8.59519 0 1
8.71178 0 1
8.82841 0 1
8.94508 0 1
9.06179 0 1
9.17853 0 1
9.29531 0 1
9.41212 0 1
9.52897 0 1
9.64584 0 1
9.76276 0 1
9.8797 0 1
9.99667 0 1
10.1137 0 1
10.2307 0 1
10.3478 0 1
10.4648 0 1
10.5819 0 1
10.6991 0 1
10.8162 0 1
10.9334 0 1
11.0506 0 1
11.1678 0 1
11.285 0 1
11.4023 0 1
11.5196 0 1
11.6369 0 1
11.7542 0 1
11.8715 0 1
11.9888 0 1
12.1062 0 1
12.2235 0 1
12.3409 0 1
12.4582 0 1
12.5756 0 1
12.693 0 1
12.8104 0 1
12.9278 0 1
13.0452 0 1
13.1626 0 1
13.28 0 1
13.3974 0 1
13.5149 0 1
13.6323 0 1
13.7497 0 1
13.8671 0 1
13.9845 0 1
14.1019 0 1
14.2193 0 1
14.3367 0 1
14.4541 0 1
14.5714 0 1
14.6888 0 1
14.8062 0 1
14.9235 0 1
15.0408 0 0
15.1581 0 0
15.2755 0 0
15.3927 0 0
15.51 0 0
15.6273 0 0
15.7445 0 0
15.8617 0 0
15.9789 0 0
16.0961 0 0
16.2132 0 0
16.3304 0 0
16.4475 0 0
16.5646 0 0
16.6816 0 0
16.7986 0 0
16.9156 0 0
17.0326 0 0
17.1496 0 0
17.2665 0 0
17.3833 0 0
17.5002 0 0
17.617 0 0
17.7338 0 0
17.8505 0 0
17.9672 0 0
18.0839 0 0
18.2005 0 0
18.3171 0 0
18.4337 0 0
18.5502 0 0
18.6666 0 0
18.7831 0 0
18.8994 0 0
19.0158 0 0
19.1321 0 0
19.2483 0 0
19.3645 0 0
19.4806 0 0
19.5967 0 0
19.7128 0 0
19.8288 0 0
19.9447 0 0
20.0606 0 1
20.1764 0 1
20.2922 0 1
20.4079 0 1
20.5236 0 1
20.6392 0 1
20.7548 0 1
20.8702 0 1
23.3078 0 1
23.4233 0 1
23.539 0 1
23.6547 0 1
23.7704 0 1
23.8862 0 1
24.0021 0 1
24.118 0 1
24.234 0 1
24.35 0 1
24.4661 1760 41.9524
24.5822 1800 42.4264
24.6984 1686 41.0609
24.8146 1657 40.7063
24.9309 1526 39.064
25.0472 1571 39.6358
25.1636 1582 39.7744
25.28 1653 40.6571
25.3965 1734 41.6413
25.513 1824 42.7083
25.6296 1974 44.4297
25.7462 1966 44.3396
25.8628 1962 44.2945
25.9795 2074 45.5412
26.0962 1988 44.587
26.213 2086 45.6727
26.3298 1899 43.5775
26.4466 2005 44.7772
26.5635 1883 43.3935
26.6804 1848 42.9884
26.7973 1887 43.4396
26.9143 1874 43.2897
27.0313 1959 44.2606
27.1483 1910 43.7035
27.2653 2048 45.2548
27.3824 2014 44.8776
27.4996 2049 45.2659
27.6167 2047 45.2438
27.7339 1974 44.4297
27.8511 1936 44
27.9683 1925 43.8748
28.0855 1802 42.45
28.2028 1794 42.3556
28.3201 1657 40.7063
28.4374 1544 39.2938
28.5547 1488 38.5746
28.6721 1604 40.05
28.7894 1562 39.5221
28.9068 1618 40.2244
29.0242 1749 41.821
29.1416 1835 42.8369
29.259 1945 44.1022
29.3764 1895 43.5316
29.4939 1893 43.5086
29.6113 2049 45.2659
29.7288 1948 44.1362
29.8463 1967 44.3509
29.9638 1922 43.8406
30.0812 1899 43.5775
30.1987 1807 42.5088
30.3162 1790 42.3084
30.4337 1821 42.6732
30.5512 1907 43.6692
30.6687 1924 43.8634
30.7862 1990 44.6094
30.9037 1969 44.3734
31.0212 1932 43.9545
31.1387 2029 45.0444
31.2562 1991 44.6206
31.3737 1985 44.5533
31.4912 1994 44.6542
31.6087 1879 43.3474
31.7262 1840 42.8952
31.8436 1752 41.8569
31.9611 1591 39.8873
32.0785 1575 39.6863
32.1959 1609 40.1123
32.3134 1638 40.4722
32.4308 1674 40.9145
32.5482 1749 41.821
32.6655 1904 43.6348
32.7829 2002 44.7437
32.9002 1980 44.4972
33.0176 1812 42.5676
33.1349 1968 44.3621
33.2522 1953 44.1928
33.3694 1991 44.6206
33.4867 1955 44.2154
33.6039 1912 43.7264
33.7211 1920 43.8178
33.8383 1935 43.9886
33.9554 1922 43.8406
34.0725 1767 42.0357
34.1896 1843 42.9302
34.3067 1928 43.909
34.4237 1974 44.4297
34.5407 2042 45.1885
34.6577 2060 45.3872
34.7746 2021 44.9555
34.8915 2044 45.2106
35.0084 2065 45.4423
35.1252 2015 44.8888
35.242 1971 44.3959
35.3587 1890 43.4741
35.4755 1804 42.4735
35.5921 1650 40.6202
35.7088 1563 39.5348
35.8254 1511 38.8716
35.9419 1505 38.7943
36.0584 1606 40.0749
36.1749 1691 41.1218
36.2913 1767 42.0357
36.4077 1931 43.9431
36.524 1974 44.4297
36.6403 2038 45.1442
36.7565 1904 43.6348
36.8727 1997 44.6878
36.9889 1998 44.699
37.1049 1934 43.9773
37.221 0 1
37.3369 0 1
37.4529 0 1
37.5687 0 1
37.6845 0 1
37.8003 0 1
37.916 0 1
38.0316 0 1
38.1472 0 1
40.5851 0 1
40.7008 0 1
40.8164 0 1
40.9322 0 1
41.048 0 1
41.1639 0 1
41.2798 0 1
41.3958 0 1
41.5118 0 1
41.6279 0 1
41.744 1704 41.2795
41.8602 1741 41.7253
41.9765 1797 42.391
42.0928 1765 42.0119
42.2091 1752 41.8569
42.3255 1817 42.6263
42.4419 1778 42.1663
42.5584 1864 43.1741
42.675 1717 41.4367
42.7915 1641 40.5093
42.9081 1689 41.0974
43.0248 1692 41.1339
43.1415 1823 42.6966
43.2582 1859 43.1161
43.375 1746 41.7852
43.4918 1808 42.5206
43.6087 1734 41.6413
43.7256 1866 43.1972
43.8425 1731 41.6053
43.9595 1692 41.1339
44.0765 1771 42.0833
44.1935 1600 40
44.3106 1511 38.8716
44.4277 1378 37.1214
44.5448 1183 34.3948
44.6619 1242 35.242
44.7791 1203 34.6843
44.8963 1312 36.2215
45.0136 1459 38.1969
45.1308 1540 39.2428
45.2481 1628 40.3485
45.3654 1623 40.2865
45.4827 1613 40.1622
45.6001 1639 40.4846
45.7174 1634 40.4228
45.8348 1574 39.6737
45.9522 1553 39.4081
46.0697 1485 38.5357
46.1871 1488 38.5746
46.3046 1428 37.7889
46.422 1444 38
46.5395 1469 38.3275
46.657 1420 37.6829
46.7745 1464 38.2623
46.892 1499 38.7169
47.0096 1486 38.5487
47.1271 1509 38.8458
47.2446 1481 38.4838
47.3622 1483 38.5097
47.4797 1408 37.5233
47.5973 1409 37.5366
47.7149 1394 37.3363
47.8324 1341 36.6197
47.95 1144 33.8231
48.0675 1081 32.8786
48.1851 965 31.0644
48.3027 959 30.9677
48.4202 1000 31.6228
48.5378 1157 34.0147
48.6554 1213 34.8281
48.7729 1241 35.2278
48.8904 1338 36.5787
49.008 1341 36.6197
49.1255 1426 37.7624
49.243 1403 37.4566
49.3605 1402 37.4433
49.478 1370 37.0135
49.5955 1405 37.4833
49.713 1300 36.0555
49.8304 1330 36.4692
49.9479 1427 37.7757
50.0653 1409 37.5366
50.1827 1482 38.4968
50.3001 1481 38.4838
50.4175 1624 40.2989
50.5348 1673 40.9023
50.6521 1633 40.4104
50.7694 1714 41.4005
50.8867 1790 42.3084
51.004 1733 41.6293
51.1212 1807 42.5088
51.2384 1754 41.8808
51.3556 1741 41.7253
51.4727 1534 39.1663
51.5899 1417 37.6431
51.707 1354 36.7967
51.824 1379 37.1349
51.9411 1589 39.8623
52.0581 1796 42.3792
52.175 1943 44.0795
52.2919 2037 45.1331
52.4088 2108 45.913
52.5257 2081 45.618
52.6425 2226 47.1805
52.7593 2127 46.1194
52.876 2101 45.8367
52.9927 2264 47.5815
53.1094 2290 47.8539
53.226 2260 47.5395
53.3426 2173 46.6154
53.4591 2276 47.7074
53.5756 2272 47.6655
53.692 2256 47.4974
53.8084 2388 48.8672
53.9248 2388 48.8672
54.0411 2435 49.3457
54.1573 2532 50.319
54.2735 0 1
54.3896 0 1
54.5057 0 1
54.6217 0 1
54.7377 0 1
54.8537 0 1
54.9695 0 1
55.0853 0 1
55.2011 0 1
55.3168 0 1
55.4324 0 1
57.824 0 1
57.9396 0 1
58.0553 0 1
58.1711 0 1
58.2869 0 1
58.4028 0 1
58.5187 0 1
58.6347 0 1
58.7508 0 1
58.8669 0 1
58.983 3156 56.1783
59.0992 3348 57.8619
59.2155 3310 57.5326
59.3318 3469 58.8982
59.4482 3515 59.2874
59.5646 3405 58.3524
59.681 3369 58.0431
59.7975 3268 57.1664
59.9141 3233 56.8595
60.0306 3134 55.9821
60.1473 2807 52.9811
60.2639 2561 50.6063
60.3807 2349 48.4665
60.4974 2461 49.6085
60.6142 2584 50.8331
60.731 2790 52.8205
60.8479 3077 55.4707
60.9648 3276 57.2364
61.0818 3474 58.9406
61.1987 3505 59.203
61.3158 3506 59.2115
61.4328 3476 58.9576
61.5499 3457 58.7963
61.667 3488 59.0593
61.7841 3528 59.397
61.9013 3452 58.7537
62.0185 3404 58.3438
62.1357 3315 57.576
62.253 3435 58.6089
62.3702 3522 59.3464
62.4875 3550 59.5819
62.6049 3589 59.9083
62.7222 3663 60.5227
62.8396 3705 60.8687
62.9569 3757 61.2944
63.0743 3656 60.4649
63.1918 3663 60.5227
63.3092 3621 60.1747
63.4267 3386 58.1893
63.5441 3263 57.1227
63.6616 3100 55.6776
63.7791 2693 51.8941
63.8966 2407 49.0612
64.0142 2479 49.7896
64.1317 2794 52.8583
64.2492 3053 55.254
64.3668 3217 56.7186
64.4843 3533 59.439
64.6019 3731 61.0819
64.7195 3768 61.384
64.837 3696 60.7947
64.9546 3736 61.1228
65.0722 3751 61.2454
65.1898 3802 61.6604
65.3074 3710 60.9098
65.4249 3671 60.5888
65.5425 3714 60.9426
65.6601 3649 60.407
65.7777 3582 59.8498
65.8952 3663 60.5227
66.0128 3787 61.5386
66.1304 3795 61.6036
66.2479 3667 60.5558
66.3655 3914 62.562
66.483 3950 62.849
66.6005 4006 63.293
66.718 4014 63.3561
66.8355 3839 61.9597
66.953 3756 61.2862
67.0705 3787 61.5386
67.1879 3629 60.2412
67.3054 3220 56.745
67.4228 2759 52.5262
67.5402 2608 51.0686
67.6576 2693 51.8941
67.7749 2761 52.5452
67.8923 3356 57.931
68.0096 3766 61.3677
68.1269 3993 63.1902
68.2442 4070 63.7966
68.3614 4078 63.8592
68.4787 4139 64.3351
68.5958 4322 65.7419
68.713 4185 64.6916
68.8302 4262 65.284
68.9473 4223 64.9846
69.0643 4135 64.304
69.1814 4245 65.1537
69.2984 4213 64.9076
69.4154 4239 65.1076
69.5323 4225 65
69.6492 4268 65.3299
69.7661 4367 66.0833
69.8829 4467 66.8356
69.9997 4632 68.0588
70.1165 4554 67.4833
70.2332 4696 68.5274
70.3499 4681 68.4178
70.4665 4509 67.1491
70.5831 4384 66.2118
70.6996 4229 65.0308
70.8161 4092 63.9687
70.9326 3818 61.79
71.049 3430 58.5662
71.1653 3044 55.1725
71.2817 2842 53.3104
71.3979 2942 54.2402
71.5141 3220 56.745
71.6303 3554 59.6154
71.7464 3722 61.0082
71.8624 0 1
71.9784 0 1
72.0944 0 1
72.2102 0 1
72.3261 0 1
72.4418 0 1
72.5575 0 1
72.6732 0 1
75.1054 0 1
75.2209 0 1
75.3365 0 1
75.4521 0 1
75.5678 0 1
75.6835 0 1
75.7993 0 1
75.9151 0 1
76.031 0 1
76.147 3848 62.0322
76.263 3806 61.6928
76.3791 3523 59.3549
76.4952 3099 55.6687
76.6113 3062 55.3353
76.7276 3190 56.4801
76.8438 3640 60.3324
76.9601 4153 64.4438
77.0765 4410 66.4078
77.1929 4768 69.0507
77.3093 4879 69.8498
77.4258 4901 70.0071
77.5423 4917 70.1213
77.6589 4873 69.8069
77.7755 4878 69.8427
77.8921 4934 70.2424
78.0088 4765 69.029
78.1256 4732 68.7895
78.2423 4853 69.6635
78.3591 4766 69.0362
78.4759 4789 69.2026
78.5928 4632 68.0588
78.7097 4766 69.0362
78.8266 4991 70.647
78.9436 4733 68.7968
79.0606 4836 69.5414
79.1776 4889 69.9214
79.2946 4971 70.5053
79.4117 4765 69.029
79.5288 4762 69.0072
79.6459 4597 67.8012
79.7631 4221 64.9692
79.8802 4180 64.6529
79.9974 3877 62.2656
80.1147 3407 58.3695
80.2319 3094 55.6237
80.3491 3197 56.542
80.4664 3490 59.0762
80.5837 3924 62.6418
80.701 4389 66.2495
80.8183 4670 68.3374
80.9357 4749 68.913
81.053 4731 68.7823
81.1704 4702 68.5711
81.2877 4663 68.2862
81.4051 4801 69.2892
81.5225 4761 69
81.6399 4645 68.1542
81.7573 4669 68.3301
81.8747 4485 66.9701
81.9922 4604 67.8528
82.1096 4491 67.0149
82.227 4625 68.0074
82.3444 4529 67.2978
82.4619 4493 67.0298
82.5793 4575 67.6387
82.6967 4648 68.1762
82.8142 4711 68.6367
82.9316 4708 68.6149
83.049 4624 68
83.1664 4459 66.7757
83.2838 4216 64.9307
83.4012 4089 63.9453
83.5186 3851 62.0564
83.636 3434 58.6003
83.7534 3195 56.5243
83.8708 2823 53.1319
83.9881 2799 52.9056
84.1055 3139 56.0268
84.2228 3520 59.3296
84.3401 3939 62.7615
84.4575 4391 66.2646
84.5747 4574 67.6314
84.692 4513 67.1789
84.8093 4671 68.3447
84.9265 4450 66.7083
85.0437 4578 67.6609
85.1609 4552 67.4685
85.2781 4592 67.7643
85.3952 4639 68.1102
85.5123 4589 67.7422
85.6294 4714 68.6586
85.7465 4489 67
85.8636 4641 68.1249
85.9806 4655 68.2276
86.0976 4593 67.7717
86.2145 4722 68.7168
86.3315 4723 68.7241
86.4484 5070 71.2039
86.5652 4971 70.5053
86.682 4994 70.6682
86.7988 4927 70.1926
86.9156 4607 67.8749
87.0323 4390 66.2571
87.149 4157 64.4748
87.2657 3899 62.442
87.3823 3634 60.2827
87.4988 3397 58.2838
87.6154 3536 59.4643
87.7318 4048 63.6239
87.8483 4537 67.3573
87.9647 4956 70.3989
88.081 5080 71.2741
88.1973 5211 72.1873
88.3136 5214 72.208
88.4298 5281 72.6705
88.546 5275 72.6292
88.6621 5179 71.9653
88.7781 5118 71.5402
88.8942 0 1
89.0101 0 1
89.126 0 1
89.2419 0 1
89.3577 0 1
89.4734 0 1
89.5891 0 1
89.7047 0 1
89.8203 0 1
89.9358 0 1
92.3269 0 1
92.4424 0 1
92.558 0 1
92.6736 0 1
92.7893 0 1
92.905 0 1
93.0208 0 1
93.1366 0 1
93.2525 0 1
93.3685 0 1
93.4845 0 1
93.6005 5092 71.3583
93.7167 5194 72.0694
93.8328 5214 72.208
93.949 5328 72.9932
94.0653 5134 71.6519
94.1816 5169 71.8958
94.2979 5295 72.7668
94.4143 5176 71.9444
94.5307 5130 71.624
94.6472 5248 72.4431
94.7637 5097 71.3933
94.8803 5168 71.8888
94.9969 5305 72.8354
95.1135 5263 72.5465
95.2302 5335 73.0411
95.3469 5187 72.0208
95.4637 5282 72.6774
95.5805 5587 74.7462
95.6973 5460 73.8918
95.8142 5496 74.135
95.9311 5340 73.0753
96.048 5235 72.3533
96.1649 4890 69.9285
96.2819 4590 67.7495
96.3989 4202 64.8228
96.516 3855 62.0886
96.633 3662 60.5145
96.7501 3748 61.2209
96.8673 3943 62.7933
96.9844 4445 66.6708
97.1016 4962 70.4415
97.2188 5260 72.5259
97.336 5461 73.8986
97.4532 5634 75.06
97.5704 5666 75.2728
97.6877 5529 74.3572
97.805 5589 74.7596
97.9223 5542 74.4446
98.0396 5590 74.7663
98.1569 5463 73.9121
98.2743 5462 73.9053
98.3916 5401 73.4915
98.509 5473 73.9797
98.6264 5479 74.0203
98.7438 5453 73.8444
98.8612 5598 74.8198
98.9786 5656 75.2064
99.096 5628 75.02
99.2134 5538 74.4177
99.3308 5653 75.1864
99.4482 5666 75.2728
99.5656 5718 75.6175
99.6831 5439 73.7496
99.8005 5304 72.8286
99.9179 4882 69.8713
100.035 4588 67.7348
100.153 4109 64.1015
100.27 4079 63.867
100.388 4154 64.4515
100.505 4572 67.6166
100.622 5028 70.9084
100.74 5584 74.7262
100.857 5772 75.9737
100.975 5744 75.7892
101.092 5781 76.0329
101.209 5997 77.4403
101.327 5851 76.4918
101.444 5959 77.1946
101.561 5834 76.3806
101.679 5861 76.5572
101.796 5700 75.4983
101.913 5776 76
102.03 5805 76.1906
102.148 5991 77.4016
102.265 6322 79.511
102.382 5650 75.1665
102.499 5975 77.2981
102.616 5986 77.3692
102.733 5951 77.1427
102.851 6131 78.3007
102.968 6255 79.0886
103.085 5955 77.1686
103.202 6014 77.55
103.319 5725 75.6637
103.436 5366 73.253
103.552 4779 69.1303
103.669 4336 65.8483
103.786 4222 64.9769
103.903 4441 66.6408
104.02 4905 70.0357
104.137 5514 74.2563
104.253 6056 77.8203
104.37 6110 78.1665
104.487 6345 79.6555
104.603 6462 80.3866
104.72 6365 79.781
104.836 6376 79.8499
104.953 6339 79.6178
105.069 6346 79.6618
105.186 6465 80.4052
105.302 6355 79.7183
105.418 6401 80.0062
105.535 6369 79.806
105.651 6427 80.1686
105.767 6247 79.038
105.883 6579 81.111
105.999 6561 81
106.115 0 1
106.231 0 1
106.347 0 1
106.463 0 1
106.579 0 1
106.694 0 1
106.81 0 1
106.926 0 1
107.041 0 1
107.157 0 1
109.576 0 1
109.692 0 1
109.807 0 1
109.923 0 1
110.039 0 1
110.155 0 1
110.27 0 1
110.386 0 1
110.502 0 1
110.618 6042 77.7303
110.735 5957 77.1816
110.851 5997 77.4403
110.967 6133 78.3135
111.083 6306 79.4103
111.199 6194 78.702
111.316 6286 79.2843
111.432 5982 77.3434
111.549 6106 78.1409
111.665 6028 77.6402
111.782 5572 74.6458
111.898 5445 73.7902
112.015 4779 69.1303
112.132 4239 65.1076
112.248 3968 62.9921
112.365 4190 64.7302
112.482 4650 68.1909
112.599 4932 70.2282
112.716 5498 74.1485
112.832 5757 75.8749
112.949 5759 75.8881
113.066 5833 76.3741
113.183 5651 75.1731
113.3 5777 76.0066
113.417 5604 74.8599
113.534 5559 74.5587
113.652 5571 74.6391
113.769 5557 74.5453
113.886 5413 73.5731
114.003 5500 74.162
114.12 5413 73.5731
114.238 5427 73.6682
114.355 5471 73.9662
114.472 5394 73.4439
114.589 5347 73.1232
114.707 5268 72.581
114.824 5383 73.3689
114.942 5416 73.5935
115.059 5453 73.8444
115.176 5412 73.5663
115.294 5201 72.118
115.411 5038 70.9789
115.529 4733 68.7968
115.646 4253 65.215
115.764 3795 61.6036
115.881 3736 61.1228
115.999 3995 63.206
116.116 4620 67.9706
116.234 4931 70.2211
116.351 5275 72.6292
116.469 5470 73.9594
116.586 5415 73.5867
116.704 5507 74.2092
116.821 5416 73.5935
116.939 5375 73.3144
117.056 5422 73.6342
117.174 5523 74.3169
117.291 5500 74.162
117.409 5413 73.5731
117.526 5421 73.6274
117.644 5478 74.0135
117.761 5453 73.8444
117.879 5418 73.6071
117.996 5268 72.581
118.114 5451 73.8309
118.231 5551 74.505
118.349 5313 72.8903
118.466 5528 74.3505
118.584 5502 74.1755
118.701 5359 73.2052
118.819 5549 74.4916
118.936 5196 72.0833
119.053 5098 71.4003
119.171 4734 68.8041
119.288 4352 65.9697
119.405 3799 61.636
119.523 3694 60.7783
119.64 3995 63.206
119.757 4444 66.6633
119.875 4949 70.3491
119.992 5031 70.9295
120.109 5305 72.8354
120.226 5346 73.1163
120.343 5357 73.1915
120.46 5374 73.3076
120.578 5407 73.5323
120.695 5299 72.7942
120.812 5369 73.2735
120.929 5330 73.0068
121.046 5393 73.437
121.163 5426 73.6614
121.279 5397 73.4643
121.396 5385 73.3826
121.513 5297 72.7805
121.63 5377 73.328
121.747 5299 72.7942
121.863 5405 73.5187
121.98 5302 72.8148
122.097 5364 73.2393
122.213 5455 73.858
122.33 5255 72.4914
122.446 5260 72.5259
122.563 5178 71.9583
122.679 5034 70.9507
122.795 4708 68.6149
122.912 4659 68.2569
123.028 4158 64.4826
123.144 3720 60.9918
123.26 3792 61.5792
123.377 0 1
123.493 0 1
123.609 0 1
123.725 0 1
123.84 0 1
123.956 0 1
124.072 0 1
124.188 0 1
124.303 0 1
124.419 0 1
126.852 0 1
126.968 0 1
127.083 0 1
127.199 0 1
127.315 0 1
127.431 0 1
127.547 0 1
127.663 0 1
127.779 0 1
127.895 0 1
128.011 0 1
128.127 0 1
128.243 0 1
128.359 4353 65.9773
128.476 4206 64.8537
128.592 4363 66.053
128.708 4972 70.5124
128.825 5499 74.1552
128.941 5703 75.5182
129.058 5962 77.214
129.174 5924 76.9675
129.291 5938 77.0584
129.408 5964 77.2269
129.524 5994 77.4209
129.641 5900 76.8115
129.758 5987 77.3757
129.875 5910 76.8765
129.992 5859 76.5441
130.108 5878 76.6681
130.225 5895 76.7789
130.342 5842 76.433
130.459 5734 75.7232
130.576 5879 76.6746
130.693 5875 76.6485
130.81 5839 76.4133
130.928 5876 76.6551
131.045 5735 75.7298
131.162 5841 76.4264
131.279 5785 76.0592
131.396 5703 75.5182
131.513 5546 74.4715
131.631 5338 73.0616
131.748 5099 71.4073
131.865 4652 68.2056
131.983 4346 65.9242
132.1 4276 65.3911
132.217 4654 68.2202
132.335 5215 72.215
132.452 5558 74.552
132.57 5856 76.5245
132.687 5618 74.9533
132.804 5838 76.4068
132.922 5855 76.518
133.039 5663 75.2529
133.157 5671 75.306
133.274 5715 75.5976
133.392 5605 74.8665
133.509 5707 75.5447
133.627 5652 75.1798
133.744 5614 74.9266
133.862 5567 74.6123
133.979 5627 75.0133
134.097 5619 74.96
134.214 5676 75.3392
134.332 5575 74.6659
134.449 5668 75.2861
134.567 5545 74.4648
134.684 5698 75.4851
134.802 5852 76.4984
134.919 5716 75.6042
135.037 5605 74.8665
135.154 5477 74.0068
135.272 5105 71.4493
135.389 4844 69.5989
135.507 4427 66.5357
135.624 4240 65.1153
135.742 4363 66.053
135.859 4885 69.8928
135.977 5181 71.9792
136.094 5644 75.1266
136.211 5641 75.1066
136.329 5735 75.7298
136.446 5692 75.4453
136.564 5618 74.9533
136.681 5805 76.1906
136.798 5717 75.6108
136.915 5696 75.4718
137.033 5772 75.9737
137.15 5682 75.379
137.267 5590 74.7663
137.384 5534 74.3909
137.502 5551 74.505
137.619 5417 73.6003
137.736 5425 73.6546
137.853 5335 73.0411
137.97 5408 73.5391
138.087 5829 76.3479
138.204 5479 74.0203
138.321 5512 74.2428
138.438 5633 75.0533
138.555 5594 74.793
138.672 5476 74
138.788 5307 72.8492
138.905 5399 73.4779
139.022 4950 70.3562
139.139 4621 67.9779
139.255 4193 64.7534
139.372 4343 65.9014
139.488 4611 67.9043
139.605 5198 72.0972
139.721 5530 74.364
139.838 5702 75.5116
139.954 5592 74.7797
140.071 5691 75.4387
140.187 5761 75.9013
140.303 5524 74.3236
140.419 5560 74.5654
140.535 5505 74.1957
140.652 5345 73.1095
140.768 0 1
140.884 0 1
141 0 1
141.115 0 1
141.231 0 1
141.347 0 1
141.463 0 1
141.578 0 1
141.694 0 1
144.104 0 1
144.219 0 1
144.335 0 1
144.45 0 1
144.566 0 1
144.682 0 1
144.798 0 1
144.914 0 1
145.03 0 1
145.146 4909 70.0643
145.262 5066 71.1758
145.378 4916 70.1142
145.494 4842 69.5845
145.61 5000 70.7107
145.726 4756 68.9638
145.842 4786 69.1809
145.959 4557 67.5056
146.075 4642 68.1322
146.192 4606 67.8675
146.308 4609 67.8896
146.425 4708 68.6149
146.541 4590 67.7495
146.658 4582 67.6905
146.774 4680 68.4105
146.891 4674 68.3667
147.008 4793 69.2315
147.125 4793 69.2315
147.241 4788 69.1954
147.358 4606 67.8675
147.475 4388 66.242
147.592 4157 64.4748
147.709 3899 62.442
147.826 3795 61.6036
147.943 3636 60.2993
148.06 4058 63.7024
148.177 4247 65.169
148.294 4417 66.4605
148.411 4694 68.5128
148.528 4673 68.3593
148.645 4657 68.2422
148.762 4777 69.1158
148.88 4559 67.5204
148.997 4478 66.9179
149.114 4680 68.4105
149.231 4660 68.2642
149.349 4538 67.3647
149.466 4316 65.6963
149.583 4365 66.0681
149.701 4578 67.6609
149.818 4408 66.3928
149.935 4280 65.4217
150.053 4265 65.307
150.17 4353 65.9773
150.287 4360 66.0303
150.405 4356 66
150.522 4456 66.7533
150.64 4490 67.0075
150.757 4540 67.3795
150.875 4522 67.2458
150.992 4444 66.6633
151.11 4356 66
151.227 4015 63.364
151.344 3601 60.0083
151.462 3521 59.338
151.579 3603 60.025
151.697 3851 62.0564
151.814 4257 65.2457
151.932 4488 66.9925
152.049 4496 67.0522
152.167 4593 67.7717
152.284 4593 67.7717
152.402 4559 67.5204
152.519 4605 67.8602
152.636 4613 67.9191
152.754 4481 66.9403
152.871 4495 67.0448
152.989 4471 66.8655
153.106 4352 65.9697
153.223 4313 65.6734
153.341 4242 65.1306
153.458 4255 65.2304
153.575 4257 65.2457
153.693 4254 65.2227
153.81 4424 66.5132
153.927 4489 67
154.044 4422 66.4981
154.162 4495 67.0448
154.279 4506 67.1267
154.396 4753 68.942
154.513 4605 67.8602
154.63 4612 67.9117
154.747 4417 66.4605
154.864 4216 64.9307
154.981 4024 63.435
155.098 3785 61.5224
155.215 3722 61.0082
155.332 4023 63.4271
155.449 4327 65.7799
155.566 4690 68.4836
155.683 4495 67.0448
155.8 4598 67.8086
155.917 4581 67.6831
156.033 4707 68.6076
156.15 0 1
156.267 0 1
156.383 0 1
156.5 0 1
156.617 0 1
156.733 0 1
156.85 0 1
156.966 0 1
157.082 0 1
157.199 0 1
157.315 0 1
157.431 0 1
157.547 0 1
157.664 0 1
157.78 0 1
157.896 0 1
158.012 0 1
158.128 0 1
158.244 0 1
158.359 0 1
158.475 0 1
158.591 0 1
158.706 0 1
