
6.15755 0 1
6.2731 0 1
6.3887 0 1
6.50437 0 1
6.62009 0 1
6.73587 0 1
6.8517 0 1
6.96759 0 1
7.08353 0 1
7.19952 0 1
7.31557 0 1
7.43166 0 1
7.54781 0 1
7.664 0 1
7.78024 0 1
7.89653 0 1
8.01286 0 1
8.12924 0 1
8.24567 0 1
8.36213 0 1
8.47864 0 1
8.59519 0 1
8.71178 0 1
8.82841 0 1
8.94508 0 1
9.06179 0 1
9.17853 0 1
9.29531 0 1
9.41212 0 1
9.52897 0 1
9.64584 0 1
9.76276 0 1
9.8797 0 1
9.99667 0 1
10.1137 0 1
10.2307 0 1
10.3478 0 1
10.4648 0 1
10.5819 0 1
10.6991 0 1
10.8162 0 1
10.9334 0 1
11.0506 0 1
11.1678 0 1
11.285 0 1
11.4023 0 1
11.5196 0 1
11.6369 0 1
11.7542 0 1
11.8715 0 1
11.9888 0 1
12.1062 0 1
12.2235 0 1
12.3409 0 1
12.4582 0 1
12.5756 0 1
12.693 0 1
12.8104 0 1
12.9278 0 1
13.0452 0 1
13.1626 0 1
13.28 0 1
13.3974 0 1
13.5149 0 1
13.6323 0 1
13.7497 0 1
13.8671 0 1
13.9845 0 1
14.1019 0 1
14.2193 0 1
14.3367 0 1
14.4541 0 1
14.5714 0 1
14.6888 0 1
14.8062 0 1
14.9235 0 1
15.0408 0 0
15.1581 0 0
15.2755 0 0
15.3927 0 0
15.51 0 0
15.6273 0 0
15.7445 0 0
15.8617 0 0
15.9789 0 0
16.0961 0 0
16.2132 0 0
16.3304 0 0
16.4475 0 0
16.5646 0 0
16.6816 0 0
16.7986 0 0
16.9156 0 0
17.0326 0 0
17.1496 0 0
17.2665 0 0
17.3833 0 0
17.5002 0 0
17.617 0 0
17.7338 0 0
17.8505 0 0
17.9672 0 0
18.0839 0 0
18.2005 0 0
18.3171 0 0
18.4337 0 0
18.5502 0 0
18.6666 0 0
18.7831 0 0
18.8994 0 0
19.0158 0 0
19.1321 0 0
19.2483 0 0
19.3645 0 0
19.4806 0 0
19.5967 0 0
19.7128 0 0
19.8288 0 0
19.9447 0 0
20.0606 0 1
20.1764 0 1
20.2922 0 1
20.4079 0 1
20.5236 0 1
20.6392 0 1
20.7548 0 1
20.8702 0 1
23.3078 0 1
23.4233 0 1
23.539 0 1
23.6547 0 1
23.7704 0 1
23.8862 0 1
24.0021 0 1
24.118 0 1
24.234 0 1
24.35 0 1
24.4661 10632 103.112
24.5822 10433 102.142
24.6984 10507 102.504
24.8146 10287 101.425
24.9309 10228 101.134
25.0472 10106 100.529
25.1636 10468 102.313
25.28 10729 103.581
25.3965 11061 105.171
25.513 11263 106.127
25.6296 11728 108.296
25.7462 12396 111.337
25.8628 12458 111.615
25.9795 12076 109.891
26.0962 12312 110.959
26.213 12482 111.723
26.3298 12016 109.618
26.4466 11571 107.569
26.5635 10963 104.704
26.6804 10414 102.049
26.7973 10759 103.726
26.9143 10904 104.422
27.0313 11129 105.494
27.1483 11259 106.108
27.2653 11581 107.615
27.3824 11743 108.365
27.4996 11830 108.766
27.6167 11727 108.291
27.7339 11639 107.884
27.8511 11363 106.597
27.9683 11017 104.962
28.0855 10823 104.034
28.2028 10386 101.912
28.3201 10499 102.465
28.4374 10200 100.995
28.5547 10091 100.454
28.6721 10189 100.941
28.7894 10425 102.103
28.9068 10566 102.791
29.0242 11037 105.057
29.1416 11164 105.66
29.259 11647 107.921
29.3764 11819 108.715
29.4939 11822 108.729
29.6113 11988 109.49
29.7288 11901 109.092
29.8463 11451 107.009
29.9638 10862 104.221
30.0812 10304 101.509
30.1987 10197 100.98
30.3162 9994 99.97
30.4337 10497 102.455
30.5512 10621 103.058
30.6687 10883 104.322
30.7862 10956 104.671
30.9037 11489 107.187
31.0212 11209 105.873
31.1387 11488 107.182
31.2562 11457 107.037
31.3737 11387 106.71
31.4912 10804 103.942
31.6087 10764 103.75
31.7262 10584 102.879
31.8436 10227 101.129
31.9611 10145 100.722
32.0785 9891 99.4535
32.1959 9957 99.7848
32.3134 10274 101.361
32.4308 10466 102.303
32.5482 11003 104.895
32.6655 11181 105.74
32.7829 11671 108.032
32.9002 11758 108.434
33.0176 11739 108.347
33.1349 11673 108.042
33.2522 11592 107.666
33.3694 11729 108.301
33.4867 11480 107.145
33.6039 10766 103.759
33.7211 10279 101.385
33.8383 9789 98.9394
33.9554 9768 98.8332
34.0725 9834 99.1665
34.1896 10395 101.956
34.3067 10904 104.422
34.4237 10979 104.781
34.5407 10948 104.633
34.6577 11202 105.84
34.7746 11203 105.844
34.8915 11006 104.909
35.0084 11119 105.447
35.1252 10815 103.995
35.242 10728 103.576
35.3587 10394 101.951
35.4755 10488 102.411
35.5921 10250 101.242
35.7088 10077 100.384
35.8254 9811 99.0505
35.9419 9914 99.5691
36.0584 10156 100.777
36.1749 10355 101.76
36.2913 10669 103.291
36.4077 10980 104.785
36.524 11211 105.882
36.6403 11553 107.485
36.7565 11617 107.782
36.8727 11112 105.413
36.9889 11339 106.485
37.1049 10981 104.79
37.221 0 1
37.3369 0 1
37.4529 0 1
37.5687 0 1
37.6845 0 1
37.8003 0 1
37.916 0 1
38.0316 0 1
38.1472 0 1
40.5851 0 1
40.7008 0 1
40.8164 0 1
40.9322 0 1
41.048 0 1
41.1639 0 1
41.2798 0 1
41.3958 0 1
41.5118 0 1
41.6279 0 1
41.744 8684 93.188
41.8602 9041 95.0842
41.9765 9397 96.9381
42.0928 9376 96.8297
42.2091 9277 96.3172
42.3255 8842 94.0319
42.4419 8055 89.7497
42.5584 7924 89.0169
42.675 7368 85.8371
42.7915 7591 87.1263
42.9081 8103 90.0167
43.0248 8530 92.358
43.1415 8638 92.9408
43.2582 8668 93.1021
43.375 8825 93.9415
43.4918 8882 94.2444
43.6087 8831 93.9734
43.7256 8684 93.188
43.8425 8608 92.7793
43.9595 8282 91.0055
44.0765 8190 90.4986
44.1935 7762 88.1022
44.3106 7713 87.8237
44.4277 7310 85.4985
44.5448 6966 83.4626
44.6619 6968 83.4745
44.7791 7200 84.8528
44.8963 7353 85.7496
45.0136 7400 86.0233
45.1308 7745 88.0057
45.2481 7868 88.7017
45.3654 7919 88.9888
45.4827 7939 89.1011
45.6001 7603 87.1952
45.7174 7708 87.7952
45.8348 7294 85.4049
45.9522 6716 81.9512
46.0697 6360 79.7496
46.1871 5846 76.4591
46.3046 5729 75.6902
46.422 5987 77.3757
46.5395 6412 80.075
46.657 6689 81.7863
46.7745 6823 82.6015
46.892 6876 82.9216
47.0096 6782 82.3529
47.1271 6744 82.1219
47.2446 6840 82.7043
47.3622 6648 81.5353
47.4797 6586 81.1542
47.5973 6388 79.925
47.7149 5997 77.4403
47.8324 5836 76.3937
47.95 5568 74.619
48.0675 5573 74.6525
48.1851 5216 72.2219
48.3027 5252 72.4707
48.4202 5429 73.6817
48.5378 5607 74.8799
48.6554 5755 75.8617
48.7729 5938 77.0584
48.8904 5986 77.3692
49.008 6155 78.4538
49.1255 6039 77.711
49.243 5952 77.1492
49.3605 5667 75.2795
49.478 5169 71.8958
49.5955 4844 69.5989
49.713 4533 67.3276
49.8304 4589 67.7422
49.9479 4989 70.6329
50.0653 5481 74.0338
50.1827 5724 75.6571
50.3001 5933 77.026
50.4175 6227 78.9113
50.5348 6512 80.697
50.6521 6326 79.5362
50.7694 6623 81.3818
50.8867 6712 81.9268
51.004 6662 81.6211
51.1212 6657 81.5904
51.2384 6794 82.4257
51.3556 6542 80.8826
51.4727 6642 81.4985
51.5899 6359 79.7433
51.707 6371 79.8185
51.824 6741 82.1036
51.9411 7025 83.8153
52.0581 7588 87.1091
52.175 7918 88.9831
52.2919 8149 90.2718
52.4088 8333 91.2853
52.5257 8512 92.2605
52.6425 8748 93.5307
52.7593 8800 93.8083
52.876 8396 91.6297
52.9927 7996 89.4204
53.1094 7329 85.6096
53.226 6931 83.2526
53.3426 6632 81.4371
53.4591 7043 83.9226
53.5756 7605 87.2067
53.692 8450 91.9239
53.8084 8810 93.8616
53.9248 9200 95.9166
54.0411 9366 96.7781
54.1573 9340 96.6437
54.2735 0 1
54.3896 0 1
54.5057 0 1
54.6217 0 1
54.7377 0 1
54.8537 0 1
54.9695 0 1
55.0853 0 1
55.2011 0 1
55.3168 0 1
55.4324 0 1
57.824 0 1
57.9396 0 1
58.0553 0 1
58.1711 0 1
58.2869 0 1
58.4028 0 1
58.5187 0 1
58.6347 0 1
58.7508 0 1
58.8669 0 1
58.983 10367 101.818
59.0992 11042 105.081
59.2155 11264 106.132
59.3318 11457 107.037
59.4482 11594 107.675
59.5646 11487 107.177
59.681 11494 107.21
59.7975 11218 105.915
59.9141 10867 104.245
60.0306 10414 102.049
60.1473 10278 101.38
60.2639 9827 99.1312
60.3807 9629 98.1275
60.4974 9629 98.1275
60.6142 9913 99.564
60.731 10504 102.489
60.8479 10605 102.981
60.9648 10848 104.154
61.0818 11010 104.929
61.1987 10808 103.962
61.3158 10649 103.194
61.4328 9989 99.945
61.5499 9316 96.5194
61.667 8934 94.5198
61.7841 8061 89.7831
61.9013 8080 89.8888
62.0185 8078 89.8777
62.1357 8616 92.8224
62.253 9141 95.6086
62.3702 9636 98.1631
62.4875 9826 99.1262
62.6049 9987 99.935
62.7222 10261 101.297
62.8396 10471 102.328
62.9569 10399 101.975
63.0743 10210 101.045
63.1918 10164 100.817
63.3092 9810 99.0454
63.4267 9815 99.0707
63.5441 9362 96.7574
63.6616 9188 95.8541
63.7791 8735 93.4612
63.8966 8761 93.6002
64.0142 8546 92.4446
64.1317 8876 94.2125
64.2492 9435 97.1339
64.3668 9475 97.3396
64.4843 9860 99.2975
64.6019 9892 99.4585
64.7195 9861 99.3026
64.837 9729 98.6357
64.9546 9392 96.9123
65.0722 8659 93.0537
65.1898 7982 89.342
65.3074 7454 86.3366
65.4249 7082 84.1546
65.5425 7222 84.9824
65.6601 7586 87.0976
65.7777 8026 89.5879
65.8952 8584 92.6499
66.0128 9086 95.3205
66.1304 9411 97.0103
66.2479 9686 98.4175
66.3655 9534 97.6422
66.483 9854 99.2673
66.6005 9653 98.2497
66.718 9673 98.3514
66.8355 9421 97.0618
66.953 9545 97.6985
67.0705 9218 96.0104
67.1879 8958 94.6467
67.3054 8656 93.0376
67.4228 8185 90.471
67.5402 8284 91.0165
67.6576 8295 91.0769
67.7749 8666 93.0914
67.8923 9117 95.483
68.0096 9638 98.1733
68.1269 10056 100.28
68.2442 10140 100.698
68.3614 10140 100.698
68.4787 10198 100.985
68.5958 9995 99.975
68.713 9343 96.6592
68.8302 8820 93.9149
68.9473 8377 91.526
69.0643 7988 89.3756
69.1814 8192 90.5097
69.2984 9005 94.8947
69.4154 9635 98.158
69.5323 10547 102.699
69.6492 11114 105.423
69.7661 11870 108.95
69.8829 12460 111.624
69.9997 12952 113.807
70.1165 13213 114.948
70.2332 13811 117.52
70.3499 13756 117.286
70.4665 13709 117.085
70.5831 14019 118.402
70.6996 13745 117.239
70.8161 13474 116.078
70.9326 13042 114.202
71.049 12400 111.355
71.1653 12359 111.171
71.2817 12628 112.374
71.3979 13124 114.56
71.5141 13670 116.919
71.6303 14348 119.783
71.7464 13146 114.656
71.8624 0 1
71.9784 0 1
72.0944 0 1
72.2102 0 1
72.3261 0 1
72.4418 0 1
72.5575 0 1
72.6732 0 1
75.1054 0 1
75.2209 0 1
75.3365 0 1
75.4521 0 1
75.5678 0 1
75.6835 0 1
75.7993 0 1
75.9151 0 1
76.031 0 1
76.147 13836 117.627
76.263 14296 119.566
76.3791 13844 117.661
76.4952 13105 114.477
76.6113 13231 115.026
76.7276 13514 116.25
76.8438 14461 120.254
76.9601 15058 122.711
77.0765 14908 122.098
77.1929 14699 121.239
77.3093 14845 121.84
77.4258 14503 120.428
77.5423 13478 116.095
77.6589 12336 111.068
77.7755 10934 104.566
77.8921 9992 99.96
78.0088 8864 94.1488
78.1256 8354 91.4002
78.2423 8601 92.7416
78.3591 9160 95.7079
78.4759 10026 100.13
78.5928 10569 102.806
78.7097 10762 103.74
78.8266 11171 105.693
78.9436 11505 107.261
79.0606 11017 104.962
79.1776 11169 105.683
79.2946 11351 106.541
79.4117 10812 103.981
79.5288 10636 103.131
79.6459 10453 102.24
79.7631 9897 99.4837
79.8802 9423 97.0721
79.9974 8715 93.3542
80.1147 8189 90.4931
80.2319 8060 89.7775
80.3491 8472 92.0435
80.4664 9089 95.3362
80.5837 9315 96.5142
80.701 9367 96.7833
80.8183 9427 97.0927
80.9357 9479 97.3602
81.053 9375 96.8246
81.1704 9248 96.1665
81.2877 8600 92.7362
81.4051 7826 88.4647
81.5225 7434 86.2206
81.6399 6564 81.0185
81.7573 6242 79.0063
81.8747 6013 77.5435
81.9922 6822 82.5954
82.1096 7353 85.7496
82.227 7992 89.398
82.3444 8263 90.901
82.4619 8530 92.358
82.5793 8862 94.1382
82.6967 8793 93.771
82.8142 9157 95.6922
82.9316 9130 95.551
83.049 9060 95.184
83.1664 8952 94.615
83.2838 8858 94.1169
83.4012 8371 91.4932
83.5186 8160 90.3327
83.636 7626 87.327
83.7534 7401 86.0291
83.8708 7338 85.6621
83.9881 7831 88.4929
84.1055 8436 91.8477
84.2228 8878 94.2231
84.3401 9248 96.1665
84.4575 9436 97.1391
84.5747 9397 96.9381
84.692 9363 96.7626
84.8093 9164 95.7288
84.9265 8317 91.1976
85.0437 7924 89.0169
85.1609 7320 85.557
85.2781 6718 81.9634
85.3952 6767 82.2618
85.5123 7336 85.6505
85.6294 8326 91.2469
85.7465 8871 94.186
85.8636 9618 98.0714
85.9806 10199 100.99
86.0976 10787 103.86
86.2145 10968 104.728
86.3315 11296 106.283
86.4484 11578 107.601
86.5652 11644 107.907
86.682 11706 108.194
86.7988 11608 107.74
86.9156 11464 107.07
87.0323 11324 106.414
87.149 10740 103.634
87.2657 10180 100.896
87.3823 10094 100.469
87.4988 10418 102.069
87.6154 10919 104.494
87.7318 11640 107.889
87.8483 12225 110.567
87.9647 12659 112.512
88.081 12460 111.624
88.1973 12454 111.597
88.3136 12186 110.39
88.4298 11528 107.369
88.546 10513 102.533
88.6621 9646 98.2141
88.7781 8787 93.739
88.8942 0 1
89.0101 0 1
89.126 0 1
89.2419 0 1
89.3577 0 1
89.4734 0 1
89.5891 0 1
89.7047 0 1
89.8203 0 1
89.9358 0 1
92.3269 0 1
92.4424 0 1
92.558 0 1
92.6736 0 1
92.7893 0 1
92.905 0 1
93.0208 0 1
93.1366 0 1
93.2525 0 1
93.3685 0 1
93.4845 0 1
93.6005 11384 106.696
93.7167 11301 106.306
93.8328 10894 104.374
93.949 9831 99.1514
94.0653 8948 94.5939
94.1816 8538 92.4013
94.2979 8060 89.7775
94.4143 7812 88.3855
94.5307 8031 89.6158
94.6472 8461 91.9837
94.7637 9170 95.7601
94.8803 9690 98.4378
94.9969 9980 99.8999
95.1135 10340 101.686
95.2302 10759 103.726
95.3469 10989 104.828
95.4637 11114 105.423
95.5805 11089 105.304
95.6973 11180 105.736
95.8142 11216 105.906
95.9311 10848 104.154
96.048 10633 103.116
96.1649 10394 101.951
96.2819 9996 99.98
96.3989 9609 98.0255
96.516 9184 95.8332
96.633 9447 97.1957
96.7501 9723 98.6053
96.8673 10294 101.459
96.9844 10694 103.412
97.1016 10802 103.933
97.2188 10725 103.562
97.336 10724 103.557
97.4532 10260 101.292
97.5704 9664 98.3056
97.6877 8901 94.3451
97.805 8232 90.7304
97.9223 7667 87.5614
98.0396 7297 85.4225
98.1569 7299 85.4342
98.2743 7847 88.5833
98.3916 8437 91.8531
98.509 9386 96.8814
98.6264 9686 98.4175
98.7438 10011 100.055
98.8612 10222 101.104
98.9786 10774 103.798
99.096 10874 104.278
99.2134 11015 104.952
99.3308 10938 104.585
99.4482 11064 105.186
99.5656 10760 103.73
99.6831 10725 103.562
99.8005 10219 101.089
99.9179 9990 99.95
100.035 9474 97.3345
100.153 9623 98.0969
100.27 9877 99.3831
100.388 10258 101.282
100.505 10725 103.562
100.622 10825 104.043
100.74 11032 105.033
100.857 10928 104.537
100.975 10790 103.875
101.092 10373 101.848
101.209 9867 99.3328
101.327 8810 93.8616
101.444 8287 91.033
101.561 7755 88.0625
101.679 7476 86.4639
101.796 7683 87.6527
101.913 8315 91.1866
102.03 9169 95.7549
102.148 9879 99.3932
102.265 10972 104.747
102.382 10199 100.99
102.499 10904 104.422
102.616 11131 105.504
102.733 11319 106.391
102.851 11418 106.855
102.968 11620 107.796
103.085 11721 108.264
103.202 11335 106.466
103.319 11073 105.228
103.436 10544 102.684
103.552 10053 100.265
103.669 10066 100.329
103.786 10316 101.568
103.903 10886 104.336
104.02 11184 105.754
104.137 11664 108
104.253 11925 109.202
104.37 11448 106.995
104.487 11833 108.78
104.603 11155 105.617
104.72 10458 102.264
104.836 9852 99.2572
104.953 9031 95.0316
105.069 8473 92.0489
105.186 8051 89.7274
105.302 8634 92.9193
105.418 9268 96.2705
105.535 10293 101.454
105.651 10896 104.384
105.767 11311 106.353
105.883 11685 108.097
105.999 12030 109.681
106.115 0 1
106.231 0 1
106.347 0 1
106.463 0 1
106.579 0 1
106.694 0 1
106.81 0 1
106.926 0 1
107.041 0 1
107.157 0 1
109.576 0 1
109.692 0 1
109.807 0 1
109.923 0 1
110.039 0 1
110.155 0 1
110.27 0 1
110.386 0 1
110.502 0 1
110.618 9691 98.4429
110.735 10577 102.845
110.851 10989 104.828
110.967 11458 107.042
111.083 11517 107.317
111.199 11770 108.49
111.316 12118 110.082
111.432 12229 110.585
111.549 11898 109.078
111.665 11992 109.508
111.782 11837 108.798
111.898 11293 106.269
112.015 10490 102.421
112.132 10356 101.764
112.248 10178 100.886
112.365 10661 103.252
112.482 11332 106.452
112.599 11322 106.405
112.716 11589 107.652
112.832 11500 107.238
112.949 11292 106.264
113.066 11247 106.052
113.183 10834 104.087
113.3 9804 99.0152
113.417 9010 94.921
113.534 8474 92.0543
113.652 7991 89.3924
113.769 7791 88.2666
113.886 8055 89.7497
114.003 8555 92.4932
114.12 9462 97.2728
114.238 9861 99.3026
114.355 10394 101.951
114.472 11291 106.259
114.589 10195 100.97
114.707 11345 106.513
114.824 11213 105.891
114.942 11527 107.364
115.059 11395 106.747
115.176 11558 107.508
115.294 11306 106.33
115.411 11389 106.719
115.529 10901 104.408
115.646 10355 101.76
115.764 10214 101.064
115.881 10374 101.853
115.999 10781 103.832
116.116 11180 105.736
116.234 11493 107.205
116.351 11672 108.037
116.469 11491 107.196
116.586 11510 107.285
116.704 11284 106.226
116.821 10444 102.196
116.939 9597 97.9643
117.056 9121 95.5039
117.174 8786 93.7337
117.291 8093 89.9611
117.409 8082 89.8999
117.526 8508 92.2388
117.644 9387 96.8865
117.761 9916 99.5791
117.879 10241 101.198
117.996 10496 102.45
118.114 11093 105.323
118.231 11216 105.906
118.349 11398 106.761
118.466 11631 107.847
118.584 11436 106.939
118.701 11726 108.287
118.819 11618 107.787
118.936 11372 106.64
119.053 11232 105.981
119.171 10990 104.833
119.288 10425 102.103
119.405 10421 102.083
119.523 10521 102.572
119.64 11142 105.556
119.757 11383 106.691
119.875 11401 106.775
119.992 11572 107.573
120.109 11524 107.35
120.226 11477 107.131
120.343 11323 106.41
120.46 10701 103.446
120.578 10054 100.27
120.695 9475 97.3396
120.812 8635 92.9247
120.929 8262 90.8955
121.046 8240 90.7744
121.163 8267 90.923
121.279 9017 94.9579
121.396 9645 98.209
121.513 10164 100.817
121.63 10408 102.02
121.747 11092 105.319
121.863 11096 105.338
121.98 11044 105.09
122.097 11440 106.958
122.213 11504 107.257
122.33 11647 107.921
122.446 11653 107.949
122.563 11592 107.666
122.679 11405 106.794
122.795 11079 105.257
122.912 10656 103.228
123.028 10295 101.464
123.144 10464 102.294
123.26 10595 102.932
123.377 0 1
123.493 0 1
123.609 0 1
123.725 0 1
123.84 0 1
123.956 0 1
124.072 0 1
124.188 0 1
124.303 0 1
124.419 0 1
126.852 0 1
126.968 0 1
127.083 0 1
127.199 0 1
127.315 0 1
127.431 0 1
127.547 0 1
127.663 0 1
127.779 0 1
127.895 0 1
128.011 0 1
128.127 0 1
128.243 0 1
128.359 12218 110.535
128.476 12957 113.829
128.592 13328 115.447
128.708 13846 117.669
128.825 13936 118.051
128.941 14148 118.945
129.058 14154 118.971
129.174 13958 118.144
129.291 13555 116.426
129.408 13229 115.017
129.524 12176 110.345
129.641 11457 107.037
129.758 10959 104.685
129.875 10393 101.946
129.992 10358 101.774
130.108 10508 102.509
130.225 11261 106.118
130.342 11552 107.48
130.459 11908 109.124
130.576 12558 112.062
130.693 12941 113.759
130.81 13272 115.204
130.928 13447 115.961
131.045 13809 117.512
131.162 13925 118.004
131.279 13798 117.465
131.396 13802 117.482
131.513 13574 116.508
131.631 13348 115.534
131.748 13219 114.974
131.865 12683 112.619
131.983 12741 112.876
132.1 13392 115.724
132.217 13797 117.461
132.335 14059 118.571
132.452 13985 118.258
132.57 14075 118.638
132.687 13534 116.336
132.804 14169 119.034
132.922 13045 114.215
133.039 12479 111.709
133.157 11743 108.365
133.274 11122 105.461
133.392 10702 103.45
133.509 10286 101.42
133.627 10365 101.809
133.744 10803 103.937
133.862 11061 105.171
133.979 11678 108.065
134.097 11920 109.179
134.214 12545 112.004
134.332 12691 112.654
134.449 12981 113.934
134.567 13030 114.149
134.684 13251 115.113
134.802 13520 116.276
134.919 13570 116.49
135.037 13333 115.469
135.154 13303 115.339
135.272 12869 113.442
135.389 12705 112.716
135.507 12757 112.947
135.624 12862 113.411
135.742 13255 115.13
135.859 13705 117.068
135.977 13832 117.61
136.094 13736 117.201
136.211 13683 116.974
136.329 13724 117.149
136.446 13574 116.508
136.564 12814 113.199
136.681 12129 110.132
136.798 11695 108.143
136.915 11164 105.66
137.033 10399 101.975
137.15 10311 101.543
137.267 10423 102.093
137.384 10633 103.116
137.502 11127 105.485
137.619 11465 107.075
137.736 11789 108.577
137.853 12128 110.127
137.97 12357 111.162
138.087 12404 111.373
138.204 12978 113.921
138.321 12952 113.807
138.438 13541 116.366
138.555 13358 115.577
138.672 13601 116.623
138.788 13346 115.525
138.905 13223 114.991
139.022 12891 113.539
139.139 13002 114.026
139.255 13205 114.913
139.372 13466 116.043
139.488 13663 116.889
139.605 14033 118.461
139.721 14299 119.578
139.838 13941 118.072
139.954 14028 118.44
140.071 13541 116.366
140.187 13196 114.874
140.303 12592 112.214
140.419 12108 110.036
140.535 11388 106.715
140.652 10973 104.752
140.768 0 1
140.884 0 1
141 0 1
141.115 0 1
141.231 0 1
141.347 0 1
141.463 0 1
141.578 0 1
141.694 0 1
144.104 0 1
144.219 0 1
144.335 0 1
144.45 0 1
144.566 0 1
144.682 0 1
144.798 0 1
144.914 0 1
145.03 0 1
145.146 12815 113.203
145.262 12079 109.905
145.378 11791 108.586
145.494 11406 106.799
145.61 10945 104.618
145.726 10697 103.426
145.842 10512 102.528
145.959 10795 103.899
146.075 11052 105.128
146.192 11369 106.626
146.308 11722 108.268
146.425 11812 108.683
146.541 12125 110.114
146.658 12535 111.96
146.774 12734 112.845
146.891 12936 113.737
147.008 12984 113.947
147.125 13108 114.49
147.241 13169 114.756
147.358 13240 115.065
147.475 12541 111.987
147.592 12369 111.216
147.709 12111 110.05
147.826 12299 110.901
147.943 12606 112.276
148.06 12937 113.741
148.177 13136 114.612
148.294 13184 114.822
148.411 13320 115.412
148.528 13315 115.391
148.645 12797 113.124
148.762 13031 114.153
148.88 12389 111.306
148.997 11517 107.317
149.114 11475 107.121
149.231 10931 104.551
149.349 10533 102.63
149.466 9776 98.8737
149.583 10140 100.698
149.701 10318 101.578
149.818 10817 104.005
149.935 10782 103.836
150.053 10975 104.762
150.17 11150 105.594
150.287 11543 107.438
150.405 11667 108.014
150.522 12155 110.25
150.64 12138 110.173
150.757 12371 111.225
150.875 12286 110.842
150.992 12010 109.59
151.11 12106 110.027
151.227 11834 108.784
151.344 11491 107.196
151.462 11535 107.401
151.579 11953 109.33
151.697 12466 111.651
151.814 12621 112.343
151.932 12758 112.951
152.049 12808 113.172
152.167 12749 112.911
152.284 12656 112.499
152.402 12562 112.08
152.519 11971 109.412
152.636 11448 106.995
152.754 11079 105.257
152.871 10851 104.168
152.989 10279 101.385
153.106 10124 100.618
153.223 10056 100.28
153.341 10280 101.39
153.458 10674 103.315
153.575 10748 103.673
153.693 10750 103.682
153.81 11136 105.527
153.927 11367 106.616
154.044 11737 108.337
154.162 11748 108.388
154.279 12309 110.946
154.396 12542 111.991
154.513 12671 112.566
154.63 12592 112.214
154.747 12515 111.87
154.864 12183 110.377
154.981 11568 107.555
155.098 11726 108.287
155.215 12161 110.277
155.332 12754 112.934
155.449 12813 113.195
155.566 12701 112.699
155.683 12776 113.031
155.8 12821 113.23
155.917 12932 113.719
156.033 12706 112.721
156.15 0 1
156.267 0 1
156.383 0 1
156.5 0 1
156.617 0 1
156.733 0 1
156.85 0 1
156.966 0 1
157.082 0 1
157.199 0 1
157.315 0 1
157.431 0 1
157.547 0 1
157.664 0 1
157.78 0 1
157.896 0 1
158.012 0 1
158.128 0 1
158.244 0 1
158.359 0 1
158.475 0 1
158.591 0 1
158.706 0 1
