
6.15755 0 1
6.2731 0 1
6.3887 0 1
6.50437 0 1
6.62009 0 1
6.73587 0 1
6.8517 0 1
6.96759 0 1
7.08353 0 1
7.19952 0 1
7.31557 0 1
7.43166 0 1
7.54781 0 1
7.664 0 1
7.78024 0 1
7.89653 0 1
8.01286 0 1
8.12924 0 1
8.24567 0 1
8.36213 0 1
8.47864 0 1
8.59519 0 1
8.71178 0 1
8.82841 0 1
8.94508 0 1
9.06179 0 1
9.17853 0 1
9.29531 0 1
9.41212 0 1
9.52897 0 1
9.64584 0 1
9.76276 0 1
9.8797 0 1
9.99667 0 1
10.1137 0 1
10.2307 0 1
10.3478 0 1
10.4648 0 1
10.5819 0 1
10.6991 0 1
10.8162 0 1
10.9334 0 1
11.0506 0 1
11.1678 0 1
11.285 0 1
11.4023 0 1
11.5196 0 1
11.6369 0 1
11.7542 0 1
11.8715 0 1
11.9888 0 1
12.1062 0 1
12.2235 0 1
12.3409 0 1
12.4582 0 1
12.5756 0 1
12.693 0 1
12.8104 0 1
12.9278 0 1
13.0452 0 1
13.1626 0 1
13.28 0 1
13.3974 0 1
13.5149 0 1
13.6323 0 1
13.7497 0 1
13.8671 0 1
13.9845 0 1
14.1019 0 1
14.2193 0 1
14.3367 0 1
14.4541 0 1
14.5714 0 1
14.6888 0 1
14.8062 0 1
14.9235 0 1
15.0408 1433 37.855
15.1581 1565 39.5601
15.2755 1590 39.8748
15.3927 1607 40.0874
15.51 1590 39.8748
15.6273 1572 39.6485
15.7445 1532 39.1408
15.8617 1525 39.0512
15.9789 1468 38.3145
16.0961 1467 38.3014
16.2132 1533 39.1535
16.3304 1365 36.9459
16.4475 1330 36.4692
16.5646 1285 35.8469
16.6816 1294 35.9722
16.7986 1307 36.1525
16.9156 1275 35.7071
17.0326 1315 36.2629
17.1496 1219 34.9142
17.2665 1211 34.7994
17.3833 1169 34.1906
17.5002 1171 34.2199
17.617 1227 35.0286
17.7338 1220 34.9285
17.8505 1229 35.0571
17.9672 1313 36.2353
18.0839 1363 36.9188
18.2005 1288 35.8887
18.3171 1309 36.1801
18.4337 1398 37.3898
18.5502 1443 37.9868
18.6666 1412 37.5766
18.7831 1480 38.4708
18.8994 1445 38.0132
19.0158 1389 37.2693
19.1321 1381 37.1618
19.2483 1275 35.7071
19.3645 1232 35.0999
19.4806 1124 33.5261
19.5967 1019 31.9218
19.7128 1042 32.28
19.8288 961 31
19.9447 849 29.1376
20.0606 0 1
20.1764 0 1
20.2922 0 1
20.4079 0 1
20.5236 0 1
20.6392 0 1
20.7548 0 1
20.8702 0 1
23.3078 0 1
23.4233 0 1
23.539 0 1
23.6547 0 1
23.7704 0 1
23.8862 0 1
24.0021 0 1
24.118 0 1
24.234 0 1
24.35 0 1
24.4661 632 25.1396
24.5822 687 26.2107
24.6984 800 28.2843
24.8146 884 29.7321
24.9309 955 30.9031
25.0472 1117 33.4215
25.1636 1193 34.5398
25.28 1230 35.0714
25.3965 1304 36.1109
25.513 1334 36.524
25.6296 1396 37.3631
25.7462 1403 37.4566
25.8628 1333 36.5103
25.9795 1445 38.0132
26.0962 1362 36.9053
26.213 1360 36.8782
26.3298 1450 38.0789
26.4466 1415 37.6165
26.5635 1395 37.3497
26.6804 1423 37.7227
26.7973 1427 37.7757
26.9143 1385 37.2156
27.0313 1368 36.9865
27.1483 1387 37.2424
27.2653 1456 38.1576
27.3824 1434 37.8682
27.4996 1517 38.9487
27.6167 1499 38.7169
27.7339 1443 37.9868
27.8511 1443 37.9868
27.9683 1338 36.5787
28.0855 1377 37.108
28.2028 1406 37.4967
28.3201 1397 37.3765
28.4374 1410 37.55
28.5547 1475 38.4057
28.6721 1327 36.428
28.7894 1383 37.1887
28.9068 1473 38.3797
29.0242 1457 38.1707
29.1416 1417 37.6431
29.259 1375 37.081
29.3764 1354 36.7967
29.4939 1327 36.428
29.6113 1377 37.108
29.7288 1363 36.9188
29.8463 1356 36.8239
29.9638 1367 36.973
30.0812 1449 38.0657
30.1987 1427 37.7757
30.3162 1355 36.8103
30.4337 1380 37.1484
30.5512 1433 37.855
30.6687 1430 37.8153
30.7862 1537 39.2046
30.9037 1497 38.6911
31.0212 1550 39.37
31.1387 1557 39.4588
31.2562 1508 38.833
31.3737 1516 38.9358
31.4912 1530 39.1152
31.6087 1366 36.9594
31.7262 1402 37.4433
31.8436 1448 38.0526
31.9611 1401 37.4299
32.0785 1401 37.4299
32.1959 1464 38.2623
32.3134 1501 38.7427
32.4308 1466 38.2884
32.5482 1415 37.6165
32.6655 1448 38.0526
32.7829 1365 36.9459
32.9002 1403 37.4566
33.0176 1387 37.2424
33.1349 1364 36.9324
33.2522 1381 37.1618
33.3694 1352 36.7696
33.4867 1404 37.47
33.6039 1397 37.3765
33.7211 1440 37.9473
33.8383 1493 38.6394
33.9554 1399 37.4032
34.0725 1504 38.7814
34.1896 1447 38.0395
34.3067 1508 38.833
34.4237 1494 38.6523
34.5407 1559 39.4842
34.6577 1601 40.0125
34.7746 1580 39.7492
34.8915 1543 39.281
35.0084 1533 39.1535
35.1252 1573 39.6611
35.242 1489 38.5876
35.3587 1492 38.6264
35.4755 1474 38.3927
35.5921 1483 38.5097
35.7088 1364 36.9324
35.8254 1431 37.8286
35.9419 1395 37.3497
36.0584 1415 37.6165
36.1749 1468 38.3145
36.2913 1325 36.4005
36.4077 1236 35.1568
36.524 1332 36.4966
36.6403 1162 34.0881
36.7565 1128 33.5857
36.8727 980 31.305
36.9889 991 31.4802
37.1049 879 29.6479
37.221 0 1
37.3369 0 1
37.4529 0 1
37.5687 0 1
37.6845 0 1
37.8003 0 1
37.916 0 1
38.0316 0 1
38.1472 0 1
40.5851 0 1
40.7008 0 1
40.8164 0 1
40.9322 0 1
41.048 0 1
41.1639 0 1
41.2798 0 1
41.3958 0 1
41.5118 0 1
41.6279 0 1
41.744 733 27.074
41.8602 890 29.8329
41.9765 989 31.4484
42.0928 1041 32.2645
42.2091 1151 33.9264
42.3255 1200 34.641
42.4419 1308 36.1663
42.5584 1263 35.5387
42.675 1265 35.5668
42.7915 1292 35.9444
42.9081 1281 35.7911
43.0248 1376 37.0945
43.1415 1383 37.1887
43.2582 1426 37.7624
43.375 1460 38.2099
43.4918 1509 38.8458
43.6087 1503 38.7685
43.7256 1511 38.8716
43.8425 1543 39.281
43.9595 1631 40.3856
44.0765 1608 40.0999
44.1935 1616 40.1995
44.3106 1527 39.0768
44.4277 1688 41.0853
44.5448 1714 41.4005
44.6619 1709 41.3401
44.7791 1746 41.7852
44.8963 1810 42.5441
45.0136 1764 42
45.1308 1754 41.8808
45.2481 1829 42.7668
45.3654 1897 43.5546
45.4827 1848 42.9884
45.6001 1845 42.9535
45.7174 1983 44.5309
45.8348 1991 44.6206
45.9522 2017 44.911
46.0697 2123 46.076
46.1871 2080 45.607
46.3046 1946 44.1135
46.422 1897 43.5546
46.5395 1984 44.5421
46.657 2169 46.5725
46.7745 2242 47.3498
46.892 2356 48.5386
47.0096 2425 49.2443
47.1271 2498 49.98
47.2446 2716 52.1153
47.3622 2527 50.2693
47.4797 2619 51.1762
47.5973 2495 49.95
47.7149 2536 50.3587
47.8324 2646 51.4393
47.95 2480 49.7996
48.0675 2429 49.2849
48.1851 2401 49
48.3027 2335 48.3218
48.4202 2309 48.0521
48.5378 2457 49.5681
48.6554 2231 47.2335
48.7729 2238 47.3075
48.8904 2310 48.0625
49.008 2164 46.5188
49.1255 2090 45.7165
49.243 2085 45.6618
49.3605 2100 45.8258
49.478 1921 43.8292
49.5955 1871 43.2551
49.713 1753 41.8688
49.8304 1703 41.2674
49.9479 1720 41.4729
50.0653 1682 41.0122
50.1827 1799 42.4146
50.3001 1877 43.3244
50.4175 1906 43.6578
50.5348 2002 44.7437
50.6521 1897 43.5546
50.7694 1975 44.441
50.8867 1987 44.5758
51.004 1919 43.8064
51.1212 1860 43.1277
51.2384 1925 43.8748
51.3556 1847 42.9767
51.4727 1796 42.3792
51.5899 1686 41.0609
51.707 1766 42.0238
51.824 1701 41.2432
51.9411 1650 40.6202
52.0581 1673 40.9023
52.175 1616 40.1995
52.2919 1598 39.975
52.4088 1627 40.3361
52.5257 1591 39.8873
52.6425 1463 38.2492
52.7593 1489 38.5876
52.876 1484 38.5227
52.9927 1547 39.3319
53.1094 1443 37.9868
53.226 1460 38.2099
53.3426 1348 36.7151
53.4591 1373 37.054
53.5756 1296 36
53.692 1304 36.1109
53.8084 1259 35.4824
53.9248 1192 34.5254
54.0411 1045 32.3265
54.1573 1065 32.6343
54.2735 0 1
54.3896 0 1
54.5057 0 1
54.6217 0 1
54.7377 0 1
54.8537 0 1
54.9695 0 1
55.0853 0 1
55.2011 0 1
55.3168 0 1
55.4324 0 1
57.824 0 1
57.9396 0 1
58.0553 0 1
58.1711 0 1
58.2869 0 1
58.4028 0 1
58.5187 0 1
58.6347 0 1
58.7508 0 1
58.8669 0 1
58.983 1376 37.0945
59.0992 1604 40.05
59.2155 1748 41.8091
59.3318 1881 43.3705
59.4482 2005 44.7772
59.5646 2196 46.8615
59.681 2307 48.0312
59.7975 2375 48.734
59.9141 2242 47.3498
60.0306 2243 47.3603
60.1473 2236 47.2864
60.2639 2273 47.676
60.3807 2280 47.7493
60.4974 2259 47.5289
60.6142 2159 46.465
60.731 2175 46.6369
60.8479 2123 46.076
60.9648 2072 45.5192
61.0818 2243 47.3603
61.1987 2093 45.7493
61.3158 2189 46.7868
61.4328 2117 46.0109
61.5499 2095 45.7712
61.667 2039 45.1553
61.7841 2178 46.669
61.9013 2004 44.7661
62.0185 2139 46.2493
62.1357 2146 46.3249
62.253 2161 46.4866
62.3702 2157 46.4435
62.4875 2389 48.8774
62.6049 2430 49.295
62.7222 2534 50.3389
62.8396 2605 51.0392
62.9569 2697 51.9326
63.0743 2637 51.3517
63.1918 2633 51.3128
63.3092 2629 51.2738
63.4267 2532 50.319
63.5441 2555 50.547
63.6616 2495 49.95
63.7791 2454 49.5379
63.8966 2441 49.4065
64.0142 2410 49.0918
64.1317 2311 48.0729
64.2492 2258 47.5184
64.3668 2163 46.5081
64.4843 2122 46.0652
64.6019 2011 44.8442
64.7195 2210 47.0106
64.837 2241 47.3392
64.9546 2109 45.9239
65.0722 2183 46.7226
65.1898 2175 46.6369
65.3074 2057 45.3542
65.4249 2060 45.3872
65.5425 2166 46.5403
65.6601 2113 45.9674
65.7777 2083 45.6399
65.8952 2256 47.4974
66.0128 2353 48.5077
66.1304 2473 49.7293
66.2479 2598 50.9706
66.3655 2665 51.6236
66.483 2724 52.192
66.6005 2715 52.1057
66.718 2788 52.8015
66.8355 2739 52.3355
66.953 2691 51.8748
67.0705 2654 51.517
67.1879 2612 51.1077
67.3054 2470 49.6991
67.4228 2481 49.8096
67.5402 2451 49.5076
67.6576 2355 48.5283
67.7749 2268 47.6235
67.8923 2286 47.8121
68.0096 2296 47.9166
68.1269 2265 47.592
68.2442 2239 47.3181
68.3614 2316 48.1248
68.4787 2283 47.7807
68.5958 2252 47.4552
68.713 2251 47.4447
68.8302 2253 47.4658
68.9473 2154 46.4112
69.0643 2056 45.3431
69.1814 1967 44.3509
69.2984 2006 44.7884
69.4154 2066 45.4533
69.5323 2148 46.3465
69.6492 2227 47.1911
69.7661 2388 48.8672
69.8829 2456 49.558
69.9997 2452 49.5177
70.1165 2318 48.1456
70.2332 2345 48.4252
70.3499 2407 49.0612
70.4665 2240 47.3286
70.5831 2058 45.3652
70.6996 1957 44.238
70.8161 1771 42.0833
70.9326 1596 39.95
71.049 1457 38.1707
71.1653 1297 36.0139
71.2817 1240 35.2136
71.3979 1231 35.0856
71.5141 1130 33.6155
71.6303 1042 32.28
71.7464 938 30.6268
71.8624 0 1
71.9784 0 1
72.0944 0 1
72.2102 0 1
72.3261 0 1
72.4418 0 1
72.5575 0 1
72.6732 0 1
75.1054 0 1
75.2209 0 1
75.3365 0 1
75.4521 0 1
75.5678 0 1
75.6835 0 1
75.7993 0 1
75.9151 0 1
76.031 0 1
76.147 1768 42.0476
76.263 2021 44.9555
76.3791 2034 45.0999
76.4952 2067 45.4643
76.6113 2055 45.3321
76.7276 2085 45.6618
76.8438 2031 45.0666
76.9601 2056 45.3431
77.0765 2119 46.0326
77.1929 2221 47.1275
77.3093 2251 47.4447
77.4258 2307 48.0312
77.5423 2302 47.9792
77.6589 2323 48.1975
77.7755 2229 47.2123
77.8921 2250 47.4342
78.0088 2088 45.6946
78.1256 1976 44.4522
78.2423 1893 43.5086
78.3591 2056 45.3431
78.4759 2103 45.8585
78.5928 2351 48.4871
78.7097 2437 49.366
78.8266 2642 51.4004
78.9436 2729 52.2398
79.0606 2670 51.672
79.1776 2799 52.9056
79.2946 2808 52.9906
79.4117 2797 52.8867
79.5288 2837 53.2635
79.6459 2775 52.6783
79.7631 2734 52.2877
79.8802 2614 51.1273
79.9974 2504 50.04
80.1147 2473 49.7293
80.2319 2375 48.734
80.3491 2490 49.8999
80.4664 2503 50.03
80.5837 2551 50.5074
80.701 2452 49.5177
80.8183 2450 49.4975
80.9357 2528 50.2792
81.053 2593 50.9215
81.1704 2481 49.8096
81.2877 2629 51.2738
81.4051 2608 51.0686
81.5225 2416 49.1528
81.6399 2432 49.3153
81.7573 2202 46.9255
81.8747 2153 46.4004
81.9922 2157 46.4435
82.1096 2311 48.0729
82.227 2458 49.5782
82.3444 2643 51.4101
82.4619 2998 54.754
82.5793 3000 54.7723
82.6967 3009 54.8544
82.8142 3033 55.0727
82.9316 3127 55.9196
83.049 3189 56.4712
83.1664 3214 56.6922
83.2838 3123 55.8838
83.4012 3065 55.3624
83.5186 2960 54.4059
83.636 2745 52.3927
83.7534 2721 52.1632
83.8708 2775 52.6783
83.9881 2812 53.0283
84.1055 2759 52.5262
84.2228 2773 52.6593
84.3401 2740 52.345
84.4575 2822 53.1225
84.5747 2800 52.915
84.692 3009 54.8544
84.8093 3018 54.9363
84.9265 2942 54.2402
85.0437 2832 53.2165
85.1609 2697 51.9326
85.2781 2512 50.1199
85.3952 2506 50.06
85.5123 2353 48.5077
85.6294 2490 49.8999
85.7465 2594 50.9313
85.8636 2812 53.0283
85.9806 3039 55.1271
86.0976 3179 56.3826
86.2145 3315 57.576
86.3315 3267 57.1577
86.4484 3298 57.4282
86.5652 3440 58.6515
86.682 3401 58.3181
86.7988 3521 59.338
86.9156 3301 57.4543
87.0323 3320 57.6194
87.149 3194 56.5155
87.2657 2936 54.1849
87.3823 2867 53.5444
87.4988 2785 52.7731
87.6154 2711 52.0673
87.7318 2639 51.3712
87.8483 2523 50.2295
87.9647 2487 49.8698
88.081 2201 46.9148
88.1973 2128 46.1303
88.3136 2084 45.6508
88.4298 1887 43.4396
88.546 1715 41.4126
88.6621 1553 39.4081
88.7781 1402 37.4433
88.8942 0 1
89.0101 0 1
89.126 0 1
89.2419 0 1
89.3577 0 1
89.4734 0 1
89.5891 0 1
89.7047 0 1
89.8203 0 1
89.9358 0 1
92.3269 0 1
92.4424 0 1
92.558 0 1
92.6736 0 1
92.7893 0 1
92.905 0 1
93.0208 0 1
93.1366 0 1
93.2525 0 1
93.3685 0 1
93.4845 0 1
93.6005 2670 51.672
93.7167 2917 54.0093
93.8328 3095 55.6327
93.949 3411 58.4038
94.0653 3460 58.8218
94.1816 3443 58.6771
94.2979 3319 57.6108
94.4143 3185 56.4358
94.5307 3039 55.1271
94.6472 2981 54.5985
94.7637 2930 54.1295
94.8803 3016 54.9181
94.9969 3225 56.7891
95.1135 3341 57.8014
95.2302 3578 59.8164
95.3469 3755 61.2781
95.4637 4072 63.8122
95.5805 4078 63.8592
95.6973 4093 63.9766
95.8142 4013 63.3482
95.9311 4103 64.0547
96.048 3950 62.849
96.1649 4044 63.5925
96.2819 3843 61.9919
96.3989 3770 61.4003
96.516 3573 59.7746
96.633 3775 61.441
96.7501 3666 60.5475
96.8673 3609 60.075
96.9844 3659 60.4897
97.1016 3569 59.7411
97.2188 3765 61.3596
97.336 3631 60.2578
97.4532 3850 62.0484
97.5704 3895 62.4099
97.6877 3900 62.45
97.805 3871 62.2174
97.9223 3769 61.3922
98.0396 3503 59.1861
98.1569 3375 58.0948
98.2743 3111 55.7763
98.3916 3043 55.1634
98.509 3004 54.8088
98.6264 3287 57.3324
98.7438 3461 58.8303
98.8612 3810 61.7252
98.9786 4001 63.2535
99.096 4203 64.8305
99.2134 4275 65.3835
99.3308 4330 65.8027
99.4482 4392 66.2722
99.5656 4377 66.1589
99.6831 4469 66.8506
99.8005 4283 65.4446
99.9179 4221 64.9692
100.035 4179 64.6452
100.153 3932 62.7057
100.27 4004 63.2772
100.388 4010 63.3246
100.505 3934 62.7216
100.622 3896 62.4179
100.74 3861 62.1369
100.857 3807 61.7009
100.975 3937 62.7455
101.092 4123 64.2106
101.209 4049 63.6318
101.327 4240 65.1153
101.444 4038 63.5453
101.561 3910 62.53
101.679 3668 60.564
101.796 3506 59.2115
101.913 3339 57.7841
102.03 3269 57.1752
102.148 3476 58.9576
102.265 3669 60.5723
102.382 4098 64.0156
102.499 4159 64.4903
102.616 4488 66.9925
102.733 4599 67.8159
102.851 4627 68.0221
102.968 4767 69.0435
103.085 4740 68.8477
103.202 4718 68.6877
103.319 4611 67.9043
103.436 4548 67.4389
103.552 4398 66.3174
103.669 4300 65.5744
103.786 4343 65.9014
103.903 4257 65.2457
104.02 4138 64.3273
104.137 4156 64.467
104.253 4088 63.9375
104.37 4201 64.8151
104.487 4067 63.773
104.603 4297 65.5515
104.72 4363 66.053
104.836 3983 63.111
104.953 3839 61.9597
105.069 3377 58.112
105.186 3042 55.1543
105.302 2776 52.6878
105.418 2541 50.4083
105.535 2355 48.5283
105.651 2272 47.6655
105.767 2026 45.0111
105.883 2080 45.607
105.999 2082 45.6289
106.115 0 1
106.231 0 1
106.347 0 1
106.463 0 1
106.579 0 1
106.694 0 1
106.81 0 1
106.926 0 1
107.041 0 1
107.157 0 1
109.576 0 1
109.692 0 1
109.807 0 1
109.923 0 1
110.039 0 1
110.155 0 1
110.27 0 1
110.386 0 1
110.502 0 1
110.618 1688 41.0853
110.735 2225 47.1699
110.851 2574 50.7346
110.967 3034 55.0818
111.083 3267 57.1577
111.199 3590 59.9166
111.316 3766 61.3677
111.432 3820 61.8061
111.549 4055 63.6789
111.665 3919 62.6019
111.782 3795 61.6036
111.898 3753 61.2617
112.015 3756 61.2862
112.132 3641 60.3407
112.248 3618 60.1498
112.365 3463 58.8473
112.482 3441 58.66
112.599 3512 59.2621
112.716 3428 58.5491
112.832 3383 58.1636
112.949 3370 58.0517
113.066 3378 58.1206
113.183 3520 59.3296
113.3 3446 58.7026
113.417 3511 59.2537
113.534 3426 58.532
113.652 3344 57.8273
113.769 3210 56.6569
113.886 2886 53.7215
114.003 2754 52.4786
114.12 2682 51.788
114.238 2730 52.2494
114.355 2889 53.7494
114.472 2956 54.3691
114.589 3602 60.0167
114.707 3603 60.025
114.824 3695 60.7865
114.942 3728 61.0574
115.059 3852 62.0645
115.176 3768 61.384
115.294 3742 61.1719
115.411 3635 60.291
115.529 3502 59.1777
115.646 3428 58.5491
115.764 3428 58.5491
115.881 3167 56.2761
115.999 3238 56.9034
116.116 3185 56.4358
116.234 3138 56.0179
116.351 3140 56.0357
116.469 3045 55.1815
116.586 3130 55.9464
116.704 3249 57
116.821 3398 58.2924
116.939 3373 58.0775
117.056 3286 57.3236
117.174 3260 57.0964
117.291 3145 56.0803
117.409 3026 55.0091
117.526 2851 53.3948
117.644 2712 52.0769
117.761 2703 51.9904
117.879 2763 52.5642
117.996 3060 55.3173
118.114 3261 57.1052
118.231 3509 59.2368
118.349 3737 61.131
118.466 3776 61.4492
118.584 3602 60.0167
118.701 3759 61.3107
118.819 3680 60.663
118.936 3647 60.3904
119.053 3639 60.3241
119.171 3489 59.0678
119.288 3518 59.3127
119.405 3355 57.9224
119.523 3229 56.8243
119.64 3374 58.0861
119.757 3162 56.2317
119.875 3081 55.5068
119.992 3118 55.8391
120.109 3095 55.6327
120.226 3031 55.0545
120.343 3053 55.254
120.46 3171 56.3116
120.578 3218 56.7274
120.695 3209 56.648
120.812 3127 55.9196
120.929 2960 54.4059
121.046 3026 55.0091
121.163 2747 52.4118
121.279 2579 50.7839
121.396 2392 48.9081
121.513 2422 49.2138
121.63 2422 49.2138
121.747 2610 51.0882
121.863 2772 52.6498
121.98 2721 52.1632
122.097 2806 52.9717
122.213 2638 51.3615
122.33 2608 51.0686
122.446 2492 49.9199
122.563 2286 47.8121
122.679 2172 46.6047
122.795 1975 44.441
122.912 1845 42.9535
123.028 1738 41.6893
123.144 1656 40.694
123.26 1523 39.0256
123.377 0 1
123.493 0 1
123.609 0 1
123.725 0 1
123.84 0 1
123.956 0 1
124.072 0 1
124.188 0 1
124.303 0 1
124.419 0 1
126.852 0 1
126.968 0 1
127.083 0 1
127.199 0 1
127.315 0 1
127.431 0 1
127.547 0 1
127.663 0 1
127.779 0 1
127.895 0 1
128.011 0 1
128.127 0 1
128.243 0 1
128.359 3338 57.7754
128.476 3488 59.0593
128.592 3528 59.397
128.708 3450 58.7367
128.825 3258 57.0789
128.941 3297 57.4195
129.058 3281 57.28
129.174 3363 57.9914
129.291 3254 57.0438
129.408 3269 57.1752
129.524 3392 58.2409
129.641 3437 58.6259
129.758 3359 57.9569
129.875 3305 57.4891
129.992 3412 58.4123
130.108 3191 56.4889
130.225 3078 55.4797
130.342 2967 54.4702
130.459 2685 51.817
130.576 2798 52.8961
130.693 2753 52.469
130.81 2931 54.1387
130.928 3223 56.7715
131.045 3480 58.9915
131.162 3562 59.6825
131.279 3533 59.439
131.396 3532 59.4306
131.513 3492 59.0931
131.631 3464 58.8558
131.748 3394 58.258
131.865 3434 58.6003
131.983 3365 58.0086
132.1 3381 58.1464
132.217 3372 58.0689
132.335 3177 56.3649
132.452 3141 56.0446
132.57 3217 56.7186
132.687 3227 56.8067
132.804 3089 55.5788
132.922 3124 55.8928
133.039 3089 55.5788
133.157 3117 55.8301
133.274 3131 55.9553
133.392 3148 56.107
133.509 3111 55.7763
133.627 3071 55.4166
133.744 2878 53.647
133.862 2900 53.8516
133.979 2622 51.2055
134.097 2510 50.0999
134.214 2556 50.5569
134.332 2778 52.7067
134.449 3063 55.3444
134.567 3140 56.0357
134.684 3240 56.921
134.802 3298 57.4282
134.919 3284 57.3062
135.037 3233 56.8595
135.154 3242 56.9386
135.272 3174 56.3383
135.389 3169 56.2939
135.507 3129 55.9375
135.624 3208 56.6392
135.742 3158 56.1961
135.859 3113 55.7943
135.977 2986 54.6443
136.094 3088 55.5698
136.211 3033 55.0727
136.329 2972 54.5161
136.446 3010 54.8635
136.564 2927 54.1018
136.681 3006 54.827
136.798 2973 54.5252
136.915 3058 55.2992
137.033 2902 53.8702
137.15 3019 54.9454
137.267 3007 54.8361
137.384 2871 53.5817
137.502 2663 51.6043
137.619 2566 50.6557
137.736 2500 50
137.853 2443 49.4267
137.97 2704 52
138.087 2805 52.9623
138.204 2962 54.4243
138.321 3002 54.7905
138.438 3037 55.109
138.555 3161 56.2228
138.672 3133 55.9732
138.788 3036 55.0999
138.905 2894 53.7959
139.022 2801 52.9245
139.139 2601 51
139.255 2559 50.5866
139.372 2460 49.5984
139.488 2250 47.4342
139.605 2124 46.0869
139.721 2010 44.833
139.838 1918 43.795
139.954 1755 41.8927
140.071 1724 41.5211
140.187 1627 40.3361
140.303 1555 39.4335
140.419 1439 37.9342
140.535 1396 37.3631
140.652 1334 36.524
140.768 0 1
140.884 0 1
141 0 1
141.115 0 1
141.231 0 1
141.347 0 1
141.463 0 1
141.578 0 1
141.694 0 1
144.104 0 1
144.219 0 1
144.335 0 1
144.45 0 1
144.566 0 1
144.682 0 1
144.798 0 1
144.914 0 1
145.03 0 1
145.146 2150 46.3681
145.262 2315 48.1144
145.378 2189 46.7868
145.494 2270 47.6445
145.61 2268 47.6235
145.726 2356 48.5386
145.842 2348 48.4562
145.959 2406 49.051
146.075 2332 48.2908
146.192 2286 47.8121
146.308 2166 46.5403
146.425 2145 46.3141
146.541 2012 44.8553
146.658 2023 44.9778
146.774 2112 45.9565
146.891 2180 46.6905
147.008 2241 47.3392
147.125 2337 48.3425
147.241 2384 48.8262
147.358 2440 49.3964
147.475 2500 50
147.592 2403 49.0204
147.709 2503 50.03
147.826 2513 50.1298
147.943 2312 48.0833
148.06 2425 49.2443
148.177 2415 49.1426
148.294 2344 48.4149
148.411 2309 48.0521
148.528 2438 49.3761
148.645 2380 48.7852
148.762 2340 48.3735
148.88 2417 49.163
148.997 2326 48.2286
149.114 2245 47.3814
149.231 2238 47.3075
149.349 2299 47.9479
149.466 2287 47.8226
149.583 2242 47.3498
149.701 2234 47.2652
149.818 2233 47.2546
149.935 2304 48
150.053 2163 46.5081
150.17 2142 46.2817
150.287 1990 44.6094
150.405 2022 44.9667
150.522 2028 45.0333
150.64 2177 46.6583
150.757 2359 48.5695
150.875 2444 49.4368
150.992 2431 49.3052
151.11 2488 49.8799
151.227 2402 49.0102
151.344 2353 48.5077
151.462 2349 48.4665
151.579 2490 49.8999
151.697 2384 48.8262
151.814 2455 49.548
151.932 2409 49.0816
152.049 2467 49.6689
152.167 2347 48.4458
152.284 2310 48.0625
152.402 2329 48.2597
152.519 2236 47.2864
152.636 2250 47.4342
152.754 2209 47
152.871 2277 47.7179
152.989 2221 47.1275
153.106 2179 46.6798
153.223 2213 47.0425
153.341 2238 47.3075
153.458 2247 47.4025
153.575 2204 46.9468
153.693 2145 46.3141
153.81 2064 45.4313
153.927 2029 45.0444
154.044 2009 44.8219
154.162 2115 45.9891
154.279 2131 46.1628
154.396 2292 47.8748
154.513 2371 48.6929
154.63 2407 49.0612
154.747 2342 48.3942
154.864 2315 48.1144
154.981 2366 48.6415
155.098 2330 48.2701
155.215 2262 47.5605
155.332 2352 48.4974
155.449 2229 47.2123
155.566 2208 46.9894
155.683 2146 46.3249
155.8 2177 46.6583
155.917 2142 46.2817
156.033 2089 45.7056
156.15 0 1
156.267 0 1
156.383 0 1
156.5 0 1
156.617 0 1
156.733 0 1
156.85 0 1
156.966 0 1
157.082 0 1
157.199 0 1
157.315 0 1
157.431 0 1
157.547 0 1
157.664 0 1
157.78 0 1
157.896 0 1
158.012 0 1
158.128 0 1
158.244 0 1
158.359 0 1
158.475 0 1
158.591 0 1
158.706 0 1
