
6.15755 0 1
6.2731 0 1
6.3887 0 1
6.50437 0 1
6.62009 0 1
6.73587 0 1
6.8517 0 1
6.96759 0 1
7.08353 0 1
7.19952 0 1
7.31557 0 1
7.43166 0 1
7.54781 0 1
7.664 0 1
7.78024 0 1
7.89653 0 1
8.01286 0 1
8.12924 0 1
8.24567 0 1
8.36213 0 1
8.47864 0 1
8.59519 0 1
8.71178 0 1
8.82841 0 1
8.94508 0 1
9.06179 0 1
9.17853 0 1
9.29531 0 1
9.41212 0 1
9.52897 0 1
9.64584 0 1
9.76276 0 1
9.8797 0 1
9.99667 0 1
10.1137 0 1
10.2307 0 1
10.3478 0 1
10.4648 0 1
10.5819 0 1
10.6991 0 1
10.8162 0 1
10.9334 0 1
11.0506 0 1
11.1678 0 1
11.285 0 1
11.4023 0 1
11.5196 0 1
11.6369 0 1
11.7542 0 1
11.8715 0 1
11.9888 0 1
12.1062 0 1
12.2235 0 1
12.3409 0 1
12.4582 0 1
12.5756 0 1
12.693 0 1
12.8104 0 1
12.9278 0 1
13.0452 0 1
13.1626 0 1
13.28 0 1
13.3974 0 1
13.5149 0 1
13.6323 0 1
13.7497 0 1
13.8671 0 1
13.9845 0 1
14.1019 0 1
14.2193 0 1
14.3367 0 1
14.4541 0 1
14.5714 0 1
14.6888 0 1
14.8062 0 1
14.9235 0 1
15.0408 0 0
15.1581 0 0
15.2755 0 0
15.3927 0 0
15.51 0 0
15.6273 0 0
15.7445 0 0
15.8617 0 0
15.9789 0 0
16.0961 0 0
16.2132 0 0
16.3304 0 0
16.4475 0 0
16.5646 0 0
16.6816 0 0
16.7986 0 0
16.9156 0 0
17.0326 0 0
17.1496 0 0
17.2665 0 0
17.3833 0 0
17.5002 0 0
17.617 0 0
17.7338 0 0
17.8505 0 0
17.9672 0 0
18.0839 0 0
18.2005 0 0
18.3171 0 0
18.4337 0 0
18.5502 0 0
18.6666 0 0
18.7831 0 0
18.8994 0 0
19.0158 0 0
19.1321 0 0
19.2483 0 0
19.3645 0 0
19.4806 0 0
19.5967 0 0
19.7128 0 0
19.8288 0 0
19.9447 0 0
20.0606 0 1
20.1764 0 1
20.2922 0 1
20.4079 0 1
20.5236 0 1
20.6392 0 1
20.7548 0 1
20.8702 0 1
23.3078 0 1
23.4233 0 1
23.539 0 1
23.6547 0 1
23.7704 0 1
23.8862 0 1
24.0021 0 1
24.118 0 1
24.234 0 1
24.35 0 1
24.4661 21300 145.945
24.5822 21570 146.867
24.6984 20944 144.72
24.8146 20764 144.097
24.9309 20698 143.868
25.0472 20036 141.549
25.1636 19870 140.961
25.28 19853 140.901
25.3965 19700 140.357
25.513 19632 140.114
25.6296 19907 141.092
25.7462 20086 141.725
25.8628 19986 141.372
25.9795 20408 142.857
26.0962 20721 143.948
26.213 21158 145.458
26.3298 20944 144.72
26.4466 21731 147.414
26.5635 21875 147.902
26.6804 22045 148.476
26.7973 22382 149.606
26.9143 22482 149.94
27.0313 22600 150.333
27.1483 22930 151.427
27.2653 22838 151.122
27.3824 22877 151.251
27.4996 22445 149.817
27.6167 22199 148.993
27.7339 21936 148.108
27.8511 21425 146.373
27.9683 21008 144.941
28.0855 20484 143.122
28.2028 20341 142.622
28.3201 19705 140.374
28.4374 19234 138.687
28.5547 18683 136.686
28.6721 18621 136.459
28.7894 18420 135.72
28.9068 18215 134.963
29.0242 18230 135.019
29.1416 18006 134.186
29.259 17950 133.978
29.3764 18179 134.83
29.4939 18331 135.392
29.6113 18832 137.23
29.7288 19320 138.996
29.8463 19632 140.114
29.9638 20254 142.317
30.0812 20382 142.766
30.1987 20676 143.792
30.3162 20998 144.907
30.4337 21042 145.059
30.5512 21191 145.571
30.6687 20909 144.599
30.7862 21316 146
30.9037 20716 143.931
31.0212 21116 145.313
31.1387 20607 143.551
31.2562 20174 142.035
31.3737 20150 141.951
31.4912 19795 140.695
31.6087 19308 138.953
31.7262 18846 137.281
31.8436 18974 137.746
31.9611 18486 135.963
32.0785 18042 134.321
32.1959 18349 135.458
32.3134 17978 134.082
32.4308 17842 133.574
32.5482 17940 133.94
32.6655 18111 134.577
32.7829 17735 133.173
32.9002 18082 134.469
33.0176 18173 134.807
33.1349 18492 135.985
33.2522 18739 136.89
33.3694 19636 140.129
33.4867 19930 141.174
33.6039 20034 141.542
33.7211 20655 143.718
33.8383 20867 144.454
33.9554 20925 144.655
34.0725 20499 143.175
34.1896 20212 142.169
34.3067 20190 142.092
34.4237 20454 143.017
34.5407 20148 141.944
34.6577 20458 143.031
34.7746 20172 142.028
34.8915 20053 141.609
35.0084 19601 140.004
35.1252 19238 138.701
35.242 19001 137.844
35.3587 19081 138.134
35.4755 19005 137.859
35.5921 19228 138.665
35.7088 19049 138.018
35.8254 19369 139.173
35.9419 19173 138.467
36.0584 19245 138.726
36.1749 18839 137.255
36.2913 18500 136.015
36.4077 18316 135.337
36.524 17953 133.989
36.6403 18117 134.599
36.7565 18281 135.207
36.8727 18334 135.403
36.9889 18330 135.388
37.1049 18038 134.306
37.221 0 1
37.3369 0 1
37.4529 0 1
37.5687 0 1
37.6845 0 1
37.8003 0 1
37.916 0 1
38.0316 0 1
38.1472 0 1
40.5851 0 1
40.7008 0 1
40.8164 0 1
40.9322 0 1
41.048 0 1
41.1639 0 1
41.2798 0 1
41.3958 0 1
41.5118 0 1
41.6279 0 1
41.744 13380 115.672
41.8602 13858 117.72
41.9765 14170 119.038
42.0928 14242 119.34
42.2091 14398 119.992
42.3255 14384 119.933
42.4419 14517 120.487
42.5584 14631 120.959
42.675 14688 121.194
42.7915 14296 119.566
42.9081 14214 119.222
43.0248 14171 119.042
43.1415 14401 120.004
43.2582 14670 121.12
43.375 14696 121.227
43.4918 14832 121.787
43.6087 14582 120.756
43.7256 14688 121.194
43.8425 14720 121.326
43.9595 14796 121.639
44.0765 15098 122.874
44.1935 15368 123.968
44.3106 15292 123.661
44.4277 15204 123.305
44.5448 15204 123.305
44.6619 14691 121.206
44.7791 14231 119.294
44.8963 13894 117.873
45.0136 13349 115.538
45.1308 13100 114.455
45.2481 12872 113.455
45.3654 12525 111.915
45.4827 12336 111.068
45.6001 12207 110.485
45.7174 12254 110.698
45.8348 12010 109.59
45.9522 12114 110.064
46.0697 11850 108.858
46.1871 12062 109.827
46.3046 12000 109.545
46.422 11588 107.648
46.5395 11739 108.347
46.657 11698 108.157
46.7745 12044 109.745
46.892 11860 108.904
47.0096 12023 109.649
47.1271 12176 110.345
47.2446 12081 109.914
47.3622 12424 111.463
47.4797 12375 111.243
47.5973 12526 111.92
47.7149 12688 112.641
47.8324 12719 112.779
47.95 12315 110.973
48.0675 12200 110.454
48.1851 11669 108.023
48.3027 11144 105.565
48.4202 10859 104.207
48.5378 10752 103.692
48.6554 10488 102.411
48.7729 10222 101.104
48.8904 10093 100.464
49.008 10096 100.479
49.1255 10022 100.11
49.243 10068 100.339
49.3605 10143 100.712
49.478 9863 99.3126
49.5955 10257 101.277
49.713 10213 101.059
49.8304 10272 101.351
49.9479 10458 102.264
50.0653 10533 102.63
50.1827 11162 105.65
50.3001 11500 107.238
50.4175 11748 108.388
50.5348 12147 110.213
50.6521 12508 111.839
50.7694 12924 113.684
50.8867 13757 117.29
51.004 14886 122.008
51.1212 15600 124.9
51.2384 16185 127.22
51.3556 16438 128.211
51.4727 16393 128.035
51.5899 15826 125.801
51.707 15265 123.552
51.824 14732 121.375
51.9411 14602 120.839
52.0581 14631 120.959
52.175 13693 117.017
52.2919 13089 114.407
52.4088 12401 111.36
52.5257 12196 110.436
52.6425 12258 110.716
52.7593 12361 111.18
52.876 12608 112.285
52.9927 12516 111.875
53.1094 12713 112.752
53.226 13218 114.97
53.3426 13614 116.679
53.4591 13920 117.983
53.5756 14001 118.326
53.692 14474 120.308
53.8084 15156 123.11
53.9248 15442 124.266
54.0411 16232 127.405
54.1573 16670 129.112
54.2735 0 1
54.3896 0 1
54.5057 0 1
54.6217 0 1
54.7377 0 1
54.8537 0 1
54.9695 0 1
55.0853 0 1
55.2011 0 1
55.3168 0 1
55.4324 0 1
57.824 0 1
57.9396 0 1
58.0553 0 1
58.1711 0 1
58.2869 0 1
58.4028 0 1
58.5187 0 1
58.6347 0 1
58.7508 0 1
58.8669 0 1
58.983 17711 133.083
59.0992 19117 138.264
59.2155 20443 142.979
59.3318 22253 149.174
59.4482 23457 153.157
59.5646 24531 156.624
59.681 24678 157.092
59.7975 24033 155.026
59.9141 23410 153.003
60.0306 22774 150.911
60.1473 21847 147.807
60.2639 20402 142.836
60.3807 19138 138.34
60.4974 17518 132.356
60.6142 16138 127.035
60.731 14338 119.741
60.8479 13339 115.495
60.9648 12711 112.743
61.0818 13084 114.385
61.1987 13567 116.477
61.3158 14103 118.756
61.4328 14156 118.979
61.5499 14229 119.285
61.667 14464 120.266
61.7841 14643 121.008
61.9013 14880 121.984
62.0185 15091 122.845
62.1357 15278 123.604
62.253 15853 125.909
62.3702 16641 129
62.4875 17357 131.746
62.6049 18767 136.993
62.7222 20871 144.468
62.8396 22105 148.678
62.9569 22832 151.103
63.0743 22914 151.374
63.1918 22949 151.489
63.3092 22721 150.735
63.4267 21752 147.486
63.5441 21058 145.114
63.6616 20004 141.435
63.7791 18414 135.698
63.8966 16831 129.734
64.0142 14557 120.652
64.1317 12811 113.186
64.2492 11837 108.798
64.3668 11211 105.882
64.4843 10644 103.17
64.6019 11144 105.565
64.7195 11883 109.009
64.837 12615 112.317
64.9546 12620 112.339
65.0722 12402 111.364
65.1898 12560 112.071
65.3074 13206 114.917
65.4249 13475 116.082
65.5425 13655 116.855
65.6601 13922 117.992
65.7777 14173 119.05
65.8952 15004 122.491
66.0128 16013 126.542
66.1304 17804 133.432
66.2479 20095 141.757
66.3655 21594 146.949
66.483 22249 149.161
66.6005 22218 149.057
66.718 22185 148.946
66.8355 21918 148.047
66.953 21574 146.881
67.0705 21168 145.492
67.1879 19333 139.043
67.3054 16846 129.792
67.4228 14356 119.817
67.5402 12756 112.942
67.6576 11818 108.711
67.7749 10830 104.067
67.8923 10637 103.136
68.0096 10204 101.015
68.1269 10458 102.264
68.2442 11131 105.504
68.3614 12160 110.272
68.4787 12732 112.836
68.5958 12912 113.631
68.713 12559 112.067
68.8302 12810 113.181
68.9473 13048 114.228
69.0643 13387 115.702
69.1814 13547 116.392
69.2984 13791 117.435
69.4154 14277 119.486
69.5323 15964 126.349
69.6492 18152 134.729
69.7661 20582 143.464
69.8829 21944 148.135
69.9997 22985 151.608
70.1165 23402 152.977
70.2332 23743 154.088
70.3499 23642 153.76
70.4665 23688 153.909
70.5831 23253 152.489
70.6996 21286 145.897
70.8161 18830 137.222
70.9326 16594 128.818
71.049 15041 122.642
71.1653 13944 118.085
71.2817 13011 114.066
71.3979 12220 110.544
71.5141 11799 108.623
71.6303 11486 107.173
71.7464 10728 103.576
71.8624 0 1
71.9784 0 1
72.0944 0 1
72.2102 0 1
72.3261 0 1
72.4418 0 1
72.5575 0 1
72.6732 0 1
75.1054 0 1
75.2209 0 1
75.3365 0 1
75.4521 0 1
75.5678 0 1
75.6835 0 1
75.7993 0 1
75.9151 0 1
76.031 0 1
76.147 19389 139.244
76.263 18602 136.389
76.3791 17455 132.117
76.4952 15875 125.996
76.6113 15107 122.911
76.7276 14629 120.95
76.8438 14003 118.334
76.9601 13531 116.323
77.0765 13547 116.392
77.1929 14177 119.067
77.3093 14920 122.147
77.4258 16020 126.57
77.5423 16465 128.316
77.6589 15847 125.885
77.7755 15370 123.976
77.8921 15144 123.061
78.0088 15152 123.093
78.1256 14942 122.237
78.2423 14930 122.188
78.3591 15096 122.866
78.4759 16102 126.894
78.5928 18145 134.703
78.7097 20302 142.485
78.8266 23286 152.598
78.9436 23149 152.148
79.0606 24522 156.595
79.1776 24928 157.886
79.2946 24652 157.01
79.4117 24234 155.673
79.5288 23169 152.214
79.6459 21877 147.909
79.7631 19522 139.721
79.8802 17622 132.748
79.9974 15502 124.507
80.1147 14284 119.516
80.2319 13080 114.368
80.3491 11881 109
80.4664 11356 106.565
80.5837 11012 104.938
80.701 10652 103.209
80.8183 10624 103.073
80.9357 11654 107.954
81.053 12532 111.946
81.1704 12891 113.539
81.2877 12134 110.154
81.4051 11430 106.911
81.5225 11617 107.782
81.6399 11423 106.878
81.7573 11734 108.324
81.8747 11904 109.105
81.9922 12770 113.004
82.1096 14642 121.004
82.227 16240 127.436
82.3444 18019 134.235
82.4619 20070 141.669
82.5793 20924 144.651
82.6967 22159 148.859
82.8142 21637 147.095
82.9316 21466 146.513
83.049 20760 144.083
83.1664 19549 139.818
83.2838 18166 134.781
83.4012 16208 127.311
83.5186 14363 119.846
83.636 12877 113.477
83.7534 11854 108.876
83.8708 10644 103.17
83.9881 10144 100.717
84.1055 9571 97.8315
84.2228 9292 96.395
84.3401 9412 97.0155
84.4575 9885 99.4233
84.5747 11003 104.895
84.692 11931 109.229
84.8093 12150 110.227
84.9265 11288 106.245
85.0437 10745 103.658
85.1609 10614 103.024
85.2781 10711 103.494
85.3952 11045 105.095
85.5123 11767 108.476
85.6294 13335 115.477
85.7465 15102 122.89
85.8636 16694 129.205
85.9806 18763 136.978
86.0976 20720 143.944
86.2145 22133 148.772
86.3315 22249 149.161
86.4484 23225 152.398
86.5652 22403 149.676
86.682 21942 148.128
86.7988 20711 143.913
86.9156 18961 137.699
87.0323 16856 129.831
87.149 15516 124.563
87.2657 13794 117.448
87.3823 12738 112.863
87.4988 11795 108.605
87.6154 11217 105.91
87.7318 10747 103.668
87.8483 10940 104.594
87.9647 11248 106.057
88.081 12004 109.563
88.1973 13706 117.073
88.3136 13930 118.025
88.4298 13364 115.603
88.546 11744 108.37
88.6621 11182 105.745
88.7781 11106 105.385
88.8942 0 1
89.0101 0 1
89.126 0 1
89.2419 0 1
89.3577 0 1
89.4734 0 1
89.5891 0 1
89.7047 0 1
89.8203 0 1
89.9358 0 1
92.3269 0 1
92.4424 0 1
92.558 0 1
92.6736 0 1
92.7893 0 1
92.905 0 1
93.0208 0 1
93.1366 0 1
93.2525 0 1
93.3685 0 1
93.4845 0 1
93.6005 11689 108.116
93.7167 12363 111.189
93.8328 12334 111.059
93.949 11817 108.706
94.0653 11306 106.33
94.1816 11249 106.061
94.2979 11690 108.12
94.4143 12247 110.666
94.5307 13203 114.904
94.6472 14396 119.983
94.7637 15778 125.611
94.8803 17431 132.027
94.9969 19134 138.326
95.1135 21476 146.547
95.2302 22853 151.172
95.3469 23509 153.326
95.4637 23828 154.363
95.5805 23941 154.729
95.6973 23555 153.476
95.8142 23249 152.476
95.9311 22224 149.077
96.048 20339 142.615
96.1649 18463 135.879
96.2819 16875 129.904
96.3989 15631 125.024
96.516 14224 119.264
96.633 13101 114.46
96.7501 12405 111.378
96.8673 12299 110.901
96.9844 11893 109.055
97.1016 12064 109.836
97.2188 12212 110.508
97.336 13197 114.878
97.4532 13812 117.524
97.5704 13683 116.974
97.6877 12731 112.832
97.805 11466 107.079
97.9223 11170 105.688
98.0396 11489 107.187
98.1569 12225 110.567
98.2743 13415 115.823
98.3916 14624 120.93
98.509 16669 129.108
98.6264 18380 135.573
98.7438 19882 141.004
98.8612 21932 148.095
98.9786 23989 154.884
99.096 24501 156.528
99.2134 24325 155.965
99.3308 24080 155.177
99.4482 23508 153.323
99.5656 22599 150.33
99.6831 21248 145.767
99.8005 19071 138.098
99.9179 17397 131.898
100.035 15824 125.793
100.153 14140 118.912
100.27 13429 115.884
100.388 12623 112.352
100.505 12622 112.348
100.622 12132 110.145
100.74 12560 112.071
100.857 12937 113.741
100.975 13605 116.64
101.092 13790 117.431
101.209 13151 114.678
101.327 12030 109.681
101.444 11524 107.35
101.561 11702 108.176
101.679 12326 111.023
101.796 13207 114.922
101.913 14872 121.951
102.03 16729 129.341
102.148 18773 137.015
102.265 22789 150.96
102.382 23242 152.453
102.499 25771 160.533
102.616 25910 160.966
102.733 25936 161.047
102.851 26237 161.978
102.968 25594 159.981
103.085 24566 156.735
103.202 23163 152.194
103.319 21267 145.832
103.436 19145 138.365
103.552 17238 131.294
103.669 16119 126.961
103.786 15166 123.15
103.903 14730 121.367
104.02 14531 120.545
104.137 14378 119.908
104.253 14849 121.856
104.37 14618 120.905
104.487 15583 124.832
104.603 15396 124.081
104.72 14304 119.599
104.836 13390 115.715
104.953 13244 115.083
105.069 13545 116.383
105.186 14413 120.054
105.302 15655 125.12
105.418 18030 134.276
105.535 20547 143.342
105.651 23193 152.292
105.767 25676 160.237
105.883 26829 163.796
105.999 27291 165.2
106.115 0 1
106.231 0 1
106.347 0 1
106.463 0 1
106.579 0 1
106.694 0 1
106.81 0 1
106.926 0 1
107.041 0 1
107.157 0 1
109.576 0 1
109.692 0 1
109.807 0 1
109.923 0 1
110.039 0 1
110.155 0 1
110.27 0 1
110.386 0 1
110.502 0 1
110.618 19605 140.018
110.735 21867 147.875
110.851 23895 154.58
110.967 24803 157.49
111.083 25710 160.343
111.199 25842 160.754
111.316 25663 160.197
111.432 25660 160.187
111.549 24257 155.747
111.665 22880 151.261
111.782 21080 145.19
111.898 19287 138.878
112.015 18296 135.263
112.132 17214 131.202
112.248 16222 127.366
112.365 15712 125.348
112.482 15182 123.215
112.599 14522 120.507
112.716 14357 119.821
112.832 14476 120.316
112.949 14288 119.532
113.066 13882 117.822
113.183 12961 113.846
113.3 12074 109.882
113.417 11836 108.793
113.534 11867 108.936
113.652 12795 113.115
113.769 14448 120.2
113.886 15745 125.479
114.003 17223 131.236
114.12 18842 137.266
114.238 20315 142.531
114.355 21633 147.082
114.472 22480 149.933
114.589 23220 152.381
114.707 23046 151.809
114.824 23325 152.725
114.942 23095 151.97
115.059 22196 148.983
115.176 20536 143.304
115.294 19406 139.305
115.411 18681 136.678
115.529 17866 133.664
115.646 17164 131.011
115.764 16692 129.198
115.881 15732 125.427
115.999 15408 124.129
116.116 14940 122.229
116.234 14633 120.967
116.351 14613 120.884
116.469 14462 120.258
116.586 14287 119.528
116.704 14047 118.52
116.821 13155 114.695
116.939 12974 113.903
117.056 13172 114.769
117.174 13969 118.191
117.291 15273 123.584
117.409 16468 128.328
117.526 17668 132.921
117.644 18535 136.143
117.761 20618 143.59
117.879 22026 148.412
117.996 22678 150.592
118.114 23399 152.967
118.231 24428 156.295
118.349 24356 156.064
118.466 24153 155.412
118.584 23426 153.056
118.701 22581 150.27
118.819 21304 145.959
118.936 20627 143.621
119.053 19939 141.206
119.171 19333 139.043
119.288 18605 136.4
119.405 17685 132.985
119.523 16974 130.284
119.64 16697 129.217
119.757 16185 127.22
119.875 16053 126.7
119.992 15710 125.34
120.109 15017 122.544
120.226 15078 122.793
120.343 14494 120.391
120.46 14182 119.088
120.578 14088 118.693
120.695 14630 120.955
120.812 15832 125.825
120.929 16470 128.335
121.046 17054 130.591
121.163 17655 132.872
121.279 18786 137.062
121.396 19810 140.748
121.513 21169 145.496
121.63 22336 149.452
121.747 22683 150.609
121.863 22971 151.562
121.98 23621 153.691
122.097 23280 152.578
122.213 22628 150.426
122.33 21571 146.871
122.446 21007 144.938
122.563 20449 143
122.679 20101 141.778
122.795 19349 139.101
122.912 19020 137.913
123.028 18320 135.351
123.144 17474 132.189
123.26 16986 130.33
123.377 0 1
123.493 0 1
123.609 0 1
123.725 0 1
123.84 0 1
123.956 0 1
124.072 0 1
124.188 0 1
124.303 0 1
124.419 0 1
126.852 0 1
126.968 0 1
127.083 0 1
127.199 0 1
127.315 0 1
127.431 0 1
127.547 0 1
127.663 0 1
127.779 0 1
127.895 0 1
128.011 0 1
128.127 0 1
128.243 0 1
128.359 21047 145.076
128.476 20565 143.405
128.592 20162 141.993
128.708 19940 141.209
128.825 19913 141.113
128.941 19724 140.442
129.058 19427 139.381
129.174 19156 138.405
129.291 18956 137.681
129.408 19067 138.083
129.524 19159 138.416
129.641 19204 138.578
129.758 19629 140.104
129.875 19895 141.05
129.992 20515 143.231
130.108 21166 145.485
130.225 21836 147.77
130.342 22842 151.136
130.459 22935 151.443
130.576 24373 156.119
130.693 23897 154.587
130.81 23613 153.665
130.928 23293 152.62
131.045 22241 149.134
131.162 22407 149.69
131.279 22358 149.526
131.396 22637 150.456
131.513 21936 148.108
131.631 21626 147.058
131.748 21202 145.609
131.865 20777 144.142
131.983 20245 142.285
132.1 20272 142.38
132.217 20288 142.436
132.335 19986 141.372
132.452 20065 141.651
132.57 20045 141.58
132.687 19491 139.61
132.804 20407 142.853
132.922 19355 139.122
133.039 18969 137.728
133.157 19192 138.535
133.274 19075 138.112
133.392 19649 140.175
133.509 19842 140.862
133.627 20383 142.769
133.744 21204 145.616
133.862 21901 147.99
133.979 22110 148.694
134.097 22351 149.503
134.214 22383 149.609
134.332 22147 148.819
134.449 21456 146.479
134.567 21322 146.021
134.684 21606 146.99
134.802 21811 147.685
134.919 21996 148.31
135.037 21980 148.257
135.154 21870 147.885
135.272 21970 148.223
135.389 21460 146.492
135.507 21033 145.028
135.624 20918 144.631
135.742 21362 146.157
135.859 21445 146.441
135.977 21804 147.662
136.094 21813 147.692
136.211 20935 144.689
136.329 21386 146.24
136.446 21096 145.245
136.564 20575 143.44
136.681 20375 142.741
136.798 20066 141.655
136.915 20540 143.318
137.033 20818 144.284
137.15 20816 144.278
137.267 21406 146.308
137.384 21832 147.757
137.502 21816 147.702
137.619 22303 149.342
137.736 22325 149.416
137.853 21553 146.809
137.97 21126 145.348
138.087 22213 149.04
138.204 21709 147.34
138.321 22257 149.188
138.438 22529 150.097
138.555 22227 149.087
138.672 22755 150.848
138.788 22642 150.473
138.905 22739 150.795
139.022 22452 149.84
139.139 22383 149.609
139.255 22254 149.178
139.372 22351 149.503
139.488 22257 149.188
139.605 22261 149.201
139.721 22279 149.262
139.838 22107 148.684
139.954 21984 148.27
140.071 21143 145.406
140.187 20939 144.703
140.303 20036 141.549
140.419 20019 141.489
140.535 19838 140.847
140.652 19488 139.599
140.768 0 1
140.884 0 1
141 0 1
141.115 0 1
141.231 0 1
141.347 0 1
141.463 0 1
141.578 0 1
141.694 0 1
144.104 0 1
144.219 0 1
144.335 0 1
144.45 0 1
144.566 0 1
144.682 0 1
144.798 0 1
144.914 0 1
145.03 0 1
145.146 19760 140.57
145.262 19625 140.089
145.378 19597 139.989
145.494 19250 138.744
145.61 19399 139.28
145.726 19369 139.173
145.842 20019 141.489
145.959 19876 140.982
146.075 19906 141.089
146.192 20458 143.031
146.308 20732 143.986
146.425 20657 143.725
146.541 20797 144.212
146.658 20495 143.161
146.774 20999 144.91
146.891 21210 145.637
147.008 21266 145.829
147.125 21217 145.661
147.241 21635 147.088
147.358 21582 146.908
147.475 21341 146.086
147.592 21195 145.585
147.709 20965 144.793
147.826 20952 144.748
147.943 21075 145.172
148.06 21214 145.65
148.177 21056 145.107
148.294 20820 144.291
148.411 20454 143.017
148.528 20241 142.271
148.645 19623 140.082
148.762 19614 140.05
148.88 19085 138.148
148.997 18532 136.132
149.114 19636 140.129
149.231 19235 138.69
149.349 18787 137.066
149.466 19133 138.322
149.583 18746 136.916
149.701 19034 137.964
149.818 19589 139.961
149.935 19620 140.071
150.053 19550 139.821
150.17 20149 141.947
150.287 20331 142.587
150.405 20404 142.843
150.522 20706 143.896
150.64 21127 145.351
150.757 21340 146.082
150.875 20924 144.651
150.992 21105 145.276
151.11 20485 143.126
151.227 20416 142.885
151.344 19936 141.195
151.462 19956 141.266
151.579 20190 142.092
151.697 20263 142.348
151.814 19816 140.769
151.932 19834 140.833
152.049 19514 139.693
152.167 19345 139.086
152.284 18853 137.306
152.402 18790 137.077
152.519 18361 135.503
152.636 18269 135.163
152.754 18628 136.484
152.871 18820 137.186
152.989 18812 137.157
153.106 19232 138.679
153.223 19357 139.129
153.341 19784 140.656
153.458 19982 141.358
153.575 20388 142.787
153.693 20937 144.696
153.81 21406 146.308
153.927 21849 147.814
154.044 22539 150.13
154.162 22883 151.271
154.279 23638 153.747
154.396 23485 153.248
154.513 23738 154.071
154.63 23784 154.221
154.747 23607 153.646
154.864 23072 151.895
154.981 22642 150.473
155.098 22457 149.857
155.215 22209 149.027
155.332 21938 148.115
155.449 21874 147.899
155.566 20989 144.876
155.683 20747 144.038
155.8 20046 141.584
155.917 19240 138.708
156.033 18824 137.201
156.15 0 1
156.267 0 1
156.383 0 1
156.5 0 1
156.617 0 1
156.733 0 1
156.85 0 1
156.966 0 1
157.082 0 1
157.199 0 1
157.315 0 1
157.431 0 1
157.547 0 1
157.664 0 1
157.78 0 1
157.896 0 1
158.012 0 1
158.128 0 1
158.244 0 1
158.359 0 1
158.475 0 1
158.591 0 1
158.706 0 1
