
6.15755 0 1
6.2731 0 1
6.3887 0 1
6.50437 0 1
6.62009 0 1
6.73587 0 1
6.8517 0 1
6.96759 0 1
7.08353 0 1
7.19952 0 1
7.31557 0 1
7.43166 0 1
7.54781 0 1
7.664 0 1
7.78024 0 1
7.89653 0 1
8.01286 0 1
8.12924 0 1
8.24567 0 1
8.36213 0 1
8.47864 0 1
8.59519 0 1
8.71178 0 1
8.82841 0 1
8.94508 0 1
9.06179 0 1
9.17853 0 1
9.29531 0 1
9.41212 0 1
9.52897 0 1
9.64584 0 1
9.76276 0 1
9.8797 0 1
9.99667 0 1
10.1137 0 1
10.2307 0 1
10.3478 0 1
10.4648 0 1
10.5819 0 1
10.6991 0 1
10.8162 0 1
10.9334 0 1
11.0506 0 1
11.1678 0 1
11.285 0 1
11.4023 0 1
11.5196 0 1
11.6369 0 1
11.7542 0 1
11.8715 0 1
11.9888 0 1
12.1062 0 1
12.2235 0 1
12.3409 0 1
12.4582 0 1
12.5756 0 1
12.693 0 1
12.8104 0 1
12.9278 0 1
13.0452 0 1
13.1626 0 1
13.28 0 1
13.3974 0 1
13.5149 0 1
13.6323 0 1
13.7497 0 1
13.8671 0 1
13.9845 0 1
14.1019 0 1
14.2193 0 1
14.3367 0 1
14.4541 0 1
14.5714 0 1
14.6888 0 1
14.8062 0 1
14.9235 0 1
15.0408 2176 46.6476
15.1581 2291 47.8644
15.2755 2356 48.5386
15.3927 2471 49.7092
15.51 2564 50.636
15.6273 2490 49.8999
15.7445 2357 48.5489
15.8617 2270 47.6445
15.9789 2306 48.0208
16.0961 2260 47.5395
16.2132 2147 46.3357
16.3304 2183 46.7226
16.4475 2239 47.3181
16.5646 2203 46.9361
16.6816 2198 46.8828
16.7986 2188 46.7761
16.9156 2219 47.1063
17.0326 2147 46.3357
17.1496 2225 47.1699
17.2665 2103 45.8585
17.3833 2087 45.6837
17.5002 2171 46.594
17.617 2143 46.2925
17.7338 2135 46.2061
17.8505 2113 45.9674
17.9672 2230 47.2229
18.0839 2147 46.3357
18.2005 2388 48.8672
18.3171 2326 48.2286
18.4337 2397 48.9592
18.5502 2342 48.3942
18.6666 2429 49.2849
18.7831 2279 47.7389
18.8994 2356 48.5386
19.0158 2322 48.1871
19.1321 2219 47.1063
19.2483 2090 45.7165
19.3645 1947 44.1248
19.4806 1707 41.3159
19.5967 1604 40.05
19.7128 1536 39.1918
19.8288 1398 37.3898
19.9447 1336 36.5513
20.0606 0 1
20.1764 0 1
20.2922 0 1
20.4079 0 1
20.5236 0 1
20.6392 0 1
20.7548 0 1
20.8702 0 1
23.3078 0 1
23.4233 0 1
23.539 0 1
23.6547 0 1
23.7704 0 1
23.8862 0 1
24.0021 0 1
24.118 0 1
24.234 0 1
24.35 0 1
24.4661 966 31.0805
24.5822 1068 32.6803
24.6984 1256 35.4401
24.8146 1253 35.3977
24.9309 1353 36.7831
25.0472 1441 37.9605
25.1636 1541 39.2556
25.28 1705 41.2916
25.3965 1836 42.8486
25.513 1950 44.1588
25.6296 2061 45.3982
25.7462 2184 46.7333
25.8628 2237 47.2969
25.9795 2316 48.1248
26.0962 2325 48.2183
26.213 2400 48.9898
26.3298 2300 47.9583
26.4466 2225 47.1699
26.5635 2259 47.5289
26.6804 2133 46.1844
26.7973 2166 46.5403
26.9143 2245 47.3814
27.0313 2325 48.2183
27.1483 2189 46.7868
27.2653 2270 47.6445
27.3824 2285 47.8017
27.4996 2276 47.7074
27.6167 2328 48.2494
27.7339 2295 47.9062
27.8511 2231 47.2335
27.9683 2090 45.7165
28.0855 2032 45.0777
28.2028 2004 44.7661
28.3201 1849 43
28.4374 1787 42.2729
28.5547 1719 41.4608
28.6721 1834 42.8252
28.7894 1854 43.0581
28.9068 2003 44.7549
29.0242 2120 46.0435
29.1416 2182 46.7119
29.259 2163 46.5081
29.3764 2143 46.2925
29.4939 2140 46.2601
29.6113 2154 46.4112
29.7288 2167 46.551
29.8463 2207 46.9787
29.9638 2124 46.0869
30.0812 2097 45.793
30.1987 2064 45.4313
30.3162 2003 44.7549
30.4337 2145 46.3141
30.5512 2071 45.5082
30.6687 2281 47.7598
30.7862 2154 46.4112
30.9037 2182 46.7119
31.0212 2239 47.3181
31.1387 2241 47.3392
31.2562 2175 46.6369
31.3737 2111 45.9456
31.4912 2042 45.1885
31.6087 2027 45.0222
31.7262 1982 44.5197
31.8436 1788 42.2847
31.9611 1787 42.2729
32.0785 1679 40.9756
32.1959 1785 42.2493
32.3134 1903 43.6234
32.4308 1925 43.8748
32.5482 2039 45.1553
32.6655 2046 45.2327
32.7829 2045 45.2217
32.9002 2096 45.7821
33.0176 2027 45.0222
33.1349 2134 46.1952
33.2522 2063 45.4203
33.3694 2123 46.076
33.4867 2133 46.1844
33.6039 2122 46.0652
33.7211 2117 46.0109
33.8383 1997 44.6878
33.9554 2009 44.8219
34.0725 2160 46.4758
34.1896 2221 47.1275
34.3067 2214 47.0532
34.4237 2215 47.0638
34.5407 2177 46.6583
34.6577 2288 47.833
34.7746 2151 46.3789
34.8915 2144 46.3033
35.0084 2141 46.2709
35.1252 2103 45.8585
35.242 1876 43.3128
35.3587 1899 43.5775
35.4755 1871 43.2551
35.5921 1688 41.0853
35.7088 1667 40.8289
35.8254 1677 40.9512
35.9419 1661 40.7554
36.0584 1803 42.4617
36.1749 1873 43.2782
36.2913 1855 43.0697
36.4077 1971 44.3959
36.524 1859 43.1161
36.6403 1839 42.8836
36.7565 1835 42.8369
36.8727 1790 42.3084
36.9889 1730 41.5933
37.1049 1563 39.5348
37.221 0 1
37.3369 0 1
37.4529 0 1
37.5687 0 1
37.6845 0 1
37.8003 0 1
37.916 0 1
38.0316 0 1
38.1472 0 1
40.5851 0 1
40.7008 0 1
40.8164 0 1
40.9322 0 1
41.048 0 1
41.1639 0 1
41.2798 0 1
41.3958 0 1
41.5118 0 1
41.6279 0 1
41.744 990 31.4643
41.8602 1094 33.0757
41.9765 1159 34.0441
42.0928 1280 35.7771
42.2091 1304 36.1109
42.3255 1432 37.8418
42.4419 1520 38.9872
42.5584 1498 38.704
42.675 1560 39.4968
42.7915 1704 41.2795
42.9081 1904 43.6348
43.0248 1881 43.3705
43.1415 1878 43.3359
43.2582 1975 44.441
43.375 2057 45.3542
43.4918 2069 45.4863
43.6087 2055 45.3321
43.7256 2055 45.3321
43.8425 2005 44.7772
43.9595 1984 44.5421
44.0765 1949 44.1475
44.1935 1890 43.4741
44.3106 1774 42.1189
44.4277 1676 40.939
44.5448 1624 40.2989
44.6619 1647 40.5832
44.7791 1688 41.0853
44.8963 1801 42.4382
45.0136 1905 43.6463
45.1308 1965 44.3283
45.2481 1915 43.7607
45.3654 1883 43.3935
45.4827 1980 44.4972
45.6001 2002 44.7437
45.7174 1909 43.6921
45.8348 2054 45.3211
45.9522 1937 44.0114
46.0697 1933 43.9659
46.1871 1894 43.5201
46.3046 1940 44.0454
46.422 2049 45.2659
46.5395 2062 45.4093
46.657 2178 46.669
46.7745 2204 46.9468
46.892 2281 47.7598
47.0096 2255 47.4868
47.1271 2255 47.4868
47.2446 2249 47.4236
47.3622 2310 48.0625
47.4797 2231 47.2335
47.5973 2082 45.6289
47.7149 2117 46.0109
47.8324 2039 45.1553
47.95 1956 44.2267
48.0675 1706 41.3038
48.1851 1788 42.2847
48.3027 1756 41.9047
48.4202 1899 43.5775
48.5378 1999 44.7102
48.6554 2059 45.3762
48.7729 2106 45.8912
48.8904 2101 45.8367
49.008 2166 46.5403
49.1255 2103 45.8585
49.243 2128 46.1303
49.3605 2125 46.0977
49.478 2068 45.4753
49.5955 2149 46.3573
49.713 2077 45.5741
49.8304 2249 47.4236
49.9479 2197 46.8722
50.0653 2255 47.4868
50.1827 2349 48.4665
50.3001 2340 48.3735
50.4175 2507 50.07
50.5348 2465 49.6488
50.6521 2482 49.8197
50.7694 2415 49.1426
50.8867 2391 48.8979
51.004 2480 49.7996
51.1212 2371 48.6929
51.2384 2380 48.7852
51.3556 2151 46.3789
51.4727 1957 44.238
51.5899 1932 43.9545
51.707 1892 43.4971
51.824 2009 44.8219
51.9411 2165 46.5296
52.0581 2293 47.8853
52.175 2358 48.5592
52.2919 2338 48.3529
52.4088 2353 48.5077
52.5257 2348 48.4562
52.6425 2345 48.4252
52.7593 2401 49
52.876 2396 48.949
52.9927 2446 49.4571
53.1094 2297 47.927
53.226 2308 48.0416
53.3426 2245 47.3814
53.4591 2326 48.2286
53.5756 2296 47.9166
53.692 2370 48.6826
53.8084 2329 48.2597
53.9248 2284 47.7912
54.0411 2298 47.9375
54.1573 2095 45.7712
54.2735 0 1
54.3896 0 1
54.5057 0 1
54.6217 0 1
54.7377 0 1
54.8537 0 1
54.9695 0 1
55.0853 0 1
55.2011 0 1
55.3168 0 1
55.4324 0 1
57.824 0 1
57.9396 0 1
58.0553 0 1
58.1711 0 1
58.2869 0 1
58.4028 0 1
58.5187 0 1
58.6347 0 1
58.7508 0 1
58.8669 0 1
58.983 1926 43.8862
59.0992 2210 47.0106
59.2155 2474 49.7393
59.3318 2729 52.2398
59.4482 2911 53.9537
59.5646 3207 56.6304
59.681 3220 56.745
59.7975 3323 57.6455
59.9141 3389 58.2151
60.0306 3398 58.2924
60.1473 3237 56.8946
60.2639 3117 55.8301
60.3807 2955 54.3599
60.4974 2929 54.1202
60.6142 3309 57.5239
60.731 3485 59.0339
60.8479 3687 60.7207
60.9648 3766 61.3677
61.0818 4008 63.3088
61.1987 3910 62.53
61.3158 4078 63.8592
61.4328 3933 62.7136
61.5499 4043 63.5846
61.667 4030 63.4823
61.7841 4060 63.7181
61.9013 3904 62.482
62.0185 3955 62.8888
62.1357 3971 63.0159
62.253 4174 64.6065
62.3702 4204 64.8383
62.4875 4383 66.2042
62.6049 4347 65.9318
62.7222 4484 66.9627
62.8396 4494 67.0373
62.9569 4548 67.4389
63.0743 4578 67.6609
63.1918 4514 67.1863
63.3092 4341 65.8863
63.4267 4415 66.4455
63.5441 3958 62.9126
63.6616 3743 61.1801
63.7791 3399 58.3009
63.8966 3236 56.8859
64.0142 3318 57.6021
64.1317 3528 59.397
64.2492 3821 61.8142
64.3668 4058 63.7024
64.4843 4143 64.3661
64.6019 4211 64.8922
64.7195 4301 65.582
64.837 4267 65.3223
64.9546 4338 65.8635
65.0722 4309 65.643
65.1898 4389 66.2495
65.3074 4283 65.4446
65.4249 4254 65.2227
65.5425 4188 64.7148
65.6601 4185 64.6916
65.7777 4335 65.8407
65.8952 4416 66.453
66.0128 4388 66.242
66.1304 4659 68.2569
66.2479 4668 68.3228
66.3655 4720 68.7023
66.483 4915 70.1071
66.6005 4723 68.7241
66.718 4791 69.217
66.8355 4657 68.2422
66.953 4497 67.0597
67.0705 4250 65.192
67.1879 4060 63.7181
67.3054 3662 60.5145
67.4228 3304 57.4804
67.5402 3128 55.9285
67.6576 3225 56.7891
67.7749 3516 59.2959
67.8923 3871 62.2174
68.0096 4200 64.8074
68.1269 4230 65.0385
68.2442 4392 66.2722
68.3614 4421 66.4906
68.4787 4456 66.7533
68.5958 4457 66.7608
68.713 4389 66.2495
68.8302 4453 66.7308
68.9473 4248 65.1767
69.0643 4244 65.146
69.1814 4119 64.1794
69.2984 4100 64.0312
69.4154 4296 65.5439
69.5323 4192 64.7457
69.6492 4409 66.4003
69.7661 4594 67.7791
69.8829 4457 66.7608
69.9997 4535 67.3424
70.1165 4447 66.6858
70.2332 4629 68.0368
70.3499 4439 66.6258
70.4665 4135 64.304
70.5831 3975 63.0476
70.6996 3696 60.7947
70.8161 3329 57.6975
70.9326 2850 53.3854
71.049 2210 47.0106
71.1653 1859 43.1161
71.2817 1676 40.939
71.3979 1631 40.3856
71.5141 1641 40.5093
71.6303 1568 39.598
71.7464 1562 39.5221
71.8624 0 1
71.9784 0 1
72.0944 0 1
72.2102 0 1
72.3261 0 1
72.4418 0 1
72.5575 0 1
72.6732 0 1
75.1054 0 1
75.2209 0 1
75.3365 0 1
75.4521 0 1
75.5678 0 1
75.6835 0 1
75.7993 0 1
75.9151 0 1
76.031 0 1
76.147 2312 48.0833
76.263 2287 47.8226
76.3791 2295 47.9062
76.4952 2255 47.4868
76.6113 2463 49.6286
76.7276 2759 52.5262
76.8438 3132 55.9643
76.9601 3483 59.0169
77.0765 3703 60.8523
77.1929 3807 61.7009
77.3093 3831 61.8951
77.4258 3939 62.7615
77.5423 3978 63.0714
77.6589 4013 63.3482
77.7755 3935 62.7296
77.8921 3841 61.9758
78.0088 3804 61.6766
78.1256 3790 61.563
78.2423 3726 61.041
78.3591 3805 61.6847
78.4759 3821 61.8142
78.5928 3937 62.7455
78.7097 4107 64.0859
78.8266 3931 62.6977
78.9436 4276 65.3911
79.0606 4192 64.7457
79.1776 4286 65.4675
79.2946 4352 65.9697
79.4117 4278 65.4064
79.5288 4169 64.5678
79.6459 3974 63.0397
79.7631 3793 61.5873
79.8802 3500 59.1608
79.9974 3161 56.2228
80.1147 2710 52.0577
80.2319 2903 53.8795
80.3491 2942 54.2402
80.4664 3316 57.5847
80.5837 3682 60.6795
80.701 3992 63.1823
80.8183 4013 63.3482
80.9357 4118 64.1716
81.053 4171 64.5833
81.1704 4155 64.4593
81.2877 4142 64.3584
81.4051 4106 64.0781
81.5225 4223 64.9846
81.6399 3909 62.522
81.7573 3971 63.0159
81.8747 3801 61.6523
81.9922 3963 62.9524
82.1096 4017 63.3798
82.227 4009 63.3167
82.3444 3974 63.0397
82.4619 4348 65.9394
82.5793 4313 65.6734
82.6967 4580 67.6757
82.8142 4563 67.55
82.9316 4599 67.8159
83.049 4546 67.424
83.1664 4372 66.1211
83.2838 4253 65.215
83.4012 3879 62.2816
83.5186 3631 60.2578
83.636 3212 56.6745
83.7534 2901 53.8609
83.8708 2887 53.7308
83.9881 3060 55.3173
84.1055 3356 57.931
84.2228 3709 60.9016
84.3401 4059 63.7103
84.4575 4161 64.5058
84.5747 4323 65.7495
84.692 4395 66.2948
84.8093 4274 65.3758
84.9265 4259 65.261
85.0437 4284 65.4523
85.1609 4206 64.8537
85.2781 4051 63.6475
85.3952 3965 62.9682
85.5123 4062 63.7338
85.6294 4024 63.435
85.7465 4085 63.914
85.8636 4074 63.8279
85.9806 4258 65.2534
86.0976 4341 65.8863
86.2145 4609 67.8896
86.3315 4639 68.1102
86.4484 4452 66.7233
86.5652 4552 67.4685
86.682 4514 67.1863
86.7988 4444 66.6633
86.9156 4288 65.4828
87.0323 3809 61.7171
87.149 3570 59.7495
87.2657 3062 55.3353
87.3823 2759 52.5262
87.4988 2958 54.3875
87.6154 3064 55.3534
87.7318 3407 58.3695
87.8483 3632 60.2661
87.9647 3762 61.3351
88.081 3770 61.4003
88.1973 3686 60.7124
88.3136 3479 58.983
88.4298 3084 55.5338
88.546 2757 52.5071
88.6621 2381 48.7955
88.7781 2050 45.2769
88.8942 0 1
89.0101 0 1
89.126 0 1
89.2419 0 1
89.3577 0 1
89.4734 0 1
89.5891 0 1
89.7047 0 1
89.8203 0 1
89.9358 0 1
92.3269 0 1
92.4424 0 1
92.558 0 1
92.6736 0 1
92.7893 0 1
92.905 0 1
93.0208 0 1
93.1366 0 1
93.2525 0 1
93.3685 0 1
93.4845 0 1
93.6005 2983 54.6168
93.7167 3247 56.9825
93.8328 3493 59.1016
93.949 3668 60.564
94.0653 3843 61.9919
94.1816 4060 63.7181
94.2979 4337 65.8559
94.4143 4185 64.6916
94.5307 4239 65.1076
94.6472 4332 65.8179
94.7637 4339 65.8711
94.8803 4249 65.1844
94.9969 4443 66.6558
95.1135 4538 67.3647
95.2302 4617 67.9485
95.3469 4738 68.8331
95.4637 4888 69.9142
95.5805 4791 69.217
95.6973 4824 69.455
95.8142 4592 67.7643
95.9311 4413 66.4304
96.048 4355 65.9924
96.1649 4040 63.561
96.2819 3708 60.8933
96.3989 3412 58.4123
96.516 3248 56.9912
96.633 3383 58.1636
96.7501 3538 59.4811
96.8673 3722 61.0082
96.9844 4114 64.1405
97.1016 4263 65.2917
97.2188 4470 66.8581
97.336 4497 67.0597
97.4532 4499 67.0746
97.5704 4433 66.5808
97.6877 4418 66.468
97.805 4326 65.7723
97.9223 4248 65.1767
98.0396 4122 64.2028
98.1569 4199 64.7997
98.2743 4114 64.1405
98.3916 4318 65.7115
98.509 4429 66.5507
98.6264 4404 66.3626
98.7438 4694 68.5128
98.8612 4637 68.0955
98.9786 4825 69.4622
99.096 4889 69.9214
99.2134 4967 70.4769
99.3308 4904 70.0286
99.4482 4764 69.0217
99.5656 4560 67.5278
99.6831 4326 65.7723
99.8005 3945 62.8092
99.9179 3715 60.9508
100.035 3638 60.3158
100.153 3510 59.2453
100.27 3736 61.1228
100.388 4012 63.3404
100.505 4281 65.4294
100.622 4403 66.3551
100.74 4427 66.5357
100.857 4580 67.6757
100.975 4543 67.4018
101.092 4513 67.1789
101.209 4499 67.0746
101.327 4417 66.4605
101.444 4318 65.7115
101.561 4327 65.7799
101.679 4118 64.1716
101.796 4118 64.1716
101.913 4358 66.0151
102.03 4346 65.9242
102.148 4538 67.3647
102.265 4811 69.3614
102.382 4753 68.942
102.499 4902 70.0143
102.616 5005 70.746
102.733 4921 70.1498
102.851 4842 69.5845
102.968 4836 69.5414
103.085 4616 67.9412
103.202 4345 65.9166
103.319 4134 64.2962
103.436 3849 62.0403
103.552 3643 60.3573
103.669 3582 59.8498
103.786 3759 61.3107
103.903 3957 62.9047
104.02 4218 64.9461
104.137 4347 65.9318
104.253 4425 66.5207
104.37 4524 67.2607
104.487 4580 67.6757
104.603 4513 67.1789
104.72 4323 65.7495
104.836 4053 63.6632
104.953 4082 63.8905
105.069 3931 62.6977
105.186 3691 60.7536
105.302 3728 61.0574
105.418 3589 59.9083
105.535 3462 58.8388
105.651 3402 58.3267
105.767 3285 57.3149
105.883 2946 54.2771
105.999 2590 50.892
106.115 0 1
106.231 0 1
106.347 0 1
106.463 0 1
106.579 0 1
106.694 0 1
106.81 0 1
106.926 0 1
107.041 0 1
107.157 0 1
109.576 0 1
109.692 0 1
109.807 0 1
109.923 0 1
110.039 0 1
110.155 0 1
110.27 0 1
110.386 0 1
110.502 0 1
110.618 2096 45.7821
110.735 2535 50.3488
110.851 2885 53.7122
110.967 3220 56.745
111.083 3567 59.7244
111.199 3791 61.5711
111.316 4138 64.3273
111.432 4252 65.2074
111.549 4364 66.0606
111.665 4281 65.4294
111.782 4245 65.1537
111.898 4046 63.6082
112.015 3785 61.5224
112.132 3471 58.9152
112.248 3230 56.8331
112.365 3181 56.4004
112.482 3632 60.2661
112.599 3727 61.0492
112.716 4116 64.1561
112.832 4103 64.0547
112.949 3995 63.206
113.066 4256 65.238
113.183 4212 64.8999
113.3 4148 64.405
113.417 3861 62.1369
113.534 3891 62.3779
113.652 3867 62.1852
113.769 3755 61.2781
113.886 3735 61.1146
114.003 3723 61.0164
114.12 3856 62.0967
114.238 4000 63.2456
114.355 4085 63.914
114.472 4342 65.8939
114.589 4214 64.9153
114.707 4341 65.8863
114.824 4450 66.7083
114.942 4429 66.5507
115.059 4460 66.7832
115.176 4426 66.5282
115.294 4271 65.3529
115.411 4044 63.5925
115.529 3715 60.9508
115.646 3450 58.7367
115.764 3263 57.1227
115.881 3148 56.107
115.999 3512 59.2621
116.116 3588 59.8999
116.234 3918 62.5939
116.351 3819 61.7981
116.469 4001 63.2535
116.586 3986 63.1348
116.704 3916 62.578
116.821 3959 62.9206
116.939 3881 62.2977
117.056 3769 61.3922
117.174 3626 60.2163
117.291 3543 59.5231
117.409 3560 59.6657
117.526 3664 60.531
117.644 3616 60.1332
117.761 3740 61.1555
117.879 3879 62.2816
117.996 4043 63.5846
118.114 4184 64.6838
118.231 4082 63.8905
118.349 4160 64.4981
118.466 4179 64.6452
118.584 4278 65.4064
118.701 4163 64.5213
118.819 4084 63.9062
118.936 3835 61.9274
119.053 3734 61.1065
119.171 3590 59.9166
119.288 3247 56.9825
119.405 2988 54.6626
119.523 3163 56.2406
119.64 3278 57.2538
119.757 3510 59.2453
119.875 3807 61.7009
119.992 3715 60.9508
120.109 3817 61.7819
120.226 3718 60.9754
120.343 3697 60.803
120.46 3715 60.9508
120.578 3624 60.1997
120.695 3557 59.6406
120.812 3442 58.6686
120.929 3283 57.2975
121.046 3293 57.3847
121.163 3217 56.7186
121.279 3343 57.8187
121.396 3353 57.9051
121.513 3527 59.3886
121.63 3580 59.8331
121.747 3540 59.4979
121.863 3586 59.8832
121.98 3695 60.7865
122.097 3510 59.2453
122.213 3344 57.8273
122.33 3357 57.9396
122.446 3078 55.4797
122.563 2949 54.3047
122.679 2644 51.4198
122.795 2433 49.3254
122.912 1959 44.2606
123.028 1757 41.9166
123.144 1590 39.8748
123.26 1652 40.6448
123.377 0 1
123.493 0 1
123.609 0 1
123.725 0 1
123.84 0 1
123.956 0 1
124.072 0 1
124.188 0 1
124.303 0 1
124.419 0 1
126.852 0 1
126.968 0 1
127.083 0 1
127.199 0 1
127.315 0 1
127.431 0 1
127.547 0 1
127.663 0 1
127.779 0 1
127.895 0 1
128.011 0 1
128.127 0 1
128.243 0 1
128.359 3473 58.9322
128.476 3375 58.0948
128.592 3493 59.1016
128.708 3693 60.7701
128.825 3916 62.578
128.941 4029 63.4744
129.058 4086 63.9218
129.174 4232 65.0538
129.291 4254 65.2227
129.408 4175 64.6142
129.524 4094 63.9844
129.641 4051 63.6475
129.758 3942 62.7853
129.875 3795 61.6036
129.992 3578 59.8164
130.108 3572 59.7662
130.225 3814 61.7576
130.342 3970 63.0079
130.459 3968 62.9921
130.576 4284 65.4523
130.693 4304 65.6049
130.81 4257 65.2457
130.928 4232 65.0538
131.045 4294 65.5286
131.162 4324 65.7571
131.279 4378 66.1665
131.396 4324 65.7571
131.513 4267 65.3223
131.631 4107 64.0859
131.748 4155 64.4593
131.865 4049 63.6318
131.983 3542 59.5147
132.1 3543 59.5231
132.217 3683 60.6877
132.335 3852 62.0645
132.452 4070 63.7966
132.57 4196 64.7765
132.687 4170 64.5755
132.804 4220 64.9615
132.922 4158 64.4826
133.039 4145 64.3817
133.157 4191 64.7379
133.274 3960 62.9285
133.392 3719 60.9836
133.509 3662 60.5145
133.627 3720 60.9918
133.744 3660 60.4979
133.862 3805 61.6847
133.979 4021 63.4114
134.097 4137 64.3195
134.214 4229 65.0308
134.332 4279 65.4141
134.449 4300 65.5744
134.567 4357 66.0076
134.684 4300 65.5744
134.802 4152 64.436
134.919 4294 65.5286
135.037 4253 65.215
135.154 4182 64.6684
135.272 4066 63.7652
135.389 3853 62.0725
135.507 3725 61.0328
135.624 3661 60.5062
135.742 3666 60.5475
135.859 3703 60.8523
135.977 4037 63.5374
136.094 4108 64.0937
136.211 4098 64.0156
136.329 4089 63.9453
136.446 4060 63.7181
136.564 3993 63.1902
136.681 3973 63.0317
136.798 4012 63.3404
136.915 3887 62.3458
137.033 3680 60.663
137.15 3786 61.5305
137.267 3727 61.0492
137.384 3666 60.5475
137.502 3718 60.9754
137.619 3975 63.0476
137.736 4138 64.3273
137.853 4044 63.5925
137.97 4087 63.9296
138.087 3983 63.111
138.204 4120 64.1872
138.321 4059 63.7103
138.438 4153 64.4438
138.555 4145 64.3817
138.672 4049 63.6318
138.788 3896 62.4179
138.905 3645 60.3738
139.022 3521 59.338
139.139 3250 57.0088
139.255 3046 55.1906
139.372 3111 55.7763
139.488 3030 55.0454
139.605 3041 55.1453
139.721 2930 54.1295
139.838 2870 53.5724
139.954 2629 51.2738
140.071 2344 48.4149
140.187 2123 46.076
140.303 2083 45.6399
140.419 2006 44.7884
140.535 1991 44.6206
140.652 1725 41.5331
140.768 0 1
140.884 0 1
141 0 1
141.115 0 1
141.231 0 1
141.347 0 1
141.463 0 1
141.578 0 1
141.694 0 1
144.104 0 1
144.219 0 1
144.335 0 1
144.45 0 1
144.566 0 1
144.682 0 1
144.798 0 1
144.914 0 1
145.03 0 1
145.146 2902 53.8702
145.262 3048 55.2087
145.378 3073 55.4346
145.494 3087 55.5608
145.61 3076 55.4617
145.726 2937 54.1941
145.842 2806 52.9717
145.959 2943 54.2494
146.075 2755 52.4881
146.192 2820 53.1037
146.308 2977 54.5619
146.425 2969 54.4885
146.541 3053 55.254
146.658 3202 56.5862
146.774 3105 55.7225
146.891 3156 56.1783
147.008 3117 55.8301
147.125 3064 55.3534
147.241 3202 56.5862
147.358 3291 57.3672
147.475 3241 56.9298
147.592 3228 56.8155
147.709 3126 55.9106
147.826 2948 54.2955
147.943 2867 53.5444
148.06 2732 52.2685
148.177 2745 52.3927
148.294 2875 53.619
148.411 3011 54.8726
148.528 3055 55.2721
148.645 3145 56.0803
148.762 3122 55.8749
148.88 3057 55.2901
148.997 3074 55.4437
149.114 3046 55.1906
149.231 3099 55.6687
149.349 3000 54.7723
149.466 2816 53.066
149.583 2659 51.5655
149.701 2691 51.8748
149.818 2631 51.2933
149.935 2790 52.8205
150.053 2881 53.6749
150.17 3092 55.6058
150.287 3101 55.6866
150.405 3053 55.254
150.522 3059 55.3082
150.64 3045 55.1815
150.757 3108 55.7494
150.875 3081 55.5068
150.992 3075 55.4527
151.11 3133 55.9732
151.227 3102 55.6956
151.344 3045 55.1815
151.462 2931 54.1387
151.579 2671 51.6817
151.697 2614 51.1273
151.814 2728 52.2303
151.932 2805 52.9623
152.049 3067 55.3805
152.167 2946 54.2771
152.284 3028 55.0273
152.402 2965 54.4518
152.519 2950 54.3139
152.636 3017 54.9272
152.754 2939 54.2125
152.871 2925 54.0833
152.989 2641 51.3907
153.106 2704 52
153.223 2640 51.3809
153.341 2609 51.0784
153.458 2607 51.0588
153.575 2703 51.9904
153.693 2776 52.6878
153.81 2822 53.1225
153.927 2890 53.7587
154.044 2831 53.2071
154.162 2849 53.376
154.279 2855 53.4322
154.396 2982 54.6077
154.513 2983 54.6168
154.63 3091 55.5968
154.747 3016 54.9181
154.864 2964 54.4426
154.981 2822 53.1225
155.098 2780 52.7257
155.215 2670 51.672
155.332 2583 50.8232
155.449 2723 52.1824
155.566 2771 52.6403
155.683 2775 52.6783
155.8 2690 51.8652
155.917 2706 52.0192
156.033 2679 51.7591
156.15 0 1
156.267 0 1
156.383 0 1
156.5 0 1
156.617 0 1
156.733 0 1
156.85 0 1
156.966 0 1
157.082 0 1
157.199 0 1
157.315 0 1
157.431 0 1
157.547 0 1
157.664 0 1
157.78 0 1
157.896 0 1
158.012 0 1
158.128 0 1
158.244 0 1
158.359 0 1
158.475 0 1
158.591 0 1
158.706 0 1
