
6.15755 0 1
6.2731 0 1
6.3887 0 1
6.50437 0 1
6.62009 0 1
6.73587 0 1
6.8517 0 1
6.96759 0 1
7.08353 0 1
7.19952 0 1
7.31557 0 1
7.43166 0 1
7.54781 0 1
7.664 0 1
7.78024 0 1
7.89653 0 1
8.01286 0 1
8.12924 0 1
8.24567 0 1
8.36213 0 1
8.47864 0 1
8.59519 0 1
8.71178 0 1
8.82841 0 1
8.94508 0 1
9.06179 0 1
9.17853 0 1
9.29531 0 1
9.41212 0 1
9.52897 0 1
9.64584 0 1
9.76276 0 1
9.8797 0 1
9.99667 0 1
10.1137 0 1
10.2307 0 1
10.3478 0 1
10.4648 0 1
10.5819 0 1
10.6991 0 1
10.8162 0 1
10.9334 0 1
11.0506 0 1
11.1678 0 1
11.285 0 1
11.4023 0 1
11.5196 0 1
11.6369 0 1
11.7542 0 1
11.8715 0 1
11.9888 0 1
12.1062 0 1
12.2235 0 1
12.3409 0 1
12.4582 0 1
12.5756 0 1
12.693 0 1
12.8104 0 1
12.9278 0 1
13.0452 0 1
13.1626 0 1
13.28 0 1
13.3974 0 1
13.5149 0 1
13.6323 0 1
13.7497 0 1
13.8671 0 1
13.9845 0 1
14.1019 0 1
14.2193 0 1
14.3367 0 1
14.4541 0 1
14.5714 0 1
14.6888 0 1
14.8062 0 1
14.9235 0 1
15.0408 9825 99.1211
15.1581 9845 99.222
15.2755 9886 99.4284
15.3927 9893 99.4636
15.51 9777 98.8787
15.6273 9533 97.6371
15.7445 9478 97.355
15.8617 9562 97.7855
15.9789 9653 98.2497
16.0961 10001 100.005
16.2132 10576 102.84
16.3304 10871 104.264
16.4475 11330 106.442
16.5646 11235 105.995
16.6816 11336 106.471
16.7986 11235 105.995
16.9156 11195 105.806
17.0326 11150 105.594
17.1496 10995 104.857
17.2665 11117 105.437
17.3833 11042 105.081
17.5002 10907 104.437
17.617 11239 106.014
17.7338 11522 107.341
17.8505 11423 106.878
17.9672 11746 108.379
18.0839 12223 110.558
18.2005 12217 110.531
18.3171 12401 111.36
18.4337 12697 112.681
18.5502 13229 115.017
18.6666 13046 114.219
18.7831 13035 114.171
18.8994 12833 113.283
19.0158 12737 112.858
19.1321 12220 110.544
19.2483 11873 108.963
19.3645 11814 108.692
19.4806 11793 108.596
19.5967 12119 110.086
19.7128 12801 113.142
19.8288 12680 112.606
19.9447 11644 107.907
20.0606 0 1
20.1764 0 1
20.2922 0 1
20.4079 0 1
20.5236 0 1
20.6392 0 1
20.7548 0 1
20.8702 0 1
23.3078 0 1
23.4233 0 1
23.539 0 1
23.6547 0 1
23.7704 0 1
23.8862 0 1
24.0021 0 1
24.118 0 1
24.234 0 1
24.35 0 1
24.4661 11982 109.462
24.5822 12398 111.346
24.6984 12449 111.575
24.8146 12599 112.245
24.9309 13399 115.754
25.0472 13773 117.358
25.1636 13989 118.275
25.28 13827 117.588
25.3965 13995 118.3
25.513 13790 117.431
25.6296 13757 117.29
25.7462 13879 117.809
25.8628 13428 115.879
25.9795 13301 115.33
26.0962 13359 115.581
26.213 13596 116.602
26.3298 13793 117.444
26.4466 14111 118.79
26.5635 14604 120.847
26.6804 14602 120.839
26.7973 15064 122.735
26.9143 15332 123.822
27.0313 15821 125.782
27.1483 15739 125.455
27.2653 15867 125.964
27.3824 15988 126.444
27.4996 15683 125.232
27.6167 15290 123.653
27.7339 14871 121.947
27.8511 14481 120.337
27.9683 14206 119.189
28.0855 13490 116.146
28.2028 13095 114.433
28.3201 13492 116.155
28.4374 13848 117.678
28.5547 14361 119.837
28.6721 14685 121.182
28.7894 14936 122.213
28.9068 14898 122.057
29.0242 14654 121.054
29.1416 14171 119.042
29.259 13787 117.418
29.3764 13605 116.64
29.4939 13276 115.222
29.6113 13259 115.148
29.7288 13182 114.813
29.8463 13578 116.525
29.9638 13928 118.017
30.0812 14482 120.341
30.1987 15029 122.593
30.3162 15401 124.101
30.4337 15322 123.782
30.5512 15894 126.071
30.6687 15999 126.487
30.7862 16492 128.421
30.9037 16388 128.016
31.0212 16323 127.761
31.1387 15834 125.833
31.2562 15772 125.587
31.3737 15372 123.984
31.4912 14875 121.963
31.6087 14464 120.266
31.7262 14090 118.701
31.8436 13863 117.741
31.9611 14209 119.202
32.0785 14855 121.881
32.1959 15495 124.479
32.3134 15354 123.911
32.4308 15830 125.817
32.5482 15478 124.411
32.6655 15108 122.915
32.7829 14662 121.087
32.9002 14259 119.411
33.0176 13798 117.465
33.1349 13916 117.966
33.2522 13994 118.296
33.3694 14172 119.046
33.4867 14275 119.478
33.6039 14954 122.287
33.7211 15307 123.721
33.8383 15702 125.308
33.9554 16133 127.016
34.0725 16355 127.887
34.1896 16595 128.822
34.3067 16309 127.707
34.4237 16755 129.441
34.5407 16802 129.623
34.6577 16991 130.35
34.7746 16685 129.17
34.8915 16264 127.53
35.0084 15858 125.929
35.1252 15539 124.656
35.242 14960 122.311
35.3587 14466 120.275
35.4755 14343 119.762
35.5921 14749 121.445
35.7088 14657 121.066
35.8254 15437 124.246
35.9419 15946 126.277
36.0584 16181 127.205
36.1749 15919 126.171
36.2913 15915 126.155
36.4077 15275 123.592
36.524 14765 121.511
36.6403 14337 119.737
36.7565 13700 117.047
36.8727 13910 117.941
36.9889 13890 117.856
37.1049 14022 118.415
37.221 0 1
37.3369 0 1
37.4529 0 1
37.5687 0 1
37.6845 0 1
37.8003 0 1
37.916 0 1
38.0316 0 1
38.1472 0 1
40.5851 0 1
40.7008 0 1
40.8164 0 1
40.9322 0 1
41.048 0 1
41.1639 0 1
41.2798 0 1
41.3958 0 1
41.5118 0 1
41.6279 0 1
41.744 11940 109.27
41.8602 11995 109.522
41.9765 12001 109.549
42.0928 12149 110.223
42.2091 12328 111.032
42.3255 12960 113.842
42.4419 13370 115.629
42.5584 14284 119.516
42.675 14291 119.545
42.7915 14728 121.359
42.9081 15262 123.539
43.0248 15046 122.662
43.1415 15202 123.296
43.2582 15291 123.657
43.375 15449 124.294
43.4918 15378 124.008
43.6087 15059 122.715
43.7256 14768 121.524
43.8425 14418 120.075
43.9595 14147 118.941
44.0765 13559 116.443
44.1935 12988 113.965
44.3106 12685 112.628
44.4277 12836 113.296
44.5448 13070 114.324
44.6619 13367 115.616
44.7791 13715 117.111
44.8963 13338 115.49
45.0136 13122 114.551
45.1308 12506 111.83
45.2481 12219 110.54
45.3654 11217 105.91
45.4827 10744 103.653
45.6001 10701 103.446
45.7174 10661 103.252
45.8348 10818 104.01
45.9522 11534 107.396
46.0697 11843 108.826
46.1871 12085 109.932
46.3046 12413 111.414
46.422 13046 114.219
46.5395 13177 114.791
46.657 13131 114.591
46.7745 13001 114.022
46.892 13199 114.887
47.0096 13063 114.293
47.1271 12930 113.71
47.2446 12814 113.199
47.3622 12263 110.738
47.4797 11991 109.503
47.5973 11700 108.167
47.7149 11401 106.775
47.8324 11018 104.967
47.95 10968 104.728
48.0675 10709 103.484
48.1851 11031 105.029
48.3027 11541 107.429
48.4202 11304 106.32
48.5378 11176 105.717
48.6554 10470 102.323
48.7729 10040 100.2
48.8904 9776 98.8737
49.008 9258 96.2185
49.1255 9138 95.5929
49.243 8953 94.6203
49.3605 9178 95.8019
49.478 9643 98.1988
49.5955 10039 100.195
49.713 10608 102.995
49.8304 10969 104.733
49.9479 11394 106.743
50.0653 11792 108.591
50.1827 12175 110.34
50.3001 12210 110.499
50.4175 12522 111.902
50.5348 12707 112.725
50.6521 12841 113.318
50.7694 12634 112.401
50.8867 12614 112.312
51.004 12426 111.472
51.1212 12322 111.005
51.2384 12221 110.549
51.3556 12045 109.75
51.4727 12260 110.725
51.5899 12706 112.721
51.707 13206 114.917
51.824 13805 117.495
51.9411 14277 119.486
52.0581 14069 118.613
52.175 13936 118.051
52.2919 13467 116.047
52.4088 12906 113.605
52.5257 12211 110.503
52.6425 12118 110.082
52.7593 12240 110.635
52.876 12488 111.75
52.9927 13205 114.913
53.1094 14301 119.587
53.226 15250 123.491
53.3426 16112 126.933
53.4591 16841 129.773
53.5756 17755 133.248
53.692 18016 134.224
53.8084 18587 136.334
53.9248 18588 136.338
54.0411 18899 137.474
54.1573 18789 137.073
54.2735 0 1
54.3896 0 1
54.5057 0 1
54.6217 0 1
54.7377 0 1
54.8537 0 1
54.9695 0 1
55.0853 0 1
55.2011 0 1
55.3168 0 1
55.4324 0 1
57.824 0 1
57.9396 0 1
58.0553 0 1
58.1711 0 1
58.2869 0 1
58.4028 0 1
58.5187 0 1
58.6347 0 1
58.7508 0 1
58.8669 0 1
58.983 21780 147.58
59.0992 22591 150.303
59.2155 22789 150.96
59.3318 22939 151.456
59.4482 22382 149.606
59.5646 22516 150.053
59.681 22502 150.007
59.7975 21779 147.577
59.9141 21818 147.709
60.0306 21166 145.485
60.1473 21047 145.076
60.2639 21073 145.165
60.3807 21275 145.86
60.4974 21384 146.233
60.6142 20914 144.617
60.731 20286 142.429
60.8479 19231 138.676
60.9648 18590 136.345
61.0818 17647 132.842
61.1987 16625 128.938
61.3158 16453 128.269
61.4328 16635 128.977
61.5499 17139 130.916
61.667 17836 133.551
61.7841 18701 136.752
61.9013 19558 139.85
62.0185 20616 143.583
62.1357 21206 145.623
62.253 21683 147.251
62.3702 22117 148.718
62.4875 22557 150.19
62.6049 22585 150.283
62.7222 22502 150.007
62.8396 22405 149.683
62.9569 22051 148.496
63.0743 21937 148.111
63.1918 21450 146.458
63.3092 20767 144.108
63.4267 20524 143.262
63.5441 20358 142.681
63.6616 20071 141.672
63.7791 20476 143.094
63.8966 20574 143.436
64.0142 20581 143.461
64.1317 20411 142.867
64.2492 19853 140.901
64.3668 18958 137.688
64.4843 18014 134.216
64.6019 16942 130.161
64.7195 15948 126.285
64.837 15513 124.551
64.9546 15561 124.744
65.0722 15974 126.388
65.1898 16428 128.172
65.3074 18058 134.38
65.4249 18801 137.117
65.5425 19720 140.428
65.6601 20739 144.01
65.7777 21244 145.753
65.8952 21751 147.482
66.0128 22314 149.379
66.1304 22149 148.825
66.2479 22545 150.15
66.3655 22271 149.235
66.483 22599 150.33
66.6005 22163 148.872
66.718 22037 148.449
66.8355 22029 148.422
66.953 21522 146.704
67.0705 21192 145.575
67.1879 20906 144.589
67.3054 21144 145.41
67.4228 21434 146.404
67.5402 21581 146.905
67.6576 21614 147.017
67.7749 21226 145.691
67.8923 21108 145.286
68.0096 20147 141.94
68.1269 19099 138.199
68.2442 18097 134.525
68.3614 17011 130.426
68.4787 16619 128.915
68.5958 16538 128.6
68.713 17187 131.099
68.8302 18218 134.974
68.9473 19988 141.379
69.0643 20779 144.149
69.1814 22298 149.325
69.2984 23595 153.607
69.4154 24789 157.445
69.5323 25238 158.865
69.6492 25871 160.845
69.7661 26302 162.179
69.8829 26812 163.744
69.9997 27351 165.381
70.1165 27293 165.206
70.2332 27174 164.845
70.3499 26882 163.957
70.4665 26774 163.628
70.5831 26658 163.273
70.6996 25689 160.278
70.8161 25684 160.262
70.9326 25534 159.794
71.049 25570 159.906
71.1653 25871 160.845
71.2817 26225 161.941
71.3979 25993 161.223
71.5141 25007 158.136
71.6303 23340 152.774
71.7464 19821 140.787
71.8624 0 1
71.9784 0 1
72.0944 0 1
72.2102 0 1
72.3261 0 1
72.4418 0 1
72.5575 0 1
72.6732 0 1
75.1054 0 1
75.2209 0 1
75.3365 0 1
75.4521 0 1
75.5678 0 1
75.6835 0 1
75.7993 0 1
75.9151 0 1
76.031 0 1
76.147 25427 159.458
76.263 27618 166.187
76.3791 28011 167.365
76.4952 29239 170.994
76.6113 29466 171.657
76.7276 30287 174.032
76.8438 29351 171.321
76.9601 27641 166.256
77.0765 25780 160.562
77.1929 23711 153.984
77.3093 21751 147.482
77.4258 20454 143.017
77.5423 20449 143
77.6589 20419 142.895
77.7755 21948 148.149
77.8921 24067 155.135
78.0088 25892 160.91
78.1256 28148 167.774
78.2423 30067 173.398
78.3591 31265 176.819
78.4759 32695 180.818
78.5928 32938 181.488
78.7097 32772 181.03
78.8266 32039 178.994
78.9436 34223 184.995
79.0606 32951 181.524
79.1776 32495 180.264
79.2946 31927 178.681
79.4117 32352 179.867
79.5288 31682 177.994
79.6459 31302 176.924
79.7631 30185 173.738
79.8802 30212 173.816
79.9974 29905 172.931
80.1147 30422 174.419
80.2319 31318 176.969
80.3491 31827 178.401
80.4664 31161 176.525
80.5837 29740 172.453
80.701 27749 166.58
80.8183 25195 158.729
80.9357 22863 151.205
81.053 21169 145.496
81.1704 20223 142.208
81.2877 19808 140.741
81.4051 21040 145.052
81.5225 22838 151.122
81.6399 25543 159.822
81.7573 27782 166.679
81.8747 29201 170.883
81.9922 31186 176.596
82.1096 32249 179.58
82.227 32386 179.961
82.3444 32219 179.497
82.4619 32547 180.408
82.5793 33004 181.67
82.6967 32191 179.419
82.8142 31739 178.154
82.9316 31451 177.344
83.049 31090 176.324
83.1664 30594 174.911
83.2838 30166 173.684
83.4012 29197 170.871
83.5186 28963 170.185
83.636 28844 169.835
83.7534 29313 171.21
83.8708 30146 173.626
83.9881 30318 174.121
84.1055 29954 173.072
84.2228 28880 169.941
84.3401 26808 163.731
84.4575 24744 157.302
84.5747 22619 150.396
84.692 20794 144.201
84.8093 19529 139.746
84.9265 19869 140.957
85.0437 21341 146.086
85.1609 23270 152.545
85.2781 26146 161.697
85.3952 28399 168.52
85.5123 30806 175.516
85.6294 32858 181.268
85.7465 34720 186.333
85.8636 35135 187.443
85.9806 36183 190.218
86.0976 36743 191.685
86.2145 37149 192.741
86.3315 38151 195.323
86.4484 36440 190.893
86.5652 37753 194.301
86.682 38155 195.333
86.7988 37732 194.247
86.9156 37973 194.867
87.0323 37501 193.652
87.149 37506 193.665
87.2657 37211 192.902
87.3823 38201 195.451
87.4988 39050 197.611
87.6154 40415 201.035
87.7318 39905 199.762
87.8483 37284 193.091
87.9647 34650 186.145
88.081 32214 179.483
88.1973 29153 170.742
88.3136 27138 164.736
88.4298 26626 163.175
88.546 27158 164.797
88.6621 29490 171.727
88.7781 32690 180.804
88.8942 0 1
89.0101 0 1
89.126 0 1
89.2419 0 1
89.3577 0 1
89.4734 0 1
89.5891 0 1
89.7047 0 1
89.8203 0 1
89.9358 0 1
92.3269 0 1
92.4424 0 1
92.558 0 1
92.6736 0 1
92.7893 0 1
92.905 0 1
93.0208 0 1
93.1366 0 1
93.2525 0 1
93.3685 0 1
93.4845 0 1
93.6005 30142 173.615
93.7167 29059 170.467
93.8328 29892 172.893
93.949 30766 175.402
94.0653 33020 181.714
94.1816 35842 189.32
94.2979 39369 198.416
94.4143 42840 206.978
94.5307 44810 211.684
94.6472 47001 216.797
94.7637 48238 219.632
94.8803 48658 220.586
94.9969 49555 222.61
95.1135 49753 223.054
95.2302 50183 224.016
95.3469 49568 222.639
95.4637 49809 223.179
95.5805 49805 223.17
95.6973 50011 223.631
95.8142 49462 222.401
95.9311 48818 220.948
96.048 48533 220.302
96.1649 47791 218.612
96.2819 47041 216.889
96.3989 47458 217.849
96.516 48018 219.13
96.633 48854 221.029
96.7501 48627 220.515
96.8673 47438 217.803
96.9844 44637 211.275
97.1016 40707 201.76
97.2188 37700 194.165
97.336 34695 186.266
97.4532 32062 179.059
97.5704 31213 176.672
97.6877 31481 177.429
97.805 33518 183.079
97.9223 36930 192.172
98.0396 40231 200.577
98.1569 43416 208.365
98.2743 46553 215.761
98.3916 48934 221.21
98.509 50290 224.254
98.6264 51624 227.209
98.7438 51483 226.899
98.8612 51587 227.128
98.9786 52191 228.453
99.096 51504 226.945
99.2134 51069 225.985
99.3308 51175 226.219
99.4482 51624 227.209
99.5656 51244 226.371
99.6831 50451 224.613
99.8005 49649 222.821
99.9179 49215 221.845
100.035 49704 222.944
100.153 50715 225.2
100.27 51114 226.084
100.388 51025 225.887
100.505 49042 221.454
100.622 45886 214.21
100.74 42317 205.711
100.857 38658 196.616
100.975 35374 188.08
101.092 32901 181.386
101.209 32481 180.225
101.327 33465 182.934
101.444 36308 190.547
101.561 40420 201.047
101.679 44419 210.758
101.796 47480 217.899
101.913 50540 224.811
102.03 52109 228.274
102.148 53269 230.801
102.265 52279 228.646
102.382 55586 235.767
102.499 54193 232.794
102.616 54105 232.605
102.733 53171 230.588
102.851 53545 231.398
102.968 53584 231.482
103.085 53390 231.063
103.202 53061 230.35
103.319 52368 228.841
103.436 51338 226.579
103.552 51669 227.308
103.669 52684 229.53
103.786 53606 231.53
103.903 54062 232.512
104.02 52179 228.427
104.137 49219 221.854
104.253 45866 214.163
104.37 41939 204.79
104.487 37994 194.92
104.603 36239 190.365
104.72 35450 188.282
104.836 35973 189.665
104.953 38746 196.84
105.069 42882 207.08
105.186 46518 215.68
105.302 50815 225.422
105.418 53451 231.195
105.535 55916 236.466
105.651 56425 237.539
105.767 57357 239.493
105.883 57941 240.709
105.999 57398 239.579
106.115 0 1
106.231 0 1
106.347 0 1
106.463 0 1
106.579 0 1
106.694 0 1
106.81 0 1
106.926 0 1
107.041 0 1
107.157 0 1
109.576 0 1
109.692 0 1
109.807 0 1
109.923 0 1
110.039 0 1
110.155 0 1
110.27 0 1
110.386 0 1
110.502 0 1
110.618 50370 224.433
110.735 51710 227.398
110.851 53253 230.766
110.967 53668 231.664
111.083 53505 231.311
111.199 52683 229.528
111.316 52980 230.174
111.432 53761 231.864
111.549 52941 230.089
111.665 52498 229.124
111.782 51370 226.65
111.898 50015 223.64
112.015 50448 224.606
112.132 50954 225.73
112.248 51532 227.007
112.365 51756 227.499
112.482 48408 220.018
112.599 48001 219.091
112.716 43777 209.23
112.832 40284 200.709
112.949 36925 192.159
113.066 34602 186.016
113.183 33217 182.255
113.3 33585 183.262
113.417 34961 186.979
113.534 38263 195.609
113.652 40376 200.938
113.769 43905 209.535
113.886 47311 217.511
114.003 47758 218.536
114.12 49236 221.892
114.238 50203 224.06
114.355 50052 223.723
114.472 49665 222.856
114.589 50021 223.654
114.707 48413 220.03
114.824 48384 219.964
114.942 48930 221.201
115.059 49851 223.273
115.176 49456 222.387
115.294 48880 221.088
115.411 47189 217.23
115.529 47195 217.244
115.646 47711 218.428
115.764 48489 220.202
115.881 49196 221.802
115.999 48145 219.42
116.116 46860 216.472
116.234 44489 210.924
116.351 41765 204.365
116.469 38839 197.076
116.586 35893 189.454
116.704 33945 184.242
116.821 33294 182.466
116.939 33301 182.486
117.056 34963 186.984
117.174 36844 191.948
117.291 39781 199.452
117.409 43090 207.581
117.526 45086 212.335
117.644 47110 217.048
117.761 47652 218.293
117.879 48797 220.9
117.996 48637 220.538
118.114 48315 219.807
118.231 48403 220.007
118.349 47164 217.173
118.466 47022 216.846
118.584 47713 218.433
118.701 47735 218.483
118.819 47762 218.545
118.936 46678 216.051
119.053 45716 213.813
119.171 45367 212.995
119.288 45983 214.436
119.405 46623 215.924
119.523 46666 216.023
119.64 46321 215.223
119.757 45190 212.579
119.875 43001 207.367
119.992 40934 202.322
120.109 38753 196.858
120.226 35537 188.513
120.343 33926 184.19
120.46 32938 181.488
120.578 32516 180.322
120.695 32981 181.607
120.812 34756 186.43
120.929 36984 192.312
121.046 39339 198.341
121.163 41466 203.632
121.279 43492 208.547
121.396 44634 211.268
121.513 45635 213.624
121.63 46747 216.211
121.747 46319 215.218
121.863 46022 214.527
121.98 45288 212.81
122.097 44888 211.868
122.213 44986 212.099
122.33 45059 212.271
122.446 45480 213.26
122.563 44747 211.535
122.679 44085 209.964
122.795 43475 208.507
122.912 42663 206.55
123.028 42926 207.186
123.144 43222 207.899
123.26 43548 208.682
123.377 0 1
123.493 0 1
123.609 0 1
123.725 0 1
123.84 0 1
123.956 0 1
124.072 0 1
124.188 0 1
124.303 0 1
124.419 0 1
126.852 0 1
126.968 0 1
127.083 0 1
127.199 0 1
127.315 0 1
127.431 0 1
127.547 0 1
127.663 0 1
127.779 0 1
127.895 0 1
128.011 0 1
128.127 0 1
128.243 0 1
128.359 46069 214.637
128.476 46382 215.365
128.592 46316 215.212
128.708 44722 211.476
128.825 42952 207.249
128.941 41202 202.983
129.058 38772 196.906
129.174 36647 191.434
129.291 35760 189.103
129.408 35555 188.56
129.524 35517 188.46
129.641 36093 189.982
129.758 38519 196.263
129.875 40536 201.336
129.992 42369 205.837
130.108 43807 209.301
130.225 44476 210.893
130.342 45572 213.476
130.459 44721 211.473
130.576 46927 216.626
130.693 45672 213.71
130.81 44244 210.343
130.928 44043 209.864
131.045 44986 212.099
131.162 45903 214.25
131.279 46485 215.604
131.396 46001 214.478
131.513 45177 212.549
131.631 45053 212.257
131.748 45616 213.579
131.865 45778 213.958
131.983 46034 214.555
132.1 45553 213.431
132.217 44010 209.786
132.335 42949 207.241
132.452 41821 204.502
132.57 39540 198.847
132.687 36302 190.531
132.804 36157 190.15
132.922 34783 186.502
133.039 34186 184.895
133.157 35373 188.077
133.274 36419 190.838
133.392 38039 195.036
133.509 39734 199.334
133.627 41568 203.882
133.744 43178 207.793
133.862 43806 209.299
133.979 43826 209.347
134.097 44065 209.917
134.214 43312 208.115
134.332 43384 208.288
134.449 42048 205.056
134.567 42674 206.577
134.684 43355 208.219
134.802 44106 210.014
134.919 44186 210.205
135.037 43437 208.415
135.154 42591 206.376
135.272 43258 207.986
135.389 43298 208.082
135.507 43761 209.191
135.624 43875 209.464
135.742 43377 208.271
135.859 42084 205.144
135.977 40849 202.111
136.094 39480 198.696
136.211 37888 194.648
136.329 35724 189.008
136.446 34913 186.85
136.564 33996 184.38
136.681 33881 184.068
136.798 34767 186.459
136.915 35726 189.013
137.033 36692 191.552
137.15 38224 195.51
137.267 39776 199.439
137.384 40814 202.025
137.502 41212 203.007
137.619 41453 203.6
137.736 41835 204.536
137.853 40730 201.817
137.97 40862 202.144
138.087 39272 198.172
138.204 39973 199.932
138.321 40763 201.898
138.438 41346 203.337
138.555 42687 206.608
138.672 42254 205.558
138.788 41270 203.15
138.905 41888 204.666
139.022 42061 205.088
139.139 42914 207.157
139.255 42162 205.334
139.372 42249 205.546
139.488 41118 202.776
139.605 40227 200.567
139.721 38884 197.19
139.838 37843 194.533
139.954 35965 189.644
140.071 34327 185.275
140.187 33994 184.375
140.303 33393 182.738
140.419 33256 182.362
140.535 33659 183.464
140.652 33974 184.32
140.768 0 1
140.884 0 1
141 0 1
141.115 0 1
141.231 0 1
141.347 0 1
141.463 0 1
141.578 0 1
141.694 0 1
144.104 0 1
144.219 0 1
144.335 0 1
144.45 0 1
144.566 0 1
144.682 0 1
144.798 0 1
144.914 0 1
145.03 0 1
145.146 23845 154.418
145.262 25653 160.166
145.378 26042 161.375
145.494 26679 163.337
145.61 27364 165.421
145.726 28101 167.634
145.842 28880 169.941
145.959 29736 172.441
146.075 30340 174.184
146.192 30334 174.167
146.308 30887 175.747
146.425 30953 175.935
146.541 30978 176.006
146.658 30652 175.077
146.774 30127 173.571
146.891 29548 171.895
147.008 30437 174.462
147.125 30357 174.233
147.241 31392 177.178
147.358 31977 178.821
147.475 31393 177.181
147.592 31803 178.334
147.709 31615 177.806
147.826 31960 178.774
147.943 31715 178.087
148.06 32527 180.352
148.177 31732 178.135
148.294 31289 176.887
148.411 30941 175.901
148.528 30053 173.358
148.645 29410 171.493
148.762 28605 169.13
148.88 28215 167.973
148.997 27313 165.266
149.114 28097 167.622
149.231 27673 166.352
149.349 27925 167.108
149.466 28804 169.717
149.583 29344 171.301
149.701 29770 172.54
149.818 30517 174.691
149.935 31057 176.23
150.053 31186 176.596
150.17 31281 176.864
150.287 31197 176.627
150.405 30799 175.496
150.522 30046 173.338
150.64 29911 172.948
150.757 30129 173.577
150.875 31010 176.097
150.992 31549 177.62
151.11 32281 179.669
151.227 32224 179.51
151.344 32079 179.106
151.462 31915 178.648
151.579 32923 181.447
151.697 32420 180.056
151.814 32465 180.18
151.932 31727 178.121
152.049 31481 177.429
152.167 30803 175.508
152.284 30255 173.94
152.402 29454 171.622
152.519 28867 169.903
152.636 28679 169.349
152.754 28433 168.621
152.871 28540 168.938
152.989 28598 169.109
153.106 28997 170.285
153.223 29633 172.142
153.341 30251 173.928
153.458 30739 175.325
153.575 31285 176.876
153.693 31586 177.725
153.81 31749 178.182
153.927 31294 176.901
154.044 30809 175.525
154.162 30144 173.62
154.279 30384 174.31
154.396 31130 176.437
154.513 31806 178.342
154.63 32833 181.199
154.747 33514 183.068
154.864 33080 181.879
154.981 33614 183.341
155.098 33281 182.431
155.215 33448 182.888
155.332 33438 182.861
155.449 33065 181.838
155.566 32718 180.881
155.683 32271 179.641
155.8 31839 178.435
155.917 31269 176.83
156.033 30887 175.747
156.15 0 1
156.267 0 1
156.383 0 1
156.5 0 1
156.617 0 1
156.733 0 1
156.85 0 1
156.966 0 1
157.082 0 1
157.199 0 1
157.315 0 1
157.431 0 1
157.547 0 1
157.664 0 1
157.78 0 1
157.896 0 1
158.012 0 1
158.128 0 1
158.244 0 1
158.359 0 1
158.475 0 1
158.591 0 1
158.706 0 1
