
6.15755 0 1
6.2731 0 1
6.3887 0 1
6.50437 0 1
6.62009 0 1
6.73587 0 1
6.8517 0 1
6.96759 0 1
7.08353 0 1
7.19952 0 1
7.31557 0 1
7.43166 0 1
7.54781 0 1
7.664 0 1
7.78024 0 1
7.89653 0 1
8.01286 0 1
8.12924 0 1
8.24567 0 1
8.36213 0 1
8.47864 0 1
8.59519 0 1
8.71178 0 1
8.82841 0 1
8.94508 0 1
9.06179 0 1
9.17853 0 1
9.29531 0 1
9.41212 0 1
9.52897 0 1
9.64584 0 1
9.76276 0 1
9.8797 0 1
9.99667 0 1
10.1137 0 1
10.2307 0 1
10.3478 0 1
10.4648 0 1
10.5819 0 1
10.6991 0 1
10.8162 0 1
10.9334 0 1
11.0506 0 1
11.1678 0 1
11.285 0 1
11.4023 0 1
11.5196 0 1
11.6369 0 1
11.7542 0 1
11.8715 0 1
11.9888 0 1
12.1062 0 1
12.2235 0 1
12.3409 0 1
12.4582 0 1
12.5756 0 1
12.693 0 1
12.8104 0 1
12.9278 0 1
13.0452 0 1
13.1626 0 1
13.28 0 1
13.3974 0 1
13.5149 0 1
13.6323 0 1
13.7497 0 1
13.8671 0 1
13.9845 0 1
14.1019 0 1
14.2193 0 1
14.3367 0 1
14.4541 0 1
14.5714 0 1
14.6888 0 1
14.8062 0 1
14.9235 0 1
15.0408 1519 38.9744
15.1581 1646 40.5709
15.2755 1654 40.6694
15.3927 1803 42.4617
15.51 1706 41.3038
15.6273 1719 41.4608
15.7445 1765 42.0119
15.8617 1669 40.8534
15.9789 1705 41.2916
16.0961 1608 40.0999
16.2132 1580 39.7492
16.3304 1517 38.9487
16.4475 1561 39.5095
16.5646 1534 39.1663
16.6816 1525 39.0512
16.7986 1493 38.6394
16.9156 1420 37.6829
17.0326 1426 37.7624
17.1496 1310 36.1939
17.2665 1371 37.027
17.3833 1289 35.9026
17.5002 1308 36.1663
17.617 1382 37.1753
17.7338 1467 38.3014
17.8505 1500 38.7298
17.9672 1482 38.4968
18.0839 1532 39.1408
18.2005 1605 40.0625
18.3171 1572 39.6485
18.4337 1528 39.0896
18.5502 1583 39.7869
18.6666 1621 40.2616
18.7831 1615 40.1871
18.8994 1608 40.0999
19.0158 1572 39.6485
19.1321 1500 38.7298
19.2483 1446 38.0263
19.3645 1347 36.7015
19.4806 1318 36.3043
19.5967 1285 35.8469
19.7128 1162 34.0881
19.8288 1116 33.4066
19.9447 977 31.257
20.0606 0 1
20.1764 0 1
20.2922 0 1
20.4079 0 1
20.5236 0 1
20.6392 0 1
20.7548 0 1
20.8702 0 1
23.3078 0 1
23.4233 0 1
23.539 0 1
23.6547 0 1
23.7704 0 1
23.8862 0 1
24.0021 0 1
24.118 0 1
24.234 0 1
24.35 0 1
24.4661 744 27.2764
24.5822 793 28.1603
24.6984 879 29.6479
24.8146 940 30.6594
24.9309 1082 32.8938
25.0472 1246 35.2987
25.1636 1268 35.609
25.28 1400 37.4166
25.3965 1452 38.1051
25.513 1543 39.281
25.6296 1562 39.5221
25.7462 1613 40.1622
25.8628 1595 39.9375
25.9795 1574 39.6737
26.0962 1637 40.4599
26.213 1568 39.598
26.3298 1607 40.0874
26.4466 1626 40.3237
26.5635 1582 39.7744
26.6804 1609 40.1123
26.7973 1670 40.8656
26.9143 1627 40.3361
27.0313 1653 40.6571
27.1483 1682 41.0122
27.2653 1673 40.9023
27.3824 1663 40.7799
27.4996 1712 41.3763
27.6167 1685 41.0488
27.7339 1669 40.8534
27.8511 1635 40.4351
27.9683 1632 40.398
28.0855 1552 39.3954
28.2028 1570 39.6232
28.3201 1624 40.2989
28.4374 1604 40.05
28.5547 1526 39.064
28.6721 1641 40.5093
28.7894 1644 40.5463
28.9068 1638 40.4722
29.0242 1663 40.7799
29.1416 1641 40.5093
29.259 1601 40.0125
29.3764 1591 39.8873
29.4939 1522 39.0128
29.6113 1568 39.598
29.7288 1507 38.8201
29.8463 1535 39.1791
29.9638 1621 40.2616
30.0812 1569 39.6106
30.1987 1590 39.8748
30.3162 1633 40.4104
30.4337 1570 39.6232
30.5512 1639 40.4846
30.6687 1547 39.3319
30.7862 1677 40.9512
30.9037 1668 40.8412
31.0212 1732 41.6173
31.1387 1711 41.3642
31.2562 1741 41.7253
31.3737 1668 40.8412
31.4912 1657 40.7063
31.6087 1644 40.5463
31.7262 1645 40.5586
31.8436 1622 40.2741
31.9611 1586 39.8246
32.0785 1601 40.0125
32.1959 1596 39.95
32.3134 1715 41.4126
32.4308 1694 41.1582
32.5482 1668 40.8412
32.6655 1766 42.0238
32.7829 1621 40.2616
32.9002 1637 40.4599
33.0176 1489 38.5876
33.1349 1540 39.2428
33.2522 1542 39.2683
33.3694 1643 40.5339
33.4867 1674 40.9145
33.6039 1601 40.0125
33.7211 1688 41.0853
33.8383 1732 41.6173
33.9554 1674 40.9145
34.0725 1656 40.694
34.1896 1645 40.5586
34.3067 1641 40.5093
34.4237 1744 41.7612
34.5407 1757 41.9166
34.6577 1797 42.391
34.7746 1813 42.5793
34.8915 1800 42.4264
35.0084 1744 41.7612
35.1252 1760 41.9524
35.242 1681 41
35.3587 1659 40.7308
35.4755 1717 41.4367
35.5921 1700 41.2311
35.7088 1638 40.4722
35.8254 1660 40.7431
35.9419 1718 41.4488
36.0584 1653 40.6571
36.1749 1665 40.8044
36.2913 1522 39.0128
36.4077 1499 38.7169
36.524 1418 37.6563
36.6403 1348 36.7151
36.7565 1237 35.171
36.8727 1138 33.7343
36.9889 1075 32.7872
37.1049 1022 31.9687
37.221 0 1
37.3369 0 1
37.4529 0 1
37.5687 0 1
37.6845 0 1
37.8003 0 1
37.916 0 1
38.0316 0 1
38.1472 0 1
40.5851 0 1
40.7008 0 1
40.8164 0 1
40.9322 0 1
41.048 0 1
41.1639 0 1
41.2798 0 1
41.3958 0 1
41.5118 0 1
41.6279 0 1
41.744 880 29.6648
41.8602 947 30.7734
41.9765 1086 32.9545
42.0928 1192 34.5254
42.2091 1351 36.756
42.3255 1341 36.6197
42.4419 1375 37.081
42.5584 1489 38.5876
42.675 1567 39.5854
42.7915 1547 39.3319
42.9081 1489 38.5876
43.0248 1485 38.5357
43.1415 1591 39.8873
43.2582 1575 39.6863
43.375 1709 41.3401
43.4918 1834 42.8252
43.6087 1799 42.4146
43.7256 1793 42.3438
43.8425 1773 42.107
43.9595 1846 42.9651
44.0765 1877 43.3244
44.1935 1869 43.2319
44.3106 1955 44.2154
44.4277 1942 44.0681
44.5448 1999 44.7102
44.6619 1937 44.0114
44.7791 2032 45.0777
44.8963 2125 46.0977
45.0136 2116 46
45.1308 2158 46.4543
45.2481 2176 46.6476
45.3654 2304 48
45.4827 2285 47.8017
45.6001 2308 48.0416
45.7174 2509 50.0899
45.8348 2415 49.1426
45.9522 2418 49.1732
46.0697 2546 50.4579
46.1871 2455 49.548
46.3046 2511 50.1099
46.422 2395 48.9387
46.5395 2384 48.8262
46.657 2488 49.8799
46.7745 2590 50.892
46.892 2737 52.3163
47.0096 2817 53.0754
47.1271 2887 53.7308
47.2446 2911 53.9537
47.3622 2793 52.8488
47.4797 2869 53.563
47.5973 2806 52.9717
47.7149 2814 53.0471
47.8324 2832 53.2165
47.95 2680 51.7687
48.0675 2781 52.7352
48.1851 2764 52.5738
48.3027 2654 51.517
48.4202 2568 50.6754
48.5378 2559 50.5866
48.6554 2406 49.051
48.7729 2457 49.5681
48.8904 2574 50.7346
49.008 2384 48.8262
49.1255 2288 47.833
49.243 2382 48.8057
49.3605 2269 47.634
49.478 2263 47.571
49.5955 2158 46.4543
49.713 2107 45.9021
49.8304 1999 44.7102
49.9479 1998 44.699
50.0653 1864 43.1741
50.1827 1908 43.6807
50.3001 2065 45.4423
50.4175 1970 44.3847
50.5348 2131 46.1628
50.6521 2153 46.4004
50.7694 2134 46.1952
50.8867 2060 45.3872
51.004 2174 46.6262
51.1212 2048 45.2548
51.2384 2058 45.3652
51.3556 2061 45.3982
51.4727 2059 45.3762
51.5899 1923 43.852
51.707 1976 44.4522
51.824 1946 44.1135
51.9411 1875 43.3013
52.0581 1934 43.9773
52.175 1852 43.0349
52.2919 1813 42.5793
52.4088 1946 44.1135
52.5257 1822 42.6849
52.6425 1823 42.6966
52.7593 1791 42.3202
52.876 1790 42.3084
52.9927 1765 42.0119
53.1094 1733 41.6293
53.226 1753 41.8688
53.3426 1609 40.1123
53.4591 1571 39.6358
53.5756 1466 38.2884
53.692 1436 37.8946
53.8084 1401 37.4299
53.9248 1337 36.565
54.0411 1337 36.565
54.1573 1184 34.4093
54.2735 0 1
54.3896 0 1
54.5057 0 1
54.6217 0 1
54.7377 0 1
54.8537 0 1
54.9695 0 1
55.0853 0 1
55.2011 0 1
55.3168 0 1
55.4324 0 1
57.824 0 1
57.9396 0 1
58.0553 0 1
58.1711 0 1
58.2869 0 1
58.4028 0 1
58.5187 0 1
58.6347 0 1
58.7508 0 1
58.8669 0 1
58.983 1556 39.4462
59.0992 1718 41.4488
59.2155 1895 43.5316
59.3318 2208 46.9894
59.4482 2307 48.0312
59.5646 2483 49.8297
59.681 2646 51.4393
59.7975 2639 51.3712
59.9141 2583 50.8232
60.0306 2602 51.0098
60.1473 2655 51.5267
60.2639 2588 50.8724
60.3807 2564 50.636
60.4974 2554 50.5371
60.6142 2574 50.7346
60.731 2521 50.2096
60.8479 2463 49.6286
60.9648 2529 50.2892
61.0818 2403 49.0204
61.1987 2562 50.6162
61.3158 2465 49.6488
61.4328 2440 49.3964
61.5499 2545 50.448
61.667 2486 49.8598
61.7841 2448 49.4773
61.9013 2382 48.8057
62.0185 2481 49.8096
62.1357 2462 49.6185
62.253 2513 50.1298
62.3702 2553 50.5272
62.4875 2588 50.8724
62.6049 2795 52.8678
62.7222 2944 54.2586
62.8396 2849 53.376
62.9569 3077 55.4707
63.0743 3045 55.1815
63.1918 3079 55.4887
63.3092 2877 53.6377
63.4267 3020 54.9545
63.5441 2829 53.1883
63.6616 2834 53.2353
63.7791 2793 52.8488
63.8966 2732 52.2685
64.0142 2797 52.8867
64.1317 2726 52.2111
64.2492 2637 51.3517
64.3668 2569 50.6853
64.4843 2532 50.319
64.6019 2588 50.8724
64.7195 2619 51.1762
64.837 2694 51.9038
64.9546 2532 50.319
65.0722 2591 50.9019
65.1898 2604 51.0294
65.3074 2470 49.6991
65.4249 2441 49.4065
65.5425 2537 50.3686
65.6601 2449 49.4874
65.7777 2487 49.8698
65.8952 2591 50.9019
66.0128 2795 52.8678
66.1304 2870 53.5724
66.2479 2845 53.3385
66.3655 2918 54.0185
66.483 3125 55.9017
66.6005 3105 55.7225
66.718 3121 55.8659
66.8355 3119 55.848
66.953 3103 55.7046
67.0705 2980 54.5894
67.1879 2876 53.6284
67.3054 2791 52.8299
67.4228 2783 52.7541
67.5402 2659 51.5655
67.6576 2655 51.5267
67.7749 2727 52.2207
67.8923 2616 51.1468
68.0096 2605 51.0392
68.1269 2578 50.774
68.2442 2606 51.049
68.3614 2555 50.547
68.4787 2597 50.9608
68.5958 2639 51.3712
68.713 2556 50.5569
68.8302 2639 51.3712
68.9473 2650 51.4782
69.0643 2426 49.2544
69.1814 2414 49.1325
69.2984 2356 48.5386
69.4154 2374 48.7237
69.5323 2459 49.5883
69.6492 2689 51.8556
69.7661 2710 52.0577
69.8829 2767 52.6023
69.9997 2848 53.3667
70.1165 2842 53.3104
70.2332 2651 51.4879
70.3499 2658 51.5558
70.4665 2469 49.689
70.5831 2320 48.1664
70.6996 2149 46.3573
70.8161 1973 44.4185
70.9326 1821 42.6732
71.049 1632 40.398
71.1653 1462 38.2361
71.2817 1380 37.1484
71.3979 1345 36.6742
71.5141 1343 36.647
71.6303 1107 33.2716
71.7464 1013 31.8277
71.8624 0 1
71.9784 0 1
72.0944 0 1
72.2102 0 1
72.3261 0 1
72.4418 0 1
72.5575 0 1
72.6732 0 1
75.1054 0 1
75.2209 0 1
75.3365 0 1
75.4521 0 1
75.5678 0 1
75.6835 0 1
75.7993 0 1
75.9151 0 1
76.031 0 1
76.147 2012 44.8553
76.263 2255 47.4868
76.3791 2298 47.9375
76.4952 2307 48.0312
76.6113 2363 48.6107
76.7276 2291 47.8644
76.8438 2470 49.6991
76.9601 2465 49.6488
77.0765 2548 50.4777
77.1929 2416 49.1528
77.3093 2578 50.774
77.4258 2663 51.6043
77.5423 2555 50.547
77.6589 2708 52.0384
77.7755 2619 51.1762
77.8921 2582 50.8134
78.0088 2477 49.7695
78.1256 2353 48.5077
78.2423 2339 48.3632
78.3591 2283 47.7807
78.4759 2435 49.3457
78.5928 2682 51.788
78.7097 2752 52.4595
78.8266 2881 53.6749
78.9436 3008 54.8452
79.0606 3059 55.3082
79.1776 3136 56
79.2946 3286 57.3236
79.4117 3310 57.5326
79.5288 3346 57.8446
79.6459 3228 56.8155
79.7631 3137 56.0089
79.8802 3040 55.1362
79.9974 2924 54.074
80.1147 2874 53.6097
80.2319 2736 52.3068
80.3491 2967 54.4702
80.4664 2844 53.3292
80.5837 2903 53.8795
80.701 2832 53.2165
80.8183 2816 53.066
80.9357 2868 53.5537
81.053 3019 54.9454
81.1704 2993 54.7083
81.2877 3025 55
81.4051 3069 55.3986
81.5225 2945 54.2679
81.6399 2826 53.1601
81.7573 2725 52.2015
81.8747 2623 51.2152
81.9922 2652 51.4976
82.1096 2627 51.2543
82.227 2866 53.535
82.3444 3055 55.2721
82.4619 3353 57.9051
82.5793 3373 58.0775
82.6967 3362 57.9828
82.8142 3414 58.4294
82.9316 3718 60.9754
83.049 3620 60.1664
83.1664 3608 60.0666
83.2838 3520 59.3296
83.4012 3462 58.8388
83.5186 3235 56.8771
83.636 3255 57.0526
83.7534 3237 56.8946
83.8708 3270 57.1839
83.9881 3159 56.205
84.1055 3168 56.285
84.2228 3166 56.2672
84.3401 3142 56.0535
84.4575 3216 56.7098
84.5747 3327 57.6802
84.692 3527 59.3886
84.8093 3360 57.9655
84.9265 3291 57.3672
85.0437 3311 57.5413
85.1609 3280 57.2713
85.2781 2980 54.5894
85.3952 2960 54.4059
85.5123 2798 52.8961
85.6294 2730 52.2494
85.7465 3098 55.6597
85.8636 3224 56.7803
85.9806 3409 58.3866
86.0976 3521 59.338
86.2145 3738 61.1392
86.3315 3730 61.0737
86.4484 3946 62.8172
86.5652 3903 62.474
86.682 3880 62.2896
86.7988 3808 61.709
86.9156 3847 62.0242
87.0323 3717 60.9672
87.149 3534 59.4475
87.2657 3421 58.4893
87.3823 3346 57.8446
87.4988 3141 56.0446
87.6154 3148 56.107
87.7318 3099 55.6687
87.8483 2795 52.8678
87.9647 2662 51.5946
88.081 2467 49.6689
88.1973 2433 49.3254
88.3136 2234 47.2652
88.4298 2108 45.913
88.546 1919 43.8064
88.6621 1704 41.2795
88.7781 1560 39.4968
88.8942 0 1
89.0101 0 1
89.126 0 1
89.2419 0 1
89.3577 0 1
89.4734 0 1
89.5891 0 1
89.7047 0 1
89.8203 0 1
89.9358 0 1
92.3269 0 1
92.4424 0 1
92.558 0 1
92.6736 0 1
92.7893 0 1
92.905 0 1
93.0208 0 1
93.1366 0 1
93.2525 0 1
93.3685 0 1
93.4845 0 1
93.6005 3033 55.0727
93.7167 3289 57.3498
93.8328 3667 60.5558
93.949 3849 62.0403
94.0653 3883 62.3137
94.1816 3984 63.1189
94.2979 3815 61.7657
94.4143 3755 61.2781
94.5307 3502 59.1777
94.6472 3396 58.2752
94.7637 3278 57.2538
94.8803 3466 58.8727
94.9969 3638 60.3158
95.1135 3927 62.6658
95.2302 4185 64.6916
95.3469 4353 65.9773
95.4637 4367 66.0833
95.5805 4652 68.2056
95.6973 4517 67.2086
95.8142 4617 67.9485
95.9311 4514 67.1863
96.048 4498 67.0671
96.1649 4513 67.1789
96.2819 4339 65.8711
96.3989 4271 65.3529
96.516 4272 65.3605
96.633 4258 65.2534
96.7501 4158 64.4826
96.8673 4093 63.9766
96.9844 4107 64.0859
97.1016 4113 64.1327
97.2188 4041 63.5689
97.336 4258 65.2534
97.4532 4365 66.0681
97.5704 4605 67.8602
97.6877 4438 66.6183
97.805 4521 67.2384
97.9223 4429 66.5507
98.0396 4047 63.616
98.1569 3731 61.0819
98.2743 3603 60.025
98.3916 3454 58.7707
98.509 3577 59.808
98.6264 3882 62.3057
98.7438 4102 64.0469
98.8612 4249 65.1844
98.9786 4661 68.2715
99.096 4735 68.8113
99.2134 4788 69.1954
99.3308 4941 70.2922
99.4482 5085 71.3092
99.5656 4951 70.3633
99.6831 5047 71.0422
99.8005 5072 71.218
99.9179 4714 68.6586
100.035 4574 67.6314
100.153 4537 67.3573
100.27 4620 67.9706
100.388 4482 66.9477
100.505 4494 67.0373
100.622 4450 66.7083
100.74 4341 65.8863
100.857 4590 67.7495
100.975 4631 68.0515
101.092 4625 68.0074
101.209 4730 68.775
101.327 4644 68.1469
101.444 4556 67.4981
101.561 4439 66.6258
101.679 4230 65.0385
101.796 4110 64.1093
101.913 3847 62.0242
102.03 3813 61.7495
102.148 4069 63.7887
102.265 4161 64.5058
102.382 4587 67.7274
102.499 4808 69.3397
102.616 5247 72.4362
102.733 5196 72.0833
102.851 5255 72.4914
102.968 5278 72.6498
103.085 5424 73.6478
103.202 5305 72.8354
103.319 5243 72.4086
103.436 5184 72
103.552 4925 70.1783
103.669 4836 69.5414
103.786 4729 68.7677
103.903 4751 68.9275
104.02 4622 67.9853
104.137 4742 68.8622
104.253 4624 68
104.37 4638 68.1029
104.487 4762 69.0072
104.603 4784 69.1665
104.72 4728 68.7605
104.836 4518 67.2161
104.953 4144 64.3739
105.069 3896 62.4179
105.186 3463 58.8473
105.302 3142 56.0535
105.418 2801 52.9245
105.535 2710 52.0577
105.651 2428 49.2747
105.767 2421 49.2037
105.883 2280 47.7493
105.999 2312 48.0833
106.115 0 1
106.231 0 1
106.347 0 1
106.463 0 1
106.579 0 1
106.694 0 1
106.81 0 1
106.926 0 1
107.041 0 1
107.157 0 1
109.576 0 1
109.692 0 1
109.807 0 1
109.923 0 1
110.039 0 1
110.155 0 1
110.27 0 1
110.386 0 1
110.502 0 1
110.618 2073 45.5302
110.735 2556 50.5569
110.851 3003 54.7996
110.967 3489 59.0678
111.083 3782 61.498
111.199 4146 64.3894
111.316 4213 64.9076
111.432 4324 65.7571
111.549 4380 66.1816
111.665 4421 66.4906
111.782 4344 65.909
111.898 4232 65.0538
112.015 4202 64.8228
112.132 4095 63.9922
112.248 4011 63.3325
112.365 3989 63.1585
112.482 3888 62.3538
112.599 3926 62.6578
112.716 3778 61.4654
112.832 3823 61.8304
112.949 3832 61.9032
113.066 3898 62.434
113.183 3886 62.3378
113.3 3901 62.458
113.417 3900 62.45
113.534 3797 61.6198
113.652 3741 61.1637
113.769 3561 59.6741
113.886 3331 57.7148
114.003 3258 57.0789
114.12 3047 55.1996
114.238 3204 56.6039
114.355 3471 58.9152
114.472 3459 58.8133
114.589 4092 63.9687
114.707 4266 65.3146
114.824 4246 65.1613
114.942 4255 65.2304
115.059 4256 65.238
115.176 4379 66.174
115.294 4308 65.6354
115.411 4357 66.0076
115.529 4163 64.5213
115.646 3931 62.6977
115.764 3928 62.6738
115.881 3907 62.506
115.999 3822 61.8223
116.116 3813 61.7495
116.234 3714 60.9426
116.351 3689 60.7371
116.469 3655 60.4566
116.586 3738 61.1392
116.704 3788 61.5467
116.821 4088 63.9375
116.939 3956 62.8967
117.056 3917 62.5859
117.174 3955 62.8888
117.291 3833 61.9112
117.409 3454 58.7707
117.526 3367 58.0259
117.644 3181 56.4004
117.761 3287 57.3324
117.879 3309 57.5239
117.996 3575 59.7913
118.114 3910 62.53
118.231 4203 64.8305
118.349 4173 64.5988
118.466 4321 65.7343
118.584 4318 65.7115
118.701 4392 66.2722
118.819 4264 65.2993
118.936 4274 65.3758
119.053 4114 64.1405
119.171 4112 64.1249
119.288 3922 62.6259
119.405 3964 62.9603
119.523 3889 62.3618
119.64 3850 62.0484
119.757 3795 61.6036
119.875 3742 61.1719
119.992 3604 60.0333
120.109 3514 59.279
120.226 3518 59.3127
120.343 3718 60.9754
120.46 3714 60.9426
120.578 3659 60.4897
120.695 3616 60.1332
120.812 3680 60.663
120.929 3590 59.9166
121.046 3412 58.4123
121.163 3156 56.1783
121.279 2952 54.3323
121.396 2805 52.9623
121.513 2788 52.8015
121.63 2907 53.9166
121.747 3065 55.3624
121.863 3100 55.6776
121.98 3186 56.4447
122.097 3134 55.9821
122.213 2991 54.69
122.33 2935 54.1756
122.446 2824 53.1413
122.563 2586 50.8527
122.679 2443 49.4267
122.795 2265 47.592
122.912 2194 46.8402
123.028 1947 44.1248
123.144 1875 43.3013
123.26 1731 41.6053
123.377 0 1
123.493 0 1
123.609 0 1
123.725 0 1
123.84 0 1
123.956 0 1
124.072 0 1
124.188 0 1
124.303 0 1
124.419 0 1
126.852 0 1
126.968 0 1
127.083 0 1
127.199 0 1
127.315 0 1
127.431 0 1
127.547 0 1
127.663 0 1
127.779 0 1
127.895 0 1
128.011 0 1
128.127 0 1
128.243 0 1
128.359 4048 63.6239
128.476 3993 63.1902
128.592 4016 63.3719
128.708 3920 62.6099
128.825 3947 62.8252
128.941 3831 61.8951
129.058 3892 62.3859
129.174 3826 61.8547
129.291 3841 61.9758
129.408 4001 63.2535
129.524 3981 63.0952
129.641 3897 62.426
129.758 3956 62.8967
129.875 3838 61.9516
129.992 3754 61.2699
130.108 3546 59.5483
130.225 3479 58.983
130.342 3305 57.4891
130.459 3105 55.7225
130.576 3235 56.8771
130.693 3198 56.5509
130.81 3424 58.515
130.928 3829 61.8789
131.045 3949 62.8411
131.162 4053 63.6632
131.279 3933 62.7136
131.396 4219 64.9538
131.513 4065 63.7574
131.631 3915 62.57
131.748 3882 62.3057
131.865 3998 63.2297
131.983 3767 61.3759
132.1 3849 62.0403
132.217 3733 61.0983
132.335 3760 61.3188
132.452 3656 60.4649
132.57 3659 60.4897
132.687 3703 60.8523
132.804 3540 59.4979
132.922 3555 59.6238
133.039 3485 59.0339
133.157 3470 58.9067
133.274 3650 60.4152
133.392 3505 59.203
133.509 3649 60.407
133.627 3558 59.649
133.744 3349 57.8705
133.862 3020 54.9545
133.979 3063 55.3444
134.097 3166 56.2672
134.214 3089 55.5788
134.332 3199 56.5597
134.449 3574 59.7829
134.567 3602 60.0167
134.684 3791 61.5711
134.802 3945 62.8092
134.919 3917 62.5859
135.037 3767 61.3759
135.154 3704 60.8605
135.272 3816 61.7738
135.389 3730 61.0737
135.507 3827 61.8628
135.624 3802 61.6604
135.742 3619 60.1581
135.859 3718 60.9754
135.977 3712 60.9262
136.094 3641 60.3407
136.211 3540 59.4979
136.329 3610 60.0833
136.446 3609 60.075
136.564 3632 60.2661
136.681 3632 60.2661
136.798 3546 59.5483
136.915 3674 60.6135
137.033 3643 60.3573
137.15 3495 59.1185
137.267 3527 59.3886
137.384 3294 57.3934
137.502 3221 56.7539
137.619 3001 54.7814
137.736 3090 55.5878
137.853 2973 54.5252
137.97 3178 56.3738
138.087 3438 58.6345
138.204 3552 59.5987
138.321 3679 60.6548
138.438 3597 59.975
138.555 3706 60.8769
138.672 3781 61.4898
138.788 3555 59.6238
138.905 3328 57.6888
139.022 3214 56.6922
139.139 3099 55.6687
139.255 2962 54.4243
139.372 2912 53.963
139.488 2602 51.0098
139.605 2491 49.9099
139.721 2291 47.8644
139.838 2234 47.2652
139.954 2144 46.3033
140.071 2035 45.111
140.187 1879 43.3474
140.303 1803 42.4617
140.419 1654 40.6694
140.535 1649 40.6079
140.652 1515 38.923
140.768 0 1
140.884 0 1
141 0 1
141.115 0 1
141.231 0 1
141.347 0 1
141.463 0 1
141.578 0 1
141.694 0 1
144.104 0 1
144.219 0 1
144.335 0 1
144.45 0 1
144.566 0 1
144.682 0 1
144.798 0 1
144.914 0 1
145.03 0 1
145.146 2687 51.8363
145.262 2658 51.5558
145.378 2656 51.5364
145.494 2717 52.1249
145.61 2777 52.6972
145.726 2796 52.8772
145.842 2808 52.9906
145.959 2811 53.0189
146.075 2671 51.6817
146.192 2588 50.8724
146.308 2634 51.3225
146.425 2448 49.4773
146.541 2376 48.7442
146.658 2369 48.6724
146.774 2499 49.99
146.891 2551 50.5074
147.008 2728 52.2303
147.125 2793 52.8488
147.241 2942 54.2402
147.358 2850 53.3854
147.475 2819 53.0943
147.592 2888 53.7401
147.709 2850 53.3854
147.826 2875 53.619
147.943 2780 52.7257
148.06 2909 53.9351
148.177 2946 54.2771
148.294 2906 53.9073
148.411 2872 53.591
148.528 2881 53.6749
148.645 2900 53.8516
148.762 2786 52.7826
148.88 2849 53.376
148.997 2770 52.6308
149.114 2705 52.0096
149.231 2691 51.8748
149.349 2771 52.6403
149.466 2898 53.8331
149.583 2781 52.7352
149.701 2795 52.8678
149.818 2743 52.3737
149.935 2632 51.303
150.053 2530 50.2991
150.17 2477 49.7695
150.287 2505 50.05
150.405 2385 48.8365
150.522 2605 51.0392
150.64 2742 52.3641
150.757 2777 52.6972
150.875 2947 54.2863
150.992 2995 54.7266
151.11 2894 53.7959
151.227 2861 53.4883
151.344 2925 54.0833
151.462 2798 52.8961
151.579 2910 53.9444
151.697 2983 54.6168
151.814 2884 53.7029
151.932 2970 54.4977
152.049 2884 53.7029
152.167 2816 53.066
152.284 2849 53.376
152.402 2711 52.0673
152.519 2689 51.8556
152.636 2718 52.1344
152.754 2775 52.6783
152.871 2826 53.1601
152.989 2734 52.2877
153.106 2770 52.6308
153.223 2684 51.8073
153.341 2712 52.0769
153.458 2716 52.1153
153.575 2582 50.8134
153.693 2385 48.8365
153.81 2339 48.3632
153.927 2475 49.7494
154.044 2343 48.4045
154.162 2553 50.5272
154.279 2670 51.672
154.396 2744 52.3832
154.513 2831 53.2071
154.63 2923 54.0648
154.747 2836 53.2541
154.864 2862 53.4977
154.981 2824 53.1413
155.098 2791 52.8299
155.215 2808 52.9906
155.332 2719 52.144
155.449 2622 51.2055
155.566 2629 51.2738
155.683 2727 52.2207
155.8 2646 51.4393
155.917 2482 49.8197
156.033 2389 48.8774
156.15 0 1
156.267 0 1
156.383 0 1
156.5 0 1
156.617 0 1
156.733 0 1
156.85 0 1
156.966 0 1
157.082 0 1
157.199 0 1
157.315 0 1
157.431 0 1
157.547 0 1
157.664 0 1
157.78 0 1
157.896 0 1
158.012 0 1
158.128 0 1
158.244 0 1
158.359 0 1
158.475 0 1
158.591 0 1
158.706 0 1
