
6.15755 0 1
6.2731 0 1
6.3887 0 1
6.50437 0 1
6.62009 0 1
6.73587 0 1
6.8517 0 1
6.96759 0 1
7.08353 0 1
7.19952 0 1
7.31557 0 1
7.43166 0 1
7.54781 0 1
7.664 0 1
7.78024 0 1
7.89653 0 1
8.01286 0 1
8.12924 0 1
8.24567 0 1
8.36213 0 1
8.47864 0 1
8.59519 0 1
8.71178 0 1
8.82841 0 1
8.94508 0 1
9.06179 0 1
9.17853 0 1
9.29531 0 1
9.41212 0 1
9.52897 0 1
9.64584 0 1
9.76276 0 1
9.8797 0 1
9.99667 0 1
10.1137 0 1
10.2307 0 1
10.3478 0 1
10.4648 0 1
10.5819 0 1
10.6991 0 1
10.8162 0 1
10.9334 0 1
11.0506 0 1
11.1678 0 1
11.285 0 1
11.4023 0 1
11.5196 0 1
11.6369 0 1
11.7542 0 1
11.8715 0 1
11.9888 0 1
12.1062 0 1
12.2235 0 1
12.3409 0 1
12.4582 0 1
12.5756 0 1
12.693 0 1
12.8104 0 1
12.9278 0 1
13.0452 0 1
13.1626 0 1
13.28 0 1
13.3974 0 1
13.5149 0 1
13.6323 0 1
13.7497 0 1
13.8671 0 1
13.9845 0 1
14.1019 0 1
14.2193 0 1
14.3367 0 1
14.4541 0 1
14.5714 0 1
14.6888 0 1
14.8062 0 1
14.9235 0 1
15.0408 9428 97.0979
15.1581 10091 100.454
15.2755 9766 98.8231
15.3927 9900 99.4987
15.51 9839 99.1917
15.6273 9555 97.7497
15.7445 9506 97.4987
15.8617 9447 97.1957
15.9789 9795 98.9697
16.0961 10119 100.593
16.2132 10553 102.728
16.3304 10983 104.8
16.4475 11194 105.802
16.5646 11141 105.551
16.6816 11157 105.627
16.7986 11195 105.806
16.9156 11241 106.024
17.0326 10947 104.628
17.1496 10981 104.79
17.2665 11123 105.466
17.3833 10917 104.484
17.5002 10879 104.302
17.617 11197 105.816
17.7338 11422 106.874
17.8505 11418 106.855
17.9672 12022 109.645
18.0839 11936 109.252
18.2005 12052 109.782
18.3171 12552 112.036
18.4337 12832 113.278
18.5502 12920 113.666
18.6666 13218 114.97
18.7831 13023 114.118
18.8994 12901 113.583
19.0158 12725 112.805
19.1321 12140 110.182
19.2483 11867 108.936
19.3645 11921 109.183
19.4806 11694 108.139
19.5967 12084 109.927
19.7128 12491 111.763
19.8288 12544 112
19.9447 11787 108.568
20.0606 0 1
20.1764 0 1
20.2922 0 1
20.4079 0 1
20.5236 0 1
20.6392 0 1
20.7548 0 1
20.8702 0 1
23.3078 0 1
23.4233 0 1
23.539 0 1
23.6547 0 1
23.7704 0 1
23.8862 0 1
24.0021 0 1
24.118 0 1
24.234 0 1
24.35 0 1
24.4661 12193 110.422
24.5822 12268 110.761
24.6984 12047 109.759
24.8146 12461 111.629
24.9309 13371 115.633
25.0472 13859 117.724
25.1636 13955 118.131
25.28 13976 118.22
25.3965 13929 118.021
25.513 13850 117.686
25.6296 13807 117.503
25.7462 13817 117.546
25.8628 13399 115.754
25.9795 13366 115.611
26.0962 13603 116.632
26.213 13615 116.683
26.3298 13812 117.524
26.4466 14055 118.554
26.5635 14328 119.7
26.6804 14869 121.939
26.7973 15375 123.996
26.9143 15381 124.02
27.0313 15695 125.28
27.1483 15782 125.626
27.2653 16042 126.657
27.3824 16126 126.988
27.4996 15787 125.646
27.6167 15173 123.179
27.7339 15008 122.507
27.8511 14539 120.578
27.9683 13874 117.788
28.0855 13606 116.645
28.2028 13217 114.965
28.3201 13457 116.004
28.4374 13710 117.09
28.5547 14426 120.108
28.6721 14515 120.478
28.7894 14974 122.368
28.9068 14881 121.988
29.0242 14445 120.187
29.1416 14058 118.566
29.259 13622 116.713
29.3764 13673 116.932
29.4939 13383 115.685
29.6113 13305 115.347
29.7288 13458 116.009
29.8463 13600 116.619
29.9638 14091 118.706
30.0812 14534 120.557
30.1987 15119 122.959
30.3162 15141 123.049
30.4337 15588 124.852
30.5512 16112 126.933
30.6687 15985 126.432
30.7862 16504 128.468
30.9037 16299 127.668
31.0212 16310 127.711
31.1387 15768 125.571
31.2562 15608 124.932
31.3737 15166 123.15
31.4912 14913 122.119
31.6087 14295 119.562
31.7262 14069 118.613
31.8436 13922 117.992
31.9611 14181 119.084
32.0785 14833 121.791
32.1959 15142 123.053
32.3134 15525 124.599
32.4308 15721 125.383
32.5482 15447 124.286
32.6655 15025 122.577
32.7829 14748 121.441
32.9002 14352 119.8
33.0176 13751 117.265
33.1349 13942 118.076
33.2522 13755 117.282
33.3694 13974 118.212
33.4867 14205 119.185
33.6039 14767 121.52
33.7211 15253 123.503
33.8383 15507 124.527
33.9554 16082 126.815
34.0725 16256 127.499
34.1896 16462 128.304
34.3067 16654 129.05
34.4237 16702 129.236
34.5407 16878 129.915
34.6577 16823 129.704
34.7746 16770 129.499
34.8915 15902 126.103
35.0084 15860 125.936
35.1252 15459 124.334
35.242 14900 122.066
35.3587 14755 121.47
35.4755 14493 120.387
35.5921 14319 119.662
35.7088 14959 122.307
35.8254 15451 124.302
35.9419 15953 126.305
36.0584 15977 126.4
36.1749 16229 127.393
36.2913 15737 125.447
36.4077 15065 122.74
36.524 14735 121.388
36.6403 14312 119.633
36.7565 14110 118.786
36.8727 13822 117.567
36.9889 13790 117.431
37.1049 14331 119.712
37.221 0 1
37.3369 0 1
37.4529 0 1
37.5687 0 1
37.6845 0 1
37.8003 0 1
37.916 0 1
38.0316 0 1
38.1472 0 1
40.5851 0 1
40.7008 0 1
40.8164 0 1
40.9322 0 1
41.048 0 1
41.1639 0 1
41.2798 0 1
41.3958 0 1
41.5118 0 1
41.6279 0 1
41.744 11690 108.12
41.8602 12184 110.381
41.9765 12111 110.05
42.0928 12129 110.132
42.2091 12211 110.503
42.3255 13036 114.175
42.4419 13225 115
42.5584 13846 117.669
42.675 14303 119.595
42.7915 14710 121.285
42.9081 15060 122.719
43.0248 15197 123.276
43.1415 15236 123.434
43.2582 15507 124.527
43.375 15476 124.403
43.4918 15437 124.246
43.6087 15154 123.102
43.7256 14759 121.487
43.8425 14292 119.549
43.9595 14057 118.562
44.0765 13549 116.4
44.1935 12952 113.807
44.3106 12909 113.618
44.4277 12846 113.34
44.5448 13026 114.132
44.6619 13209 114.93
44.7791 13417 115.832
44.8963 13308 115.36
45.0136 13069 114.32
45.1308 12617 112.325
45.2481 11982 109.462
45.3654 11338 106.48
45.4827 10940 104.594
45.6001 10772 103.788
45.7174 10567 102.796
45.8348 10903 104.417
45.9522 11370 106.63
46.0697 11604 107.722
46.1871 12105 110.023
46.3046 12418 111.436
46.422 12845 113.336
46.5395 12927 113.697
46.657 13054 114.254
46.7745 13364 115.603
46.892 13159 114.713
47.0096 13174 114.778
47.1271 13127 114.573
47.2446 12703 112.708
47.3622 12443 111.548
47.4797 12014 109.608
47.5973 11659 107.977
47.7149 11162 105.65
47.8324 10957 104.676
47.95 10853 104.178
48.0675 10750 103.682
48.1851 11178 105.726
48.3027 11405 106.794
48.4202 11475 107.121
48.5378 11012 104.938
48.6554 10589 102.903
48.7729 10107 100.534
48.8904 9581 97.8826
49.008 9068 95.226
49.1255 9001 94.8736
49.243 8976 94.7418
49.3605 9087 95.3258
49.478 9747 98.7269
49.5955 10182 100.906
49.713 10401 101.985
49.8304 10755 103.706
49.9479 11451 107.009
50.0653 11882 109.005
50.1827 12130 110.136
50.3001 12415 111.423
50.4175 12706 112.721
50.5348 12653 112.486
50.6521 12666 112.543
50.7694 12775 113.027
50.8867 12462 111.633
51.004 12501 111.808
51.1212 12392 111.319
51.2384 12065 109.841
51.3556 12038 109.718
51.4727 12022 109.645
51.5899 12628 112.374
51.707 13199 114.887
51.824 13818 117.55
51.9411 14052 118.541
52.0581 14062 118.583
52.175 13773 117.358
52.2919 13244 115.083
52.4088 12608 112.285
52.5257 12332 111.05
52.6425 12289 110.856
52.7593 12167 110.304
52.876 12307 110.937
52.9927 13226 115.004
53.1094 14058 118.566
53.226 14895 122.045
53.3426 15983 126.424
53.4591 16963 130.242
53.5756 17774 133.319
53.692 18038 134.306
53.8084 18366 135.521
53.9248 18478 135.934
54.0411 18724 136.836
54.1573 19192 138.535
54.2735 0 1
54.3896 0 1
54.5057 0 1
54.6217 0 1
54.7377 0 1
54.8537 0 1
54.9695 0 1
55.0853 0 1
55.2011 0 1
55.3168 0 1
55.4324 0 1
57.824 0 1
57.9396 0 1
58.0553 0 1
58.1711 0 1
58.2869 0 1
58.4028 0 1
58.5187 0 1
58.6347 0 1
58.7508 0 1
58.8669 0 1
58.983 21398 146.281
59.0992 22263 149.208
59.2155 23112 152.026
59.3318 22753 150.841
59.4482 22496 149.987
59.5646 22580 150.266
59.681 22439 149.797
59.7975 21697 147.299
59.9141 21373 146.195
60.0306 21364 146.164
60.1473 20795 144.205
60.2639 21182 145.54
60.3807 21126 145.348
60.4974 21283 145.887
60.6142 20859 144.426
60.731 20501 143.182
60.8479 19458 139.492
60.9648 18327 135.377
61.0818 17563 132.525
61.1987 16715 129.287
61.3158 16451 128.261
61.4328 16245 127.456
61.5499 17253 131.351
61.667 17850 133.604
61.7841 18756 136.953
61.9013 19541 139.789
62.0185 20296 142.464
62.1357 21311 145.983
62.253 21693 147.285
62.3702 22120 148.728
62.4875 22416 149.72
62.6049 22284 149.278
62.7222 22458 149.86
62.8396 22304 149.345
62.9569 22048 148.486
63.0743 21686 147.262
63.1918 21073 145.165
63.3092 20887 144.523
63.4267 20585 143.475
63.5441 20268 142.366
63.6616 20027 141.517
63.7791 20250 142.302
63.8966 20668 143.764
64.0142 20257 142.327
64.1317 20354 142.667
64.2492 19793 140.688
64.3668 19006 137.862
64.4843 18042 134.321
64.6019 16688 129.182
64.7195 16091 126.85
64.837 15551 124.704
64.9546 15571 124.784
65.0722 15966 126.357
65.1898 16687 129.178
65.3074 18031 134.28
65.4249 18433 135.768
65.5425 19818 140.776
65.6601 20273 142.383
65.7777 21498 146.622
65.8952 22023 148.401
66.0128 22018 148.385
66.1304 22254 149.178
66.2479 22592 150.306
66.3655 22668 150.559
66.483 22685 150.615
66.6005 22135 148.778
66.718 22015 148.375
66.8355 21551 146.803
66.953 21344 146.096
67.0705 21213 145.647
67.1879 21246 145.76
67.3054 21147 145.42
67.4228 21259 145.805
67.5402 21378 146.212
67.6576 21733 147.421
67.7749 21353 146.127
67.8923 21383 146.229
68.0096 20073 141.679
68.1269 18942 137.63
68.2442 18007 134.19
68.3614 17115 130.824
68.4787 16423 128.152
68.5958 16584 128.779
68.713 17131 130.885
68.8302 18097 134.525
68.9473 19402 139.291
69.0643 20881 144.503
69.1814 22272 149.238
69.2984 23308 152.67
69.4154 24743 157.299
69.5323 25208 158.77
69.6492 25960 161.121
69.7661 26730 163.493
69.8829 26541 162.914
69.9997 27159 164.8
70.1165 26951 164.168
70.2332 26828 163.793
70.3499 26866 163.909
70.4665 26495 162.773
70.5831 26273 162.089
70.6996 26074 161.474
70.8161 25595 159.984
70.9326 25429 159.465
71.049 25548 159.837
71.1653 26004 161.258
71.2817 26222 161.932
71.3979 25739 160.434
71.5141 25178 158.676
71.6303 22782 150.937
71.7464 19782 140.648
71.8624 0 1
71.9784 0 1
72.0944 0 1
72.2102 0 1
72.3261 0 1
72.4418 0 1
72.5575 0 1
72.6732 0 1
75.1054 0 1
75.2209 0 1
75.3365 0 1
75.4521 0 1
75.5678 0 1
75.6835 0 1
75.7993 0 1
75.9151 0 1
76.031 0 1
76.147 25783 160.571
76.263 27584 166.084
76.3791 28007 167.353
76.4952 29428 171.546
76.6113 29669 172.247
76.7276 29855 172.786
76.8438 29264 171.067
76.9601 27578 166.066
77.0765 25659 160.184
77.1929 23729 154.042
77.3093 21477 146.55
77.4258 20372 142.731
77.5423 20015 141.474
77.6589 20403 142.839
77.7755 21886 147.939
77.8921 23876 154.519
78.0088 26443 162.613
78.1256 28242 168.054
78.2423 30332 174.161
78.3591 31702 178.051
78.4759 32533 180.369
78.5928 32725 180.901
78.7097 33100 181.934
78.8266 32062 179.059
78.9436 34394 185.456
79.0606 33057 181.816
79.1776 32405 180.014
79.2946 32383 179.953
79.4117 32029 178.966
79.5288 31276 176.85
79.6459 31090 176.324
79.7631 30035 173.306
79.8802 29795 172.612
79.9974 29911 172.948
80.1147 30142 173.615
80.2319 30824 175.568
80.3491 31498 177.477
80.4664 31073 176.275
80.5837 30229 173.865
80.701 27882 166.979
80.8183 25353 159.226
80.9357 22997 151.648
81.053 20990 144.879
81.1704 20372 142.731
81.2877 19892 141.039
81.4051 20759 144.08
81.5225 22624 150.413
81.6399 25236 158.858
81.7573 27836 166.841
81.8747 29022 170.358
81.9922 31197 176.627
82.1096 31918 178.656
82.227 32192 179.421
82.3444 32544 180.4
82.4619 32661 180.724
82.5793 33228 182.285
82.6967 32024 178.953
82.8142 32038 178.992
82.9316 31465 177.384
83.049 31038 176.176
83.1664 30603 174.937
83.2838 30038 173.315
83.4012 29858 172.795
83.5186 28911 170.032
83.636 28595 169.101
83.7534 28918 170.053
83.8708 30056 173.367
83.9881 30192 173.758
84.1055 30396 174.344
84.2228 28793 169.685
84.3401 26895 163.997
84.4575 24325 155.965
84.5747 22500 150
84.692 20681 143.809
84.8093 19635 140.125
84.9265 19814 140.762
85.0437 21164 145.479
85.1609 23349 152.804
85.2781 26013 161.285
85.3952 28299 168.223
85.5123 30915 175.827
85.6294 32956 181.538
85.7465 34586 185.973
85.8636 35706 188.96
85.9806 36245 190.381
86.0976 36206 190.279
86.2145 37272 193.06
86.3315 38368 195.878
86.4484 36334 190.615
86.5652 37845 194.538
86.682 38286 195.668
86.7988 37673 194.095
86.9156 37369 193.311
87.0323 37378 193.334
87.149 37279 193.078
87.2657 37307 193.15
87.3823 38519 196.263
87.4988 38933 197.314
87.6154 40006 200.015
87.7318 39572 198.927
87.8483 37380 193.339
87.9647 34332 185.289
88.081 31864 178.505
88.1973 29151 170.737
88.3136 26982 164.262
88.4298 26489 162.754
88.546 27285 165.182
88.6621 29291 171.146
88.7781 32651 180.696
88.8942 0 1
89.0101 0 1
89.126 0 1
89.2419 0 1
89.3577 0 1
89.4734 0 1
89.5891 0 1
89.7047 0 1
89.8203 0 1
89.9358 0 1
92.3269 0 1
92.4424 0 1
92.558 0 1
92.6736 0 1
92.7893 0 1
92.905 0 1
93.0208 0 1
93.1366 0 1
93.2525 0 1
93.3685 0 1
93.4845 0 1
93.6005 30284 174.023
93.7167 29538 171.866
93.8328 29672 172.256
93.949 30388 174.322
94.0653 32586 180.516
94.1816 35498 188.409
94.2979 39300 198.242
94.4143 42253 205.555
94.5307 45146 212.476
94.6472 47261 217.396
94.7637 48123 219.37
94.8803 48550 220.341
94.9969 49054 221.481
95.1135 49425 222.317
95.2302 50179 224.007
95.3469 50014 223.638
95.4637 49657 222.839
95.5805 49587 222.681
95.6973 49919 223.426
95.8142 49307 222.052
95.9311 49355 222.16
96.048 48149 219.429
96.1649 47836 218.714
96.2819 47427 217.777
96.3989 47562 218.087
96.516 47906 218.874
96.633 48651 220.57
96.7501 48837 220.991
96.8673 47790 218.609
96.9844 44225 210.297
97.1016 41087 202.699
97.2188 37677 194.106
97.336 34815 186.588
97.4532 31986 178.846
97.5704 31590 177.736
97.6877 31670 177.961
97.805 33634 183.396
97.9223 36736 191.666
98.0396 40479 201.194
98.1569 43377 208.271
98.2743 46020 214.523
98.3916 48969 221.289
98.509 49857 223.287
98.6264 51057 225.958
98.7438 50798 225.384
98.8612 51364 226.636
98.9786 51890 227.794
99.096 51355 226.616
99.2134 50602 224.949
99.3308 50898 225.606
99.4482 51477 226.885
99.5656 51329 226.559
99.6831 50525 224.778
99.8005 49379 222.214
99.9179 48814 220.939
100.035 48773 220.846
100.153 50311 224.301
100.27 50758 225.295
100.388 50894 225.597
100.505 49054 221.481
100.622 45825 214.068
100.74 42462 206.063
100.857 38542 196.321
100.975 34935 186.909
101.092 32918 181.433
101.209 32297 179.714
101.327 33413 182.792
101.444 36563 191.215
101.561 40056 200.14
101.679 43915 209.559
101.796 47262 217.398
101.913 50289 224.252
102.03 52048 228.14
102.148 52745 229.663
102.265 52063 228.173
102.382 54994 234.508
102.499 54031 232.446
102.616 53883 232.127
102.733 52859 229.911
102.851 53371 231.022
102.968 54123 232.644
103.085 53961 232.295
103.202 53101 230.437
103.319 52188 228.447
103.436 51350 226.605
103.552 51358 226.623
103.669 51700 227.376
103.786 53464 231.223
103.903 53841 232.037
104.02 52312 228.718
104.137 49142 221.68
104.253 46074 214.649
104.37 42191 205.404
104.487 38102 195.197
104.603 36147 190.124
104.72 35177 187.555
104.836 35678 188.886
104.953 38527 196.283
105.069 42178 205.373
105.186 46629 215.937
105.302 50335 224.355
105.418 53304 230.877
105.535 56066 236.783
105.651 56974 238.692
105.767 57437 239.66
105.883 57895 240.614
105.999 57676 240.158
106.115 0 1
106.231 0 1
106.347 0 1
106.463 0 1
106.579 0 1
106.694 0 1
106.81 0 1
106.926 0 1
107.041 0 1
107.157 0 1
109.576 0 1
109.692 0 1
109.807 0 1
109.923 0 1
110.039 0 1
110.155 0 1
110.27 0 1
110.386 0 1
110.502 0 1
110.618 50339 224.364
110.735 51818 227.636
110.851 53011 230.241
110.967 53106 230.447
111.083 52889 229.976
111.199 52815 229.815
111.316 52679 229.519
111.432 53653 231.631
111.549 53230 230.716
111.665 52488 229.103
111.782 50728 225.229
111.898 49650 222.823
112.015 50204 224.062
112.132 50784 225.353
112.248 51427 226.775
112.365 51969 227.967
112.482 48370 219.932
112.599 48178 219.495
112.716 43888 209.495
112.832 40745 201.854
112.949 37107 192.632
113.066 34531 185.825
113.183 33299 182.48
113.3 32959 181.546
113.417 34752 186.419
113.534 37305 193.145
113.652 40039 200.097
113.769 43340 208.183
113.886 46357 215.307
114.003 47789 218.607
114.12 49198 221.806
114.238 50233 224.127
114.355 49719 222.978
114.472 49542 222.58
114.589 49718 222.975
114.707 48795 220.896
114.824 48411 220.025
114.942 49042 221.454
115.059 49377 222.209
115.176 48867 221.059
115.294 48780 220.862
115.411 48229 219.611
115.529 47625 218.232
115.646 47372 217.651
115.764 48503 220.234
115.881 49515 222.52
115.999 48721 220.728
116.116 46496 215.629
116.234 44728 211.49
116.351 41769 204.375
116.469 39236 198.081
116.586 36432 190.872
116.704 33993 184.372
116.821 33498 183.025
116.939 33384 182.713
117.056 34321 185.259
117.174 36604 191.322
117.291 39384 198.454
117.409 42324 205.728
117.526 44858 211.797
117.644 46927 216.626
117.761 47842 218.728
117.879 48448 220.109
117.996 47975 219.032
118.114 48789 220.882
118.231 48072 219.253
118.349 47256 217.384
118.466 46933 216.64
118.584 47908 218.879
118.701 47931 218.931
118.819 47807 218.648
118.936 47118 217.067
119.053 45876 214.187
119.171 45301 212.84
119.288 45811 214.035
119.405 46725 216.16
119.523 46686 216.069
119.64 46402 215.411
119.757 45508 213.326
119.875 43321 208.137
119.992 40699 201.74
120.109 39020 197.535
120.226 35932 189.557
120.343 33615 183.344
120.46 33050 181.797
120.578 32697 180.823
120.695 32886 181.345
120.812 34291 185.178
120.929 36685 191.533
121.046 39305 198.255
121.163 41491 203.693
121.279 43591 208.785
121.396 44660 211.329
121.513 45426 213.134
121.63 46913 216.594
121.747 46281 215.13
121.863 46230 215.012
121.98 45459 213.211
122.097 44999 212.13
122.213 44525 211.009
122.33 44816 211.698
122.446 45555 213.436
122.563 45244 212.706
122.679 44456 210.846
122.795 43316 208.125
122.912 43036 207.451
123.028 43197 207.839
123.144 43110 207.629
123.26 43452 208.451
123.377 0 1
123.493 0 1
123.609 0 1
123.725 0 1
123.84 0 1
123.956 0 1
124.072 0 1
124.188 0 1
124.303 0 1
124.419 0 1
126.852 0 1
126.968 0 1
127.083 0 1
127.199 0 1
127.315 0 1
127.431 0 1
127.547 0 1
127.663 0 1
127.779 0 1
127.895 0 1
128.011 0 1
128.127 0 1
128.243 0 1
128.359 46342 215.272
128.476 46814 216.365
128.592 46104 214.718
128.708 44769 211.587
128.825 43438 208.418
128.941 41082 202.687
129.058 38851 197.107
129.174 37203 192.881
129.291 35458 188.303
129.408 35387 188.114
129.524 34672 186.204
129.641 36075 189.934
129.758 37868 194.597
129.875 40484 201.206
129.992 42523 206.211
130.108 43908 209.542
130.225 45023 212.186
130.342 45747 213.885
130.459 44757 211.559
130.576 46898 216.559
130.693 45329 212.906
130.81 44729 211.492
130.928 44205 210.25
131.045 44749 211.54
131.162 45816 214.047
131.279 46248 215.053
131.396 46191 214.921
131.513 44927 211.96
131.631 44823 211.714
131.748 44946 212.005
131.865 45952 214.364
131.983 45930 214.313
132.1 45124 212.424
132.217 44376 210.656
132.335 43194 207.832
132.452 41214 203.012
132.57 39005 197.497
132.687 36385 190.749
132.804 35995 189.723
132.922 34900 186.815
133.039 34415 185.513
133.157 35138 187.451
133.274 36596 191.301
133.392 37856 194.566
133.509 40263 200.656
133.627 41563 203.87
133.744 42669 206.565
133.862 43065 207.521
133.979 43458 208.466
134.097 43232 207.923
134.214 43490 208.543
134.332 43411 208.353
134.449 42345 205.779
134.567 42175 205.366
134.684 43746 209.155
134.802 44005 209.774
134.919 44406 210.727
135.037 43892 209.504
135.154 42664 206.553
135.272 43365 208.243
135.389 43149 207.723
135.507 44140 210.095
135.624 43786 209.251
135.742 43413 208.358
135.859 42500 206.155
135.977 40923 202.294
136.094 39774 199.434
136.211 38085 195.154
136.329 35673 188.873
136.446 34611 186.04
136.564 34119 184.713
136.681 33939 184.225
136.798 34467 185.653
136.915 35666 188.854
137.033 36985 192.315
137.15 38220 195.499
137.267 39661 199.151
137.384 41101 202.734
137.502 41056 202.623
137.619 41210 203.002
137.736 41760 204.353
137.853 40865 202.151
137.97 40431 201.075
138.087 39081 197.689
138.204 40033 200.082
138.321 41048 202.603
138.438 41193 202.961
138.555 42516 206.194
138.672 42394 205.898
138.788 41459 203.615
138.905 41793 204.433
139.022 42198 205.422
139.139 42509 206.177
139.255 42273 205.604
139.372 42207 205.443
139.488 41203 202.985
139.605 40391 200.975
139.721 39150 197.864
139.838 37522 193.706
139.954 35946 189.594
140.071 34279 185.146
140.187 34034 184.483
140.303 32871 181.304
140.419 33742 183.69
140.535 33345 182.606
140.652 33876 184.054
140.768 0 1
140.884 0 1
141 0 1
141.115 0 1
141.231 0 1
141.347 0 1
141.463 0 1
141.578 0 1
141.694 0 1
144.104 0 1
144.219 0 1
144.335 0 1
144.45 0 1
144.566 0 1
144.682 0 1
144.798 0 1
144.914 0 1
145.03 0 1
145.146 23732 154.052
145.262 25918 160.991
145.378 26125 161.632
145.494 26729 163.49
145.61 27562 166.018
145.726 27973 167.251
145.842 28775 169.632
145.959 29818 172.679
146.075 30215 173.825
146.192 30838 175.608
146.308 30765 175.4
146.425 31070 176.267
146.541 31007 176.088
146.658 30321 174.129
146.774 29914 172.957
146.891 29613 172.084
147.008 30186 173.741
147.125 30548 174.78
147.241 31234 176.731
147.358 31963 178.782
147.475 31444 177.325
147.592 31724 178.112
147.709 31414 177.24
147.826 31819 178.379
147.943 31915 178.648
148.06 32215 179.485
148.177 32060 179.053
148.294 31556 177.64
148.411 31080 176.295
148.528 30801 175.502
148.645 29210 170.909
148.762 28627 169.195
148.88 27795 166.718
148.997 27346 165.366
149.114 28149 167.777
149.231 27626 166.211
149.349 27626 166.211
149.466 29042 170.417
149.583 29139 170.701
149.701 29807 172.647
149.818 30634 175.026
149.935 30691 175.188
150.053 31690 178.017
150.17 31273 176.842
150.287 30908 175.807
150.405 31108 176.375
150.522 30122 173.557
150.64 29838 172.737
150.757 30324 174.138
150.875 30945 175.912
150.992 31554 177.634
151.11 32270 179.639
151.227 31872 178.527
151.344 31841 178.44
151.462 31870 178.522
151.579 32684 180.787
151.697 32471 180.197
151.814 31931 178.692
151.932 31684 178
152.049 31379 177.141
152.167 30747 175.348
152.284 30149 173.635
152.402 29560 171.93
152.519 28919 170.056
152.636 28731 169.502
152.754 28573 169.035
152.871 28533 168.917
152.989 28791 169.679
153.106 28535 168.923
153.223 29442 171.587
153.341 30475 174.571
153.458 30525 174.714
153.575 31471 177.401
153.693 31460 177.37
153.81 31771 178.244
153.927 31135 176.451
154.044 31070 176.267
154.162 29888 172.881
154.279 30408 174.379
154.396 30919 175.838
154.513 31818 178.376
154.63 32893 181.364
154.747 33273 182.409
154.864 33237 182.31
154.981 33268 182.395
155.098 33759 183.736
155.215 33641 183.415
155.332 33507 183.049
155.449 33333 182.573
155.566 32747 180.961
155.683 32156 179.321
155.8 31681 177.992
155.917 31457 177.361
156.033 30765 175.4
156.15 0 1
156.267 0 1
156.383 0 1
156.5 0 1
156.617 0 1
156.733 0 1
156.85 0 1
156.966 0 1
157.082 0 1
157.199 0 1
157.315 0 1
157.431 0 1
157.547 0 1
157.664 0 1
157.78 0 1
157.896 0 1
158.012 0 1
158.128 0 1
158.244 0 1
158.359 0 1
158.475 0 1
158.591 0 1
158.706 0 1
