
6.15755 0 1
6.2731 0 1
6.3887 0 1
6.50437 0 1
6.62009 0 1
6.73587 0 1
6.8517 0 1
6.96759 0 1
7.08353 0 1
7.19952 0 1
7.31557 0 1
7.43166 0 1
7.54781 0 1
7.664 0 1
7.78024 0 1
7.89653 0 1
8.01286 0 1
8.12924 0 1
8.24567 0 1
8.36213 0 1
8.47864 0 1
8.59519 0 1
8.71178 0 1
8.82841 0 1
8.94508 0 1
9.06179 0 1
9.17853 0 1
9.29531 0 1
9.41212 0 1
9.52897 0 1
9.64584 0 1
9.76276 0 1
9.8797 0 1
9.99667 0 1
10.1137 0 1
10.2307 0 1
10.3478 0 1
10.4648 0 1
10.5819 0 1
10.6991 0 1
10.8162 0 1
10.9334 0 1
11.0506 0 1
11.1678 0 1
11.285 0 1
11.4023 0 1
11.5196 0 1
11.6369 0 1
11.7542 0 1
11.8715 0 1
11.9888 0 1
12.1062 0 1
12.2235 0 1
12.3409 0 1
12.4582 0 1
12.5756 0 1
12.693 0 1
12.8104 0 1
12.9278 0 1
13.0452 0 1
13.1626 0 1
13.28 0 1
13.3974 0 1
13.5149 0 1
13.6323 0 1
13.7497 0 1
13.8671 0 1
13.9845 0 1
14.1019 0 1
14.2193 0 1
14.3367 0 1
14.4541 0 1
14.5714 0 1
14.6888 0 1
14.8062 0 1
14.9235 0 1
15.0408 902 30.0333
15.1581 864 29.3939
15.2755 922 30.3645
15.3927 865 29.4109
15.51 942 30.692
15.6273 884 29.7321
15.7445 837 28.931
15.8617 825 28.7228
15.9789 855 29.2404
16.0961 872 29.5296
16.2132 832 28.8444
16.3304 813 28.5132
16.4475 805 28.3725
16.5646 809 28.4429
16.6816 819 28.6182
16.7986 783 27.9821
16.9156 785 28.0179
17.0326 736 27.1293
17.1496 802 28.3196
17.2665 752 27.4226
17.3833 791 28.1247
17.5002 784 28
17.617 804 28.3549
17.7338 792 28.1425
17.8505 769 27.7308
17.9672 764 27.6405
18.0839 696 26.3818
18.2005 723 26.8887
18.3171 754 27.4591
18.4337 740 27.2029
18.5502 819 28.6182
18.6666 767 27.6948
18.7831 808 28.4253
18.8994 751 27.4044
19.0158 754 27.4591
19.1321 656 25.6125
19.2483 641 25.318
19.3645 639 25.2784
19.4806 616 24.8193
19.5967 580 24.0832
19.7128 624 24.98
19.8288 562 23.7065
19.9447 499 22.3383
20.0606 0 1
20.1764 0 1
20.2922 0 1
20.4079 0 1
20.5236 0 1
20.6392 0 1
20.7548 0 1
20.8702 0 1
23.3078 0 1
23.4233 0 1
23.539 0 1
23.6547 0 1
23.7704 0 1
23.8862 0 1
24.0021 0 1
24.118 0 1
24.234 0 1
24.35 0 1
24.4661 300 17.3205
24.5822 334 18.2757
24.6984 376 19.3907
24.8146 441 21
24.9309 545 23.3452
25.0472 614 24.779
25.1636 624 24.98
25.28 745 27.2947
25.3965 758 27.5318
25.513 800 28.2843
25.6296 821 28.6531
25.7462 817 28.5832
25.8628 850 29.1548
25.9795 819 28.6182
26.0962 804 28.3549
26.213 812 28.4956
26.3298 827 28.7576
26.4466 741 27.2213
26.5635 663 25.7488
26.6804 682 26.1151
26.7973 677 26.0192
26.9143 649 25.4755
27.0313 727 26.9629
27.1483 685 26.1725
27.2653 716 26.7582
27.3824 729 27
27.4996 751 27.4044
27.6167 725 26.9258
27.7339 706 26.5707
27.8511 668 25.8457
27.9683 657 25.632
28.0855 685 26.1725
28.2028 687 26.2107
28.3201 751 27.4044
28.4374 733 27.074
28.5547 764 27.6405
28.6721 716 26.7582
28.7894 760 27.5681
28.9068 732 27.0555
29.0242 728 26.9815
29.1416 711 26.6646
29.259 726 26.9444
29.3764 796 28.2135
29.4939 765 27.6586
29.6113 707 26.5895
29.7288 747 27.3313
29.8463 710 26.6458
29.9638 660 25.6905
30.0812 663 25.7488
30.1987 704 26.533
30.3162 644 25.3772
30.4337 646 25.4165
30.5512 717 26.7769
30.6687 726 26.9444
30.7862 739 27.1846
30.9037 748 27.3496
31.0212 721 26.8514
31.1387 735 27.1109
31.2562 760 27.5681
31.3737 679 26.0576
31.4912 655 25.593
31.6087 695 26.3629
31.7262 701 26.4764
31.8436 729 27
31.9611 727 26.9629
32.0785 705 26.5518
32.1959 750 27.3861
32.3134 734 27.0924
32.4308 697 26.4008
32.5482 698 26.4197
32.6655 667 25.8263
32.7829 636 25.219
32.9002 647 25.4362
33.0176 625 25
33.1349 648 25.4558
33.2522 622 24.9399
33.3694 638 25.2587
33.4867 651 25.5147
33.6039 654 25.5734
33.7211 616 24.8193
33.8383 563 23.7276
33.9554 618 24.8596
34.0725 603 24.5561
34.1896 712 26.6833
34.3067 653 25.5539
34.4237 646 25.4165
34.5407 703 26.5141
34.6577 720 26.8328
34.7746 669 25.865
34.8915 622 24.9399
35.0084 652 25.5343
35.1252 611 24.7184
35.242 610 24.6982
35.3587 608 24.6577
35.4755 611 24.7184
35.5921 619 24.8797
35.7088 639 25.2784
35.8254 630 25.0998
35.9419 618 24.8596
36.0584 670 25.8844
36.1749 584 24.1661
36.2913 598 24.454
36.4077 637 25.2389
36.524 543 23.3024
36.6403 544 23.3238
36.7565 536 23.1517
36.8727 500 22.3607
36.9889 490 22.1359
37.1049 421 20.5183
37.221 0 1
37.3369 0 1
37.4529 0 1
37.5687 0 1
37.6845 0 1
37.8003 0 1
37.916 0 1
38.0316 0 1
38.1472 0 1
40.5851 0 1
40.7008 0 1
40.8164 0 1
40.9322 0 1
41.048 0 1
41.1639 0 1
41.2798 0 1
41.3958 0 1
41.5118 0 1
41.6279 0 1
41.744 279 16.7033
41.8602 311 17.6352
41.9765 354 18.8149
42.0928 420 20.4939
42.2091 430 20.7364
42.3255 454 21.3073
42.4419 461 21.4709
42.5584 473 21.7486
42.675 505 22.4722
42.7915 467 21.6102
42.9081 468 21.6333
43.0248 450 21.2132
43.1415 522 22.8473
43.2582 483 21.9773
43.375 513 22.6495
43.4918 485 22.0227
43.6087 473 21.7486
43.7256 489 22.1133
43.8425 480 21.9089
43.9595 489 22.1133
44.0765 483 21.9773
44.1935 422 20.5426
44.3106 440 20.9762
44.4277 461 21.4709
44.5448 496 22.2711
44.6619 486 22.0454
44.7791 524 22.891
44.8963 501 22.383
45.0136 479 21.8861
45.1308 500 22.3607
45.2481 571 23.8956
45.3654 559 23.6432
45.4827 525 22.9129
45.6001 519 22.7816
45.7174 532 23.0651
45.8348 533 23.0868
45.9522 558 23.622
46.0697 502 22.4054
46.1871 452 21.2603
46.3046 489 22.1133
46.422 490 22.1359
46.5395 512 22.6274
46.657 561 23.6854
46.7745 531 23.0434
46.892 545 23.3452
47.0096 555 23.5584
47.1271 596 24.4131
47.2446 554 23.5372
47.3622 548 23.4094
47.4797 499 22.3383
47.5973 503 22.4277
47.7149 494 22.2261
47.8324 451 21.2368
47.95 430 20.7364
48.0675 461 21.4709
48.1851 501 22.383
48.3027 514 22.6716
48.4202 497 22.2935
48.5378 539 23.2164
48.6554 480 21.9089
48.7729 462 21.4942
48.8904 471 21.7025
49.008 517 22.7376
49.1255 504 22.4499
49.243 491 22.1585
49.3605 506 22.4944
49.478 454 21.3073
49.5955 473 21.7486
49.713 484 22
49.8304 392 19.799
49.9479 460 21.4476
50.0653 442 21.0238
50.1827 505 22.4722
50.3001 475 21.7945
50.4175 458 21.4009
50.5348 441 21
50.6521 429 20.7123
50.7694 437 20.9045
50.8867 527 22.9565
51.004 437 20.9045
51.1212 428 20.6882
51.2384 417 20.4206
51.3556 418 20.445
51.4727 413 20.3224
51.5899 455 21.3307
51.707 413 20.3224
51.824 432 20.7846
51.9411 470 21.6795
52.0581 480 21.9089
52.175 436 20.8806
52.2919 461 21.4709
52.4088 457 21.3776
52.5257 456 21.3542
52.6425 471 21.7025
52.7593 509 22.561
52.876 510 22.5832
52.9927 506 22.4944
53.1094 463 21.5174
53.226 420 20.4939
53.3426 457 21.3776
53.4591 404 20.0998
53.5756 401 20.025
53.692 416 20.3961
53.8084 415 20.3715
53.9248 311 17.6352
54.0411 344 18.5472
54.1573 327 18.0831
54.2735 0 1
54.3896 0 1
54.5057 0 1
54.6217 0 1
54.7377 0 1
54.8537 0 1
54.9695 0 1
55.0853 0 1
55.2011 0 1
55.3168 0 1
55.4324 0 1
57.824 0 1
57.9396 0 1
58.0553 0 1
58.1711 0 1
58.2869 0 1
58.4028 0 1
58.5187 0 1
58.6347 0 1
58.7508 0 1
58.8669 0 1
58.983 458 21.4009
59.0992 519 22.7816
59.2155 620 24.8998
59.3318 618 24.8596
59.4482 722 26.8701
59.5646 771 27.7669
59.681 809 28.4429
59.7975 873 29.5466
59.9141 861 29.3428
60.0306 849 29.1376
60.1473 908 30.133
60.2639 868 29.4618
60.3807 831 28.8271
60.4974 818 28.6007
60.6142 882 29.6985
60.731 873 29.5466
60.8479 840 28.9828
60.9648 848 29.1204
61.0818 768 27.7128
61.1987 780 27.9285
61.3158 756 27.4955
61.4328 710 26.6458
61.5499 756 27.4955
61.667 724 26.9072
61.7841 701 26.4764
61.9013 717 26.7769
62.0185 679 26.0576
62.1357 630 25.0998
62.253 655 25.593
62.3702 680 26.0768
62.4875 673 25.9422
62.6049 615 24.7992
62.7222 638 25.2587
62.8396 631 25.1197
62.9569 600 24.4949
63.0743 575 23.9792
63.1918 592 24.3311
63.3092 541 23.2594
63.4267 564 23.7487
63.5441 576 24
63.6616 526 22.9347
63.7791 517 22.7376
63.8966 476 21.8174
64.0142 497 22.2935
64.1317 552 23.4947
64.2492 513 22.6495
64.3668 522 22.8473
64.4843 512 22.6274
64.6019 530 23.0217
64.7195 526 22.9347
64.837 514 22.6716
64.9546 513 22.6495
65.0722 478 21.8632
65.1898 514 22.6716
65.3074 528 22.9783
65.4249 524 22.891
65.5425 529 23
65.6601 523 22.8692
65.7777 511 22.6053
65.8952 510 22.5832
66.0128 559 23.6432
66.1304 478 21.8632
66.2479 514 22.6716
66.3655 491 22.1585
66.483 527 22.9565
66.6005 518 22.7596
66.718 501 22.383
66.8355 458 21.4009
66.953 505 22.4722
67.0705 518 22.7596
67.1879 468 21.6333
67.3054 486 22.0454
67.4228 472 21.7256
67.5402 483 21.9773
67.6576 513 22.6495
67.7749 508 22.5389
67.8923 511 22.6053
68.0096 521 22.8254
68.1269 503 22.4277
68.2442 482 21.9545
68.3614 502 22.4054
68.4787 478 21.8632
68.5958 508 22.5389
68.713 526 22.9347
68.8302 525 22.9129
68.9473 497 22.2935
69.0643 532 23.0651
69.1814 476 21.8174
69.2984 479 21.8861
69.4154 513 22.6495
69.5323 419 20.4695
69.6492 526 22.9347
69.7661 491 22.1585
69.8829 463 21.5174
69.9997 489 22.1133
70.1165 483 21.9773
70.2332 533 23.0868
70.3499 445 21.095
70.4665 424 20.5913
70.5831 402 20.0499
70.6996 398 19.9499
70.8161 368 19.1833
70.9326 339 18.412
71.049 279 16.7033
71.1653 285 16.8819
71.2817 233 15.2643
71.3979 258 16.0624
71.5141 207 14.3875
71.6303 205 14.3178
71.7464 176 13.2665
71.8624 0 1
71.9784 0 1
72.0944 0 1
72.2102 0 1
72.3261 0 1
72.4418 0 1
72.5575 0 1
72.6732 0 1
75.1054 0 1
75.2209 0 1
75.3365 0 1
75.4521 0 1
75.5678 0 1
75.6835 0 1
75.7993 0 1
75.9151 0 1
76.031 0 1
76.147 288 16.9706
76.263 370 19.2354
76.3791 356 18.868
76.4952 394 19.8494
76.6113 372 19.2873
76.7276 373 19.3132
76.8438 416 20.3961
76.9601 337 18.3576
77.0765 379 19.4679
77.1929 417 20.4206
77.3093 439 20.9523
77.4258 427 20.664
77.5423 423 20.567
77.6589 436 20.8806
77.7755 424 20.5913
77.8921 433 20.8087
78.0088 461 21.4709
78.1256 440 20.9762
78.2423 489 22.1133
78.3591 423 20.567
78.4759 400 20
78.5928 438 20.9284
78.7097 392 19.799
78.8266 338 18.3848
78.9436 351 18.735
79.0606 346 18.6011
79.1776 430 20.7364
79.2946 437 20.9045
79.4117 424 20.5913
79.5288 412 20.2978
79.6459 446 21.1187
79.7631 411 20.2731
79.8802 418 20.445
79.9974 440 20.9762
80.1147 394 19.8494
80.2319 384 19.5959
80.3491 405 20.1246
80.4664 405 20.1246
80.5837 407 20.1742
80.701 397 19.9249
80.8183 418 20.445
80.9357 419 20.4695
81.053 422 20.5426
81.1704 433 20.8087
81.2877 424 20.5913
81.4051 479 21.8861
81.5225 470 21.6795
81.6399 439 20.9523
81.7573 440 20.9762
81.8747 434 20.8327
81.9922 467 21.6102
82.1096 442 21.0238
82.227 425 20.6155
82.3444 429 20.7123
82.4619 383 19.5704
82.5793 387 19.6723
82.6967 434 20.8327
82.8142 438 20.9284
82.9316 444 21.0713
83.049 378 19.4422
83.1664 423 20.567
83.2838 401 20.025
83.4012 399 19.975
83.5186 453 21.2838
83.636 444 21.0713
83.7534 452 21.2603
83.8708 409 20.2237
83.9881 400 20
84.1055 375 19.3649
84.2228 439 20.9523
84.3401 369 19.2094
84.4575 440 20.9762
84.5747 402 20.0499
84.692 424 20.5913
84.8093 401 20.025
84.9265 398 19.9499
85.0437 474 21.7715
85.1609 445 21.095
85.2781 453 21.2838
85.3952 455 21.3307
85.5123 451 21.2368
85.6294 467 21.6102
85.7465 439 20.9523
85.8636 441 21
85.9806 407 20.1742
86.0976 386 19.6469
86.2145 415 20.3715
86.3315 477 21.8403
86.4484 402 20.0499
86.5652 431 20.7605
86.682 433 20.8087
86.7988 469 21.6564
86.9156 458 21.4009
87.0323 430 20.7364
87.149 456 21.3542
87.2657 445 21.095
87.3823 424 20.5913
87.4988 403 20.0749
87.6154 379 19.4679
87.7318 381 19.5192
87.8483 348 18.6548
87.9647 368 19.1833
88.081 329 18.1384
88.1973 324 18
88.3136 314 17.72
88.4298 281 16.7631
88.546 321 17.9165
88.6621 297 17.2337
88.7781 260 16.1245
88.8942 0 1
89.0101 0 1
89.126 0 1
89.2419 0 1
89.3577 0 1
89.4734 0 1
89.5891 0 1
89.7047 0 1
89.8203 0 1
89.9358 0 1
92.3269 0 1
92.4424 0 1
92.558 0 1
92.6736 0 1
92.7893 0 1
92.905 0 1
93.0208 0 1
93.1366 0 1
93.2525 0 1
93.3685 0 1
93.4845 0 1
93.6005 344 18.5472
93.7167 357 18.8944
93.8328 375 19.3649
93.949 390 19.7484
94.0653 390 19.7484
94.1816 453 21.2838
94.2979 415 20.3715
94.4143 443 21.0476
94.5307 497 22.2935
94.6472 423 20.567
94.7637 442 21.0238
94.8803 438 20.9284
94.9969 432 20.7846
95.1135 385 19.6214
95.2302 401 20.025
95.3469 422 20.5426
95.4637 434 20.8327
95.5805 444 21.0713
95.6973 411 20.2731
95.8142 479 21.8861
95.9311 428 20.6882
96.048 463 21.5174
96.1649 420 20.4939
96.2819 426 20.6398
96.3989 454 21.3073
96.516 465 21.5639
96.633 435 20.8567
96.7501 425 20.6155
96.8673 423 20.567
96.9844 392 19.799
97.1016 398 19.9499
97.2188 447 21.1424
97.336 419 20.4695
97.4532 425 20.6155
97.5704 435 20.8567
97.6877 477 21.8403
97.805 480 21.9089
97.9223 482 21.9545
98.0396 531 23.0434
98.1569 482 21.9545
98.2743 482 21.9545
98.3916 478 21.8632
98.509 451 21.2368
98.6264 428 20.6882
98.7438 423 20.567
98.8612 431 20.7605
98.9786 446 21.1187
99.096 476 21.8174
99.2134 490 22.1359
99.3308 497 22.2935
99.4482 489 22.1133
99.5656 472 21.7256
99.6831 479 21.8861
99.8005 480 21.9089
99.9179 486 22.0454
100.035 463 21.5174
100.153 478 21.8632
100.27 465 21.5639
100.388 468 21.6333
100.505 508 22.5389
100.622 555 23.5584
100.74 627 25.04
100.857 727 26.9629
100.975 847 29.1033
101.092 962 31.0161
101.209 1064 32.619
101.327 1285 35.8469
101.444 1575 39.6863
101.561 1809 42.5323
101.679 2162 46.4973
101.796 2313 48.0937
101.913 2602 51.0098
102.03 2990 54.6809
102.148 3322 57.6368
102.265 3785 61.5224
102.382 4192 64.7457
102.499 5380 73.3485
102.616 6595 81.2096
102.733 7903 88.8988
102.851 9041 95.0842
102.968 10360 101.784
103.085 11120 105.451
103.202 11599 107.699
103.319 12592 112.214
103.436 13702 117.056
103.552 14373 119.887
103.669 14082 118.668
103.786 13248 115.1
103.903 12503 111.817
104.02 12839 113.309
104.137 13859 117.724
104.253 15878 126.008
104.37 17350 131.719
104.487 18759 136.963
104.603 19037 137.975
104.72 18998 137.833
104.836 19300 138.924
104.953 18987 137.793
105.069 18553 136.209
105.186 18164 134.774
105.302 17892 133.761
105.418 16295 127.652
105.535 15211 123.333
105.651 14050 118.533
105.767 13289 115.278
105.883 12979 113.925
105.999 11990 109.499
106.115 0 1
106.231 0 1
106.347 0 1
106.463 0 1
106.579 0 1
106.694 0 1
106.81 0 1
106.926 0 1
107.041 0 1
107.157 0 1
109.576 0 1
109.692 0 1
109.807 0 1
109.923 0 1
110.039 0 1
110.155 0 1
110.27 0 1
110.386 0 1
110.502 0 1
110.618 5527 74.3438
110.735 5750 75.8288
110.851 5628 75.02
110.967 5434 73.7157
111.083 5842 76.433
111.199 6442 80.2621
111.316 7138 84.4867
111.432 7016 83.7616
111.549 6806 82.4985
111.665 6189 78.6702
111.782 5709 75.5579
111.898 5276 72.6361
112.015 4811 69.3614
112.132 4301 65.582
112.248 3874 62.2415
112.365 3237 56.8946
112.482 2714 52.0961
112.599 2315 48.1144
112.716 2115 45.9891
112.832 2075 45.5522
112.949 1840 42.8952
113.066 1490 38.6005
113.183 1269 35.623
113.3 990 31.4643
113.417 882 29.6985
113.534 829 28.7924
113.652 762 27.6043
113.769 757 27.5136
113.886 663 25.7488
114.003 625 25
114.12 594 24.3721
114.238 477 21.8403
114.355 465 21.5639
114.472 412 20.2978
114.589 401 20.025
114.707 434 20.8327
114.824 429 20.7123
114.942 459 21.4243
115.059 485 22.0227
115.176 504 22.4499
115.294 466 21.587
115.411 445 21.095
115.529 460 21.4476
115.646 467 21.6102
115.764 431 20.7605
115.881 423 20.567
115.999 391 19.7737
116.116 367 19.1572
116.234 334 18.2757
116.351 415 20.3715
116.469 399 19.975
116.586 395 19.8746
116.704 398 19.9499
116.821 371 19.2614
116.939 389 19.7231
117.056 449 21.1896
117.174 429 20.7123
117.291 447 21.1424
117.409 394 19.8494
117.526 444 21.0713
117.644 435 20.8567
117.761 418 20.445
117.879 404 20.0998
117.996 351 18.735
118.114 344 18.5472
118.231 384 19.5959
118.349 389 19.7231
118.466 379 19.4679
118.584 397 19.9249
118.701 403 20.0749
118.819 410 20.2485
118.936 424 20.5913
119.053 378 19.4422
119.171 432 20.7846
119.288 426 20.6398
119.405 360 18.9737
119.523 337 18.3576
119.64 325 18.0278
119.757 345 18.5742
119.875 368 19.1833
119.992 331 18.1934
120.109 391 19.7737
120.226 339 18.412
120.343 367 19.1572
120.46 356 18.868
120.578 385 19.6214
120.695 385 19.6214
120.812 398 19.9499
120.929 395 19.8746
121.046 419 20.4695
121.163 407 20.1742
121.279 396 19.8997
121.396 370 19.2354
121.513 355 18.8414
121.63 355 18.8414
121.747 336 18.3303
121.863 314 17.72
121.98 338 18.3848
122.097 315 17.7482
122.213 358 18.9209
122.33 318 17.8326
122.446 280 16.7332
122.563 322 17.9444
122.679 253 15.906
122.795 288 16.9706
122.912 249 15.7797
123.028 236 15.3623
123.144 202 14.2127
123.26 188 13.7113
123.377 0 1
123.493 0 1
123.609 0 1
123.725 0 1
123.84 0 1
123.956 0 1
124.072 0 1
124.188 0 1
124.303 0 1
124.419 0 1
126.852 0 1
126.968 0 1
127.083 0 1
127.199 0 1
127.315 0 1
127.431 0 1
127.547 0 1
127.663 0 1
127.779 0 1
127.895 0 1
128.011 0 1
128.127 0 1
128.243 0 1
128.359 384 19.5959
128.476 429 20.7123
128.592 392 19.799
128.708 351 18.735
128.825 376 19.3907
128.941 404 20.0998
129.058 402 20.0499
129.174 426 20.6398
129.291 449 21.1896
129.408 427 20.664
129.524 434 20.8327
129.641 470 21.6795
129.758 456 21.3542
129.875 483 21.9773
129.992 487 22.0681
130.108 465 21.5639
130.225 513 22.6495
130.342 481 21.9317
130.459 474 21.7715
130.576 496 22.2711
130.693 445 21.095
130.81 454 21.3073
130.928 506 22.4944
131.045 509 22.561
131.162 565 23.7697
131.279 580 24.0832
131.396 654 25.5734
131.513 612 24.7386
131.631 683 26.1343
131.748 716 26.7582
131.865 667 25.8263
131.983 697 26.4008
132.1 703 26.5141
132.217 695 26.3629
132.335 707 26.5895
132.452 711 26.6646
132.57 815 28.5482
132.687 846 29.0861
132.804 920 30.3315
132.922 884 29.7321
133.039 864 29.3939
133.157 914 30.2324
133.274 934 30.5614
133.392 914 30.2324
133.509 924 30.3974
133.627 952 30.8545
133.744 1004 31.686
133.862 1020 31.9374
133.979 971 31.1609
134.097 924 30.3974
134.214 896 29.9333
134.332 881 29.6816
134.449 882 29.6985
134.567 941 30.6757
134.684 923 30.3809
134.802 1000 31.6228
134.919 987 31.4166
135.037 972 31.1769
135.154 946 30.7571
135.272 1012 31.8119
135.389 994 31.5278
135.507 1009 31.7648
135.624 974 31.209
135.742 946 30.7571
135.859 975 31.225
135.977 919 30.315
136.094 926 30.4302
136.211 935 30.5778
136.329 960 30.9839
136.446 1062 32.5883
136.564 953 30.8707
136.681 935 30.5778
136.798 893 29.8831
136.915 1063 32.6037
137.033 1037 32.2025
137.15 976 31.241
137.267 1046 32.3419
137.384 983 31.3528
137.502 994 31.5278
137.619 959 30.9677
137.736 951 30.8383
137.853 823 28.688
137.97 907 30.1164
138.087 814 28.5307
138.204 914 30.2324
138.321 929 30.4795
138.438 898 29.9666
138.555 916 30.2655
138.672 963 31.0322
138.788 977 31.257
138.905 988 31.4325
139.022 955 30.9031
139.139 878 29.6311
139.255 906 30.0998
139.372 806 28.3901
139.488 770 27.7489
139.605 752 27.4226
139.721 707 26.5895
139.838 696 26.3818
139.954 681 26.096
140.071 634 25.1794
140.187 602 24.5357
140.303 569 23.8537
140.419 494 22.2261
140.535 532 23.0651
140.652 501 22.383
140.768 0 1
140.884 0 1
141 0 1
141.115 0 1
141.231 0 1
141.347 0 1
141.463 0 1
141.578 0 1
141.694 0 1
144.104 0 1
144.219 0 1
144.335 0 1
144.45 0 1
144.566 0 1
144.682 0 1
144.798 0 1
144.914 0 1
145.03 0 1
145.146 2717 52.1249
145.262 3322 57.6368
145.378 3841 61.9758
145.494 3908 62.514
145.61 4101 64.0391
145.726 4175 64.6142
145.842 3967 62.9841
145.959 3889 62.3618
146.075 3875 62.2495
146.192 3648 60.3987
146.308 3820 61.8061
146.425 3889 62.3618
146.541 4180 64.6529
146.658 4246 65.1613
146.774 4548 67.4389
146.891 4965 70.4628
147.008 5706 75.5381
147.125 6094 78.0641
147.241 6565 81.0247
147.358 6475 80.4674
147.475 6047 77.7625
147.592 6588 81.1665
147.709 7599 87.1722
147.826 8717 93.3649
147.943 9676 98.3667
148.06 10486 102.401
148.177 11219 105.92
148.294 11552 107.48
148.411 12110 110.045
148.528 12615 112.317
148.645 13108 114.49
148.762 14033 118.461
148.88 14600 120.83
148.997 15622 124.988
149.114 15628 125.012
149.231 16465 128.316
149.349 17079 130.687
149.466 17552 132.484
149.583 18318 135.344
149.701 19254 138.759
149.818 20584 143.471
149.935 21802 147.655
150.053 23042 151.796
150.17 24710 157.194
150.287 25697 160.303
150.405 27084 164.572
150.522 28270 168.137
150.64 29777 172.56
150.757 31225 176.706
150.875 32493 180.258
150.992 32093 179.145
151.11 29816 172.673
151.227 26029 161.335
151.344 24514 156.569
151.462 28138 167.744
151.579 33772 183.772
151.697 36934 192.182
151.814 38179 195.394
151.932 38444 196.071
152.049 38044 195.049
152.167 37749 194.291
152.284 37096 192.603
152.402 35600 188.68
152.519 34382 185.424
152.636 32679 180.773
152.754 31178 176.573
152.871 29537 171.863
152.989 27825 166.808
153.106 26086 161.512
153.223 24211 155.599
153.341 21989 148.287
153.458 19956 141.266
153.575 18190 134.87
153.693 16060 126.728
153.81 14146 118.937
153.927 12415 111.423
154.044 11125 105.475
154.162 9762 98.8028
154.279 8149 90.2718
154.396 7093 84.22
154.513 5985 77.3628
154.63 4984 70.5975
154.747 4067 63.773
154.864 3183 56.4181
154.981 2219 47.1063
155.098 1682 41.0122
155.215 1366 36.9594
155.332 1255 35.426
155.449 1291 35.9305
155.566 1302 36.0832
155.683 1177 34.3074
155.8 1154 33.9706
155.917 1210 34.7851
156.033 1121 33.4813
156.15 0 1
156.267 0 1
156.383 0 1
156.5 0 1
156.617 0 1
156.733 0 1
156.85 0 1
156.966 0 1
157.082 0 1
157.199 0 1
157.315 0 1
157.431 0 1
157.547 0 1
157.664 0 1
157.78 0 1
157.896 0 1
158.012 0 1
158.128 0 1
158.244 0 1
158.359 0 1
158.475 0 1
158.591 0 1
158.706 0 1
