
6.15755 0 1
6.2731 0 1
6.3887 0 1
6.50437 0 1
6.62009 0 1
6.73587 0 1
6.8517 0 1
6.96759 0 1
7.08353 0 1
7.19952 0 1
7.31557 0 1
7.43166 0 1
7.54781 0 1
7.664 0 1
7.78024 0 1
7.89653 0 1
8.01286 0 1
8.12924 0 1
8.24567 0 1
8.36213 0 1
8.47864 0 1
8.59519 0 1
8.71178 0 1
8.82841 0 1
8.94508 0 1
9.06179 0 1
9.17853 0 1
9.29531 0 1
9.41212 0 1
9.52897 0 1
9.64584 0 1
9.76276 0 1
9.8797 0 1
9.99667 0 1
10.1137 0 1
10.2307 0 1
10.3478 0 1
10.4648 0 1
10.5819 0 1
10.6991 0 1
10.8162 0 1
10.9334 0 1
11.0506 0 1
11.1678 0 1
11.285 0 1
11.4023 0 1
11.5196 0 1
11.6369 0 1
11.7542 0 1
11.8715 0 1
11.9888 0 1
12.1062 0 1
12.2235 0 1
12.3409 0 1
12.4582 0 1
12.5756 0 1
12.693 0 1
12.8104 0 1
12.9278 0 1
13.0452 0 1
13.1626 0 1
13.28 0 1
13.3974 0 1
13.5149 0 1
13.6323 0 1
13.7497 0 1
13.8671 0 1
13.9845 0 1
14.1019 0 1
14.2193 0 1
14.3367 0 1
14.4541 0 1
14.5714 0 1
14.6888 0 1
14.8062 0 1
14.9235 0 1
15.0408 0 0
15.1581 0 0
15.2755 0 0
15.3927 0 0
15.51 0 0
15.6273 0 0
15.7445 0 0
15.8617 0 0
15.9789 0 0
16.0961 0 0
16.2132 0 0
16.3304 0 0
16.4475 0 0
16.5646 0 0
16.6816 0 0
16.7986 0 0
16.9156 0 0
17.0326 0 0
17.1496 0 0
17.2665 0 0
17.3833 0 0
17.5002 0 0
17.617 0 0
17.7338 0 0
17.8505 0 0
17.9672 0 0
18.0839 0 0
18.2005 0 0
18.3171 0 0
18.4337 0 0
18.5502 0 0
18.6666 0 0
18.7831 0 0
18.8994 0 0
19.0158 0 0
19.1321 0 0
19.2483 0 0
19.3645 0 0
19.4806 0 0
19.5967 0 0
19.7128 0 0
19.8288 0 0
19.9447 0 0
20.0606 0 1
20.1764 0 1
20.2922 0 1
20.4079 0 1
20.5236 0 1
20.6392 0 1
20.7548 0 1
20.8702 0 1
23.3078 0 1
23.4233 0 1
23.539 0 1
23.6547 0 1
23.7704 0 1
23.8862 0 1
24.0021 0 1
24.118 0 1
24.234 0 1
24.35 0 1
24.4661 1307 36.1525
24.5822 1330 36.4692
24.6984 1194 34.5543
24.8146 1276 35.7211
24.9309 1171 34.2199
25.0472 1129 33.6006
25.1636 1222 34.9571
25.28 1287 35.8748
25.3965 1333 36.5103
25.513 1356 36.8239
25.6296 1385 37.2156
25.7462 1472 38.3667
25.8628 1454 38.1314
25.9795 1520 38.9872
26.0962 1525 39.0512
26.213 1512 38.8844
26.3298 1397 37.3765
26.4466 1360 36.8782
26.5635 1340 36.606
26.6804 1330 36.4692
26.7973 1351 36.756
26.9143 1282 35.805
27.0313 1326 36.4143
27.1483 1373 37.054
27.2653 1433 37.855
27.3824 1461 38.223
27.4996 1414 37.6032
27.6167 1436 37.8946
27.7339 1457 38.1707
27.8511 1392 37.3095
27.9683 1355 36.8103
28.0855 1272 35.6651
28.2028 1277 35.7351
28.3201 1284 35.8329
28.4374 1194 34.5543
28.5547 1171 34.2199
28.6721 1175 34.2783
28.7894 1230 35.0714
28.9068 1297 36.0139
29.0242 1317 36.2905
29.1416 1382 37.1753
29.259 1431 37.8286
29.3764 1439 37.9342
29.4939 1414 37.6032
29.6113 1424 37.7359
29.7288 1384 37.2022
29.8463 1426 37.7624
29.9638 1357 36.8375
30.0812 1395 37.3497
30.1987 1287 35.8748
30.3162 1349 36.7287
30.4337 1282 35.805
30.5512 1307 36.1525
30.6687 1385 37.2156
30.7862 1401 37.4299
30.9037 1452 38.1051
31.0212 1410 37.55
31.1387 1475 38.4057
31.2562 1484 38.5227
31.3737 1377 37.108
31.4912 1414 37.6032
31.6087 1305 36.1248
31.7262 1253 35.3977
31.8436 1213 34.8281
31.9611 1177 34.3074
32.0785 1093 33.0606
32.1959 1141 33.7787
32.3134 1236 35.1568
32.4308 1267 35.5949
32.5482 1274 35.6931
32.6655 1353 36.7831
32.7829 1394 37.3363
32.9002 1401 37.4299
33.0176 1453 38.1182
33.1349 1426 37.7624
33.2522 1450 38.0789
33.3694 1409 37.5366
33.4867 1433 37.855
33.6039 1519 38.9744
33.7211 1365 36.9459
33.8383 1322 36.3593
33.9554 1341 36.6197
34.0725 1386 37.229
34.1896 1327 36.428
34.3067 1381 37.1618
34.4237 1447 38.0395
34.5407 1475 38.4057
34.6577 1507 38.8201
34.7746 1438 37.921
34.8915 1425 37.7492
35.0084 1412 37.5766
35.1252 1408 37.5233
35.242 1286 35.8608
35.3587 1351 36.756
35.4755 1316 36.2767
35.5921 1185 34.4238
35.7088 1108 33.2866
35.8254 1134 33.6749
35.9419 1179 34.3366
36.0584 1179 34.3366
36.1749 1221 34.9428
36.2913 1331 36.4829
36.4077 1425 37.7492
36.524 1362 36.9053
36.6403 1396 37.3631
36.7565 1444 38
36.8727 1351 36.756
36.9889 1428 37.7889
37.1049 1356 36.8239
37.221 0 1
37.3369 0 1
37.4529 0 1
37.5687 0 1
37.6845 0 1
37.8003 0 1
37.916 0 1
38.0316 0 1
38.1472 0 1
40.5851 0 1
40.7008 0 1
40.8164 0 1
40.9322 0 1
41.048 0 1
41.1639 0 1
41.2798 0 1
41.3958 0 1
41.5118 0 1
41.6279 0 1
41.744 1230 35.0714
41.8602 1283 35.819
41.9765 1315 36.2629
42.0928 1285 35.8469
42.2091 1301 36.0694
42.3255 1265 35.5668
42.4419 1216 34.8712
42.5584 1192 34.5254
42.675 1153 33.9559
42.7915 1146 33.8526
42.9081 1231 35.0856
43.0248 1263 35.5387
43.1415 1329 36.4555
43.2582 1252 35.3836
43.375 1267 35.5949
43.4918 1334 36.524
43.6087 1327 36.428
43.7256 1232 35.0999
43.8425 1320 36.3318
43.9595 1236 35.1568
44.0765 1178 34.322
44.1935 1133 33.6601
44.3106 1064 32.619
44.4277 1031 32.1092
44.5448 959 30.9677
44.6619 922 30.3645
44.7791 957 30.9354
44.8963 1019 31.9218
45.0136 1051 32.4191
45.1308 992 31.496
45.2481 1192 34.5254
45.3654 1120 33.4664
45.4827 1170 34.2053
45.6001 1078 32.8329
45.7174 1062 32.5883
45.8348 1097 33.121
45.9522 1059 32.5423
46.0697 1060 32.5576
46.1871 964 31.0483
46.3046 984 31.3688
46.422 978 31.273
46.5395 1020 31.9374
46.657 1040 32.249
46.7745 1013 31.8277
46.892 1044 32.311
47.0096 987 31.4166
47.1271 1013 31.8277
47.2446 991 31.4802
47.3622 983 31.3528
47.4797 1014 31.8434
47.5973 977 31.257
47.7149 978 31.273
47.8324 858 29.2916
47.95 813 28.5132
48.0675 688 26.2298
48.1851 719 26.8142
48.3027 753 27.4408
48.4202 762 27.6043
48.5378 764 27.6405
48.6554 787 28.0535
48.7729 879 29.6479
48.8904 881 29.6816
49.008 926 30.4302
49.1255 948 30.7896
49.243 950 30.8221
49.3605 976 31.241
49.478 983 31.3528
49.5955 867 29.4449
49.713 888 29.7993
49.8304 864 29.3939
49.9479 855 29.2404
50.0653 909 30.1496
50.1827 959 30.9677
50.3001 1061 32.573
50.4175 1053 32.45
50.5348 1109 33.3017
50.6521 1124 33.5261
50.7694 1121 33.4813
50.8867 1165 34.1321
51.004 1178 34.322
51.1212 1138 33.7343
51.2384 1139 33.7491
51.3556 1074 32.7719
51.4727 1037 32.2025
51.5899 1016 31.8748
51.707 909 30.1496
51.824 1002 31.6544
51.9411 1031 32.1092
52.0581 1085 32.9393
52.175 1163 34.1028
52.2919 1323 36.3731
52.4088 1296 36
52.5257 1271 35.6511
52.6425 1408 37.5233
52.7593 1443 37.9868
52.876 1405 37.4833
52.9927 1397 37.3765
53.1094 1345 36.6742
53.226 1390 37.2827
53.3426 1422 37.7094
53.4591 1352 36.7696
53.5756 1342 36.6333
53.692 1497 38.6911
53.8084 1463 38.2492
53.9248 1467 38.3014
54.0411 1515 38.923
54.1573 1494 38.6523
54.2735 0 1
54.3896 0 1
54.5057 0 1
54.6217 0 1
54.7377 0 1
54.8537 0 1
54.9695 0 1
55.0853 0 1
55.2011 0 1
55.3168 0 1
55.4324 0 1
57.824 0 1
57.9396 0 1
58.0553 0 1
58.1711 0 1
58.2869 0 1
58.4028 0 1
58.5187 0 1
58.6347 0 1
58.7508 0 1
58.8669 0 1
58.983 1892 43.4971
59.0992 1932 43.9545
59.2155 2040 45.1664
59.3318 1978 44.4747
59.4482 1951 44.1701
59.5646 1949 44.1475
59.681 1890 43.4741
59.7975 1913 43.7379
59.9141 1822 42.6849
60.0306 1782 42.2137
60.1473 1721 41.4849
60.2639 1529 39.1024
60.3807 1424 37.7359
60.4974 1403 37.4566
60.6142 1454 38.1314
60.731 1595 39.9375
60.8479 1699 41.2189
60.9648 1877 43.3244
61.0818 1853 43.0465
61.1987 1910 43.7035
61.3158 1973 44.4185
61.4328 2031 45.0666
61.5499 1899 43.5775
61.667 1872 43.2666
61.7841 1784 42.2374
61.9013 1821 42.6732
62.0185 1799 42.4146
62.1357 1838 42.8719
62.253 1884 43.4051
62.3702 1915 43.7607
62.4875 1954 44.2041
62.6049 2012 44.8553
62.7222 2019 44.9333
62.8396 2032 45.0777
62.9569 2136 46.2169
63.0743 1951 44.1701
63.1918 1962 44.2945
63.3092 1913 43.7379
63.4267 1816 42.6146
63.5441 1719 41.4608
63.6616 1686 41.0609
63.7791 1496 38.6782
63.8966 1491 38.6135
64.0142 1378 37.1214
64.1317 1492 38.6264
64.2492 1625 40.3113
64.3668 1769 42.0595
64.4843 1860 43.1277
64.6019 1984 44.5421
64.7195 1962 44.2945
64.837 1906 43.6578
64.9546 2009 44.8219
65.0722 1936 44
65.1898 1878 43.3359
65.3074 1885 43.4166
65.4249 1808 42.5206
65.5425 1789 42.2966
65.6601 1792 42.332
65.7777 1845 42.9535
65.8952 1969 44.3734
66.0128 2070 45.4973
66.1304 2079 45.5961
66.2479 2141 46.2709
66.3655 2036 45.1221
66.483 2072 45.5192
66.6005 2116 46
66.718 2021 44.9555
66.8355 1997 44.6878
66.953 2065 45.4423
67.0705 1934 43.9773
67.1879 1785 42.2493
67.3054 1651 40.6325
67.4228 1559 39.4842
67.5402 1402 37.4433
67.6576 1361 36.8917
67.7749 1485 38.5357
67.8923 1642 40.5216
68.0096 1839 42.8836
68.1269 1951 44.1701
68.2442 2040 45.1664
68.3614 2222 47.1381
68.4787 2125 46.0977
68.5958 2278 47.7284
68.713 2113 45.9674
68.8302 2142 46.2817
68.9473 2190 46.7974
69.0643 2077 45.5741
69.1814 2041 45.1774
69.2984 2045 45.2217
69.4154 2089 45.7056
69.5323 2187 46.7654
69.6492 2379 48.775
69.7661 2403 49.0204
69.8829 2391 48.8979
69.9997 2440 49.3964
70.1165 2372 48.7032
70.2332 2340 48.3735
70.3499 2387 48.8569
70.4665 2377 48.7545
70.5831 2299 47.9479
70.6996 2213 47.0425
70.8161 2094 45.7602
70.9326 2011 44.8442
71.049 1760 41.9524
71.1653 1581 39.7618
71.2817 1427 37.7757
71.3979 1487 38.5616
71.5141 1644 40.5463
71.6303 1796 42.3792
71.7464 1806 42.4971
71.8624 0 1
71.9784 0 1
72.0944 0 1
72.2102 0 1
72.3261 0 1
72.4418 0 1
72.5575 0 1
72.6732 0 1
75.1054 0 1
75.2209 0 1
75.3365 0 1
75.4521 0 1
75.5678 0 1
75.6835 0 1
75.7993 0 1
75.9151 0 1
76.031 0 1
76.147 2054 45.3211
76.263 2171 46.594
76.3791 2055 45.3321
76.4952 1701 41.2432
76.6113 1590 39.8748
76.7276 1636 40.4475
76.8438 1887 43.4396
76.9601 2108 45.913
77.0765 2375 48.734
77.1929 2519 50.1896
77.3093 2661 51.5849
77.4258 2738 52.3259
77.5423 2731 52.259
77.6589 2764 52.5738
77.7755 2664 51.614
77.8921 2678 51.7494
78.0088 2600 50.9902
78.1256 2681 51.7784
78.2423 2546 50.4579
78.3591 2530 50.2991
78.4759 2576 50.7543
78.5928 2643 51.4101
78.7097 2724 52.192
78.8266 2958 54.3875
78.9436 2767 52.6023
79.0606 2834 53.2353
79.1776 2906 53.9073
79.2946 2887 53.7308
79.4117 2878 53.647
79.5288 2705 52.0096
79.6459 2682 51.788
79.7631 2685 51.817
79.8802 2519 50.1896
79.9974 2317 48.1352
80.1147 2047 45.2438
80.2319 1803 42.4617
80.3491 1813 42.5793
80.4664 2013 44.8665
80.5837 2308 48.0416
80.701 2611 51.0979
80.8183 2846 53.3479
80.9357 2837 53.2635
81.053 2991 54.69
81.1704 2962 54.4243
81.2877 2988 54.6626
81.4051 2898 53.8331
81.5225 2930 54.1295
81.6399 2889 53.7494
81.7573 2788 52.8015
81.8747 2798 52.8961
81.9922 2631 51.2933
82.1096 2702 51.9808
82.227 2807 52.9811
82.3444 2960 54.4059
82.4619 3011 54.8726
82.5793 2920 54.037
82.6967 3055 55.2721
82.8142 2964 54.4426
82.9316 3099 55.6687
83.049 3039 55.1271
83.1664 2882 53.6843
83.2838 2882 53.6843
83.4012 2745 52.3927
83.5186 2575 50.7445
83.636 2413 49.1223
83.7534 2121 46.0543
83.8708 1775 42.1307
83.9881 1843 42.9302
84.1055 2001 44.7325
84.2228 2247 47.4025
84.3401 2572 50.7149
84.4575 2866 53.535
84.5747 3063 55.3444
84.692 3118 55.8391
84.8093 3075 55.4527
84.9265 3171 56.3116
85.0437 3097 55.6507
85.1609 3066 55.3715
85.2781 3083 55.5248
85.3952 2966 54.461
85.5123 3104 55.7136
85.6294 3008 54.8452
85.7465 3070 55.4076
85.8636 3153 56.1516
85.9806 3280 57.2713
86.0976 3325 57.6628
86.2145 3425 58.5235
86.3315 3368 58.0345
86.4484 3543 59.5231
86.5652 3523 59.3549
86.682 3535 59.4559
86.7988 3489 59.0678
86.9156 3340 57.7927
87.0323 3266 57.1489
87.149 3173 56.3294
87.2657 2801 52.9245
87.3823 2485 49.8498
87.4988 2310 48.0625
87.6154 2353 48.5077
87.7318 2786 52.7826
87.8483 3116 55.8211
87.9647 3416 58.4466
88.081 3715 60.9508
88.1973 3900 62.45
88.3136 3806 61.6928
88.4298 3872 62.2254
88.546 3820 61.8061
88.6621 3795 61.6036
88.7781 3693 60.7701
88.8942 0 1
89.0101 0 1
89.126 0 1
89.2419 0 1
89.3577 0 1
89.4734 0 1
89.5891 0 1
89.7047 0 1
89.8203 0 1
89.9358 0 1
92.3269 0 1
92.4424 0 1
92.558 0 1
92.6736 0 1
92.7893 0 1
92.905 0 1
93.0208 0 1
93.1366 0 1
93.2525 0 1
93.3685 0 1
93.4845 0 1
93.6005 3978 63.0714
93.7167 4215 64.923
93.8328 4022 63.4192
93.949 4194 64.7611
94.0653 4124 64.2184
94.1816 4207 64.8614
94.2979 4088 63.9375
94.4143 4056 63.6867
94.5307 3981 63.0952
94.6472 3883 62.3137
94.7637 3798 61.6279
94.8803 3953 62.8729
94.9969 4055 63.6789
95.1135 4064 63.7495
95.2302 4252 65.2074
95.3469 4218 64.9461
95.4637 4316 65.6963
95.5805 4469 66.8506
95.6973 4473 66.8805
95.8142 4438 66.6183
95.9311 4436 66.6033
96.048 4274 65.3758
96.1649 4029 63.4744
96.2819 3919 62.6019
96.3989 3531 59.4222
96.516 3086 55.5518
96.633 2791 52.8299
96.7501 2746 52.4023
96.8673 2907 53.9166
96.9844 3366 58.0172
97.1016 3904 62.482
97.2188 4319 65.7191
97.336 4615 67.9338
97.4532 4518 67.2161
97.5704 4675 68.374
97.6877 4623 67.9926
97.805 4596 67.7938
97.9223 4639 68.1102
98.0396 4578 67.6609
98.1569 4469 66.8506
98.2743 4475 66.8954
98.3916 4392 66.2722
98.509 4300 65.5744
98.6264 4573 67.624
98.7438 4484 66.9627
98.8612 4503 67.1044
98.9786 4766 69.0362
99.096 4633 68.0661
99.2134 4877 69.8355
99.3308 4711 68.6367
99.4482 4899 69.9929
99.5656 4867 69.7639
99.6831 4508 67.1416
99.8005 4581 67.6831
99.9179 4209 64.8768
100.035 3872 62.2254
100.153 3464 58.8558
100.27 3070 55.4076
100.388 3191 56.4889
100.505 3588 59.8999
100.622 4100 64.0312
100.74 4629 68.0368
100.857 4787 69.1881
100.975 4923 70.1641
101.092 4937 70.2638
101.209 4932 70.2282
101.327 5038 70.9789
101.444 4816 69.3974
101.561 5029 70.9154
101.679 4966 70.4699
101.796 4973 70.5195
101.913 4802 69.2965
102.03 4698 68.542
102.148 4609 67.8896
102.265 4920 70.1427
102.382 4770 69.0652
102.499 5274 72.6223
102.616 5126 71.5961
102.733 5140 71.6938
102.851 5260 72.5259
102.968 5357 73.1915
103.085 5248 72.4431
103.202 5151 71.7705
103.319 4867 69.7639
103.436 4732 68.7895
103.552 4325 65.7647
103.669 3802 61.6604
103.786 3406 58.3609
103.903 3346 57.8446
104.02 3915 62.57
104.137 4525 67.2681
104.253 5205 72.1457
104.37 5215 72.215
104.487 5539 74.4245
104.603 5472 73.973
104.72 5481 74.0338
104.836 5467 73.9392
104.953 5495 74.1283
105.069 5418 73.6071
105.186 5444 73.7835
105.302 5206 72.1526
105.418 5168 71.8888
105.535 5120 71.5542
105.651 5056 71.1056
105.767 5257 72.5052
105.883 5371 73.2871
105.999 5575 74.6659
106.115 0 1
106.231 0 1
106.347 0 1
106.463 0 1
106.579 0 1
106.694 0 1
106.81 0 1
106.926 0 1
107.041 0 1
107.157 0 1
109.576 0 1
109.692 0 1
109.807 0 1
109.923 0 1
110.039 0 1
110.155 0 1
110.27 0 1
110.386 0 1
110.502 0 1
110.618 4805 69.3181
110.735 4956 70.3989
110.851 5049 71.0563
110.967 5184 72
111.083 5121 71.5612
111.199 5425 73.6546
111.316 5349 73.1369
111.432 5265 72.5603
111.549 5191 72.0486
111.665 5155 71.7983
111.782 4881 69.8642
111.898 4663 68.2862
112.015 4269 65.3376
112.132 3726 61.041
112.248 3267 57.1577
112.365 3226 56.7979
112.482 3559 59.6574
112.599 3913 62.554
112.716 4463 66.8057
112.832 4825 69.4622
112.949 4819 69.419
113.066 4862 69.728
113.183 4827 69.4766
113.3 4843 69.5917
113.417 4856 69.685
113.534 4655 68.2276
113.652 4741 68.8549
113.769 4596 67.7938
113.886 4529 67.2978
114.003 4559 67.5204
114.12 4294 65.5286
114.238 4304 65.6049
114.355 4300 65.5744
114.472 4260 65.2687
114.589 4433 66.5808
114.707 4537 67.3573
114.824 4639 68.1102
114.942 4601 67.8307
115.059 4613 67.9191
115.176 4480 66.9328
115.294 4536 67.3498
115.411 4225 65
115.529 3855 62.0886
115.646 3656 60.4649
115.764 3205 56.6127
115.881 2935 54.1756
115.999 3143 56.0625
116.116 3489 59.0678
116.234 3862 62.145
116.351 4204 64.8383
116.469 4467 66.8356
116.586 4549 67.4463
116.704 4483 66.9552
116.821 4451 66.7158
116.939 4571 67.6092
117.056 4660 68.2642
117.174 4476 66.9029
117.291 4537 67.3573
117.409 4529 67.2978
117.526 4351 65.9621
117.644 4320 65.7267
117.761 4262 65.284
117.879 4306 65.6201
117.996 4099 64.0234
118.114 4306 65.6201
118.231 4518 67.2161
118.349 4355 65.9924
118.466 4642 68.1322
118.584 4495 67.0448
118.701 4608 67.8823
118.819 4582 67.6905
118.936 4443 66.6558
119.053 4249 65.1844
119.171 3984 63.1189
119.288 3532 59.4306
119.405 3061 55.3263
119.523 2951 54.3231
119.64 3154 56.1605
119.757 3333 57.7321
119.875 3806 61.6928
119.992 4108 64.0937
120.109 4287 65.4752
120.226 4348 65.9394
120.343 4356 66
120.46 4376 66.1513
120.578 4366 66.0757
120.695 4415 66.4455
120.812 4313 65.6734
120.929 4463 66.8057
121.046 4367 66.0833
121.163 4201 64.8151
121.279 4168 64.56
121.396 4116 64.1561
121.513 3986 63.1348
121.63 4252 65.2074
121.747 3997 63.2218
121.863 4128 64.2495
121.98 4179 64.6452
122.097 4129 64.2573
122.213 4228 65.0231
122.33 4380 66.1816
122.446 4360 66.0303
122.563 4313 65.6734
122.679 4180 64.6529
122.795 3880 62.2896
122.912 3761 61.327
123.028 3399 58.3009
123.144 2928 54.111
123.26 2759 52.5262
123.377 0 1
123.493 0 1
123.609 0 1
123.725 0 1
123.84 0 1
123.956 0 1
124.072 0 1
124.188 0 1
124.303 0 1
124.419 0 1
126.852 0 1
126.968 0 1
127.083 0 1
127.199 0 1
127.315 0 1
127.431 0 1
127.547 0 1
127.663 0 1
127.779 0 1
127.895 0 1
128.011 0 1
128.127 0 1
128.243 0 1
128.359 3231 56.8419
128.476 2829 53.1883
128.592 2975 54.5436
128.708 3446 58.7026
128.825 3969 63
128.941 4271 65.3529
129.058 4547 67.4314
129.174 4668 68.3228
129.291 4690 68.4836
129.408 4550 67.4537
129.524 4496 67.0522
129.641 4606 67.8675
129.758 4565 67.5648
129.875 4519 67.2235
129.992 4577 67.6535
130.108 4352 65.9697
130.225 4224 64.9923
130.342 4330 65.8027
130.459 4156 64.467
130.576 4321 65.7343
130.693 4138 64.3273
130.81 4343 65.9014
130.928 4340 65.8787
131.045 4421 66.4906
131.162 4455 66.7458
131.279 4443 66.6558
131.396 4403 66.3551
131.513 4321 65.7343
131.631 4124 64.2184
131.748 3809 61.7171
131.865 3464 58.8558
131.983 3047 55.1996
132.1 3030 55.0454
132.217 3224 56.7803
132.335 3745 61.1964
132.452 4060 63.7181
132.57 4199 64.7997
132.687 4260 65.2687
132.804 4583 67.6979
132.922 4369 66.0984
133.039 4349 65.9469
133.157 4261 65.2763
133.274 4301 65.582
133.392 4325 65.7647
133.509 4147 64.3972
133.627 4148 64.405
133.744 4113 64.1327
133.862 4148 64.405
133.979 4200 64.8074
134.097 4037 63.5374
134.214 4078 63.8592
134.332 3988 63.1506
134.449 4069 63.7887
134.567 4132 64.2806
134.684 4300 65.5744
134.802 4184 64.6838
134.919 4223 64.9846
135.037 4397 66.3099
135.154 3988 63.1506
135.272 3832 61.9032
135.389 3559 59.6574
135.507 3144 56.0714
135.624 2897 53.8238
135.742 3083 55.5248
135.859 3263 57.1227
135.977 3750 61.2372
136.094 3970 63.0079
136.211 4090 63.9531
136.329 4138 64.3273
136.446 4341 65.8863
136.564 4213 64.9076
136.681 4287 65.4752
136.798 4082 63.8905
136.915 4090 63.9531
137.033 4117 64.1639
137.15 4050 63.6396
137.267 3961 62.9365
137.384 4025 63.4429
137.502 3931 62.6977
137.619 4052 63.6553
137.736 3940 62.7694
137.853 3881 62.2977
137.97 3852 62.0645
138.087 4021 63.4114
138.204 4068 63.7809
138.321 4113 64.1327
138.438 4147 64.3972
138.555 4075 63.8357
138.672 3972 63.0238
138.788 3946 62.8172
138.905 3840 61.9677
139.022 3552 59.5987
139.139 3306 57.4978
139.255 3037 55.109
139.372 2982 54.6077
139.488 3247 56.9825
139.605 3582 59.8498
139.721 3839 61.9597
139.838 4112 64.1249
139.954 4124 64.2184
140.071 3991 63.1744
140.187 4014 63.3561
140.303 4044 63.5925
140.419 4073 63.8201
140.535 3811 61.7333
140.652 3935 62.7296
140.768 0 1
140.884 0 1
141 0 1
141.115 0 1
141.231 0 1
141.347 0 1
141.463 0 1
141.578 0 1
141.694 0 1
144.104 0 1
144.219 0 1
144.335 0 1
144.45 0 1
144.566 0 1
144.682 0 1
144.798 0 1
144.914 0 1
145.03 0 1
145.146 3437 58.6259
145.262 3646 60.3821
145.378 3521 59.338
145.494 3390 58.2237
145.61 3338 57.7754
145.726 3374 58.0861
145.842 3371 58.0603
145.959 3278 57.2538
146.075 3310 57.5326
146.192 3319 57.6108
146.308 3349 57.8705
146.425 3322 57.6368
146.541 3283 57.2975
146.658 3268 57.1664
146.774 3342 57.81
146.891 3439 58.643
147.008 3291 57.3672
147.125 3285 57.3149
147.241 3279 57.2626
147.358 3207 56.6304
147.475 3095 55.6327
147.592 2870 53.5724
147.709 2718 52.1344
147.826 2420 49.1935
147.943 2488 49.8799
148.06 2518 50.1797
148.177 2983 54.6168
148.294 3081 55.5068
148.411 3213 56.6833
148.528 3344 57.8273
148.645 3177 56.3649
148.762 3191 56.4889
148.88 3318 57.6021
148.997 3098 55.6597
149.114 3312 57.55
149.231 3099 55.6687
149.349 3014 54.8999
149.466 2996 54.7357
149.583 2872 53.591
149.701 2986 54.6443
149.818 2982 54.6077
149.935 3004 54.8088
150.053 3065 55.3624
150.17 3003 54.7996
150.287 3002 54.7905
150.405 3091 55.5968
150.522 3067 55.3805
150.64 3001 54.7814
150.757 3126 55.9106
150.875 3074 55.4437
150.992 3008 54.8452
151.11 2885 53.7122
151.227 2864 53.5164
151.344 2569 50.6853
151.462 2327 48.239
151.579 2412 49.1121
151.697 2509 50.0899
151.814 2721 52.1632
151.932 2967 54.4702
152.049 3079 55.4887
152.167 3061 55.3263
152.284 3126 55.9106
152.402 3176 56.356
152.519 3127 55.9196
152.636 3151 56.1338
152.754 3137 56.0089
152.871 3007 54.8361
152.989 2934 54.1664
153.106 3035 55.0908
153.223 2927 54.1018
153.341 2910 53.9444
153.458 2936 54.1849
153.575 3074 55.4437
153.693 3022 54.9727
153.81 3126 55.9106
153.927 3133 55.9732
154.044 3085 55.5428
154.162 3013 54.8908
154.279 3064 55.3534
154.396 3176 56.356
154.513 3252 57.0263
154.63 3185 56.4358
154.747 3042 55.1543
154.864 2986 54.6443
154.981 2820 53.1037
155.098 2663 51.6043
155.215 2568 50.6754
155.332 2719 52.144
155.449 2853 53.4135
155.566 3016 54.9181
155.683 3169 56.2939
155.8 3205 56.6127
155.917 3071 55.4166
156.033 3165 56.2583
156.15 0 1
156.267 0 1
156.383 0 1
156.5 0 1
156.617 0 1
156.733 0 1
156.85 0 1
156.966 0 1
157.082 0 1
157.199 0 1
157.315 0 1
157.431 0 1
157.547 0 1
157.664 0 1
157.78 0 1
157.896 0 1
158.012 0 1
158.128 0 1
158.244 0 1
158.359 0 1
158.475 0 1
158.591 0 1
158.706 0 1
