
6.15755 0 1
6.2731 0 1
6.3887 0 1
6.50437 0 1
6.62009 0 1
6.73587 0 1
6.8517 0 1
6.96759 0 1
7.08353 0 1
7.19952 0 1
7.31557 0 1
7.43166 0 1
7.54781 0 1
7.664 0 1
7.78024 0 1
7.89653 0 1
8.01286 0 1
8.12924 0 1
8.24567 0 1
8.36213 0 1
8.47864 0 1
8.59519 0 1
8.71178 0 1
8.82841 0 1
8.94508 0 1
9.06179 0 1
9.17853 0 1
9.29531 0 1
9.41212 0 1
9.52897 0 1
9.64584 0 1
9.76276 0 1
9.8797 0 1
9.99667 0 1
10.1137 0 1
10.2307 0 1
10.3478 0 1
10.4648 0 1
10.5819 0 1
10.6991 0 1
10.8162 0 1
10.9334 0 1
11.0506 0 1
11.1678 0 1
11.285 0 1
11.4023 0 1
11.5196 0 1
11.6369 0 1
11.7542 0 1
11.8715 0 1
11.9888 0 1
12.1062 0 1
12.2235 0 1
12.3409 0 1
12.4582 0 1
12.5756 0 1
12.693 0 1
12.8104 0 1
12.9278 0 1
13.0452 0 1
13.1626 0 1
13.28 0 1
13.3974 0 1
13.5149 0 1
13.6323 0 1
13.7497 0 1
13.8671 0 1
13.9845 0 1
14.1019 0 1
14.2193 0 1
14.3367 0 1
14.4541 0 1
14.5714 0 1
14.6888 0 1
14.8062 0 1
14.9235 0 1
15.0408 0 0
15.1581 0 0
15.2755 0 0
15.3927 0 0
15.51 0 0
15.6273 0 0
15.7445 0 0
15.8617 0 0
15.9789 0 0
16.0961 0 0
16.2132 0 0
16.3304 0 0
16.4475 0 0
16.5646 0 0
16.6816 0 0
16.7986 0 0
16.9156 0 0
17.0326 0 0
17.1496 0 0
17.2665 0 0
17.3833 0 0
17.5002 0 0
17.617 0 0
17.7338 0 0
17.8505 0 0
17.9672 0 0
18.0839 0 0
18.2005 0 0
18.3171 0 0
18.4337 0 0
18.5502 0 0
18.6666 0 0
18.7831 0 0
18.8994 0 0
19.0158 0 0
19.1321 0 0
19.2483 0 0
19.3645 0 0
19.4806 0 0
19.5967 0 0
19.7128 0 0
19.8288 0 0
19.9447 0 0
20.0606 0 1
20.1764 0 1
20.2922 0 1
20.4079 0 1
20.5236 0 1
20.6392 0 1
20.7548 0 1
20.8702 0 1
23.3078 0 1
23.4233 0 1
23.539 0 1
23.6547 0 1
23.7704 0 1
23.8862 0 1
24.0021 0 1
24.118 0 1
24.234 0 1
24.35 0 1
24.4661 23506 153.317
24.5822 23338 152.768
24.6984 23507 153.32
24.8146 23458 153.16
24.9309 23164 152.197
25.0472 22362 149.539
25.1636 22267 149.221
25.28 22907 151.351
25.3965 23515 153.346
25.513 24432 156.307
25.6296 25861 160.814
25.7462 26596 163.083
25.8628 26847 163.851
25.9795 26606 163.113
26.0962 26763 163.594
26.213 26761 163.588
26.3298 25583 159.947
26.4466 24662 157.041
26.5635 24032 155.023
26.6804 23395 152.954
26.7973 23598 153.616
26.9143 24813 157.521
27.0313 25055 158.288
27.1483 25830 160.717
27.2653 26441 162.607
27.3824 26940 164.134
27.4996 26796 163.695
27.6167 26340 162.296
27.7339 26033 161.347
27.8511 25780 160.562
27.9683 24810 157.512
28.0855 24666 157.054
28.2028 24129 155.335
28.3201 23930 154.693
28.4374 23132 152.092
28.5547 22281 149.268
28.6721 21514 146.677
28.7894 22638 150.459
28.9068 22890 151.294
29.0242 23397 152.961
29.1416 24094 155.222
29.259 24647 156.994
29.3764 25379 159.308
29.4939 25307 159.082
29.6113 25259 158.931
29.7288 25221 158.811
29.8463 24221 155.631
29.9638 23607 153.646
30.0812 22794 150.977
30.1987 22017 148.381
30.3162 22688 150.625
30.4337 23125 152.069
30.5512 24156 155.422
30.6687 24949 157.953
30.7862 24873 157.712
30.9037 25689 160.278
31.0212 25948 161.084
31.1387 25560 159.875
31.2562 25630 160.094
31.3737 25718 160.368
31.4912 24890 157.766
31.6087 24933 157.902
31.7262 24039 155.045
31.8436 23515 153.346
31.9611 22975 151.575
32.0785 22140 148.795
32.1959 21586 146.922
32.3134 22044 148.472
32.4308 22299 149.328
32.5482 23081 151.924
32.6655 23951 154.761
32.7829 24312 155.923
32.9002 24742 157.296
33.0176 24657 157.025
33.1349 25321 159.126
33.2522 25069 158.332
33.3694 25571 159.909
33.4867 24791 157.452
33.6039 23481 153.235
33.7211 22755 150.848
33.8383 22181 148.933
33.9554 22059 148.523
34.0725 22952 151.499
34.1896 23716 154
34.3067 24260 155.756
34.4237 24731 157.261
34.5407 25086 158.386
34.6577 25474 159.606
34.7746 25686 160.269
34.8915 25777 160.552
35.0084 25314 159.104
35.1252 24744 157.302
35.242 24751 157.325
35.3587 24009 154.948
35.4755 23767 154.165
35.5921 23230 152.414
35.7088 22213 149.04
35.8254 21772 147.553
35.9419 21269 145.839
36.0584 21656 147.16
36.1749 21687 147.265
36.2913 22463 149.877
36.4077 23388 152.931
36.524 23780 154.208
36.6403 24045 155.065
36.7565 24484 156.474
36.8727 24726 157.245
36.9889 24773 157.394
37.1049 24209 155.592
37.221 0 1
37.3369 0 1
37.4529 0 1
37.5687 0 1
37.6845 0 1
37.8003 0 1
37.916 0 1
38.0316 0 1
38.1472 0 1
40.5851 0 1
40.7008 0 1
40.8164 0 1
40.9322 0 1
41.048 0 1
41.1639 0 1
41.2798 0 1
41.3958 0 1
41.5118 0 1
41.6279 0 1
41.744 19572 139.9
41.8602 20005 141.439
41.9765 20495 143.161
42.0928 21082 145.196
42.2091 21246 145.76
42.3255 20456 143.024
42.4419 19540 139.786
42.5584 18895 137.459
42.675 18613 136.429
42.7915 18801 137.117
42.9081 19917 141.128
43.0248 20419 142.895
43.1415 20754 144.062
43.2582 21185 145.551
43.375 21564 146.847
43.4918 21906 148.007
43.6087 21057 145.11
43.7256 21248 145.767
43.8425 20674 143.785
43.9595 20796 144.208
44.0765 20215 142.179
44.1935 19722 140.435
44.3106 19170 138.456
44.4277 18231 135.022
44.5448 17384 131.848
44.6619 16435 128.199
44.7791 16381 127.988
44.8963 16534 128.585
45.0136 16653 129.047
45.1308 17364 131.773
45.2481 17804 133.432
45.3654 18277 135.192
45.4827 18587 136.334
45.6001 18029 134.272
45.7174 17996 134.149
45.8348 17590 132.627
45.9522 16810 129.653
46.0697 15964 126.349
46.1871 15005 122.495
46.3046 15175 123.187
46.422 15255 123.511
46.5395 16246 127.46
46.657 16768 129.491
46.7745 16987 130.334
46.892 17190 131.111
47.0096 17174 131.05
47.1271 17122 130.851
47.2446 16975 130.288
47.3622 16861 129.85
47.4797 16418 128.133
47.5973 16028 126.602
47.7149 15492 124.467
47.8324 15061 122.723
47.95 14207 119.193
48.0675 13951 118.114
48.1851 12747 112.903
48.3027 12526 111.92
48.4202 12914 113.64
48.5378 12984 113.947
48.6554 13450 115.974
48.7729 14034 118.465
48.8904 14164 119.013
49.008 14296 119.566
49.1255 14222 119.256
49.243 14466 120.275
49.3605 14028 118.44
49.478 13147 114.66
49.5955 12469 111.665
49.713 12579 112.156
49.8304 12412 111.409
49.9479 13301 115.33
50.0653 14155 118.975
50.1827 14818 121.729
50.3001 15527 124.607
50.4175 15726 125.403
50.5348 16433 128.191
50.6521 16854 129.823
50.7694 17061 130.618
50.8867 17064 130.629
51.004 17338 131.674
51.1212 17587 132.616
51.2384 17512 132.333
51.3556 17203 131.16
51.4727 17221 131.229
51.5899 16442 128.226
51.707 15895 126.075
51.824 15621 124.984
51.9411 16400 128.062
52.0581 17203 131.16
52.175 18144 134.7
52.2919 18766 136.989
52.4088 19509 139.675
52.5257 20050 141.598
52.6425 20309 142.51
52.7593 20330 142.583
52.876 20447 142.993
52.9927 20507 143.203
53.1094 19420 139.356
53.226 18689 136.708
53.3426 18447 135.82
53.4591 18649 136.561
53.5756 19912 141.11
53.692 21561 146.837
53.8084 22304 149.345
53.9248 23136 152.105
54.0411 23919 154.658
54.1573 24469 156.426
54.2735 0 1
54.3896 0 1
54.5057 0 1
54.6217 0 1
54.7377 0 1
54.8537 0 1
54.9695 0 1
55.0853 0 1
55.2011 0 1
55.3168 0 1
55.4324 0 1
57.824 0 1
57.9396 0 1
58.0553 0 1
58.1711 0 1
58.2869 0 1
58.4028 0 1
58.5187 0 1
58.6347 0 1
58.7508 0 1
58.8669 0 1
58.983 25686 160.269
59.0992 27218 164.979
59.2155 28180 167.869
59.3318 28988 170.259
59.4482 29155 170.748
59.5646 28926 170.076
59.681 28983 170.244
59.7975 28784 169.658
59.9141 27936 167.141
60.0306 26643 163.227
60.1473 26162 161.747
60.2639 24467 156.419
60.3807 23112 152.026
60.4974 22440 149.8
60.6142 22225 149.081
60.731 22816 151.05
60.8479 23299 152.64
60.9648 24217 155.618
61.0818 25072 158.341
61.1987 25275 158.981
61.3158 24920 157.861
61.4328 24743 157.299
61.5499 24364 156.09
61.667 23300 152.643
61.7841 22166 148.883
61.9013 21744 147.458
62.0185 21682 147.248
62.1357 22392 149.64
62.253 23417 153.026
62.3702 24840 157.607
62.4875 25459 159.559
62.6049 25773 160.54
62.7222 26508 162.813
62.8396 26484 162.739
62.9569 26679 163.337
63.0743 26623 163.166
63.1918 26181 161.805
63.3092 25996 161.233
63.4267 25290 159.028
63.5441 24277 155.811
63.6616 23223 152.391
63.7791 22235 149.114
63.8966 20800 144.222
64.0142 19945 141.227
64.1317 19766 140.592
64.2492 20437 142.958
64.3668 21118 145.32
64.4843 21843 147.794
64.6019 22611 150.37
64.7195 22880 151.261
64.837 23216 152.368
64.9546 22933 151.436
65.0722 22268 149.225
65.1898 21431 146.393
65.3074 20407 142.853
65.4249 19273 138.827
65.5425 19183 138.503
65.6601 19556 139.843
65.7777 20730 143.979
65.8952 22069 148.556
66.0128 22967 151.549
66.1304 23548 153.454
66.2479 24435 156.317
66.3655 24995 158.098
66.483 25420 159.437
66.6005 25381 159.314
66.718 25291 159.031
66.8355 25001 158.117
66.953 24870 157.702
67.0705 24172 155.473
67.1879 22931 151.43
67.3054 22002 148.331
67.4228 20466 143.059
67.5402 19183 138.503
67.6576 18832 137.23
67.7749 18898 137.47
67.8923 19364 139.155
68.0096 20523 143.259
68.1269 21512 146.67
68.2442 22558 150.193
68.3614 23247 152.47
68.4787 23261 152.516
68.5958 23263 152.522
68.713 23195 152.299
68.8302 21979 148.253
68.9473 21157 145.454
69.0643 19858 140.918
69.1814 19846 140.876
69.2984 20168 142.014
69.4154 21673 147.218
69.5323 23373 152.882
69.6492 24627 156.93
69.7661 25496 159.675
69.8829 26279 162.108
69.9997 26835 163.814
70.1165 27449 165.677
70.2332 27781 166.676
70.3499 27403 165.539
70.4665 27398 165.523
70.5831 26942 164.14
70.6996 26030 161.338
70.8161 25349 159.214
70.9326 24045 155.065
71.049 22875 151.245
71.1653 21401 146.291
71.2817 20121 141.849
71.3979 19287 138.878
71.5141 19786 140.663
71.6303 20068 141.662
71.7464 19448 139.456
71.8624 0 1
71.9784 0 1
72.0944 0 1
72.2102 0 1
72.3261 0 1
72.4418 0 1
72.5575 0 1
72.6732 0 1
75.1054 0 1
75.2209 0 1
75.3365 0 1
75.4521 0 1
75.5678 0 1
75.6835 0 1
75.7993 0 1
75.9151 0 1
76.031 0 1
76.147 22953 151.502
76.263 24317 155.939
76.3791 23645 153.769
76.4952 22263 149.208
76.6113 20677 143.795
76.7276 20256 142.324
76.8438 20578 143.45
76.9601 21528 146.724
77.0765 23103 151.997
77.1929 24556 156.704
77.3093 25528 159.775
77.4258 25652 160.162
77.5423 25712 160.35
77.6589 25586 159.956
77.7755 24542 156.659
77.8921 22971 151.562
78.0088 21379 146.216
78.1256 20421 142.902
78.2423 19916 141.124
78.3591 20540 143.318
78.4759 21864 147.865
78.5928 23609 153.652
78.7097 24493 156.502
78.8266 25925 161.012
78.9436 26849 163.857
79.0606 27083 164.569
79.1776 27057 164.49
79.2946 27369 165.436
79.4117 26965 164.21
79.5288 26833 163.808
79.6459 26670 163.31
79.7631 25248 158.896
79.8802 24187 155.522
79.9974 23052 151.829
80.1147 21575 146.884
80.2319 19837 140.844
80.3491 18863 137.343
80.4664 19282 138.86
80.5837 19715 140.41
80.701 20801 144.226
80.8183 22212 149.037
80.9357 22979 151.588
81.053 23519 153.359
81.1704 23267 152.535
81.2877 23339 152.771
81.4051 22578 150.26
81.5225 21551 146.803
81.6399 19774 140.62
81.7573 19132 138.318
81.8747 17985 134.108
81.9922 18122 134.618
82.1096 19549 139.818
82.227 21058 145.114
82.3444 22182 148.936
82.4619 23212 152.355
82.5793 24110 155.274
82.6967 23426 153.056
82.8142 24094 155.222
82.9316 23950 154.758
83.049 23800 154.272
83.1664 23466 153.186
83.2838 22626 150.419
83.4012 22064 148.54
83.5186 21182 145.54
83.636 19982 141.358
83.7534 18922 137.557
83.8708 17538 132.431
83.9881 16545 128.627
84.1055 16629 128.953
84.2228 17463 132.148
84.3401 18234 135.033
84.4575 19661 140.218
84.5747 20860 144.43
84.692 21412 146.328
84.8093 21677 147.231
84.9265 21331 146.051
85.0437 20716 143.931
85.1609 19249 138.741
85.2781 18137 134.674
85.3952 17486 132.235
85.5123 17179 131.069
85.6294 17970 134.052
85.7465 19970 141.315
85.8636 21469 146.523
85.9806 22795 150.98
86.0976 23912 154.635
86.2145 24902 157.804
86.3315 25269 158.962
86.4484 26205 161.88
86.5652 26329 162.262
86.682 26806 163.725
86.7988 26386 162.438
86.9156 25735 160.421
87.0323 24942 157.93
87.149 24232 155.666
87.2657 22931 151.43
87.3823 21861 147.855
87.4988 20284 142.422
87.6154 20110 141.81
87.7318 20692 143.847
87.8483 21884 147.932
87.9647 23612 153.662
88.081 25364 159.261
88.1973 26098 161.549
88.3136 26410 162.512
88.4298 26522 162.856
88.546 25703 160.322
88.6621 24763 157.363
88.7781 23024 151.737
88.8942 0 1
89.0101 0 1
89.126 0 1
89.2419 0 1
89.3577 0 1
89.4734 0 1
89.5891 0 1
89.7047 0 1
89.8203 0 1
89.9358 0 1
92.3269 0 1
92.4424 0 1
92.558 0 1
92.6736 0 1
92.7893 0 1
92.905 0 1
93.0208 0 1
93.1366 0 1
93.2525 0 1
93.3685 0 1
93.4845 0 1
93.6005 37456 193.536
93.7167 39577 198.94
93.8328 40170 200.425
93.949 41411 203.497
94.0653 40112 200.28
94.1816 39295 198.23
94.2979 38225 195.512
94.4143 37004 192.364
94.5307 37116 192.655
94.6472 37943 194.79
94.7637 40620 201.544
94.8803 44670 211.353
94.9969 47289 217.46
95.1135 49873 223.323
95.2302 52561 229.262
95.3469 53926 232.22
95.4637 55505 235.595
95.5805 57205 239.176
95.6973 57966 240.761
95.8142 58300 241.454
95.9311 58256 241.363
96.048 57519 239.831
96.1649 56562 237.828
96.2819 55169 234.881
96.3989 52323 228.742
96.516 49857 223.287
96.633 46161 214.851
96.7501 44970 212.061
96.8673 45339 212.93
96.9844 48675 220.624
97.1016 51805 227.607
97.2188 55872 236.373
97.336 57590 239.979
97.4532 57944 240.716
97.5704 57566 239.929
97.6877 55582 235.758
97.805 52832 229.852
97.9223 49143 221.682
98.0396 46231 215.014
98.1569 44242 210.338
98.2743 43262 207.995
98.3916 44875 211.837
98.509 48699 220.678
98.6264 51781 227.554
98.7438 53967 232.308
98.8612 55372 235.313
98.9786 57232 239.232
99.096 58488 241.843
99.2134 58848 242.586
99.3308 59268 243.45
99.4482 59353 243.625
99.5656 58201 241.249
99.6831 57364 239.508
99.8005 55437 235.451
99.9179 54427 233.296
100.035 51957 227.941
100.153 48275 219.716
100.27 45072 212.302
100.388 44595 211.175
100.505 46512 215.666
100.622 49445 222.362
100.74 53102 230.439
100.857 54776 234.043
100.975 55393 235.357
101.092 55075 234.681
101.209 54121 232.639
101.327 52295 228.681
101.444 48476 220.173
101.561 44759 211.563
101.679 41833 204.531
101.796 39554 198.882
101.913 39657 199.141
102.03 41479 203.664
102.148 44471 210.881
102.265 49484 222.45
102.382 44736 211.509
102.499 48572 220.391
102.616 48309 219.793
102.733 48331 219.843
102.851 47754 218.527
102.968 46733 216.178
103.085 45328 212.904
103.202 43360 208.231
103.319 41320 203.273
103.436 39314 198.278
103.552 37416 193.432
103.669 34323 185.265
103.786 31554 177.634
103.903 29640 172.163
104.02 29826 172.702
104.137 30495 174.628
104.253 32736 180.931
104.37 32254 179.594
104.487 33466 182.937
104.603 32994 181.643
104.72 31866 178.511
104.836 30852 175.647
104.953 28889 169.968
105.069 26631 163.19
105.186 25417 159.427
105.302 24654 157.016
105.418 25012 158.152
105.535 26209 161.892
105.651 28800 169.706
105.767 30474 174.568
105.883 32082 179.114
105.999 32587 180.519
106.115 0 1
106.231 0 1
106.347 0 1
106.463 0 1
106.579 0 1
106.694 0 1
106.81 0 1
106.926 0 1
107.041 0 1
107.157 0 1
109.576 0 1
109.692 0 1
109.807 0 1
109.923 0 1
110.039 0 1
110.155 0 1
110.27 0 1
110.386 0 1
110.502 0 1
110.618 25295 159.044
110.735 27905 167.048
110.851 29087 170.549
110.967 30492 174.62
111.083 31529 177.564
111.199 31942 178.723
111.316 32421 180.058
111.432 32779 181.05
111.549 32592 180.533
111.665 31867 178.513
111.782 30717 175.263
111.898 29924 172.986
112.015 29056 170.458
112.132 27732 166.529
112.248 25677 160.24
112.365 24185 155.515
112.482 24160 155.435
112.599 24242 155.698
112.716 25812 160.661
112.832 27405 165.545
112.949 28355 168.389
113.066 28448 168.665
113.183 28164 167.821
113.3 27815 166.778
113.417 27121 164.685
113.534 25606 160.019
113.652 24378 156.135
113.769 23343 152.784
113.886 23345 152.791
114.003 23250 152.48
114.12 25160 158.619
114.238 27304 165.239
114.355 28831 169.797
114.472 31451 177.344
114.589 29184 170.833
114.707 31150 176.494
114.824 31534 177.578
114.942 31920 178.662
115.059 31964 178.785
115.176 31712 178.079
115.294 31181 176.581
115.411 30378 174.293
115.529 29548 171.895
115.646 28334 168.327
115.764 27074 164.542
115.881 25440 159.499
115.999 24244 155.705
116.116 24773 157.394
116.234 25674 160.231
116.351 27248 165.07
116.469 28457 168.692
116.586 29126 170.663
116.704 29012 170.329
116.821 28746 169.546
116.939 28224 168
117.056 27144 164.754
117.174 25839 160.745
117.291 24886 157.753
117.409 24221 155.631
117.526 24068 155.139
117.644 25024 158.19
117.761 27014 164.359
117.879 28810 169.735
117.996 29542 171.878
118.114 30753 175.365
118.231 31542 177.601
118.349 31999 178.883
118.466 32577 180.491
118.584 33056 181.813
118.701 32811 181.138
118.819 32221 179.502
118.936 31441 177.316
119.053 30674 175.14
119.171 29854 172.783
119.288 28533 168.917
119.405 27303 165.236
119.523 25393 159.352
119.64 24772 157.391
119.757 25436 159.487
119.875 26049 161.397
119.992 27105 164.636
120.109 28448 168.665
120.226 28598 169.109
120.343 28514 168.861
120.46 28629 169.201
120.578 28410 168.553
120.695 27436 165.638
120.812 26416 162.53
120.929 25328 159.148
121.046 24841 157.61
121.163 24600 156.844
121.279 25020 158.177
121.396 26178 161.796
121.513 28262 168.113
121.63 29573 171.968
121.747 30917 175.832
121.863 31115 176.394
121.98 31683 177.997
122.097 32534 180.372
122.213 32142 179.282
122.33 32331 179.808
122.446 31924 178.673
122.563 31618 177.815
122.679 30770 175.414
122.795 30361 174.244
122.912 29269 171.082
123.028 28070 167.541
123.144 26806 163.725
123.26 25028 158.202
123.377 0 1
123.493 0 1
123.609 0 1
123.725 0 1
123.84 0 1
123.956 0 1
124.072 0 1
124.188 0 1
124.303 0 1
124.419 0 1
126.852 0 1
126.968 0 1
127.083 0 1
127.199 0 1
127.315 0 1
127.431 0 1
127.547 0 1
127.663 0 1
127.779 0 1
127.895 0 1
128.011 0 1
128.127 0 1
128.243 0 1
128.359 29795 172.612
128.476 28426 168.6
128.592 27612 166.169
128.708 27739 166.55
128.825 28817 169.756
128.941 30611 174.96
129.058 31667 177.952
129.174 32074 179.092
129.291 32063 179.061
129.408 31978 178.824
129.524 31247 176.768
129.641 30390 174.327
129.758 29204 170.892
129.875 28254 168.089
129.992 27530 165.922
130.108 27340 165.348
130.225 27381 165.472
130.342 28628 169.198
130.459 30040 173.321
130.576 32419 180.053
130.693 32297 179.714
130.81 32861 181.276
130.928 33695 183.562
131.045 33551 183.169
131.162 34373 185.4
131.279 34069 184.578
131.396 34197 184.924
131.513 33690 183.548
131.631 33007 181.678
131.748 32238 179.549
131.865 31230 176.72
131.983 29472 171.674
132.1 28371 168.437
132.217 28090 167.601
132.335 28654 169.275
132.452 29952 173.066
132.57 31240 176.748
132.687 31023 176.133
132.804 32779 181.05
132.922 31606 177.781
133.039 31463 177.378
133.157 31227 176.712
133.274 29681 172.282
133.392 28917 170.05
133.509 27905 167.048
133.627 27455 165.696
133.744 27588 166.096
133.862 28146 167.768
133.979 29535 171.857
134.097 31100 176.352
134.214 32095 179.151
134.332 32396 179.989
134.449 32963 181.557
134.567 33140 182.044
134.684 33712 183.608
134.802 33735 183.671
134.919 33682 183.527
135.037 33976 184.326
135.154 32846 181.235
135.272 32138 179.271
135.389 31642 177.882
135.507 30352 174.218
135.624 29052 170.446
135.742 28004 167.344
135.859 28206 167.946
135.977 29119 170.643
136.094 30567 174.834
136.211 31686 178.006
136.329 31777 178.261
136.446 31667 177.952
136.564 31769 178.239
136.681 31648 177.899
136.798 31085 176.309
136.915 29706 172.354
137.033 28675 169.337
137.15 28204 167.94
137.267 27238 165.039
137.384 27092 164.596
137.502 27915 167.078
137.619 29411 171.496
137.736 30870 175.699
137.853 30890 175.756
137.97 32312 179.755
138.087 31984 178.841
138.204 33320 182.538
138.321 33454 182.904
138.438 33584 183.259
138.555 34309 185.227
138.672 33904 184.13
138.788 33763 183.747
138.905 33041 181.772
139.022 32396 179.989
139.139 31250 176.777
139.255 29695 172.322
139.372 28980 170.235
139.488 28686 169.369
139.605 29876 172.847
139.721 30809 175.525
139.838 32099 179.162
139.954 32433 180.092
140.071 32137 179.268
140.187 32064 179.064
140.303 31867 178.513
140.419 30555 174.8
140.535 29704 172.348
140.652 28225 168.003
140.768 0 1
140.884 0 1
141 0 1
141.115 0 1
141.231 0 1
141.347 0 1
141.463 0 1
141.578 0 1
141.694 0 1
144.104 0 1
144.219 0 1
144.335 0 1
144.45 0 1
144.566 0 1
144.682 0 1
144.798 0 1
144.914 0 1
145.03 0 1
145.146 29448 171.604
145.262 29506 171.773
145.378 29163 170.772
145.494 28542 168.944
145.61 27822 166.799
145.726 26708 163.426
145.842 26225 161.941
145.959 26046 161.388
146.075 25888 160.897
146.192 26973 164.235
146.308 28316 168.274
146.425 28773 169.626
146.541 29104 170.599
146.658 29597 172.038
146.774 30465 174.542
146.891 30488 174.608
147.008 30880 175.727
147.125 31571 177.682
147.241 31309 176.943
147.358 31282 176.867
147.475 30721 175.274
147.592 30295 174.055
147.709 29157 170.754
147.826 28607 169.136
147.943 27464 165.723
148.06 26653 163.257
148.177 27349 165.375
148.294 28572 169.033
148.411 29532 171.849
148.528 30241 173.899
148.645 30147 173.629
148.762 29678 172.273
148.88 30086 173.453
148.997 29146 170.722
149.114 29740 172.453
149.231 28445 168.656
149.349 27676 166.361
149.466 26121 161.62
149.583 25984 161.196
149.701 25801 160.627
149.818 26855 163.875
149.935 27629 166.22
150.053 28198 167.923
150.17 29354 171.33
150.287 29641 172.166
150.405 30385 174.313
150.522 30867 175.69
150.64 31116 176.397
150.757 31653 177.913
150.875 31910 178.634
150.992 31478 177.42
151.11 30951 175.929
151.227 30559 174.811
151.344 29775 172.554
151.462 28630 169.204
151.579 27837 166.844
151.697 27059 164.496
151.814 27694 166.415
151.932 28592 169.092
152.049 29673 172.259
152.167 30559 174.811
152.284 30670 175.129
152.402 30379 174.296
152.519 30597 174.92
152.636 29915 172.96
152.754 29400 171.464
152.871 28358 168.398
152.989 27603 166.142
153.106 26926 164.091
153.223 26372 162.395
153.341 26635 163.202
153.458 27141 164.745
153.575 27741 166.556
153.693 28661 169.296
153.81 29618 172.099
153.927 29789 172.595
154.044 31014 176.108
154.162 31282 176.867
154.279 32019 178.939
154.396 32047 179.017
154.513 32535 180.375
154.63 32119 179.218
154.747 32382 179.95
154.864 31308 176.941
154.981 31238 176.743
155.098 29911 172.948
155.215 28600 169.115
155.332 28383 168.473
155.449 28671 169.325
155.566 29762 172.517
155.683 30890 175.756
155.8 31325 176.989
155.917 31351 177.062
156.033 31009 176.094
156.15 0 1
156.267 0 1
156.383 0 1
156.5 0 1
156.617 0 1
156.733 0 1
156.85 0 1
156.966 0 1
157.082 0 1
157.199 0 1
157.315 0 1
157.431 0 1
157.547 0 1
157.664 0 1
157.78 0 1
157.896 0 1
158.012 0 1
158.128 0 1
158.244 0 1
158.359 0 1
158.475 0 1
158.591 0 1
158.706 0 1
