
6.15755 0 1
6.2731 0 1
6.3887 0 1
6.50437 0 1
6.62009 0 1
6.73587 0 1
6.8517 0 1
6.96759 0 1
7.08353 0 1
7.19952 0 1
7.31557 0 1
7.43166 0 1
7.54781 0 1
7.664 0 1
7.78024 0 1
7.89653 0 1
8.01286 0 1
8.12924 0 1
8.24567 0 1
8.36213 0 1
8.47864 0 1
8.59519 0 1
8.71178 0 1
8.82841 0 1
8.94508 0 1
9.06179 0 1
9.17853 0 1
9.29531 0 1
9.41212 0 1
9.52897 0 1
9.64584 0 1
9.76276 0 1
9.8797 0 1
9.99667 0 1
10.1137 0 1
10.2307 0 1
10.3478 0 1
10.4648 0 1
10.5819 0 1
10.6991 0 1
10.8162 0 1
10.9334 0 1
11.0506 0 1
11.1678 0 1
11.285 0 1
11.4023 0 1
11.5196 0 1
11.6369 0 1
11.7542 0 1
11.8715 0 1
11.9888 0 1
12.1062 0 1
12.2235 0 1
12.3409 0 1
12.4582 0 1
12.5756 0 1
12.693 0 1
12.8104 0 1
12.9278 0 1
13.0452 0 1
13.1626 0 1
13.28 0 1
13.3974 0 1
13.5149 0 1
13.6323 0 1
13.7497 0 1
13.8671 0 1
13.9845 0 1
14.1019 0 1
14.2193 0 1
14.3367 0 1
14.4541 0 1
14.5714 0 1
14.6888 0 1
14.8062 0 1
14.9235 0 1
15.0408 0 0
15.1581 0 0
15.2755 0 0
15.3927 0 0
15.51 0 0
15.6273 0 0
15.7445 0 0
15.8617 0 0
15.9789 0 0
16.0961 0 0
16.2132 0 0
16.3304 0 0
16.4475 0 0
16.5646 0 0
16.6816 0 0
16.7986 0 0
16.9156 0 0
17.0326 0 0
17.1496 0 0
17.2665 0 0
17.3833 0 0
17.5002 0 0
17.617 0 0
17.7338 0 0
17.8505 0 0
17.9672 0 0
18.0839 0 0
18.2005 0 0
18.3171 0 0
18.4337 0 0
18.5502 0 0
18.6666 0 0
18.7831 0 0
18.8994 0 0
19.0158 0 0
19.1321 0 0
19.2483 0 0
19.3645 0 0
19.4806 0 0
19.5967 0 0
19.7128 0 0
19.8288 0 0
19.9447 0 0
20.0606 0 1
20.1764 0 1
20.2922 0 1
20.4079 0 1
20.5236 0 1
20.6392 0 1
20.7548 0 1
20.8702 0 1
23.3078 0 1
23.4233 0 1
23.539 0 1
23.6547 0 1
23.7704 0 1
23.8862 0 1
24.0021 0 1
24.118 0 1
24.234 0 1
24.35 0 1
24.4661 1570 39.6232
24.5822 1601 40.0125
24.6984 1541 39.2556
24.8146 1513 38.8973
24.9309 1420 37.6829
25.0472 1530 39.1152
25.1636 1502 38.7556
25.28 1568 39.598
25.3965 1560 39.4968
25.513 1629 40.3609
25.6296 1804 42.4735
25.7462 1783 42.2256
25.8628 1722 41.497
25.9795 1719 41.4608
26.0962 1765 42.0119
26.213 1775 42.1307
26.3298 1801 42.4382
26.4466 1658 40.7185
26.5635 1610 40.1248
26.6804 1547 39.3319
26.7973 1594 39.9249
26.9143 1623 40.2865
27.0313 1628 40.3485
27.1483 1643 40.5339
27.2653 1764 42
27.3824 1814 42.5911
27.4996 1738 41.6893
27.6167 1751 41.845
27.7339 1802 42.45
27.8511 1619 40.2368
27.9683 1691 41.1218
28.0855 1629 40.3609
28.2028 1565 39.5601
28.3201 1543 39.281
28.4374 1482 38.4968
28.5547 1516 38.9358
28.6721 1459 38.1969
28.7894 1527 39.0768
28.9068 1531 39.128
29.0242 1592 39.8999
29.1416 1672 40.8901
29.259 1619 40.2368
29.3764 1678 40.9634
29.4939 1727 41.5572
29.6113 1714 41.4005
29.7288 1733 41.6293
29.8463 1631 40.3856
29.9638 1487 38.5616
30.0812 1515 38.923
30.1987 1554 39.4208
30.3162 1552 39.3954
30.4337 1574 39.6737
30.5512 1530 39.1152
30.6687 1706 41.3038
30.7862 1699 41.2189
30.9037 1656 40.694
31.0212 1690 41.1096
31.1387 1760 41.9524
31.2562 1711 41.3642
31.3737 1610 40.1248
31.4912 1705 41.2916
31.6087 1577 39.7115
31.7262 1603 40.0375
31.8436 1514 38.9102
31.9611 1510 38.8587
32.0785 1403 37.4566
32.1959 1454 38.1314
32.3134 1542 39.2683
32.4308 1559 39.4842
32.5482 1585 39.8121
32.6655 1635 40.4351
32.7829 1691 41.1218
32.9002 1662 40.7676
33.0176 1748 41.8091
33.1349 1688 41.0853
33.2522 1688 41.0853
33.3694 1691 41.1218
33.4867 1683 41.0244
33.6039 1602 40.025
33.7211 1566 39.5727
33.8383 1562 39.5221
33.9554 1483 38.5097
34.0725 1553 39.4081
34.1896 1587 39.8372
34.3067 1586 39.8246
34.4237 1696 41.1825
34.5407 1684 41.0366
34.6577 1763 41.9881
34.7746 1732 41.6173
34.8915 1703 41.2674
35.0084 1667 40.8289
35.1252 1675 40.9268
35.242 1621 40.2616
35.3587 1625 40.3113
35.4755 1578 39.724
35.5921 1551 39.3827
35.7088 1473 38.3797
35.8254 1338 36.5787
35.9419 1434 37.8682
36.0584 1468 38.3145
36.1749 1536 39.1918
36.2913 1544 39.2938
36.4077 1618 40.2244
36.524 1669 40.8534
36.6403 1649 40.6079
36.7565 1729 41.5812
36.8727 1700 41.2311
36.9889 1704 41.2795
37.1049 1674 40.9145
37.221 0 1
37.3369 0 1
37.4529 0 1
37.5687 0 1
37.6845 0 1
37.8003 0 1
37.916 0 1
38.0316 0 1
38.1472 0 1
40.5851 0 1
40.7008 0 1
40.8164 0 1
40.9322 0 1
41.048 0 1
41.1639 0 1
41.2798 0 1
41.3958 0 1
41.5118 0 1
41.6279 0 1
41.744 1396 37.3631
41.8602 1502 38.7556
41.9765 1438 37.921
42.0928 1430 37.8153
42.2091 1406 37.4967
42.3255 1550 39.37
42.4419 1356 36.8239
42.5584 1371 37.027
42.675 1268 35.609
42.7915 1289 35.9026
42.9081 1387 37.2424
43.0248 1449 38.0657
43.1415 1410 37.55
43.2582 1485 38.5357
43.375 1463 38.2492
43.4918 1422 37.7094
43.6087 1359 36.8646
43.7256 1404 37.47
43.8425 1455 38.1445
43.9595 1366 36.9594
44.0765 1337 36.565
44.1935 1275 35.7071
44.3106 1257 35.4542
44.4277 1152 33.9411
44.5448 1115 33.3916
44.6619 1078 32.8329
44.7791 1041 32.2645
44.8963 1154 33.9706
45.0136 1148 33.8821
45.1308 1249 35.3412
45.2481 1221 34.9428
45.3654 1190 34.4964
45.4827 1310 36.1939
45.6001 1225 35
45.7174 1202 34.6699
45.8348 1227 35.0286
45.9522 1197 34.5977
46.0697 1089 33
46.1871 1092 33.0454
46.3046 1028 32.0624
46.422 1014 31.8434
46.5395 1122 33.4963
46.657 1076 32.8024
46.7745 1177 34.3074
46.892 1129 33.6006
47.0096 1177 34.3074
47.1271 1198 34.6121
47.2446 1180 34.3511
47.3622 1103 33.2114
47.4797 1150 33.9116
47.5973 1114 33.3766
47.7149 1073 32.7567
47.8324 1017 31.8904
47.95 914 30.2324
48.0675 906 30.0998
48.1851 863 29.3769
48.3027 814 28.5307
48.4202 928 30.4631
48.5378 943 30.7083
48.6554 984 31.3688
48.7729 990 31.4643
48.8904 1030 32.0936
49.008 1004 31.686
49.1255 1060 32.5576
49.243 1088 32.9848
49.3605 1043 32.2955
49.478 977 31.257
49.5955 988 31.4325
49.713 952 30.8545
49.8304 870 29.4958
49.9479 950 30.8221
50.0653 995 31.5436
50.1827 1116 33.4066
50.3001 1179 34.3366
50.4175 1160 34.0588
50.5348 1238 35.1852
50.6521 1281 35.7911
50.7694 1272 35.6651
50.8867 1259 35.4824
51.004 1268 35.609
51.1212 1293 35.9583
51.2384 1258 35.4683
51.3556 1261 35.5106
51.4727 1174 34.2637
51.5899 1195 34.5688
51.707 1121 33.4813
51.824 1149 33.8969
51.9411 1239 35.1994
52.0581 1297 36.0139
52.175 1431 37.8286
52.2919 1433 37.855
52.4088 1493 38.6394
52.5257 1479 38.4578
52.6425 1523 39.0256
52.7593 1524 39.0384
52.876 1616 40.1995
52.9927 1513 38.8973
53.1094 1548 39.3446
53.226 1476 38.4187
53.3426 1464 38.2623
53.4591 1481 38.4838
53.5756 1518 38.9615
53.692 1554 39.4208
53.8084 1718 41.4488
53.9248 1704 41.2795
54.0411 1738 41.6893
54.1573 1749 41.821
54.2735 0 1
54.3896 0 1
54.5057 0 1
54.6217 0 1
54.7377 0 1
54.8537 0 1
54.9695 0 1
55.0853 0 1
55.2011 0 1
55.3168 0 1
55.4324 0 1
57.824 0 1
57.9396 0 1
58.0553 0 1
58.1711 0 1
58.2869 0 1
58.4028 0 1
58.5187 0 1
58.6347 0 1
58.7508 0 1
58.8669 0 1
58.983 2071 45.5082
59.0992 2202 46.9255
59.2155 2165 46.5296
59.3318 2249 47.4236
59.4482 2274 47.6865
59.5646 2226 47.1805
59.681 2153 46.4004
59.7975 2179 46.6798
59.9141 2196 46.8615
60.0306 2009 44.8219
60.1473 1815 42.6028
60.2639 1824 42.7083
60.3807 1629 40.3609
60.4974 1569 39.6106
60.6142 1730 41.5933
60.731 1827 42.7434
60.8479 1974 44.4297
60.9648 1942 44.0681
61.0818 2115 45.9891
61.1987 2118 46.0217
61.3158 2134 46.1952
61.4328 2076 45.5631
61.5499 2049 45.2659
61.667 1993 44.643
61.7841 1891 43.4856
61.9013 1893 43.5086
62.0185 1918 43.795
62.1357 1845 42.9535
62.253 2023 44.9778
62.3702 2074 45.5412
62.4875 2046 45.2327
62.6049 2151 46.3789
62.7222 2185 46.744
62.8396 2152 46.3897
62.9569 2111 45.9456
63.0743 2236 47.2864
63.1918 2224 47.1593
63.3092 2112 45.9565
63.4267 2075 45.5522
63.5441 1987 44.5758
63.6616 1863 43.1625
63.7791 1734 41.6413
63.8966 1539 39.2301
64.0142 1574 39.6737
64.1317 1679 40.9756
64.2492 1742 41.7373
64.3668 1865 43.1856
64.4843 2081 45.618
64.6019 1996 44.6766
64.7195 2138 46.2385
64.837 2112 45.9565
64.9546 2129 46.1411
65.0722 2058 45.3652
65.1898 2051 45.288
65.3074 1998 44.699
65.4249 1861 43.1393
65.5425 1827 42.7434
65.6601 1860 43.1277
65.7777 1914 43.7493
65.8952 2014 44.8776
66.0128 2081 45.618
66.1304 2192 46.8188
66.2479 2209 47
66.3655 2231 47.2335
66.483 2288 47.833
66.6005 2306 48.0208
66.718 2221 47.1275
66.8355 2158 46.4543
66.953 2200 46.9042
67.0705 2146 46.3249
67.1879 1943 44.0795
67.3054 1921 43.8292
67.4228 1637 40.4599
67.5402 1563 39.5348
67.6576 1599 39.9875
67.7749 1648 40.5956
67.8923 1852 43.0349
68.0096 1984 44.5421
68.1269 2125 46.0977
68.2442 2283 47.7807
68.3614 2305 48.0104
68.4787 2293 47.8853
68.5958 2391 48.8979
68.713 2215 47.0638
68.8302 2254 47.4763
68.9473 2227 47.1911
69.0643 2058 45.3652
69.1814 2029 45.0444
69.2984 2031 45.0666
69.4154 2170 46.5833
69.5323 2228 47.2017
69.6492 2391 48.8979
69.7661 2447 49.4672
69.8829 2531 50.309
69.9997 2534 50.3389
70.1165 2509 50.0899
70.2332 2627 51.2543
70.3499 2616 51.1468
70.4665 2635 51.3323
70.5831 2457 49.5681
70.6996 2426 49.2544
70.8161 2244 47.3709
70.9326 2085 45.6618
71.049 1956 44.2267
71.1653 1683 41.0244
71.2817 1698 41.2068
71.3979 1753 41.8688
71.5141 1883 43.3935
71.6303 1934 43.9773
71.7464 1960 44.2719
71.8624 0 1
71.9784 0 1
72.0944 0 1
72.2102 0 1
72.3261 0 1
72.4418 0 1
72.5575 0 1
72.6732 0 1
75.1054 0 1
75.2209 0 1
75.3365 0 1
75.4521 0 1
75.5678 0 1
75.6835 0 1
75.7993 0 1
75.9151 0 1
76.031 0 1
76.147 2349 48.4665
76.263 2379 48.775
76.3791 2222 47.1381
76.4952 1978 44.4747
76.6113 1859 43.1161
76.7276 1962 44.2945
76.8438 2111 45.9456
76.9601 2300 47.9583
77.0765 2542 50.4183
77.1929 2852 53.4041
77.3093 2893 53.7866
77.4258 2922 54.0555
77.5423 2932 54.1479
77.6589 2914 53.9815
77.7755 2874 53.6097
77.8921 2819 53.0943
78.0088 2798 52.8961
78.1256 2532 50.319
78.2423 2584 50.8331
78.3591 2631 51.2933
78.4759 2567 50.6656
78.5928 2735 52.2972
78.7097 2781 52.7352
78.8266 2956 54.3691
78.9436 2895 53.8052
79.0606 2959 54.3967
79.1776 3017 54.9272
79.2946 3069 55.3986
79.4117 3070 55.4076
79.5288 3045 55.1815
79.6459 2977 54.5619
79.7631 2807 52.9811
79.8802 2695 51.9134
79.9974 2459 49.5883
80.1147 2240 47.3286
80.2319 2046 45.2327
80.3491 2118 46.0217
80.4664 2343 48.4045
80.5837 2638 51.3615
80.701 2801 52.9245
80.8183 2950 54.3139
80.9357 3003 54.7996
81.053 3132 55.9643
81.1704 3053 55.254
81.2877 3095 55.6327
81.4051 3253 57.0351
81.5225 3128 55.9285
81.6399 2960 54.4059
81.7573 2801 52.9245
81.8747 2686 51.8266
81.9922 2760 52.5357
82.1096 2763 52.5642
82.227 2813 53.0377
82.3444 2938 54.2033
82.4619 3116 55.8211
82.5793 3201 56.5774
82.6967 3334 57.7408
82.8142 3132 55.9643
82.9316 3231 56.8419
83.049 3309 57.5239
83.1664 3113 55.7943
83.2838 3075 55.4527
83.4012 3007 54.8361
83.5186 2783 52.7541
83.636 2565 50.6458
83.7534 2305 48.0104
83.8708 2124 46.0869
83.9881 2064 45.4313
84.1055 2318 48.1456
84.2228 2550 50.4975
84.3401 2831 53.2071
84.4575 3100 55.6776
84.5747 3255 57.0526
84.692 3439 58.643
84.8093 3375 58.0948
84.9265 3314 57.5674
85.0437 3340 57.7927
85.1609 3217 56.7186
85.2781 3102 55.6956
85.3952 3133 55.9732
85.5123 2909 53.9351
85.6294 2961 54.4151
85.7465 3200 56.5685
85.8636 3250 57.0088
85.9806 3444 58.6856
86.0976 3690 60.7454
86.2145 3744 61.1882
86.3315 3672 60.597
86.4484 3863 62.153
86.5652 3907 62.506
86.682 3987 63.1427
86.7988 3883 62.3137
86.9156 3839 61.9597
87.0323 3644 60.3656
87.149 3597 59.975
87.2657 3194 56.5155
87.3823 2976 54.5527
87.4988 2769 52.6213
87.6154 3045 55.1815
87.7318 3304 57.4804
87.8483 3722 61.0082
87.9647 4113 64.1327
88.081 4264 65.2993
88.1973 4366 66.0757
88.3136 4423 66.5056
88.4298 4436 66.6033
88.546 4366 66.0757
88.6621 4409 66.4003
88.7781 4193 64.7534
88.8942 0 1
89.0101 0 1
89.126 0 1
89.2419 0 1
89.3577 0 1
89.4734 0 1
89.5891 0 1
89.7047 0 1
89.8203 0 1
89.9358 0 1
92.3269 0 1
92.4424 0 1
92.558 0 1
92.6736 0 1
92.7893 0 1
92.905 0 1
93.0208 0 1
93.1366 0 1
93.2525 0 1
93.3685 0 1
93.4845 0 1
93.6005 4660 68.2642
93.7167 4932 70.2282
93.8328 4965 70.4628
93.949 4892 69.9428
94.0653 4892 69.9428
94.1816 4863 69.7352
94.2979 4823 69.4478
94.4143 4453 66.7308
94.5307 4613 67.9191
94.6472 4455 66.7458
94.7637 4464 66.8132
94.8803 4544 67.4092
94.9969 4805 69.3181
95.1135 4921 70.1498
95.2302 5126 71.5961
95.3469 5143 71.7147
95.4637 5235 72.3533
95.5805 5426 73.6614
95.6973 5431 73.6953
95.8142 5398 73.4711
95.9311 5296 72.7736
96.048 5207 72.1595
96.1649 5045 71.0282
96.2819 4832 69.5126
96.3989 4708 68.6149
96.516 4338 65.8635
96.633 3883 62.3137
96.7501 3672 60.597
96.8673 4132 64.2806
96.9844 4436 66.6033
97.1016 4877 69.8355
97.2188 5301 72.808
97.336 5673 75.3193
97.4532 5762 75.9078
97.5704 5684 75.3923
97.6877 5747 75.809
97.805 5625 75
97.9223 5445 73.7902
98.0396 5372 73.2939
98.1569 5269 72.5879
98.2743 5117 71.5332
98.3916 5127 71.6031
98.509 5094 71.3723
98.6264 5238 72.374
98.7438 5396 73.4575
98.8612 5643 75.1199
98.9786 5773 75.9803
99.096 5864 76.5768
99.2134 6189 78.6702
99.3308 6099 78.0961
99.4482 6149 78.4156
99.5656 6207 78.7845
99.6831 5992 77.408
99.8005 5763 75.9144
99.9179 5529 74.3572
100.035 5241 72.3948
100.153 4662 68.2788
100.27 4235 65.0769
100.388 4412 66.4229
100.505 4874 69.814
100.622 5421 73.6274
100.74 5998 77.4468
100.857 6149 78.4156
100.975 6358 79.7371
101.092 6421 80.1311
101.209 6350 79.6869
101.327 6374 79.8373
101.444 6163 78.5048
101.561 6250 79.0569
101.679 6155 78.4538
101.796 5734 75.7232
101.913 5807 76.2037
102.03 5582 74.7128
102.148 5710 75.5645
102.265 6446 80.287
102.382 5954 77.1622
102.499 6577 81.0987
102.616 6548 80.9197
102.733 6839 82.6982
102.851 6935 83.2766
102.968 6912 83.1384
103.085 6872 82.8975
103.202 6825 82.6136
103.319 6635 81.4555
103.436 6113 78.1857
103.552 5942 77.0844
103.669 5281 72.6705
103.786 4872 69.7997
103.903 4757 68.971
104.02 5404 73.5119
104.137 6018 77.5758
104.253 6653 81.5659
104.37 6863 82.8432
104.487 7021 83.7914
104.603 7197 84.8351
104.72 7259 85.1998
104.836 7041 83.9107
104.953 7119 84.3742
105.069 6840 82.7043
105.186 6726 82.0122
105.302 6557 80.9753
105.418 6478 80.486
105.535 6479 80.4922
105.651 6490 80.5605
105.767 6755 82.1888
105.883 7065 84.0536
105.999 7246 85.1234
106.115 0 1
106.231 0 1
106.347 0 1
106.463 0 1
106.579 0 1
106.694 0 1
106.81 0 1
106.926 0 1
107.041 0 1
107.157 0 1
109.576 0 1
109.692 0 1
109.807 0 1
109.923 0 1
110.039 0 1
110.155 0 1
110.27 0 1
110.386 0 1
110.502 0 1
110.618 6102 78.1153
110.735 6269 79.177
110.851 6457 80.3555
110.967 6636 81.4616
111.083 6636 81.4616
111.199 6763 82.2375
111.316 6804 82.4864
111.432 6905 83.0963
111.549 6721 81.9817
111.665 6645 81.5169
111.782 6399 79.9937
111.898 6109 78.1601
112.015 5742 75.776
112.132 5110 71.4843
112.248 4735 68.8113
112.365 4507 67.1342
112.482 4883 69.8785
112.599 5130 71.624
112.716 5770 75.9605
112.832 6145 78.3901
112.949 6191 78.6829
113.066 6195 78.7083
113.183 6207 78.7845
113.3 6131 78.3007
113.417 5884 76.7072
113.534 5967 77.2464
113.652 5649 75.1598
113.769 5531 74.3707
113.886 5319 72.9315
114.003 5190 72.0417
114.12 5192 72.0555
114.238 5389 73.4098
114.355 5351 73.1505
114.472 5597 74.8131
114.589 5606 74.8732
114.707 5706 75.5381
114.824 5616 74.94
114.942 5740 75.7628
115.059 5744 75.7892
115.176 5688 75.4188
115.294 5767 75.9408
115.411 5383 73.3689
115.529 5240 72.3878
115.646 4876 69.8284
115.764 4544 67.4092
115.881 4088 63.9375
115.999 4049 63.6318
116.116 4681 68.4178
116.234 5048 71.0493
116.351 5329 73
116.469 5619 74.96
116.586 5688 75.4188
116.704 5701 75.505
116.821 5702 75.5116
116.939 5682 75.379
117.056 5566 74.6056
117.174 5527 74.3438
117.291 5117 71.5332
117.409 5101 71.4213
117.526 4992 70.6541
117.644 5115 71.5192
117.761 4992 70.6541
117.879 5239 72.3809
117.996 5279 72.6567
118.114 5346 73.1163
118.231 5578 74.686
118.349 5317 72.9178
118.466 5605 74.8665
118.584 5704 75.5248
118.701 5628 75.02
118.819 5558 74.552
118.936 5426 73.6614
119.053 5307 72.8492
119.171 5282 72.6774
119.288 4733 68.7968
119.405 4263 65.2917
119.523 3918 62.5939
119.64 4140 64.3428
119.757 4191 64.7379
119.875 4801 69.2892
119.992 5031 70.9295
120.109 5273 72.6154
120.226 5477 74.0068
120.343 5393 73.437
120.46 5461 73.8986
120.578 5275 72.6292
120.695 5381 73.3553
120.812 5273 72.6154
120.929 5239 72.3809
121.046 5071 71.211
121.163 4849 69.6348
121.279 4892 69.9428
121.396 4806 69.3253
121.513 4943 70.3065
121.63 5011 70.7884
121.747 5038 70.9789
121.863 4946 70.3278
121.98 5121 71.5612
122.097 5210 72.1803
122.213 5223 72.2703
122.33 5146 71.7356
122.446 5144 71.7217
122.563 5238 72.374
122.679 5106 71.4563
122.795 4915 70.1071
122.912 4717 68.6804
123.028 4468 66.8431
123.144 4131 64.2729
123.26 3717 60.9672
123.377 0 1
123.493 0 1
123.609 0 1
123.725 0 1
123.84 0 1
123.956 0 1
124.072 0 1
124.188 0 1
124.303 0 1
124.419 0 1
126.852 0 1
126.968 0 1
127.083 0 1
127.199 0 1
127.315 0 1
127.431 0 1
127.547 0 1
127.663 0 1
127.779 0 1
127.895 0 1
128.011 0 1
128.127 0 1
128.243 0 1
128.359 4419 66.4756
128.476 4021 63.4114
128.592 4012 63.3404
128.708 4421 66.4906
128.825 4916 70.1142
128.941 5355 73.1779
129.058 5694 75.4586
129.174 5516 74.2698
129.291 5559 74.5587
129.408 5645 75.1332
129.524 5593 74.7864
129.641 5504 74.1889
129.758 5473 73.9797
129.875 5322 72.952
129.992 5129 71.617
130.108 5126 71.5961
130.225 4991 70.647
130.342 5067 71.1829
130.459 4978 70.5549
130.576 5275 72.6292
130.693 5243 72.4086
130.81 5181 71.9792
130.928 5325 72.9726
131.045 5308 72.856
131.162 5387 73.3962
131.279 5392 73.4302
131.396 5418 73.6071
131.513 5265 72.5603
131.631 5078 71.2601
131.748 4954 70.3847
131.865 4456 66.7533
131.983 4058 63.7024
132.1 4058 63.7024
132.217 4104 64.0625
132.335 4546 67.424
132.452 4783 69.1592
132.57 5162 71.8471
132.687 5136 71.6659
132.804 5481 74.0338
132.922 5342 73.089
133.039 5304 72.8286
133.157 5104 71.4423
133.274 5212 72.1942
133.392 5003 70.7319
133.509 4942 70.2994
133.627 4946 70.3278
133.744 4772 69.0797
133.862 4672 68.352
133.979 4710 68.6294
134.097 4935 70.2496
134.214 5025 70.8872
134.332 4756 68.9638
134.449 4951 70.3633
134.567 5012 70.7955
134.684 5072 71.218
134.802 5144 71.7217
134.919 5024 70.8802
135.037 5107 71.4633
135.154 4936 70.2567
135.272 4773 69.0869
135.389 4514 67.1863
135.507 4204 64.8383
135.624 3870 62.2093
135.742 3695 60.7865
135.859 4122 64.2028
135.977 4570 67.6018
136.094 4796 69.2532
136.211 5136 71.6659
136.329 5289 72.7255
136.446 4928 70.1997
136.564 5201 72.118
136.681 5189 72.0347
136.798 5026 70.8943
136.915 4975 70.5337
137.033 4955 70.3918
137.15 4776 69.1086
137.267 4741 68.8549
137.384 4737 68.8259
137.502 4487 66.9851
137.619 4647 68.1689
137.736 4822 69.4406
137.853 4805 69.3181
137.97 4645 68.1542
138.087 4939 70.278
138.204 4702 68.5711
138.321 4769 69.0579
138.438 4970 70.4982
138.555 4999 70.7036
138.672 4991 70.647
138.788 4837 69.5485
138.905 4773 69.0869
139.022 4525 67.2681
139.139 4034 63.5138
139.255 3849 62.0403
139.372 3682 60.6795
139.488 3898 62.434
139.605 4318 65.7115
139.721 4816 69.3974
139.838 4897 69.9786
139.954 5001 70.7177
140.071 4976 70.5408
140.187 5044 71.0211
140.303 4893 69.95
140.419 4905 70.0357
140.535 4688 68.469
140.652 4698 68.542
140.768 0 1
140.884 0 1
141 0 1
141.115 0 1
141.231 0 1
141.347 0 1
141.463 0 1
141.578 0 1
141.694 0 1
144.104 0 1
144.219 0 1
144.335 0 1
144.45 0 1
144.566 0 1
144.682 0 1
144.798 0 1
144.914 0 1
145.03 0 1
145.146 4249 65.1844
145.262 4155 64.4593
145.378 4261 65.2763
145.494 4211 64.8922
145.61 4198 64.792
145.726 3965 62.9682
145.842 4033 63.5059
145.959 3868 62.1932
146.075 3843 61.9919
146.192 3761 61.327
146.308 3965 62.9682
146.425 3998 63.2297
146.541 3936 62.7375
146.658 3976 63.0555
146.774 3964 62.9603
146.891 3901 62.458
147.008 4162 64.5136
147.125 4055 63.6789
147.241 4009 63.3167
147.358 3862 62.145
147.475 3892 62.3859
147.592 3788 61.5467
147.709 3391 58.2323
147.826 3129 55.9375
147.943 3067 55.3805
148.06 3205 56.6127
148.177 3484 59.0254
148.294 3784 61.5142
148.411 3953 62.8729
148.528 3989 63.1585
148.645 3977 63.0635
148.762 3877 62.2656
148.88 3997 63.2218
148.997 3724 61.0246
149.114 3981 63.0952
149.231 3762 61.3351
149.349 3719 60.9836
149.466 3601 60.0083
149.583 3540 59.4979
149.701 3636 60.2993
149.818 3551 59.5903
149.935 3617 60.1415
150.053 3575 59.7913
150.17 3522 59.3464
150.287 3720 60.9918
150.405 3716 60.959
150.522 3759 61.3107
150.64 3703 60.8523
150.757 3614 60.1166
150.875 3750 61.2372
150.992 3762 61.3351
151.11 3447 58.7112
151.227 3420 58.4808
151.344 3287 57.3324
151.462 2945 54.2679
151.579 2875 53.619
151.697 3060 55.3173
151.814 3325 57.6628
151.932 3558 59.649
152.049 3797 61.6198
152.167 3946 62.8172
152.284 3756 61.2862
152.402 3812 61.7414
152.519 3778 61.4654
152.636 3784 61.5142
152.754 3819 61.7981
152.871 3694 60.7783
152.989 3563 59.6909
153.106 3673 60.6053
153.223 3576 59.7997
153.341 3537 59.4727
153.458 3568 59.7327
153.575 3634 60.2827
153.693 3527 59.3886
153.81 3617 60.1415
153.927 3495 59.1185
154.044 3610 60.0833
154.162 3706 60.8769
154.279 3714 60.9426
154.396 3732 61.0901
154.513 3830 61.887
154.63 3839 61.9597
154.747 3731 61.0819
154.864 3589 59.9083
154.981 3280 57.2713
155.098 3183 56.4181
155.215 3241 56.9298
155.332 3311 57.5413
155.449 3568 59.7327
155.566 3746 61.2046
155.683 3799 61.636
155.8 3825 61.8466
155.917 3823 61.8304
156.033 3886 62.3378
156.15 0 1
156.267 0 1
156.383 0 1
156.5 0 1
156.617 0 1
156.733 0 1
156.85 0 1
156.966 0 1
157.082 0 1
157.199 0 1
157.315 0 1
157.431 0 1
157.547 0 1
157.664 0 1
157.78 0 1
157.896 0 1
158.012 0 1
158.128 0 1
158.244 0 1
158.359 0 1
158.475 0 1
158.591 0 1
158.706 0 1
