
6.15755 0 1
6.2731 0 1
6.3887 0 1
6.50437 0 1
6.62009 0 1
6.73587 0 1
6.8517 0 1
6.96759 0 1
7.08353 0 1
7.19952 0 1
7.31557 0 1
7.43166 0 1
7.54781 0 1
7.664 0 1
7.78024 0 1
7.89653 0 1
8.01286 0 1
8.12924 0 1
8.24567 0 1
8.36213 0 1
8.47864 0 1
8.59519 0 1
8.71178 0 1
8.82841 0 1
8.94508 0 1
9.06179 0 1
9.17853 0 1
9.29531 0 1
9.41212 0 1
9.52897 0 1
9.64584 0 1
9.76276 0 1
9.8797 0 1
9.99667 0 1
10.1137 0 1
10.2307 0 1
10.3478 0 1
10.4648 0 1
10.5819 0 1
10.6991 0 1
10.8162 0 1
10.9334 0 1
11.0506 0 1
11.1678 0 1
11.285 0 1
11.4023 0 1
11.5196 0 1
11.6369 0 1
11.7542 0 1
11.8715 0 1
11.9888 0 1
12.1062 0 1
12.2235 0 1
12.3409 0 1
12.4582 0 1
12.5756 0 1
12.693 0 1
12.8104 0 1
12.9278 0 1
13.0452 0 1
13.1626 0 1
13.28 0 1
13.3974 0 1
13.5149 0 1
13.6323 0 1
13.7497 0 1
13.8671 0 1
13.9845 0 1
14.1019 0 1
14.2193 0 1
14.3367 0 1
14.4541 0 1
14.5714 0 1
14.6888 0 1
14.8062 0 1
14.9235 0 1
15.0408 0 0
15.1581 0 0
15.2755 0 0
15.3927 0 0
15.51 0 0
15.6273 0 0
15.7445 0 0
15.8617 0 0
15.9789 0 0
16.0961 0 0
16.2132 0 0
16.3304 0 0
16.4475 0 0
16.5646 0 0
16.6816 0 0
16.7986 0 0
16.9156 0 0
17.0326 0 0
17.1496 0 0
17.2665 0 0
17.3833 0 0
17.5002 0 0
17.617 0 0
17.7338 0 0
17.8505 0 0
17.9672 0 0
18.0839 0 0
18.2005 0 0
18.3171 0 0
18.4337 0 0
18.5502 0 0
18.6666 0 0
18.7831 0 0
18.8994 0 0
19.0158 0 0
19.1321 0 0
19.2483 0 0
19.3645 0 0
19.4806 0 0
19.5967 0 0
19.7128 0 0
19.8288 0 0
19.9447 0 0
20.0606 0 1
20.1764 0 1
20.2922 0 1
20.4079 0 1
20.5236 0 1
20.6392 0 1
20.7548 0 1
20.8702 0 1
23.3078 0 1
23.4233 0 1
23.539 0 1
23.6547 0 1
23.7704 0 1
23.8862 0 1
24.0021 0 1
24.118 0 1
24.234 0 1
24.35 0 1
24.4661 4803 69.3037
24.5822 5450 73.8241
24.6984 6053 77.801
24.8146 6563 81.0123
24.9309 6863 82.8432
25.0472 7392 85.9767
25.1636 7532 86.7871
25.28 8309 91.1537
25.3965 8775 93.675
25.513 9201 95.9218
25.6296 9700 98.4886
25.7462 9827 99.1312
25.8628 9843 99.2119
25.9795 10021 100.105
26.0962 9874 99.368
26.213 9911 99.554
26.3298 9904 99.5188
26.4466 9622 98.0918
26.5635 8998 94.8578
26.6804 8837 94.0053
26.7973 8810 93.8616
26.9143 8943 94.5674
27.0313 9173 95.7758
27.1483 9539 97.6678
27.2653 9640 98.1835
27.3824 9676 98.3667
27.4996 9507 97.5038
27.6167 9506 97.4987
27.7339 9435 97.1339
27.8511 9200 95.9166
27.9683 9075 95.2628
28.0855 8588 92.6715
28.2028 8760 93.5949
28.3201 8280 90.9945
28.4374 8283 91.011
28.5547 8307 91.1427
28.6721 8294 91.0714
28.7894 8728 93.4238
28.9068 8910 94.3928
29.0242 9339 96.6385
29.1416 9543 97.6883
29.259 9958 99.7898
29.3764 9980 99.8999
29.4939 9860 99.2975
29.6113 9853 99.2623
29.7288 9924 99.6193
29.8463 9810 99.0454
29.9638 9509 97.5141
30.0812 8982 94.7734
30.1987 8739 93.4826
30.3162 8338 91.3126
30.4337 8311 91.1647
30.5512 8905 94.3663
30.6687 9124 95.5196
30.7862 9171 95.7653
30.9037 9366 96.7781
31.0212 9347 96.6799
31.1387 9528 97.6115
31.2562 9441 97.1648
31.3737 9170 95.7601
31.4912 8978 94.7523
31.6087 8833 93.984
31.7262 8646 92.9839
31.8436 8698 93.2631
31.9611 8285 91.022
32.0785 8258 90.8735
32.1959 8299 91.0988
32.3134 8403 91.6679
32.4308 8614 92.8116
32.5482 9053 95.1473
32.6655 9305 96.4624
32.7829 9522 97.5807
32.9002 9718 98.5799
33.0176 9718 98.5799
33.1349 9859 99.2925
33.2522 9733 98.656
33.3694 9783 98.909
33.4867 9813 99.0606
33.6039 9575 97.8519
33.7211 9245 96.1509
33.8383 8792 93.7657
33.9554 8490 92.1412
34.0725 7977 89.3141
34.1896 8167 90.3715
34.3067 8628 92.887
34.4237 8698 93.2631
34.5407 8800 93.8083
34.6577 9250 96.1769
34.7746 9209 95.9635
34.8915 9168 95.7497
35.0084 9034 95.0474
35.1252 8921 94.451
35.242 8795 93.7817
35.3587 8696 93.2523
35.4755 8460 91.9783
35.5921 8146 90.2552
35.7088 8132 90.1776
35.8254 7892 88.8369
35.9419 7570 87.0057
36.0584 7751 88.0398
36.1749 7804 88.3403
36.2913 7577 87.046
36.4077 7597 87.1608
36.524 7715 87.8351
36.6403 7405 86.0523
36.7565 7168 84.664
36.8727 6970 83.4865
36.9889 6744 82.1219
37.1049 6272 79.196
37.221 0 1
37.3369 0 1
37.4529 0 1
37.5687 0 1
37.6845 0 1
37.8003 0 1
37.916 0 1
38.0316 0 1
38.1472 0 1
40.5851 0 1
40.7008 0 1
40.8164 0 1
40.9322 0 1
41.048 0 1
41.1639 0 1
41.2798 0 1
41.3958 0 1
41.5118 0 1
41.6279 0 1
41.744 5368 73.2666
41.8602 5969 77.2593
41.9765 6258 79.1075
42.0928 6545 80.9012
42.2091 6726 82.0122
42.3255 6858 82.813
42.4419 6724 82
42.5584 6671 81.6762
42.675 6742 82.1097
42.7915 6662 81.6211
42.9081 6932 83.2586
43.0248 7258 85.1939
43.1415 7441 86.2612
43.2582 7822 88.4421
43.375 7910 88.9382
43.4918 7782 88.2156
43.6087 7840 88.5438
43.7256 7682 87.647
43.8425 7731 87.9261
43.9595 7591 87.1263
44.0765 7509 86.6545
44.1935 7298 85.4283
44.3106 7012 83.7377
44.4277 6877 82.9277
44.5448 6762 82.2314
44.6619 6879 82.9397
44.7791 6904 83.0903
44.8963 7339 85.668
45.0136 7450 86.3134
45.1308 7748 88.0227
45.2481 7886 88.8032
45.3654 8172 90.3991
45.4827 8377 91.526
45.6001 8079 89.8833
45.7174 8277 90.978
45.8348 8263 90.901
45.9522 8062 89.7886
46.0697 7795 88.2893
46.1871 7167 84.6581
46.3046 6602 81.2527
46.422 6751 82.1645
46.5395 6999 83.66
46.657 7494 86.5679
46.7745 7708 87.7952
46.892 7846 88.5776
47.0096 8043 89.6828
47.1271 8182 90.4544
47.2446 8039 89.6605
47.3622 8099 89.9944
47.4797 7865 88.6848
47.5973 7839 88.5381
47.7149 7677 87.6185
47.8324 7408 86.0697
47.95 7372 85.8604
48.0675 6914 83.1505
48.1851 6868 82.8734
48.3027 6877 82.9277
48.4202 7065 84.0536
48.5378 7206 84.8882
48.6554 7456 86.3481
48.7729 7945 89.1347
48.8904 7989 89.3812
49.008 8163 90.3493
49.1255 8251 90.835
49.243 8047 89.7051
49.3605 8129 90.161
49.478 8120 90.111
49.5955 7693 87.7097
49.713 7030 83.8451
49.8304 6463 80.3928
49.9479 6187 78.6575
50.0653 6220 78.867
50.1827 6625 81.3941
50.3001 7024 83.8093
50.4175 7375 85.8778
50.5348 7670 87.5785
50.6521 7696 87.7268
50.7694 8086 89.9222
50.8867 7944 89.1291
51.004 7714 87.8294
51.1212 7728 87.909
51.2384 7682 87.647
51.3556 7327 85.5979
51.4727 7141 84.5044
51.5899 6957 83.4086
51.707 6783 82.359
51.824 6592 81.1911
51.9411 6829 82.6378
52.0581 7154 84.5813
52.175 7372 85.8604
52.2919 7610 87.2353
52.4088 8030 89.6103
52.5257 8158 90.3216
52.6425 8129 90.161
52.7593 8072 89.8443
52.876 7973 89.2917
52.9927 7969 89.2693
53.1094 7668 87.5671
53.226 7322 85.5687
53.3426 6711 81.9207
53.4591 6156 78.4602
53.5756 5592 74.7797
53.692 5503 74.1822
53.8084 5434 73.7157
53.9248 5105 71.4493
54.0411 5069 71.1969
54.1573 4848 69.6276
54.2735 0 1
54.3896 0 1
54.5057 0 1
54.6217 0 1
54.7377 0 1
54.8537 0 1
54.9695 0 1
55.0853 0 1
55.2011 0 1
55.3168 0 1
55.4324 0 1
57.824 0 1
57.9396 0 1
58.0553 0 1
58.1711 0 1
58.2869 0 1
58.4028 0 1
58.5187 0 1
58.6347 0 1
58.7508 0 1
58.8669 0 1
58.983 6305 79.404
59.0992 7060 84.0238
59.2155 7708 87.7952
59.3318 8190 90.4986
59.4482 8477 92.0706
59.5646 8633 92.9139
59.681 8980 94.7629
59.7975 8943 94.5674
59.9141 8822 93.9255
60.0306 8918 94.4352
60.1473 8611 92.7955
60.2639 8220 90.6642
60.3807 8224 90.6863
60.4974 8525 92.3309
60.6142 8652 93.0161
60.731 8835 93.9947
60.8479 9463 97.278
60.9648 9689 98.4327
61.0818 9832 99.1564
61.1987 9838 99.1867
61.3158 9893 99.4636
61.4328 9699 98.4835
61.5499 9541 97.678
61.667 9060 95.184
61.7841 8516 92.2822
61.9013 8129 90.161
62.0185 7796 88.295
62.1357 7779 88.1986
62.253 8299 91.0988
62.3702 8582 92.6391
62.4875 9096 95.373
62.6049 9317 96.5246
62.7222 9590 97.9285
62.8396 9603 97.9949
62.9569 9829 99.1413
63.0743 9480 97.3653
63.1918 9396 96.933
63.3092 9313 96.5039
63.4267 9248 96.1665
63.5441 8731 93.4398
63.6616 8683 93.1826
63.7791 8220 90.6642
63.8966 8121 90.1166
64.0142 8118 90.0999
64.1317 8288 91.0385
64.2492 8543 92.4284
64.3668 9087 95.3258
64.4843 9496 97.4474
64.6019 9489 97.4115
64.7195 9681 98.3921
64.837 9665 98.3107
64.9546 9776 98.8737
65.0722 9638 98.1733
65.1898 9428 97.0979
65.3074 9155 95.6818
65.4249 8175 90.4157
65.5425 7792 88.2723
65.6601 7317 85.5395
65.7777 7291 85.3874
65.8952 7883 88.7863
66.0128 8185 90.471
66.1304 8641 92.957
66.2479 8811 93.8669
66.3655 9128 95.5406
66.483 9293 96.4002
66.6005 9414 97.0258
66.718 9439 97.1545
66.8355 9184 95.8332
66.953 9074 95.2575
67.0705 8962 94.6678
67.1879 8811 93.8669
67.3054 8493 92.1575
67.4228 8188 90.4876
67.5402 7993 89.4036
67.6576 7627 87.3327
67.7749 7796 88.295
67.8923 8133 90.1831
68.0096 8487 92.1249
68.1269 8931 94.504
68.2442 9006 94.8999
68.3614 9080 95.289
68.4787 9006 94.8999
68.5958 9286 96.3639
68.713 9305 96.4624
68.8302 9292 96.395
68.9473 8950 94.6044
69.0643 8549 92.4608
69.1814 7929 89.0449
69.2984 7303 85.4576
69.4154 6944 83.3307
69.5323 7133 84.4571
69.6492 7581 87.0689
69.7661 8000 89.4427
69.8829 8003 89.4595
69.9997 8127 90.1499
70.1165 7935 89.0786
70.2332 7789 88.2553
70.3499 7684 87.6584
70.4665 7372 85.8604
70.5831 6856 82.801
70.6996 6475 80.4674
70.8161 6192 78.6893
70.9326 5747 75.809
71.049 5232 72.3326
71.1653 4565 67.5648
71.2817 4068 63.7809
71.3979 3605 60.0417
71.5141 3366 58.0172
71.6303 2992 54.6992
71.7464 2932 54.1479
71.8624 0 1
71.9784 0 1
72.0944 0 1
72.2102 0 1
72.3261 0 1
72.4418 0 1
72.5575 0 1
72.6732 0 1
75.1054 0 1
75.2209 0 1
75.3365 0 1
75.4521 0 1
75.5678 0 1
75.6835 0 1
75.7993 0 1
75.9151 0 1
76.031 0 1
76.147 6110 78.1665
76.263 6474 80.4612
76.3791 6609 81.2958
76.4952 6747 82.1401
76.6113 6846 82.7406
76.7276 7237 85.0706
76.8438 7716 87.8408
76.9601 8032 89.6214
77.0765 8361 91.4385
77.1929 8392 91.6079
77.3093 8643 92.9677
77.4258 8570 92.5743
77.5423 8693 93.2363
77.6589 8690 93.2202
77.7755 8322 91.225
77.8921 8009 89.493
78.0088 7257 85.188
78.1256 6661 81.6149
78.2423 6400 80
78.3591 6162 78.4984
78.4759 6772 82.2922
78.5928 7217 84.9529
78.7097 7589 87.1149
78.8266 8113 90.0722
78.9436 8336 91.3017
79.0606 8413 91.7224
79.1776 8490 92.1412
79.2946 8641 92.957
79.4117 8647 92.9892
79.5288 8760 93.5949
79.6459 8611 92.7955
79.7631 8448 91.913
79.8802 8289 91.0439
79.9974 7999 89.4371
80.1147 7361 85.7963
80.2319 7281 85.3288
80.3491 7476 86.4639
80.4664 7681 87.6413
80.5837 8104 90.0222
80.701 8646 92.9839
80.8183 8809 93.8563
80.9357 9183 95.828
81.053 8946 94.5833
81.1704 9017 94.9579
81.2877 9088 95.331
81.4051 8964 94.6784
81.5225 8888 94.2762
81.6399 8118 90.0999
81.7573 7603 87.1952
81.8747 7022 83.7974
81.9922 6660 81.6088
82.1096 6587 81.1603
82.227 6866 82.8613
82.3444 7512 86.6718
82.4619 8005 89.4707
82.5793 8575 92.6013
82.6967 8616 92.8224
82.8142 8826 93.9468
82.9316 8885 94.2603
83.049 9150 95.6556
83.1664 9001 94.8736
83.2838 8948 94.5939
83.4012 8938 94.541
83.5186 8606 92.7685
83.636 8444 91.8912
83.7534 7958 89.2076
83.8708 7610 87.2353
83.9881 7549 86.885
84.1055 7687 87.6755
84.2228 8151 90.2829
84.3401 8240 90.7744
84.4575 8673 93.1289
84.5747 9194 95.8853
84.692 9022 94.9842
84.8093 9277 96.3172
84.9265 9109 95.4411
85.0437 8907 94.3769
85.1609 8930 94.4987
85.2781 8333 91.2853
85.3952 7596 87.155
85.5123 6988 83.5943
85.6294 6718 81.9634
85.7465 6651 81.5537
85.8636 7002 83.678
85.9806 7661 87.5271
86.0976 7973 89.2917
86.2145 8559 92.5149
86.3315 8486 92.1195
86.4484 9146 95.6347
86.5652 8986 94.7945
86.682 9183 95.828
86.7988 9070 95.2365
86.9156 8982 94.7734
87.0323 8842 94.0319
87.149 8541 92.4175
87.2657 7862 88.6679
87.3823 7153 84.5754
87.4988 6581 81.1234
87.6154 6193 78.6956
87.7318 6133 78.3135
87.8483 6170 78.5493
87.9647 6411 80.0687
88.081 6442 80.2621
88.1973 6415 80.0937
88.3136 6148 78.4092
88.4298 5847 76.4657
88.546 5375 73.3144
88.6621 4720 68.7023
88.7781 4254 65.2227
88.8942 0 1
89.0101 0 1
89.126 0 1
89.2419 0 1
89.3577 0 1
89.4734 0 1
89.5891 0 1
89.7047 0 1
89.8203 0 1
89.9358 0 1
92.3269 0 1
92.4424 0 1
92.558 0 1
92.6736 0 1
92.7893 0 1
92.905 0 1
93.0208 0 1
93.1366 0 1
93.2525 0 1
93.3685 0 1
93.4845 0 1
93.6005 8817 93.8989
93.7167 9070 95.2365
93.8328 9040 95.0789
93.949 8876 94.2125
94.0653 8373 91.5041
94.1816 7775 88.176
94.2979 7455 86.3423
94.4143 7532 86.7871
94.5307 7847 88.5833
94.6472 8296 91.0824
94.7637 8852 94.0851
94.8803 8989 94.8103
94.9969 9380 96.8504
95.1135 9494 97.4372
95.2302 9894 99.4686
95.3469 9877 99.3831
95.4637 9765 98.818
95.5805 9787 98.9293
95.6973 9618 98.0714
95.8142 9281 96.3379
95.9311 9156 95.687
96.048 8720 93.3809
96.1649 8542 92.4229
96.2819 8461 91.9837
96.3989 8700 93.2738
96.516 8823 93.9308
96.633 9452 97.2214
96.7501 9721 98.5951
96.8673 9818 99.0858
96.9844 9857 99.2824
97.1016 10044 100.22
97.2188 9680 98.387
97.336 9393 96.9175
97.4532 8785 93.7283
97.5704 7989 89.3812
97.6877 7505 86.6314
97.805 7263 85.2232
97.9223 7188 84.7821
98.0396 7639 87.4014
98.1569 8021 89.56
98.2743 8629 92.8924
98.3916 8903 94.3557
98.509 9009 94.9158
98.6264 9536 97.6524
98.7438 9604 98
98.8612 9684 98.4073
98.9786 9669 98.3311
99.096 9513 97.5346
99.2134 9474 97.3345
99.3308 9345 96.6695
99.4482 9135 95.5772
99.5656 8823 93.9308
99.6831 8455 91.9511
99.8005 8215 90.6366
99.9179 8476 92.0652
100.035 8590 92.6823
100.153 9179 95.8071
100.27 9342 96.654
100.388 9462 97.2728
100.505 9540 97.6729
100.622 9653 98.2497
100.74 9597 97.9643
100.857 9437 97.1442
100.975 8942 94.5621
101.092 8769 93.6429
101.209 7869 88.7074
101.327 7352 85.7438
101.444 6943 83.3247
101.561 6799 82.456
101.679 7171 84.6818
101.796 7662 87.5329
101.913 8155 90.305
102.03 8559 92.5149
102.148 8957 94.6414
102.265 8777 93.6856
102.382 9272 96.2912
102.499 9058 95.1735
102.616 9201 95.9218
102.733 9369 96.7936
102.851 9114 95.4673
102.968 8951 94.6097
103.085 8826 93.9468
103.202 8731 93.4398
103.319 8107 90.0389
103.436 8057 89.7608
103.552 7677 87.6185
103.669 8039 89.6605
103.786 8334 91.2907
103.903 8586 92.6607
104.02 8858 94.1169
104.137 8806 93.8403
104.253 9405 96.9794
104.37 8694 93.2416
104.487 8408 91.6951
104.603 8229 90.7138
104.72 7724 87.8863
104.836 7148 84.5458
104.953 6607 81.2835
105.069 6122 78.2432
105.186 5507 74.2092
105.302 5255 72.4914
105.418 4916 70.1142
105.535 5003 70.7319
105.651 4856 69.685
105.767 4588 67.7348
105.883 4283 65.4446
105.999 3876 62.2575
106.115 0 1
106.231 0 1
106.347 0 1
106.463 0 1
106.579 0 1
106.694 0 1
106.81 0 1
106.926 0 1
107.041 0 1
107.157 0 1
109.576 0 1
109.692 0 1
109.807 0 1
109.923 0 1
110.039 0 1
110.155 0 1
110.27 0 1
110.386 0 1
110.502 0 1
110.618 5844 76.4461
110.735 6952 83.3787
110.851 7793 88.278
110.967 8174 90.4102
111.083 9052 95.142
111.199 9467 97.2985
111.316 9741 98.6965
111.432 9682 98.3972
111.549 10032 100.16
111.665 9843 99.2119
111.782 9585 97.903
111.898 9510 97.5192
112.015 9451 97.2163
112.132 8939 94.5463
112.248 8926 94.4775
112.365 9057 95.1683
112.482 9032 95.0368
112.599 9679 98.3819
112.716 9887 99.4334
112.832 10149 100.742
112.949 10086 100.429
113.066 10169 100.841
113.183 9947 99.7346
113.3 9899 99.4937
113.417 9300 96.4365
113.534 8707 93.3113
113.652 8273 90.956
113.769 7743 87.9943
113.886 7313 85.5161
114.003 7102 84.2734
114.12 7702 87.761
114.238 8121 90.1166
114.355 8497 92.1792
114.472 8823 93.9308
114.589 9491 97.4218
114.707 9541 97.678
114.824 9556 97.7548
114.942 9767 98.8281
115.059 9683 98.4022
115.176 9831 99.1514
115.294 9635 98.158
115.411 9525 97.5961
115.529 9309 96.4832
115.646 9131 95.5563
115.764 8636 92.9301
115.881 8440 91.8695
115.999 8781 93.707
116.116 9181 95.8175
116.234 9282 96.3431
116.351 9556 97.7548
116.469 9596 97.9592
116.586 9731 98.6458
116.704 9688 98.4276
116.821 9585 97.903
116.939 9479 97.3602
117.056 9257 96.2133
117.174 8855 94.101
117.291 7920 88.9944
117.409 7349 85.7263
117.526 7041 83.9107
117.644 6923 83.2046
117.761 7214 84.9353
117.879 7659 87.5157
117.996 8034 89.6326
118.114 8248 90.8185
118.231 8718 93.3702
118.349 8758 93.5842
118.466 8935 94.5251
118.584 8743 93.504
118.701 9099 95.3887
118.819 9086 95.3205
118.936 8883 94.2497
119.053 8674 93.1343
119.171 8493 92.1575
119.288 8259 90.879
119.405 8007 89.4818
119.523 7837 88.5268
119.64 7835 88.5155
119.757 8073 89.8499
119.875 8277 90.978
119.992 8550 92.4662
120.109 8627 92.8816
120.226 8660 93.0591
120.343 8818 93.9042
120.46 8697 93.2577
120.578 8679 93.1612
120.695 8567 92.5581
120.812 8164 90.3549
120.929 7573 87.023
121.046 7164 84.6404
121.163 6707 81.8963
121.279 6308 79.4229
121.396 6336 79.599
121.513 6417 80.1062
121.63 6346 79.6618
121.747 6490 80.5605
121.863 6619 81.3572
121.98 6510 80.6846
122.097 6492 80.5729
122.213 6490 80.5605
122.33 6457 80.3555
122.446 6208 78.7909
122.563 5833 76.3741
122.679 5602 74.8465
122.795 5127 71.6031
122.912 4802 69.2965
123.028 4335 65.8407
123.144 3918 62.5939
123.26 3761 61.327
123.377 0 1
123.493 0 1
123.609 0 1
123.725 0 1
123.84 0 1
123.956 0 1
124.072 0 1
124.188 0 1
124.303 0 1
124.419 0 1
126.852 0 1
126.968 0 1
127.083 0 1
127.199 0 1
127.315 0 1
127.431 0 1
127.547 0 1
127.663 0 1
127.779 0 1
127.895 0 1
128.011 0 1
128.127 0 1
128.243 0 1
128.359 7910 88.9382
128.476 8222 90.6752
128.592 8558 92.5095
128.708 8870 94.1807
128.825 9068 95.226
128.941 9310 96.4883
129.058 9235 96.0989
129.174 9415 97.0309
129.291 9427 97.0927
129.408 9265 96.2549
129.524 8935 94.5251
129.641 8708 93.3167
129.758 8198 90.5428
129.875 7726 87.8977
129.992 7258 85.1939
130.108 7162 84.6286
130.225 7249 85.1411
130.342 7692 87.704
130.459 7750 88.0341
130.576 8396 91.6297
130.693 8506 92.228
130.81 8719 93.3756
130.928 9037 95.0631
131.045 8929 94.4934
131.162 9085 95.3153
131.279 9339 96.6385
131.396 9122 95.5092
131.513 9006 94.8999
131.631 8972 94.7206
131.748 8713 93.3435
131.865 8532 92.3688
131.983 8455 91.9511
132.1 8599 92.7308
132.217 8903 94.3557
132.335 9268 96.2705
132.452 9330 96.5919
132.57 9330 96.5919
132.687 9119 95.4935
132.804 9664 98.3056
132.922 9609 98.0255
133.039 9206 95.9479
133.157 8938 94.541
133.274 8719 93.3756
133.392 8166 90.3659
133.509 7655 87.4929
133.627 7347 85.7146
133.744 7050 83.9643
133.862 6976 83.5225
133.979 7676 87.6128
134.097 7726 87.8977
134.214 8406 91.6842
134.332 8306 91.1373
134.449 8542 92.4229
134.567 8664 93.0806
134.684 9024 94.9947
134.802 8929 94.4934
134.919 9000 94.8683
135.037 8959 94.652
135.154 8871 94.186
135.272 8737 93.4719
135.389 8616 92.8224
135.507 8323 91.2305
135.624 8339 91.3181
135.742 8394 91.6188
135.859 8709 93.322
135.977 8920 94.4458
136.094 8998 94.8578
136.211 9107 95.4306
136.329 9079 95.2838
136.446 9210 95.9687
136.564 9328 96.5816
136.681 9155 95.6818
136.798 8969 94.7048
136.915 8610 92.7901
137.033 8022 89.5656
137.15 7783 88.2213
137.267 7241 85.0941
137.384 7031 83.8511
137.502 6856 82.801
137.619 7294 85.4049
137.736 7353 85.7496
137.853 7694 87.7154
137.97 8030 89.6103
138.087 7918 88.9831
138.204 8370 91.4877
138.321 8701 93.2792
138.438 8622 92.8547
138.555 8674 93.1343
138.672 8677 93.1504
138.788 8424 91.7824
138.905 8131 90.1721
139.022 7787 88.244
139.139 7165 84.6463
139.255 7004 83.6899
139.372 6784 82.365
139.488 6604 81.265
139.605 6529 80.8022
139.721 6421 80.1311
139.838 6157 78.4666
139.954 5846 76.4591
140.071 5463 73.9121
140.187 5196 72.0833
140.303 4836 69.5414
140.419 4477 66.9104
140.535 4124 64.2184
140.652 3731 61.0819
140.768 0 1
140.884 0 1
141 0 1
141.115 0 1
141.231 0 1
141.347 0 1
141.463 0 1
141.578 0 1
141.694 0 1
144.104 0 1
144.219 0 1
144.335 0 1
144.45 0 1
144.566 0 1
144.682 0 1
144.798 0 1
144.914 0 1
145.03 0 1
145.146 6992 83.6182
145.262 7216 84.947
145.378 7254 85.1704
145.494 6987 83.5883
145.61 6648 81.5353
145.726 6460 80.3741
145.842 6038 77.7046
145.959 6031 77.6595
146.075 5892 76.7594
146.192 5910 76.8765
146.308 6122 78.2432
146.425 6252 79.0696
146.541 6458 80.3617
146.658 6850 82.7647
146.774 6794 82.4257
146.891 6981 83.5524
147.008 7189 84.788
147.125 7167 84.6581
147.241 7282 85.3346
147.358 7210 84.9117
147.475 7137 84.4808
147.592 6925 83.2166
147.709 6783 82.359
147.826 6760 82.2192
147.943 6792 82.4136
148.06 6944 83.3307
148.177 7207 84.8941
148.294 7316 85.5336
148.411 7483 86.5043
148.528 7541 86.8389
148.645 7612 87.2468
148.762 7470 86.4292
148.88 7733 87.9375
148.997 7575 87.0345
149.114 7615 87.264
149.231 6965 83.4566
149.349 6868 82.8734
149.466 6390 79.9375
149.583 6212 78.8162
149.701 5941 77.0779
149.818 5890 76.7463
149.935 5985 77.3628
150.053 6207 78.7845
150.17 6353 79.7057
150.287 6681 81.7374
150.405 6565 81.0247
150.522 6912 83.1384
150.64 6964 83.4506
150.757 7076 84.119
150.875 7073 84.1011
150.992 7241 85.0941
151.11 7048 83.9524
151.227 6910 83.1264
151.344 6667 81.6517
151.462 6817 82.5651
151.579 6629 81.4187
151.697 6635 81.4555
151.814 6805 82.4924
151.932 6994 83.6301
152.049 7139 84.4926
152.167 7399 86.0174
152.284 7307 85.481
152.402 7457 86.3539
152.519 7289 85.3756
152.636 7376 85.8836
152.754 7100 84.2615
152.871 6996 83.6421
152.989 6778 82.3286
153.106 6389 79.9312
153.223 6035 77.6853
153.341 5830 76.3544
153.458 5632 75.0467
153.575 5696 75.4718
153.693 5895 76.7789
153.81 5976 77.3046
153.927 6111 78.1729
154.044 6332 79.5739
154.162 6502 80.635
154.279 6513 80.7032
154.396 6781 82.3468
154.513 6831 82.6499
154.63 7082 84.1546
154.747 6788 82.3893
154.864 6787 82.3833
154.981 6662 81.6211
155.098 6605 81.2712
155.215 6414 80.0875
155.332 6589 81.1727
155.449 6411 80.0687
155.566 6630 81.4248
155.683 6784 82.365
155.8 6993 83.6242
155.917 6776 82.3165
156.033 6810 82.5227
156.15 0 1
156.267 0 1
156.383 0 1
156.5 0 1
156.617 0 1
156.733 0 1
156.85 0 1
156.966 0 1
157.082 0 1
157.199 0 1
157.315 0 1
157.431 0 1
157.547 0 1
157.664 0 1
157.78 0 1
157.896 0 1
158.012 0 1
158.128 0 1
158.244 0 1
158.359 0 1
158.475 0 1
158.591 0 1
158.706 0 1
