
6.15755 0 1
6.2731 0 1
6.3887 0 1
6.50437 0 1
6.62009 0 1
6.73587 0 1
6.8517 0 1
6.96759 0 1
7.08353 0 1
7.19952 0 1
7.31557 0 1
7.43166 0 1
7.54781 0 1
7.664 0 1
7.78024 0 1
7.89653 0 1
8.01286 0 1
8.12924 0 1
8.24567 0 1
8.36213 0 1
8.47864 0 1
8.59519 0 1
8.71178 0 1
8.82841 0 1
8.94508 0 1
9.06179 0 1
9.17853 0 1
9.29531 0 1
9.41212 0 1
9.52897 0 1
9.64584 0 1
9.76276 0 1
9.8797 0 1
9.99667 0 1
10.1137 0 1
10.2307 0 1
10.3478 0 1
10.4648 0 1
10.5819 0 1
10.6991 0 1
10.8162 0 1
10.9334 0 1
11.0506 0 1
11.1678 0 1
11.285 0 1
11.4023 0 1
11.5196 0 1
11.6369 0 1
11.7542 0 1
11.8715 0 1
11.9888 0 1
12.1062 0 1
12.2235 0 1
12.3409 0 1
12.4582 0 1
12.5756 0 1
12.693 0 1
12.8104 0 1
12.9278 0 1
13.0452 0 1
13.1626 0 1
13.28 0 1
13.3974 0 1
13.5149 0 1
13.6323 0 1
13.7497 0 1
13.8671 0 1
13.9845 0 1
14.1019 0 1
14.2193 0 1
14.3367 0 1
14.4541 0 1
14.5714 0 1
14.6888 0 1
14.8062 0 1
14.9235 0 1
15.0408 0 0
15.1581 0 0
15.2755 0 0
15.3927 0 0
15.51 0 0
15.6273 0 0
15.7445 0 0
15.8617 0 0
15.9789 0 0
16.0961 0 0
16.2132 0 0
16.3304 0 0
16.4475 0 0
16.5646 0 0
16.6816 0 0
16.7986 0 0
16.9156 0 0
17.0326 0 0
17.1496 0 0
17.2665 0 0
17.3833 0 0
17.5002 0 0
17.617 0 0
17.7338 0 0
17.8505 0 0
17.9672 0 0
18.0839 0 0
18.2005 0 0
18.3171 0 0
18.4337 0 0
18.5502 0 0
18.6666 0 0
18.7831 0 0
18.8994 0 0
19.0158 0 0
19.1321 0 0
19.2483 0 0
19.3645 0 0
19.4806 0 0
19.5967 0 0
19.7128 0 0
19.8288 0 0
19.9447 0 0
20.0606 0 1
20.1764 0 1
20.2922 0 1
20.4079 0 1
20.5236 0 1
20.6392 0 1
20.7548 0 1
20.8702 0 1
23.3078 0 1
23.4233 0 1
23.539 0 1
23.6547 0 1
23.7704 0 1
23.8862 0 1
24.0021 0 1
24.118 0 1
24.234 0 1
24.35 0 1
24.4661 10099 100.494
24.5822 10363 101.799
24.6984 10429 102.122
24.8146 10531 102.621
24.9309 10896 104.384
25.0472 10862 104.221
25.1636 11052 105.128
25.28 11444 106.977
25.3965 11706 108.194
25.513 11405 106.794
25.6296 11817 108.706
25.7462 11878 108.986
25.8628 11839 108.807
25.9795 11826 108.747
26.0962 11631 107.847
26.213 11810 108.674
26.3298 11609 107.745
26.4466 11458 107.042
26.5635 11629 107.838
26.6804 11422 106.874
26.7973 11106 105.385
26.9143 11053 105.133
27.0313 10728 103.576
27.1483 10904 104.422
27.2653 11171 105.693
27.3824 11271 106.165
27.4996 11071 105.219
27.6167 11055 105.143
27.7339 10610 103.005
27.8511 10496 102.45
27.9683 10180 100.896
28.0855 10108 100.539
28.2028 9982 99.91
28.3201 10121 100.603
28.4374 10303 101.504
28.5547 10497 102.455
28.6721 10730 103.586
28.7894 10714 103.508
28.9068 10909 104.446
29.0242 10774 103.798
29.1416 10788 103.865
29.259 10851 104.168
29.3764 11106 105.385
29.4939 10922 104.508
29.6113 11001 104.886
29.7288 10979 104.781
29.8463 11094 105.328
29.9638 11038 105.062
30.0812 10980 104.785
30.1987 10800 103.923
30.3162 10534 102.635
30.4337 10272 101.351
30.5512 10166 100.827
30.6687 10120 100.598
30.7862 10696 103.421
30.9037 10335 101.661
31.0212 10606 102.985
31.1387 10813 103.986
31.2562 10426 102.108
31.3737 10328 101.627
31.4912 9935 99.6745
31.6087 10044 100.22
31.7262 9894 99.4686
31.8436 10092 100.459
31.9611 10337 101.671
32.0785 10552 102.723
32.1959 10701 103.446
32.3134 10444 102.196
32.4308 10471 102.328
32.5482 10556 102.742
32.6655 10763 103.745
32.7829 10575 102.835
32.9002 10666 103.276
33.0176 10616 103.034
33.1349 11040 105.071
33.2522 10820 104.019
33.3694 11098 105.347
33.4867 11091 105.314
33.6039 10853 104.178
33.7211 10961 104.695
33.8383 10822 104.029
33.9554 10536 102.645
34.0725 10540 102.665
34.1896 10066 100.329
34.3067 10118 100.588
34.4237 10435 102.152
34.5407 10437 102.162
34.6577 10545 102.689
34.7746 10190 100.946
34.8915 10332 101.646
35.0084 10067 100.334
35.1252 10138 100.688
35.242 9895 99.4736
35.3587 9929 99.6444
35.4755 10209 101.04
35.5921 10251 101.247
35.7088 10517 102.552
35.8254 10590 102.908
35.9419 10664 103.267
36.0584 10551 102.718
36.1749 10384 101.902
36.2913 10276 101.371
36.4077 10472 102.333
36.524 10516 102.548
36.6403 10585 102.883
36.7565 10609 103
36.8727 10678 103.334
36.9889 10606 102.985
37.1049 10461 102.279
37.221 0 1
37.3369 0 1
37.4529 0 1
37.5687 0 1
37.6845 0 1
37.8003 0 1
37.916 0 1
38.0316 0 1
38.1472 0 1
40.5851 0 1
40.7008 0 1
40.8164 0 1
40.9322 0 1
41.048 0 1
41.1639 0 1
41.2798 0 1
41.3958 0 1
41.5118 0 1
41.6279 0 1
41.744 8327 91.2524
41.8602 8502 92.2063
41.9765 8921 94.451
42.0928 9156 95.687
42.2091 9234 96.0937
42.3255 9146 95.6347
42.4419 9156 95.687
42.5584 9353 96.7109
42.675 9046 95.1105
42.7915 9050 95.1315
42.9081 8558 92.5095
43.0248 8514 92.2713
43.1415 8429 91.8096
43.2582 8621 92.8493
43.375 8538 92.4013
43.4918 8834 93.9894
43.6087 8756 93.5735
43.7256 8491 92.1466
43.8425 8311 91.1647
43.9595 8155 90.305
44.0765 8262 90.8955
44.1935 8456 91.9565
44.3106 8469 92.0272
44.4277 8448 91.913
44.5448 8306 91.1373
44.6619 8374 91.5096
44.7791 7988 89.3756
44.8963 7832 88.4986
45.0136 7846 88.5776
45.1308 7809 88.3685
45.2481 7566 86.9828
45.3654 7547 86.8735
45.4827 7667 87.5614
45.6001 7818 88.4195
45.7174 7664 87.5443
45.8348 7865 88.6848
45.9522 7848 88.5889
46.0697 7680 87.6356
46.1871 7722 87.8749
46.3046 7585 87.0919
46.422 7631 87.3556
46.5395 7329 85.6096
46.657 7115 84.3505
46.7745 7154 84.5813
46.892 6907 83.1084
47.0096 7170 84.6759
47.1271 7173 84.6936
47.2446 7181 84.7408
47.3622 6926 83.2226
47.4797 6759 82.2131
47.5973 6522 80.7589
47.7149 6794 82.4257
47.8324 6807 82.5045
47.95 6839 82.6982
48.0675 6787 82.3833
48.1851 6554 80.9568
48.3027 6362 79.7621
48.4202 6370 79.8123
48.5378 6232 78.943
48.6554 6036 77.6917
48.7729 6033 77.6724
48.8904 6304 79.3977
49.008 6271 79.1896
49.1255 6354 79.712
49.243 6746 82.134
49.3605 6491 80.5667
49.478 6712 81.9268
49.5955 6869 82.8794
49.713 7055 83.994
49.8304 7114 84.3445
49.9479 7039 83.8987
50.0653 7093 84.22
50.1827 6933 83.2646
50.3001 6716 81.9512
50.4175 6854 82.7889
50.5348 7126 84.4156
50.6521 7581 87.0689
50.7694 7706 87.7838
50.8867 7846 88.5776
51.004 7797 88.3006
51.1212 7989 89.3812
51.2384 8596 92.7146
51.3556 8621 92.8493
51.4727 8788 93.7443
51.5899 8927 94.4828
51.707 8812 93.8723
51.824 8724 93.4024
51.9411 8599 92.7308
52.0581 8315 91.1866
52.175 8378 91.5314
52.2919 8280 90.9945
52.4088 8547 92.45
52.5257 8848 94.0638
52.6425 8783 93.7177
52.7593 9243 96.1405
52.876 9554 97.7446
52.9927 9613 98.0459
53.1094 9961 99.8048
53.226 9981 99.905
53.3426 10092 100.459
53.4591 10415 102.054
53.5756 10400 101.98
53.692 10607 102.99
53.8084 10183 100.911
53.9248 10040 100.2
54.0411 9691 98.4429
54.1573 10150 100.747
54.2735 0 1
54.3896 0 1
54.5057 0 1
54.6217 0 1
54.7377 0 1
54.8537 0 1
54.9695 0 1
55.0853 0 1
55.2011 0 1
55.3168 0 1
55.4324 0 1
57.824 0 1
57.9396 0 1
58.0553 0 1
58.1711 0 1
58.2869 0 1
58.4028 0 1
58.5187 0 1
58.6347 0 1
58.7508 0 1
58.8669 0 1
58.983 12095 109.977
59.0992 11819 108.715
59.2155 11850 108.858
59.3318 11843 108.826
59.4482 11993 109.513
59.5646 12252 110.689
59.681 12559 112.067
59.7975 12425 111.467
59.9141 12614 112.312
60.0306 12432 111.499
60.1473 12162 110.281
60.2639 11981 109.458
60.3807 11602 107.713
60.4974 11653 107.949
60.6142 11304 106.32
60.731 11244 106.038
60.8479 11182 105.745
60.9648 10975 104.762
61.0818 11141 105.551
61.1987 10811 103.976
61.3158 11281 106.212
61.4328 11235 105.995
61.5499 11135 105.523
61.667 11266 106.141
61.7841 11358 106.574
61.9013 11643 107.903
62.0185 11474 107.117
62.1357 11338 106.48
62.253 11635 107.866
62.3702 11707 108.199
62.4875 11310 106.348
62.6049 11009 104.924
62.7222 11130 105.499
62.8396 11549 107.466
62.9569 11463 107.065
63.0743 11639 107.884
63.1918 11672 108.037
63.3092 11688 108.111
63.4267 11621 107.801
63.5441 11441 106.963
63.6616 11211 105.882
63.7791 10869 104.254
63.8966 10736 103.615
64.0142 10608 102.995
64.1317 10429 102.122
64.2492 10269 101.336
64.3668 10073 100.364
64.4843 10000 100
64.6019 10156 100.777
64.7195 10095 100.474
64.837 10295 101.464
64.9546 10189 100.941
65.0722 10301 101.494
65.1898 10307 101.523
65.3074 10511 102.523
65.4249 10385 101.907
65.5425 10434 102.147
65.6601 10624 103.073
65.7777 10756 103.711
65.8952 11018 104.967
66.0128 10592 102.917
66.1304 10502 102.479
66.2479 10111 100.553
66.3655 10146 100.727
66.483 10379 101.877
66.6005 10919 104.494
66.718 10957 104.676
66.8355 11020 104.976
66.953 11189 105.778
67.0705 11286 106.236
67.1879 10581 102.864
67.3054 10405 102.005
67.4228 10207 101.03
67.5402 10055 100.275
67.6576 9810 99.0454
67.7749 9776 98.8737
67.8923 9805 99.0202
68.0096 9820 99.0959
68.1269 9757 98.7775
68.2442 10116 100.578
68.3614 10333 101.651
68.4787 10278 101.38
68.5958 10383 101.897
68.713 10268 101.331
68.8302 10094 100.469
68.9473 10314 101.558
69.0643 10194 100.965
69.1814 10461 102.279
69.2984 10538 102.655
69.4154 10712 103.499
69.5323 11062 105.176
69.6492 11168 105.679
69.7661 11260 106.113
69.8829 10719 103.533
69.9997 10747 103.668
70.1165 10688 103.383
70.2332 11009 104.924
70.3499 11123 105.466
70.4665 11464 107.07
70.5831 11248 106.057
70.6996 10907 104.437
70.8161 10710 103.489
70.9326 10344 101.705
71.049 10252 101.252
71.1653 10060 100.3
71.2817 9926 99.6293
71.3979 9664 98.3056
71.5141 9584 97.8979
71.6303 9382 96.8607
71.7464 8837 94.0053
71.8624 0 1
71.9784 0 1
72.0944 0 1
72.2102 0 1
72.3261 0 1
72.4418 0 1
72.5575 0 1
72.6732 0 1
75.1054 0 1
75.2209 0 1
75.3365 0 1
75.4521 0 1
75.5678 0 1
75.6835 0 1
75.7993 0 1
75.9151 0 1
76.031 0 1
76.147 9286 96.3639
76.263 9767 98.8281
76.3791 9734 98.661
76.4952 9371 96.8039
76.6113 9477 97.3499
76.7276 9645 98.209
76.8438 9533 97.6371
76.9601 9368 96.7884
77.0765 9565 97.8008
77.1929 9545 97.6985
77.3093 10065 100.324
77.4258 10403 101.995
77.5423 10160 100.797
77.6589 9746 98.7218
77.7755 9546 97.7036
77.8921 9550 97.7241
78.0088 9591 97.9337
78.1256 9322 96.5505
78.2423 9528 97.6115
78.3591 9628 98.1224
78.4759 9608 98.0204
78.5928 9762 98.8028
78.7097 9986 99.93
78.8266 10497 102.455
78.9436 9413 97.0206
79.0606 8605 92.7631
79.1776 8123 90.1277
79.2946 9200 95.9166
79.4117 10095 100.474
79.5288 10357 101.769
79.6459 10367 101.818
79.7631 9846 99.227
79.8802 9016 94.9526
79.9974 8842 94.0319
80.1147 8644 92.9731
80.2319 8767 93.6323
80.3491 8625 92.8709
80.4664 8452 91.9348
80.5837 8366 91.4658
80.701 8580 92.6283
80.8183 8519 92.2984
80.9357 9297 96.421
81.053 9358 96.7368
81.1704 9369 96.7936
81.2877 9011 94.9263
81.4051 8762 93.6056
81.5225 8720 93.3809
81.6399 8450 91.9239
81.7573 8650 93.0054
81.8747 8510 92.2497
81.9922 8707 93.3113
82.1096 8897 94.3239
82.227 9115 95.4725
82.3444 9276 96.312
82.4619 9943 99.7146
82.5793 9626 98.1122
82.6967 9082 95.2995
82.8142 7564 86.9713
82.9316 8414 91.7279
83.049 9488 97.4064
83.1664 9638 98.1733
83.2838 9189 95.8593
83.4012 8866 94.1594
83.5186 8421 91.766
83.636 8360 91.433
83.7534 8261 90.89
83.8708 8128 90.1554
83.9881 8171 90.3936
84.1055 8049 89.7162
84.2228 7965 89.2468
84.3401 7939 89.1011
84.4575 8398 91.6406
84.5747 9000 94.8683
84.692 9056 95.163
84.8093 8892 94.2974
84.9265 8844 94.0425
85.0437 8408 91.6951
85.1609 8384 91.5642
85.2781 8614 92.8116
85.3952 8524 92.3255
85.5123 8444 91.8912
85.6294 8704 93.2952
85.7465 8623 92.8601
85.8636 9014 94.9421
85.9806 9305 96.4624
86.0976 9506 97.4987
86.2145 9505 97.4936
86.3315 7906 88.9157
86.4484 7991 89.3924
86.5652 9183 95.828
86.682 9488 97.4064
86.7988 9381 96.8556
86.9156 8478 92.0761
87.0323 7860 88.6566
87.149 7415 86.1104
87.2657 6954 83.3906
87.3823 6572 81.0679
87.4988 6333 79.5801
87.6154 6496 80.5978
87.7318 6642 81.4985
87.8483 7173 84.6936
87.9647 8290 91.0494
88.081 9747 98.7269
88.1973 11649 107.931
88.3136 12510 111.848
88.4298 12678 112.597
88.546 12553 112.04
88.6621 12532 111.946
88.7781 12924 113.684
88.8942 0 1
89.0101 0 1
89.126 0 1
89.2419 0 1
89.3577 0 1
89.4734 0 1
89.5891 0 1
89.7047 0 1
89.8203 0 1
89.9358 0 1
92.3269 0 1
92.4424 0 1
92.558 0 1
92.6736 0 1
92.7893 0 1
92.905 0 1
93.0208 0 1
93.1366 0 1
93.2525 0 1
93.3685 0 1
93.4845 0 1
93.6005 14285 119.52
93.7167 15097 122.87
93.8328 14869 121.939
93.949 14555 120.644
94.0653 14219 119.243
94.1816 13855 117.707
94.2979 13958 118.144
94.4143 13911 117.945
94.5307 14059 118.571
94.6472 13700 117.047
94.7637 13468 116.052
94.8803 14110 118.786
94.9969 14123 118.84
95.1135 14284 119.516
95.2302 14400 120
95.3469 14132 118.878
95.4637 12859 113.398
95.5805 12093 109.968
95.6973 12470 111.669
95.8142 13923 117.996
95.9311 14124 118.844
96.048 13937 118.055
96.1649 13584 116.55
96.2819 13270 115.195
96.3989 12950 113.798
96.516 12650 112.472
96.633 12414 111.418
96.7501 12520 111.893
96.8673 12351 111.135
96.9844 12310 110.95
97.1016 12029 109.677
97.2188 11952 109.325
97.336 12733 112.841
97.4532 12616 112.321
97.5704 12739 112.867
97.6877 12424 111.463
97.805 11932 109.234
97.9223 11663 107.995
98.0396 11335 106.466
98.1569 11528 107.369
98.2743 11319 106.391
98.3916 11443 106.972
98.509 11717 108.245
98.6264 11488 107.182
98.7438 11812 108.683
98.8612 11791 108.586
98.9786 11821 108.724
99.096 10983 104.8
99.2134 10210 101.045
99.3308 10845 104.139
99.4482 11731 108.31
99.5656 12688 112.641
99.6831 11881 109
99.8005 11532 107.387
99.9179 11246 106.047
100.035 11125 105.475
100.153 10920 104.499
100.27 10795 103.899
100.388 10786 103.856
100.505 10482 102.382
100.622 10524 102.587
100.74 10517 102.552
100.857 10859 104.207
100.975 11170 105.688
101.092 11456 107.033
101.209 11374 106.649
101.327 11089 105.304
101.444 10727 103.571
101.561 10675 103.32
101.679 10580 102.859
101.796 10682 103.354
101.913 10562 102.772
102.03 10854 104.183
102.148 10905 104.427
102.265 11662 107.991
102.382 11137 105.532
102.499 11604 107.722
102.616 10784 103.846
102.733 10239 101.188
102.851 10663 103.262
102.968 11415 106.841
103.085 11603 107.717
103.202 11265 106.137
103.319 10660 103.247
103.436 10295 101.464
103.552 9946 99.7296
103.669 9762 98.8028
103.786 9382 96.8607
103.903 9415 97.0309
104.02 9188 95.8541
104.137 9248 96.1665
104.253 9055 95.1578
104.37 9090 95.3415
104.487 9857 99.2824
104.603 9984 99.92
104.72 9644 98.2039
104.836 9169 95.7549
104.953 9017 94.9579
105.069 9000 94.8683
105.186 9070 95.2365
105.302 8967 94.6942
105.418 9032 95.0368
105.535 8985 94.7892
105.651 9111 95.4516
105.767 9378 96.8401
105.883 9892 99.4585
105.999 9835 99.1716
106.115 0 1
106.231 0 1
106.347 0 1
106.463 0 1
106.579 0 1
106.694 0 1
106.81 0 1
106.926 0 1
107.041 0 1
107.157 0 1
109.576 0 1
109.692 0 1
109.807 0 1
109.923 0 1
110.039 0 1
110.155 0 1
110.27 0 1
110.386 0 1
110.502 0 1
110.618 6170 78.5493
110.735 6720 81.9756
110.851 6984 83.5703
110.967 7418 86.1278
111.083 7676 87.6128
111.199 7672 87.59
111.316 7633 87.367
111.432 7228 85.0176
111.549 6841 82.7103
111.665 6833 82.662
111.782 6517 80.7279
111.898 6173 78.5684
112.015 5836 76.3937
112.132 5605 74.8665
112.248 5357 73.1915
112.365 5305 72.8354
112.482 4903 70.0214
112.599 4758 68.9783
112.716 4728 68.7605
112.832 4670 68.3374
112.949 4607 67.8749
113.066 4718 68.6877
113.183 4728 68.7605
113.3 4563 67.55
113.417 4511 67.164
113.534 4539 67.3721
113.652 4650 68.1909
113.769 4690 68.4836
113.886 4663 68.2862
114.003 4800 69.282
114.12 4911 70.0785
114.238 5193 72.0625
114.355 5352 73.1574
114.472 5728 75.6836
114.589 5968 77.2528
114.707 6115 78.1985
114.824 6039 77.711
114.942 6346 79.6618
115.059 6034 77.6788
115.176 5852 76.4984
115.294 5674 75.326
115.411 5629 75.0267
115.529 5444 73.7835
115.646 5123 71.5751
115.764 4786 69.1809
115.881 4641 68.1249
115.999 4502 67.0969
116.116 4450 66.7083
116.234 4416 66.453
116.351 4388 66.242
116.469 4278 65.4064
116.586 4357 66.0076
116.704 4398 66.3174
116.821 4414 66.4379
116.939 4377 66.1589
117.056 4499 67.0746
117.174 4598 67.8086
117.291 4812 69.3686
117.409 4908 70.0571
117.526 5216 72.2219
117.644 5315 72.904
117.761 5455 73.858
117.879 5429 73.6817
117.996 5420 73.6206
118.114 5670 75.2994
118.231 6110 78.1665
118.349 6327 79.5424
118.466 6560 80.9938
118.584 6716 81.9512
118.701 6749 82.1523
118.819 6454 80.3368
118.936 6261 79.1265
119.053 5981 77.3369
119.171 5945 77.1038
119.288 5756 75.8683
119.405 5599 74.8265
119.523 5364 73.2393
119.64 5445 73.7902
119.757 5305 72.8354
119.875 5010 70.7814
119.992 4897 69.9786
120.109 4738 68.8331
120.226 4759 68.9855
120.343 4644 68.1469
120.46 4690 68.4836
120.578 4656 68.2349
120.695 4796 69.2532
120.812 5004 70.739
120.929 5328 72.9932
121.046 5650 75.1665
121.163 5754 75.8551
121.279 5993 77.4145
121.396 6111 78.1729
121.513 6137 78.339
121.63 5986 77.3692
121.747 5758 75.8815
121.863 5742 75.776
121.98 6153 78.4411
122.097 6851 82.7708
122.213 7179 84.729
122.33 7183 84.7526
122.446 7210 84.9117
122.563 7102 84.2734
122.679 6792 82.4136
122.795 6783 82.359
122.912 6697 81.8352
123.028 6510 80.6846
123.144 6259 79.1138
123.26 6301 79.3788
123.377 0 1
123.493 0 1
123.609 0 1
123.725 0 1
123.84 0 1
123.956 0 1
124.072 0 1
124.188 0 1
124.303 0 1
124.419 0 1
126.852 0 1
126.968 0 1
127.083 0 1
127.199 0 1
127.315 0 1
127.431 0 1
127.547 0 1
127.663 0 1
127.779 0 1
127.895 0 1
128.011 0 1
128.127 0 1
128.243 0 1
128.359 8247 90.813
128.476 8138 90.2109
128.592 7907 88.9213
128.708 7750 88.0341
128.825 7798 88.3063
128.941 7332 85.6271
129.058 7069 84.0773
129.174 6975 83.5165
129.291 6653 81.5659
129.408 6702 81.8657
129.524 6629 81.4187
129.641 6965 83.4566
129.758 7225 85
129.875 7610 87.2353
129.992 7909 88.9326
130.108 8027 89.5935
130.225 8225 90.6918
130.342 8258 90.8735
130.459 7855 88.6284
130.576 7856 88.6341
130.693 7328 85.6037
130.81 7373 85.8662
130.928 7160 84.6168
131.045 7931 89.0562
131.162 8546 92.4446
131.279 9118 95.4882
131.396 9136 95.5824
131.513 9234 96.0937
131.631 9295 96.4106
131.748 9000 94.8683
131.865 9000 94.8683
131.983 8760 93.5949
132.1 8487 92.1249
132.217 8548 92.4554
132.335 8273 90.956
132.452 8044 89.6883
132.57 7781 88.21
132.687 7436 86.2322
132.804 7742 87.9886
132.922 7224 84.9941
133.039 7292 85.3932
133.157 7633 87.367
133.274 7888 88.8144
133.392 8188 90.4876
133.509 8368 91.4768
133.627 8619 92.8386
133.744 8699 93.2684
133.862 8627 92.8816
133.979 8510 92.2497
134.097 8189 90.4931
134.214 8116 90.0888
134.332 7894 88.8482
134.449 7974 89.2973
134.567 8225 90.6918
134.684 8801 93.8136
134.802 9432 97.1185
134.919 9912 99.559
135.037 10070 100.349
135.154 10128 100.638
135.272 10050 100.25
135.389 10077 100.384
135.507 9926 99.6293
135.624 9936 99.6795
135.742 9841 99.2018
135.859 9580 97.8775
135.977 9555 97.7497
136.094 9310 96.4883
136.211 8948 94.5939
136.329 8750 93.5414
136.446 8507 92.2334
136.564 8350 91.3783
136.681 8526 92.3363
136.798 8606 92.7685
136.915 8611 92.7955
137.033 9047 95.1157
137.15 9403 96.9691
137.267 9667 98.3209
137.384 10074 100.369
137.502 9651 98.2395
137.619 9630 98.1326
137.736 9711 98.5444
137.853 9270 96.2808
137.97 9034 95.0474
138.087 9797 98.9798
138.204 9856 99.2774
138.321 10272 101.351
138.438 10887 104.341
138.555 11219 105.92
138.672 11504 107.257
138.788 11809 108.669
138.905 11817 108.706
139.022 11748 108.388
139.139 11843 108.826
139.255 11641 107.893
139.372 11611 107.754
139.488 11540 107.424
139.605 11158 105.631
139.721 11046 105.1
139.838 10818 104.01
139.954 10275 101.366
140.071 9986 99.93
140.187 9988 99.94
140.303 9868 99.3378
140.419 9601 97.9847
140.535 9916 99.5791
140.652 10004 100.02
140.768 0 1
140.884 0 1
141 0 1
141.115 0 1
141.231 0 1
141.347 0 1
141.463 0 1
141.578 0 1
141.694 0 1
144.104 0 1
144.219 0 1
144.335 0 1
144.45 0 1
144.566 0 1
144.682 0 1
144.798 0 1
144.914 0 1
145.03 0 1
145.146 9573 97.8417
145.262 9409 97
145.378 9715 98.5647
145.494 9942 99.7096
145.61 9745 98.7168
145.726 10005 100.025
145.842 10205 101.02
145.959 10364 101.804
146.075 10148 100.737
146.192 9900 99.4987
146.308 9467 97.2985
146.425 9609 98.0255
146.541 9505 97.4936
146.658 9583 97.8928
146.774 9583 97.8928
146.891 9933 99.6644
147.008 10289 101.435
147.125 10570 102.811
147.241 10591 102.913
147.358 10776 103.808
147.475 10723 103.552
147.592 10888 104.346
147.709 11069 105.209
147.826 10891 104.36
147.943 11034 105.043
148.06 10689 103.388
148.177 10767 103.764
148.294 10371 101.838
148.411 10286 101.42
148.528 10035 100.175
148.645 9739 98.6864
148.762 9755 98.7674
148.88 9835 99.1716
148.997 9181 95.8175
149.114 10236 101.173
149.231 9702 98.4987
149.349 9787 98.9293
149.466 9843 99.2119
149.583 9708 98.5292
149.701 9607 98.0153
149.818 9592 97.9388
149.935 9422 97.067
150.053 9280 96.3328
150.17 9407 96.9897
150.287 9308 96.478
150.405 9734 98.661
150.522 9921 99.6042
150.64 10129 100.643
150.757 10138 100.688
150.875 10295 101.464
150.992 10389 101.926
151.11 10007 100.035
151.227 10472 102.333
151.344 10530 102.616
151.462 10533 102.63
151.579 10688 103.383
151.697 10599 102.951
151.814 10852 104.173
151.932 10578 102.849
152.049 10344 101.705
152.167 10163 100.812
152.284 10052 100.26
152.402 10114 100.568
152.519 10021 100.105
152.636 9842 99.2069
152.754 10107 100.534
152.871 10015 100.075
152.989 10101 100.504
153.106 10126 100.628
153.223 10003 100.015
153.341 9995 99.975
153.458 9954 99.7697
153.575 9421 97.0618
153.693 9728 98.6306
153.81 9797 98.9798
153.927 9934 99.6695
154.044 10307 101.523
154.162 10673 103.31
154.279 11078 105.252
154.396 11325 106.419
154.513 11476 107.126
154.63 11455 107.028
154.747 11179 105.731
154.864 11397 106.757
154.981 11463 107.065
155.098 11740 108.351
155.215 11723 108.273
155.332 11704 108.185
155.449 11576 107.592
155.566 11547 107.457
155.683 11348 106.527
155.8 11414 106.836
155.917 10969 104.733
156.033 11000 104.881
156.15 0 1
156.267 0 1
156.383 0 1
156.5 0 1
156.617 0 1
156.733 0 1
156.85 0 1
156.966 0 1
157.082 0 1
157.199 0 1
157.315 0 1
157.431 0 1
157.547 0 1
157.664 0 1
157.78 0 1
157.896 0 1
158.012 0 1
158.128 0 1
158.244 0 1
158.359 0 1
158.475 0 1
158.591 0 1
158.706 0 1
