
6.15755 0 1
6.2731 0 1
6.3887 0 1
6.50437 0 1
6.62009 0 1
6.73587 0 1
6.8517 0 1
6.96759 0 1
7.08353 0 1
7.19952 0 1
7.31557 0 1
7.43166 0 1
7.54781 0 1
7.664 0 1
7.78024 0 1
7.89653 0 1
8.01286 0 1
8.12924 0 1
8.24567 0 1
8.36213 0 1
8.47864 0 1
8.59519 0 1
8.71178 0 1
8.82841 0 1
8.94508 0 1
9.06179 0 1
9.17853 0 1
9.29531 0 1
9.41212 0 1
9.52897 0 1
9.64584 0 1
9.76276 0 1
9.8797 0 1
9.99667 0 1
10.1137 0 1
10.2307 0 1
10.3478 0 1
10.4648 0 1
10.5819 0 1
10.6991 0 1
10.8162 0 1
10.9334 0 1
11.0506 0 1
11.1678 0 1
11.285 0 1
11.4023 0 1
11.5196 0 1
11.6369 0 1
11.7542 0 1
11.8715 0 1
11.9888 0 1
12.1062 0 1
12.2235 0 1
12.3409 0 1
12.4582 0 1
12.5756 0 1
12.693 0 1
12.8104 0 1
12.9278 0 1
13.0452 0 1
13.1626 0 1
13.28 0 1
13.3974 0 1
13.5149 0 1
13.6323 0 1
13.7497 0 1
13.8671 0 1
13.9845 0 1
14.1019 0 1
14.2193 0 1
14.3367 0 1
14.4541 0 1
14.5714 0 1
14.6888 0 1
14.8062 0 1
14.9235 0 1
15.0408 72531 269.316
15.1581 75837 275.385
15.2755 78542 280.253
15.3927 79374 281.734
15.51 78268 279.764
15.6273 77319 278.063
15.7445 76335 276.288
15.8617 77581 278.534
15.9789 78596 280.35
16.0961 79416 281.808
16.2132 79586 282.11
16.3304 79082 281.215
16.4475 78686 280.51
16.5646 78112 279.485
16.6816 77804 278.934
16.7986 77078 277.629
16.9156 77031 277.545
17.0326 75968 275.623
17.1496 76009 275.697
17.2665 74942 273.755
17.3833 76053 275.777
17.5002 75362 274.521
17.617 75404 274.598
17.7338 74256 272.5
17.8505 72448 269.162
17.9672 70835 266.148
18.0839 68669 262.048
18.2005 68768 262.237
18.3171 69384 263.408
18.4337 69620 263.856
18.5502 70867 266.209
18.6666 73639 271.365
18.7831 76153 275.958
18.8994 76096 275.855
19.0158 74266 272.518
19.1321 73255 270.657
19.2483 71395 267.198
19.3645 70358 265.251
19.4806 68963 262.608
19.5967 67901 260.578
19.7128 66137 257.171
19.8288 61261 247.51
19.9447 53349 230.974
20.0606 0 1
20.1764 0 1
20.2922 0 1
20.4079 0 1
20.5236 0 1
20.6392 0 1
20.7548 0 1
20.8702 0 1
23.3078 0 1
23.4233 0 1
23.539 0 1
23.6547 0 1
23.7704 0 1
23.8862 0 1
24.0021 0 1
24.118 0 1
24.234 0 1
24.35 0 1
24.4661 27100 164.621
24.5822 33560 183.194
24.6984 40902 202.242
24.8146 48665 220.601
24.9309 56132 236.922
25.0472 63065 251.127
25.1636 69950 264.481
25.28 75879 275.461
25.3965 80238 283.263
25.513 82827 287.797
25.6296 84391 290.501
25.7462 85351 292.149
25.8628 84937 291.44
25.9795 84974 291.503
26.0962 84844 291.28
26.213 84725 291.076
26.3298 82866 287.865
26.4466 80206 283.207
26.5635 77620 278.604
26.6804 75594 274.944
26.7973 73751 271.571
26.9143 72934 270.063
27.0313 72447 269.16
27.1483 74086 272.187
27.2653 75546 274.856
27.3824 77671 278.695
27.4996 78147 279.548
27.6167 76077 275.821
27.7339 74198 272.393
27.8511 72900 270
27.9683 72595 269.435
28.0855 73320 270.777
28.2028 75014 273.887
28.3201 76017 275.712
28.4374 78155 279.562
28.5547 80487 283.702
28.6721 81456 285.405
28.7894 81138 284.847
28.9068 81766 285.948
29.0242 82136 286.594
29.1416 82033 286.414
29.259 82225 286.749
29.3764 81530 285.535
29.4939 82031 286.411
29.6113 82144 286.608
29.7288 81464 285.419
29.8463 80218 283.228
29.9638 77679 278.71
30.0812 75252 274.321
30.1987 72581 269.409
30.3162 70962 266.387
30.4337 69948 264.477
30.5512 69492 263.613
30.6687 71010 266.477
30.7862 71463 267.326
30.9037 73110 270.389
31.0212 75207 274.239
31.1387 74485 272.919
31.2562 72819 269.85
31.3737 71018 266.492
31.4912 70478 265.477
31.6087 71092 266.631
31.7262 72046 268.414
31.8436 73420 270.961
31.9611 75879 275.461
32.0785 76605 276.776
32.1959 77671 278.695
32.3134 78396 279.993
32.4308 78630 280.41
32.5482 79027 281.117
32.6655 78879 280.854
32.7829 78398 279.996
32.9002 78780 280.678
33.0176 78650 280.446
33.1349 79016 281.098
33.2522 78699 280.533
33.3694 78137 279.53
33.4867 77247 277.933
33.6039 75146 274.128
33.7211 72728 269.681
33.8383 70570 265.65
33.9554 69349 263.342
34.0725 68026 260.818
34.1896 68066 260.895
34.3067 68713 262.132
34.4237 69033 262.741
34.5407 70635 265.772
34.6577 71451 267.303
34.7746 71843 268.035
34.8915 69736 264.076
35.0084 68490 261.706
35.1252 67691 260.175
35.242 68274 261.293
35.3587 68538 261.798
35.4755 69833 264.259
35.5921 71511 267.415
35.7088 73698 271.474
35.8254 75223 274.268
35.9419 76406 276.416
36.0584 77398 278.205
36.1749 77692 278.733
36.2913 76341 276.299
36.4077 74388 272.742
36.524 72032 268.388
36.6403 68899 262.486
36.7565 65466 255.863
36.8727 60423 245.811
36.9889 55391 235.353
37.1049 50154 223.951
37.221 0 1
37.3369 0 1
37.4529 0 1
37.5687 0 1
37.6845 0 1
37.8003 0 1
37.916 0 1
38.0316 0 1
38.1472 0 1
40.5851 0 1
40.7008 0 1
40.8164 0 1
40.9322 0 1
41.048 0 1
41.1639 0 1
41.2798 0 1
41.3958 0 1
41.5118 0 1
41.6279 0 1
41.744 31521 177.542
41.8602 37733 194.25
41.9765 43377 208.271
42.0928 48937 221.217
42.2091 52948 230.104
42.3255 56470 237.634
42.4419 57901 240.626
42.5584 58391 241.642
42.675 57800 240.416
42.7915 57103 238.962
42.9081 56526 237.752
43.0248 56684 238.084
43.1415 57815 240.447
43.2582 57786 240.387
43.375 59879 244.702
43.4918 60844 246.666
43.6087 60882 246.743
43.7256 59267 243.448
43.8425 57879 240.581
43.9595 56644 238
44.0765 56775 238.275
44.1935 57522 239.837
44.3106 57774 240.362
44.4277 58736 242.355
44.5448 60349 245.66
44.6619 61091 247.166
44.7791 62688 250.376
44.8963 63254 251.503
45.0136 64016 253.014
45.1308 64494 253.957
45.2481 64584 254.134
45.3654 64321 253.616
45.4827 64456 253.882
45.6001 64252 253.48
45.7174 64626 254.216
45.8348 63998 252.978
45.9522 63340 251.674
46.0697 62289 249.578
46.1871 60643 246.258
46.3046 59271 243.456
46.422 58227 241.303
46.5395 57281 239.334
46.657 58428 241.719
46.7745 59443 243.809
46.892 60234 245.426
47.0096 61510 248.012
47.1271 63021 251.04
47.2446 63144 251.285
47.3622 61324 247.637
47.4797 59965 244.878
47.5973 59118 243.142
47.7149 58551 241.973
47.8324 58982 242.862
47.95 59532 243.992
48.0675 61770 248.536
48.1851 62006 249.01
48.3027 63335 251.664
48.4202 64951 254.855
48.5378 65361 255.658
48.6554 65969 256.844
48.7729 65835 256.583
48.8904 66073 257.047
49.008 65427 255.787
49.1255 65506 255.941
49.243 65222 255.386
49.3605 64513 253.994
49.478 64154 253.286
49.5955 62156 249.311
49.713 60669 246.311
49.8304 58881 242.654
49.9479 56729 238.179
50.0653 56805 238.338
50.1827 56654 238.021
50.3001 56676 238.067
50.4175 57664 240.133
50.5348 58629 242.134
50.6521 60403 245.77
50.7694 60591 246.152
50.8867 59090 243.084
51.004 58822 242.532
51.1212 57138 239.036
51.2384 57376 239.533
51.3556 58055 240.946
51.4727 58331 241.518
51.5899 59933 244.812
51.707 61782 248.56
51.824 63245 251.486
51.9411 65304 255.546
52.0581 65060 255.069
52.175 65459 255.85
52.2919 64516 254
52.4088 65062 255.073
52.5257 65712 256.344
52.6425 66133 257.163
52.7593 66084 257.068
52.876 66317 257.521
52.9927 65628 256.18
53.1094 64939 254.831
53.226 63898 252.781
53.3426 62339 249.678
53.4591 60011 244.971
53.5756 57830 240.479
53.692 55373 235.315
53.8084 52441 229
53.9248 49054 221.481
54.0411 44958 212.033
54.1573 40572 201.425
54.2735 0 1
54.3896 0 1
54.5057 0 1
54.6217 0 1
54.7377 0 1
54.8537 0 1
54.9695 0 1
55.0853 0 1
55.2011 0 1
55.3168 0 1
55.4324 0 1
57.824 0 1
57.9396 0 1
58.0553 0 1
58.1711 0 1
58.2869 0 1
58.4028 0 1
58.5187 0 1
58.6347 0 1
58.7508 0 1
58.8669 0 1
58.983 39436 198.585
59.0992 47372 217.651
59.2155 54734 233.953
59.3318 61272 247.532
59.4482 67335 259.49
59.5646 71803 267.961
59.681 75159 274.151
59.7975 75672 275.085
59.9141 77440 278.28
60.0306 78082 279.432
60.1473 79146 281.329
60.2639 81273 285.084
60.3807 82892 287.91
60.4974 84583 290.832
60.6142 86766 294.561
60.731 87284 295.439
60.8479 88070 296.766
60.9648 87924 296.52
61.0818 87569 295.921
61.1987 88181 296.953
61.3158 88055 296.741
61.4328 87378 295.598
61.5499 87770 296.26
61.667 87146 295.205
61.7841 86570 294.228
61.9013 85208 291.904
62.0185 82769 287.696
62.1357 81685 285.806
62.253 80156 283.118
62.3702 79942 282.74
62.4875 79673 282.264
62.6049 80383 283.519
62.7222 81771 285.956
62.8396 83105 288.279
62.9569 84304 290.352
63.0743 83864 289.593
63.1918 80784 284.225
63.3092 79507 281.97
63.4267 78402 280.004
63.5441 77991 279.269
63.6616 78397 279.995
63.7791 79456 281.879
63.8966 79995 282.834
64.0142 81662 285.766
64.1317 82863 287.859
64.2492 84369 290.463
64.3668 84210 290.19
64.4843 84791 291.189
64.6019 84455 290.611
64.7195 84188 290.152
64.837 83963 289.764
64.9546 83031 288.151
65.0722 82980 288.062
65.1898 82948 288.007
65.3074 81226 285.002
65.4249 81519 285.515
65.5425 80145 283.099
65.6601 78387 279.977
65.7777 76285 276.197
65.8952 75299 274.407
66.0128 74303 272.586
66.1304 74987 273.838
66.2479 75758 275.242
66.3655 78073 279.415
66.483 79271 281.551
66.6005 80054 282.938
66.718 77678 278.708
66.8355 75472 274.722
66.953 73755 271.579
67.0705 72642 269.522
67.1879 72835 269.88
67.3054 72810 269.833
67.4228 73273 270.69
67.5402 74828 273.547
67.6576 75649 275.044
67.7749 76661 276.877
67.8923 78143 279.541
68.0096 79050 281.158
68.1269 79353 281.697
68.2442 79578 282.096
68.3614 79816 282.517
68.4787 79313 281.626
68.5958 79312 281.624
68.713 79461 281.888
68.8302 78711 280.555
68.9473 78543 280.255
69.0643 77976 279.242
69.1814 77099 277.667
69.2984 76715 276.975
69.4154 75018 273.894
69.5323 73272 270.688
69.6492 72822 269.856
69.7661 73164 270.488
69.8829 74747 273.399
69.9997 75961 275.61
70.1165 77225 277.894
70.2332 77027 277.537
70.3499 73707 271.49
70.4665 68960 262.602
70.5831 64340 253.653
70.6996 59588 244.107
70.8161 55234 235.019
70.9326 50006 223.62
71.049 44782 211.618
71.1653 40899 202.235
71.2817 38532 196.296
71.3979 36017 189.781
71.5141 34178 184.873
71.6303 31786 178.286
71.7464 28090 167.601
71.8624 0 1
71.9784 0 1
72.0944 0 1
72.2102 0 1
72.3261 0 1
72.4418 0 1
72.5575 0 1
72.6732 0 1
75.1054 0 1
75.2209 0 1
75.3365 0 1
75.4521 0 1
75.5678 0 1
75.6835 0 1
75.7993 0 1
75.9151 0 1
76.031 0 1
76.147 40132 200.33
76.263 46676 216.046
76.3791 52940 230.087
76.4952 57420 239.625
76.6113 61442 247.875
76.7276 64855 254.666
76.8438 67288 259.399
76.9601 68645 262.002
77.0765 69315 263.277
77.1929 70445 265.415
77.3093 71113 266.67
77.4258 70822 266.124
77.5423 70703 265.9
77.6589 71505 267.404
77.7755 71599 267.58
77.8921 71575 267.535
78.0088 71038 266.53
78.1256 70035 264.641
78.2423 70067 264.702
78.3591 68859 262.41
78.4759 67976 260.722
78.5928 67525 259.856
78.7097 67858 260.496
78.8266 67467 259.744
78.9436 70132 264.824
79.0606 69854 264.299
79.1776 71386 267.182
79.2946 72911 270.02
79.4117 73216 270.585
79.5288 71144 266.728
79.6459 70168 264.892
79.7631 69406 263.45
79.8802 69425 263.486
79.9974 70302 265.145
80.1147 70232 265.013
80.2319 71459 267.318
80.3491 72941 270.076
80.4664 75353 274.505
80.5837 77358 278.133
80.701 80291 283.357
80.8183 82470 287.176
80.9357 84995 291.539
81.053 85583 292.546
81.1704 85961 293.191
81.2877 87789 296.292
81.4051 88284 297.126
81.5225 86850 294.703
81.6399 87851 296.397
81.7573 84793 291.192
81.8747 85023 291.587
81.9922 83372 288.742
82.1096 85424 292.274
82.227 85582 292.544
82.3444 86459 294.039
82.4619 88107 296.828
82.5793 89427 299.043
82.6967 89095 298.488
82.8142 91404 302.331
82.9316 91944 303.223
83.049 91500 302.49
83.1664 89102 298.5
83.2838 86633 294.335
83.4012 84958 291.476
83.5186 83947 289.736
83.636 84525 290.732
83.7534 84689 291.014
83.8708 84719 291.065
83.9881 85505 292.412
84.1055 87663 296.079
84.2228 89865 299.775
84.3401 92921 304.829
84.4575 95375 308.828
84.5747 97390 312.074
84.692 97747 312.645
84.8093 98633 314.059
84.9265 98256 313.458
85.0437 98031 313.099
85.1609 96211 310.179
85.2781 93319 305.482
85.3952 90927 301.541
85.5123 89182 298.634
85.6294 88690 297.809
85.7465 90013 300.022
85.8636 90563 300.937
85.9806 90305 300.508
86.0976 90462 300.769
86.2145 90057 300.095
86.3315 90567 300.944
86.4484 92381 303.942
86.5652 92251 303.728
86.682 90503 300.837
86.7988 86436 294
86.9156 83186 288.42
87.0323 81257 285.056
87.149 80619 283.935
87.2657 80931 284.484
87.3823 80586 283.877
87.4988 80348 283.457
87.6154 79555 282.055
87.7318 80006 282.853
87.8483 79728 282.361
87.9647 76959 277.415
88.081 73281 270.705
88.1973 68632 261.977
88.3136 62174 249.347
88.4298 55574 235.741
88.546 49730 223.002
88.6621 45558 213.443
88.7781 41148 202.85
88.8942 0 1
89.0101 0 1
89.126 0 1
89.2419 0 1
89.3577 0 1
89.4734 0 1
89.5891 0 1
89.7047 0 1
89.8203 0 1
89.9358 0 1
92.3269 0 1
92.4424 0 1
92.558 0 1
92.6736 0 1
92.7893 0 1
92.905 0 1
93.0208 0 1
93.1366 0 1
93.2525 0 1
93.3685 0 1
93.4845 0 1
93.6005 44881 211.851
93.7167 52521 229.175
93.8328 60100 245.153
93.949 65807 256.529
94.0653 70037 264.645
94.1816 72917 270.031
94.2979 74123 272.255
94.4143 74365 272.699
94.5307 74980 273.825
94.6472 73970 271.974
94.7637 74524 272.991
94.8803 73725 271.523
94.9969 73613 271.317
95.1135 72944 270.081
95.2302 72313 268.911
95.3469 71204 266.841
95.4637 71696 267.761
95.5805 71793 267.942
95.6973 72041 268.405
95.8142 70461 265.445
95.9311 67073 258.985
96.048 63989 252.96
96.1649 61533 248.058
96.2819 60504 245.976
96.3989 60697 246.368
96.516 61870 248.737
96.633 64127 253.233
96.7501 66486 257.849
96.8673 68406 261.545
96.9844 70176 264.908
97.1016 71280 266.983
97.2188 72494 269.247
97.336 73808 271.676
97.4532 74143 272.292
97.5704 74192 272.382
97.6877 73962 271.96
97.805 74070 272.158
97.9223 74033 272.09
98.0396 73689 271.457
98.1569 73954 271.945
98.2743 73999 272.028
98.3916 73700 271.477
98.509 73389 270.904
98.6264 74616 273.159
98.7438 74333 272.641
98.8612 73862 271.776
98.9786 73065 270.305
99.096 71832 268.015
99.2134 72259 268.81
99.3308 73629 271.347
99.4482 74478 272.907
99.5656 73054 270.285
99.6831 69970 264.518
99.8005 67274 259.372
99.9179 65928 256.764
100.035 66518 257.911
100.153 67902 260.58
100.27 70519 265.554
100.388 71990 268.31
100.505 72901 270.002
100.622 73889 271.825
100.74 74385 272.736
100.857 75146 274.128
100.975 74784 273.467
101.092 75711 275.156
101.209 75802 275.322
101.327 75712 275.158
101.444 75718 275.169
101.561 75269 274.352
101.679 74887 273.655
101.796 74994 273.85
101.913 74812 273.518
102.03 75499 274.771
102.148 75780 275.282
102.265 74720 273.35
102.382 77328 278.079
102.499 75333 274.469
102.616 74729 273.366
102.733 73993 272.017
102.851 75635 275.018
102.968 75207 274.239
103.085 73929 271.899
103.202 70526 265.567
103.319 66379 257.641
103.436 65469 255.869
103.552 66291 257.47
103.669 67775 260.336
103.786 70164 264.885
103.903 71724 267.813
104.02 73524 271.153
104.137 74618 273.163
104.253 73684 271.448
104.37 77313 278.052
104.487 76637 276.834
104.603 76600 276.767
104.72 76143 275.94
104.836 76640 276.839
104.953 76617 276.798
105.069 76335 276.288
105.186 75932 275.558
105.302 75672 275.085
105.418 72514 269.284
105.535 67982 260.734
105.651 61510 248.012
105.767 53216 230.686
105.883 45986 214.443
105.999 40403 201.005
106.115 0 1
106.231 0 1
106.347 0 1
106.463 0 1
106.579 0 1
106.694 0 1
106.81 0 1
106.926 0 1
107.041 0 1
107.157 0 1
109.576 0 1
109.692 0 1
109.807 0 1
109.923 0 1
110.039 0 1
110.155 0 1
110.27 0 1
110.386 0 1
110.502 0 1
110.618 28687 169.372
110.735 36691 191.549
110.851 43530 208.638
110.967 49316 222.072
111.083 52896 229.991
111.199 57208 239.182
111.316 59763 244.465
111.432 62389 249.778
111.549 62514 250.028
111.665 59642 244.217
111.782 54875 234.254
111.898 52040 228.123
112.015 51361 226.63
112.132 53017 230.254
112.248 55231 235.013
112.365 57436 239.658
112.482 58948 242.792
112.599 61752 248.499
112.716 61324 247.637
112.832 61786 248.568
112.949 60993 246.968
113.066 60968 246.917
113.183 61369 247.728
113.3 61080 247.144
113.417 60845 246.668
113.534 60964 246.909
113.652 60671 246.315
113.769 60722 246.418
113.886 60223 245.404
114.003 59746 244.43
114.12 60026 245.002
114.238 60587 246.144
114.355 61031 247.045
114.472 58951 242.798
114.589 64937 254.827
114.707 61480 247.952
114.824 61200 247.386
114.942 60365 245.693
115.059 60668 246.309
115.176 58771 242.427
115.294 54784 234.06
115.411 50719 225.209
115.529 49516 222.522
115.646 50076 223.777
115.764 52158 228.381
115.881 54193 232.794
115.999 55926 236.487
116.116 57238 239.245
116.234 57996 240.824
116.351 57838 240.495
116.469 58273 241.398
116.586 57501 239.794
116.704 57688 240.183
116.821 57662 240.129
116.939 57968 240.765
117.056 57416 239.616
117.174 57428 239.641
117.291 57416 239.616
117.409 57771 240.356
117.526 57782 240.379
117.644 57475 239.739
117.761 57365 239.51
117.879 57673 240.152
117.996 58095 241.029
118.114 59284 243.483
118.231 59306 243.528
118.349 58154 241.151
118.466 58353 241.564
118.584 57511 239.815
118.701 56768 238.26
118.819 52944 230.096
118.936 48388 219.973
119.053 45095 212.356
119.171 44119 210.045
119.288 46041 214.572
119.405 48397 219.993
119.523 50443 224.595
119.64 52841 229.872
119.757 53403 231.091
119.875 53574 231.461
119.992 53408 231.102
120.109 53117 230.471
120.226 52736 229.643
120.343 52755 229.685
120.46 53273 230.809
120.578 53637 231.597
120.695 53001 230.219
120.812 53063 230.354
120.929 52880 229.957
121.046 52813 229.811
121.163 52825 229.837
121.279 52832 229.852
121.396 52873 229.941
121.513 53211 230.675
121.63 53859 232.075
121.747 54193 232.794
121.863 54464 233.375
121.98 55130 234.798
122.097 54519 233.493
122.213 52701 229.567
122.33 49684 222.899
122.446 44608 211.206
122.563 36649 191.439
122.679 29371 171.38
122.795 24506 156.544
122.912 23190 152.283
123.028 23453 153.144
123.144 24019 154.981
123.26 23690 153.916
123.377 0 1
123.493 0 1
123.609 0 1
123.725 0 1
123.84 0 1
123.956 0 1
124.072 0 1
124.188 0 1
124.303 0 1
124.419 0 1
126.852 0 1
126.968 0 1
127.083 0 1
127.199 0 1
127.315 0 1
127.431 0 1
127.547 0 1
127.663 0 1
127.779 0 1
127.895 0 1
128.011 0 1
128.127 0 1
128.243 0 1
128.359 41768 204.372
128.476 46215 214.977
128.592 50565 224.867
128.708 53227 230.71
128.825 54650 233.773
128.941 55231 235.013
129.058 55195 234.936
129.174 54759 234.006
129.291 54739 233.964
129.408 54351 233.133
129.524 54430 233.302
129.641 53926 232.22
129.758 54009 232.398
129.875 53991 232.36
129.992 54114 232.624
130.108 53930 232.228
130.225 53288 230.842
130.342 53646 231.616
130.459 53172 230.591
130.576 53985 232.347
130.693 53689 231.709
130.81 53194 230.638
130.928 53630 231.582
131.045 52648 229.452
131.162 52639 229.432
131.279 51279 226.449
131.396 49967 223.533
131.513 45811 214.035
131.631 41439 203.566
131.748 37644 194.021
131.865 37353 193.269
131.983 39761 199.402
132.1 43781 209.239
132.217 46941 216.659
132.335 48184 219.509
132.452 48669 220.611
132.57 48743 220.778
132.687 48721 220.728
132.804 47452 217.835
132.922 47520 217.991
133.039 47978 219.039
133.157 48052 219.208
133.274 47135 217.106
133.392 47342 217.582
133.509 47525 218.002
133.627 46830 216.402
133.744 46692 216.083
133.862 45782 213.967
133.979 46018 214.518
134.097 45673 213.712
134.214 45539 213.399
134.332 44955 212.026
134.449 44871 211.828
134.567 44637 211.275
134.684 43840 209.38
134.802 42792 206.862
134.919 41305 203.236
135.037 37856 194.566
135.154 33580 183.248
135.272 30148 173.632
135.389 28958 170.171
135.507 30737 175.32
135.624 34114 184.7
135.742 37045 192.471
135.859 38877 197.173
135.977 39091 197.714
136.094 38958 197.378
136.211 38320 195.755
136.329 37886 194.643
136.446 37921 194.733
136.564 36939 192.195
136.681 36964 192.26
136.798 36868 192.01
136.915 36349 190.654
137.033 36328 190.599
137.15 35889 189.444
137.267 35087 187.315
137.384 34620 186.065
137.502 33987 184.356
137.619 33203 182.217
137.736 33150 182.071
137.853 31935 178.704
137.97 32349 179.858
138.087 31214 176.675
138.204 31200 176.635
138.321 30744 175.34
138.438 30625 175
138.555 29573 171.968
138.672 26729 163.49
138.788 23802 154.279
138.905 22194 148.977
139.022 21633 147.082
139.139 22325 149.416
139.255 24313 155.926
139.372 26298 162.167
139.488 26800 163.707
139.605 25324 159.135
139.721 22615 150.383
139.838 19983 141.361
139.954 18044 134.328
140.071 17431 132.027
140.187 16659 129.07
140.303 16183 127.212
140.419 15881 126.02
140.535 15412 124.145
140.652 14962 122.319
140.768 0 1
140.884 0 1
141 0 1
141.115 0 1
141.231 0 1
141.347 0 1
141.463 0 1
141.578 0 1
141.694 0 1
144.104 0 1
144.219 0 1
144.335 0 1
144.45 0 1
144.566 0 1
144.682 0 1
144.798 0 1
144.914 0 1
145.03 0 1
145.146 28083 167.58
145.262 30530 174.728
145.378 31120 176.409
145.494 31149 176.491
145.61 31921 178.664
145.726 31707 178.065
145.842 32360 179.889
145.959 32277 179.658
146.075 32435 180.097
146.192 32377 179.936
146.308 32274 179.65
146.425 32347 179.853
146.541 32891 181.359
146.658 32780 181.052
146.774 33013 181.695
146.891 32771 181.028
147.008 33548 183.161
147.125 33108 181.956
147.241 33051 181.799
147.358 32483 180.23
147.475 30385 174.313
147.592 27606 166.151
147.709 24935 157.908
147.826 24012 154.958
147.943 24838 157.601
148.06 27814 166.775
148.177 30659 175.097
148.294 32726 180.903
148.411 34211 184.962
148.528 34569 185.927
148.645 34986 187.045
148.762 35493 188.396
148.88 35823 189.27
148.997 36269 190.444
149.114 34922 186.874
149.231 35517 188.46
149.349 36028 189.81
149.466 35768 189.124
149.583 35898 189.468
149.701 36029 189.813
149.818 35902 189.478
149.935 35861 189.37
150.053 36184 190.221
150.17 35822 189.267
150.287 36104 190.011
150.405 36202 190.268
150.522 36375 190.722
150.64 36342 190.636
150.757 36336 190.62
150.875 35891 189.449
150.992 35264 187.787
151.11 33209 182.233
151.227 29679 172.276
151.344 26914 164.055
151.462 25581 159.941
151.579 27052 164.475
151.697 29568 171.953
151.814 32754 180.981
151.932 34920 186.869
152.049 36413 190.822
152.167 36439 190.89
152.284 37071 192.538
152.402 37030 192.432
152.519 36870 192.016
152.636 36971 192.278
152.754 36991 192.33
152.871 37098 192.608
152.989 36955 192.237
153.106 37299 193.129
153.223 37215 192.912
153.341 36797 191.825
153.458 36759 191.726
153.575 36863 191.997
153.693 37155 192.756
153.81 37128 192.686
153.927 37311 193.161
154.044 37263 193.036
154.162 37742 194.273
154.279 37330 193.21
154.396 37478 193.592
154.513 37046 192.473
154.63 36732 191.656
154.747 34438 185.575
154.864 31863 178.502
154.981 29646 172.18
155.098 29382 171.412
155.215 31011 176.099
155.332 33184 182.165
155.449 34995 187.07
155.566 36557 191.199
155.683 36846 191.953
155.8 36837 191.93
155.917 36700 191.572
156.033 36724 191.635
156.15 0 1
156.267 0 1
156.383 0 1
156.5 0 1
156.617 0 1
156.733 0 1
156.85 0 1
156.966 0 1
157.082 0 1
157.199 0 1
157.315 0 1
157.431 0 1
157.547 0 1
157.664 0 1
157.78 0 1
157.896 0 1
158.012 0 1
158.128 0 1
158.244 0 1
158.359 0 1
158.475 0 1
158.591 0 1
158.706 0 1
