
6.15755 0 1
6.2731 0 1
6.3887 0 1
6.50437 0 1
6.62009 0 1
6.73587 0 1
6.8517 0 1
6.96759 0 1
7.08353 0 1
7.19952 0 1
7.31557 0 1
7.43166 0 1
7.54781 0 1
7.664 0 1
7.78024 0 1
7.89653 0 1
8.01286 0 1
8.12924 0 1
8.24567 0 1
8.36213 0 1
8.47864 0 1
8.59519 0 1
8.71178 0 1
8.82841 0 1
8.94508 0 1
9.06179 0 1
9.17853 0 1
9.29531 0 1
9.41212 0 1
9.52897 0 1
9.64584 0 1
9.76276 0 1
9.8797 0 1
9.99667 0 1
10.1137 0 1
10.2307 0 1
10.3478 0 1
10.4648 0 1
10.5819 0 1
10.6991 0 1
10.8162 0 1
10.9334 0 1
11.0506 0 1
11.1678 0 1
11.285 0 1
11.4023 0 1
11.5196 0 1
11.6369 0 1
11.7542 0 1
11.8715 0 1
11.9888 0 1
12.1062 0 1
12.2235 0 1
12.3409 0 1
12.4582 0 1
12.5756 0 1
12.693 0 1
12.8104 0 1
12.9278 0 1
13.0452 0 1
13.1626 0 1
13.28 0 1
13.3974 0 1
13.5149 0 1
13.6323 0 1
13.7497 0 1
13.8671 0 1
13.9845 0 1
14.1019 0 1
14.2193 0 1
14.3367 0 1
14.4541 0 1
14.5714 0 1
14.6888 0 1
14.8062 0 1
14.9235 0 1
15.0408 6702 81.8657
15.1581 6946 83.3427
15.2755 6986 83.5823
15.3927 7096 84.2378
15.51 7150 84.5577
15.6273 6891 83.012
15.7445 6907 83.1084
15.8617 6604 81.265
15.9789 6390 79.9375
16.0961 6412 80.075
16.2132 6175 78.5812
16.3304 6355 79.7183
16.4475 6445 80.2808
16.5646 6330 79.5613
16.6816 6279 79.2401
16.7986 6230 78.9303
16.9156 6001 77.4661
17.0326 5916 76.9155
17.1496 5892 76.7594
17.2665 5647 75.1465
17.3833 5562 74.5788
17.5002 5576 74.6726
17.617 5500 74.162
17.7338 5843 76.4395
17.8505 5863 76.5702
17.9672 6260 79.1202
18.0839 6452 80.3243
18.2005 6625 81.3941
18.3171 6818 82.5712
18.4337 6931 83.2526
18.5502 7013 83.7437
18.6666 6929 83.2406
18.7831 6944 83.3307
18.8994 6965 83.4566
19.0158 6607 81.2835
19.1321 6346 79.6618
19.2483 6102 78.1153
19.3645 6023 77.608
19.4806 5815 76.2561
19.5967 5530 74.364
19.7128 5593 74.7864
19.8288 5525 74.3303
19.9447 5114 71.5122
20.0606 0 1
20.1764 0 1
20.2922 0 1
20.4079 0 1
20.5236 0 1
20.6392 0 1
20.7548 0 1
20.8702 0 1
23.3078 0 1
23.4233 0 1
23.539 0 1
23.6547 0 1
23.7704 0 1
23.8862 0 1
24.0021 0 1
24.118 0 1
24.234 0 1
24.35 0 1
24.4661 5452 73.8377
24.5822 5230 72.3187
24.6984 5267 72.5741
24.8146 5406 73.5255
24.9309 5496 74.135
25.0472 5793 76.1118
25.1636 5987 77.3757
25.28 5758 75.8815
25.3965 6056 77.8203
25.513 6027 77.6338
25.6296 6015 77.5564
25.7462 6042 77.7303
25.8628 5841 76.4264
25.9795 5652 75.1798
26.0962 5534 74.3909
26.213 5441 73.7631
26.3298 5287 72.7118
26.4466 5587 74.7462
26.5635 5559 74.5587
26.6804 5831 76.361
26.7973 5906 76.8505
26.9143 5797 76.138
27.0313 5933 77.026
27.1483 6271 79.1896
27.2653 6003 77.479
27.3824 6245 79.0253
27.4996 6167 78.5302
27.6167 5893 76.7659
27.7339 6043 77.7367
27.8511 5882 76.6942
27.9683 5722 75.6439
28.0855 5479 74.0203
28.2028 5378 73.3348
28.3201 5224 72.2772
28.4374 5300 72.8011
28.5547 5649 75.1598
28.6721 5632 75.0467
28.7894 5707 75.5447
28.9068 5717 75.6108
29.0242 5518 74.2832
29.1416 5588 74.7529
29.259 5355 73.1779
29.3764 5185 72.0069
29.4939 4997 70.6895
29.6113 5050 71.0634
29.7288 4987 70.6187
29.8463 4942 70.2994
29.9638 4995 70.6753
30.0812 5204 72.1388
30.1987 5321 72.9452
30.3162 5469 73.9527
30.4337 5438 73.7428
30.5512 5657 75.213
30.6687 5725 75.6637
30.7862 5743 75.7826
30.9037 5764 75.921
31.0212 5898 76.7984
31.1387 5868 76.6029
31.2562 5790 76.092
31.3737 5722 75.6439
31.4912 5539 74.4245
31.6087 5483 74.0473
31.7262 5260 72.5259
31.8436 5197 72.0902
31.9611 5264 72.5534
32.0785 5290 72.7324
32.1959 5435 73.7225
32.3134 5431 73.6953
32.4308 5516 74.2698
32.5482 5472 73.973
32.6655 5312 72.8835
32.7829 5303 72.8217
32.9002 5229 72.3118
33.0176 5285 72.698
33.1349 4978 70.5549
33.2522 4922 70.157
33.3694 4958 70.4131
33.4867 4865 69.7496
33.6039 4898 69.9857
33.7211 5075 71.239
33.8383 5181 71.9792
33.9554 5303 72.8217
34.0725 5237 72.3671
34.1896 5511 74.2361
34.3067 5562 74.5788
34.4237 5598 74.8198
34.5407 5800 76.1577
34.6577 5697 75.4785
34.7746 5821 76.2955
34.8915 5685 75.3989
35.0084 5649 75.1598
35.1252 5557 74.5453
35.242 5231 72.3257
35.3587 5274 72.6223
35.4755 5097 71.3933
35.5921 5015 70.8167
35.7088 5108 71.4703
35.8254 5059 71.1266
35.9419 5331 73.0137
36.0584 5266 72.5672
36.1749 5409 73.5459
36.2913 5241 72.3948
36.4077 5258 72.5121
36.524 5115 71.5192
36.6403 5011 70.7884
36.7565 4805 69.3181
36.8727 4778 69.1231
36.9889 4696 68.5274
37.1049 4613 67.9191
37.221 0 1
37.3369 0 1
37.4529 0 1
37.5687 0 1
37.6845 0 1
37.8003 0 1
37.916 0 1
38.0316 0 1
38.1472 0 1
40.5851 0 1
40.7008 0 1
40.8164 0 1
40.9322 0 1
41.048 0 1
41.1639 0 1
41.2798 0 1
41.3958 0 1
41.5118 0 1
41.6279 0 1
41.744 4030 63.4823
41.8602 4211 64.8922
41.9765 4145 64.3817
42.0928 4004 63.2772
42.2091 3991 63.1744
42.3255 3935 62.7296
42.4419 3924 62.6418
42.5584 3945 62.8092
42.675 4003 63.2693
42.7915 4227 65.0154
42.9081 4161 64.5058
43.0248 4268 65.3299
43.1415 4267 65.3223
43.2582 4346 65.9242
43.375 4384 66.2118
43.4918 4486 66.9776
43.6087 4589 67.7422
43.7256 4348 65.9394
43.8425 4275 65.3835
43.9595 4246 65.1613
44.0765 4238 65.0999
44.1935 3971 63.0159
44.3106 3766 61.3677
44.4277 3689 60.7371
44.5448 3484 59.0254
44.6619 3508 59.2284
44.7791 3519 59.3212
44.8963 3623 60.1914
45.0136 3607 60.0583
45.1308 3432 58.5833
45.2481 3565 59.7076
45.3654 3457 58.7963
45.4827 3323 57.6455
45.6001 3351 57.8878
45.7174 3125 55.9017
45.8348 3116 55.8211
45.9522 3162 56.2317
46.0697 3074 55.4437
46.1871 3076 55.4617
46.3046 3150 56.1249
46.422 3239 56.9122
46.5395 3177 56.3649
46.657 3230 56.8331
46.7745 3330 57.7062
46.892 3343 57.8187
47.0096 3351 57.8878
47.1271 3242 56.9386
47.2446 3322 57.6368
47.3622 3437 58.6259
47.4797 3223 56.7715
47.5973 3121 55.8659
47.7149 3041 55.1453
47.8324 2888 53.7401
47.95 2845 53.3385
48.0675 2750 52.4404
48.1851 2795 52.8678
48.3027 2768 52.6118
48.4202 2982 54.6077
48.5378 2863 53.507
48.6554 2967 54.4702
48.7729 2953 54.3415
48.8904 2918 54.0185
49.008 2788 52.8015
49.1255 2844 53.3292
49.243 2813 53.0377
49.3605 2819 53.0943
49.478 2679 51.7591
49.5955 2759 52.5262
49.713 2741 52.3546
49.8304 2980 54.5894
49.9479 3019 54.9454
50.0653 3068 55.3895
50.1827 3239 56.9122
50.3001 3231 56.8419
50.4175 3328 57.6888
50.5348 3373 58.0775
50.6521 3475 58.9491
50.7694 3503 59.1861
50.8867 3471 58.9152
51.004 3578 59.8164
51.1212 3735 61.1146
51.2384 3676 60.63
51.3556 3682 60.6795
51.4727 3499 59.1523
51.5899 3521 59.338
51.707 3520 59.3296
51.824 3661 60.5062
51.9411 3934 62.7216
52.0581 4108 64.0937
52.175 4049 63.6318
52.2919 4175 64.6142
52.4088 4071 63.8044
52.5257 4199 64.7997
52.6425 4186 64.6993
52.7593 4184 64.6838
52.876 4124 64.2184
52.9927 4076 63.8436
53.1094 4170 64.5755
53.226 4127 64.2417
53.3426 4075 63.8357
53.4591 4295 65.5362
53.5756 4566 67.5722
53.692 4715 68.6659
53.8084 4918 70.1285
53.9248 4947 70.3349
54.0411 4872 69.7997
54.1573 4938 70.2709
54.2735 0 1
54.3896 0 1
54.5057 0 1
54.6217 0 1
54.7377 0 1
54.8537 0 1
54.9695 0 1
55.0853 0 1
55.2011 0 1
55.3168 0 1
55.4324 0 1
57.824 0 1
57.9396 0 1
58.0553 0 1
58.1711 0 1
58.2869 0 1
58.4028 0 1
58.5187 0 1
58.6347 0 1
58.7508 0 1
58.8669 0 1
58.983 5799 76.1512
59.0992 5984 77.3563
59.2155 6282 79.2591
59.3318 6230 78.9303
59.4482 6285 79.278
59.5646 6458 80.3617
59.681 6496 80.5978
59.7975 6290 79.3095
59.9141 6156 78.4602
60.0306 6115 78.1985
60.1473 6094 78.0641
60.2639 5904 76.8375
60.3807 5672 75.3127
60.4974 5486 74.0675
60.6142 5631 75.04
60.731 5791 76.0986
60.8479 5894 76.7724
60.9648 5982 77.3434
61.0818 5913 76.896
61.1987 5800 76.1577
61.3158 5827 76.3348
61.4328 5595 74.7997
61.5499 5488 74.081
61.667 5281 72.6705
61.7841 5214 72.208
61.9013 5259 72.519
62.0185 5194 72.0694
62.1357 5340 73.0753
62.253 5388 73.403
62.3702 5684 75.3923
62.4875 5637 75.08
62.6049 5615 74.9333
62.7222 5666 75.2728
62.8396 5749 75.8222
62.9569 5713 75.5844
63.0743 5711 75.5712
63.1918 5751 75.8353
63.3092 5639 75.0933
63.4267 5654 75.1931
63.5441 5462 73.9053
63.6616 5554 74.5252
63.7791 5285 72.698
63.8966 5069 71.1969
64.0142 4975 70.5337
64.1317 5000 70.7107
64.2492 5238 72.374
64.3668 5442 73.7699
64.4843 5368 73.2666
64.6019 5330 73.0068
64.7195 5233 72.3395
64.837 5263 72.5465
64.9546 5223 72.2703
65.0722 5173 71.9236
65.1898 5121 71.5612
65.3074 5122 71.5681
65.4249 4890 69.9285
65.5425 4952 70.3704
65.6601 4995 70.6753
65.7777 5025 70.8872
65.8952 5027 70.9013
66.0128 5274 72.6223
66.1304 5164 71.861
66.2479 5391 73.4234
66.3655 5402 73.4983
66.483 5548 74.4849
66.6005 5447 73.8038
66.718 5663 75.2529
66.8355 5613 74.92
66.953 5488 74.081
67.0705 5641 75.1066
67.1879 5545 74.4648
67.3054 5508 74.2159
67.4228 5303 72.8217
67.5402 5097 71.3933
67.6576 4927 70.1926
67.7749 4966 70.4699
67.8923 5263 72.5465
68.0096 5408 73.5391
68.1269 5554 74.5252
68.2442 5553 74.5185
68.3614 5596 74.8064
68.4787 5509 74.2226
68.5958 5687 75.4122
68.713 5675 75.3326
68.8302 5525 74.3303
68.9473 5487 74.0743
69.0643 5362 73.2257
69.1814 5068 71.1899
69.2984 5122 71.5681
69.4154 5320 72.9383
69.5323 5472 73.973
69.6492 5654 75.1931
69.7661 5831 76.361
69.8829 5743 75.7826
69.9997 5665 75.2662
70.1165 6036 77.6917
70.2332 5925 76.974
70.3499 6079 77.9679
70.4665 6207 78.7845
70.5831 5972 77.2787
70.6996 6129 78.2879
70.8161 6097 78.0833
70.9326 6129 78.2879
71.049 6020 77.5887
71.1653 5784 76.0526
71.2817 5489 74.0878
71.3979 5109 71.4773
71.5141 5269 72.5879
71.6303 5293 72.753
71.7464 5271 72.6017
71.8624 0 1
71.9784 0 1
72.0944 0 1
72.2102 0 1
72.3261 0 1
72.4418 0 1
72.5575 0 1
72.6732 0 1
75.1054 0 1
75.2209 0 1
75.3365 0 1
75.4521 0 1
75.5678 0 1
75.6835 0 1
75.7993 0 1
75.9151 0 1
76.031 0 1
76.147 5834 76.3806
76.263 6217 78.848
76.3791 6211 78.8099
76.4952 5988 77.3822
76.6113 5737 75.743
76.7276 5708 75.5513
76.8438 5921 76.948
76.9601 6241 79
77.0765 6518 80.7341
77.1929 6406 80.0375
77.3093 6580 81.1172
77.4258 6279 79.2401
77.5423 6442 80.2621
77.6589 6497 80.604
77.7755 6364 79.7747
77.8921 6020 77.5887
78.0088 6037 77.6981
78.1256 5892 76.7594
78.2423 5653 75.1864
78.3591 5513 74.2496
78.4759 5747 75.809
78.5928 5846 76.4591
78.7097 6083 77.9936
78.8266 6000 77.4597
78.9436 6341 79.6304
79.0606 6257 79.1012
79.1776 6341 79.6304
79.2946 6479 80.4922
79.4117 6341 79.6304
79.5288 6576 81.0925
79.6459 6472 80.4487
79.7631 6183 78.6321
79.8802 6312 79.4481
79.9974 6094 78.0641
80.1147 6089 78.032
80.2319 5699 75.4917
80.3491 5585 74.7329
80.4664 5787 76.0723
80.5837 6024 77.6144
80.701 6156 78.4602
80.8183 6001 77.4661
80.9357 5927 76.987
81.053 5921 76.948
81.1704 6064 77.8717
81.2877 5985 77.3628
81.4051 6114 78.1921
81.5225 5813 76.243
81.6399 5504 74.1889
81.7573 5706 75.5381
81.8747 5481 74.0338
81.9922 5192 72.0555
82.1096 5279 72.6567
82.227 5577 74.6793
82.3444 5578 74.686
82.4619 5776 76
82.5793 5980 77.3305
82.6967 5918 76.9285
82.8142 6104 78.1281
82.9316 6257 79.1012
83.049 6128 78.2815
83.1664 6103 78.1217
83.2838 6063 77.8653
83.4012 6068 77.8974
83.5186 6185 78.6448
83.636 5912 76.8895
83.7534 5865 76.5833
83.8708 5527 74.3438
83.9881 5336 73.0479
84.1055 5461 73.8986
84.2228 5636 75.0733
84.3401 5953 77.1557
84.4575 6148 78.4092
84.5747 6054 77.8075
84.692 6055 77.8139
84.8093 6149 78.4156
84.9265 6225 78.8987
85.0437 6238 78.981
85.1609 5858 76.5376
85.2781 5704 75.5248
85.3952 5570 74.6324
85.5123 5450 73.8241
85.6294 5230 72.3187
85.7465 5798 76.1446
85.8636 5793 76.1118
85.9806 6060 77.846
86.0976 6243 79.0127
86.2145 6307 79.4166
86.3315 6229 78.924
86.4484 6585 81.148
86.5652 6481 80.5047
86.682 6561 81
86.7988 6655 81.5782
86.9156 6638 81.4739
87.0323 6587 81.1603
87.149 6444 80.2745
87.2657 6443 80.2683
87.3823 6316 79.4733
87.4988 6100 78.1025
87.6154 5892 76.7594
87.7318 5995 77.4274
87.8483 6292 79.3221
87.9647 6420 80.1249
88.081 6468 80.4239
88.1973 6356 79.7245
88.3136 6266 79.1581
88.4298 6503 80.6412
88.546 6725 82.0061
88.6621 6593 81.1973
88.7781 6240 78.9937
88.8942 0 1
89.0101 0 1
89.126 0 1
89.2419 0 1
89.3577 0 1
89.4734 0 1
89.5891 0 1
89.7047 0 1
89.8203 0 1
89.9358 0 1
92.3269 0 1
92.4424 0 1
92.558 0 1
92.6736 0 1
92.7893 0 1
92.905 0 1
93.0208 0 1
93.1366 0 1
93.2525 0 1
93.3685 0 1
93.4845 0 1
93.6005 5962 77.214
93.7167 6271 79.1896
93.8328 6281 79.2528
93.949 6243 79.0127
94.0653 5899 76.8049
94.1816 5862 76.5637
94.2979 5811 76.2299
94.4143 5500 74.162
94.5307 5276 72.6361
94.6472 5427 73.6682
94.7637 5658 75.2197
94.8803 5978 77.3175
94.9969 5996 77.4338
95.1135 6065 77.8781
95.2302 6224 78.8923
95.3469 6274 79.2086
95.4637 6308 79.4229
95.5805 6310 79.4355
95.6973 6462 80.3866
95.8142 6567 81.037
95.9311 6481 80.5047
96.048 6431 80.1935
96.1649 6317 79.4796
96.2819 6361 79.7559
96.3989 6283 79.2654
96.516 6010 77.5242
96.633 5729 75.6902
96.7501 5685 75.3989
96.8673 5785 76.0592
96.9844 5939 77.0649
97.1016 6137 78.339
97.2188 6059 77.8396
97.336 6121 78.2368
97.4532 6176 78.5875
97.5704 6248 79.0443
97.6877 6266 79.1581
97.805 6159 78.4793
97.9223 5808 76.2102
98.0396 5750 75.8288
98.1569 5376 73.3212
98.2743 5256 72.4983
98.3916 5410 73.5527
98.509 5661 75.2396
98.6264 5665 75.2662
98.7438 5827 76.3348
98.8612 6058 77.8332
98.9786 6044 77.7432
99.096 6152 78.4347
99.2134 6037 77.6981
99.3308 6306 79.4103
99.4482 6205 78.7718
99.5656 6129 78.2879
99.6831 6006 77.4984
99.8005 5906 76.8505
99.9179 5910 76.8765
100.035 5760 75.8947
100.153 5752 75.8419
100.27 5493 74.1148
100.388 5348 73.13
100.505 5480 74.027
100.622 5841 76.4264
100.74 5889 76.7398
100.857 5793 76.1118
100.975 5937 77.0519
101.092 6129 78.2879
101.209 6082 77.9872
101.327 6342 79.6367
101.444 6019 77.5822
101.561 5838 76.4068
101.679 5741 75.7694
101.796 5458 73.8783
101.913 5533 74.3841
102.03 5444 73.7835
102.148 5838 76.4068
102.265 5590 74.7663
102.382 6585 81.148
102.499 6161 78.492
102.616 6386 79.9125
102.733 6449 80.3057
102.851 6425 80.1561
102.968 6494 80.5854
103.085 6492 80.5729
103.202 6593 81.1973
103.319 6406 80.0375
103.436 6539 80.8641
103.552 6477 80.4798
103.669 5967 77.2464
103.786 5860 76.5506
103.903 6063 77.8653
104.02 6051 77.7882
104.137 6113 78.1857
104.253 6307 79.4166
104.37 6492 80.5729
104.487 6449 80.3057
104.603 6569 81.0494
104.72 6640 81.4862
104.836 6673 81.6884
104.953 6565 81.0247
105.069 6255 79.0886
105.186 5925 76.974
105.302 5718 75.6175
105.418 5592 74.7797
105.535 5856 76.5245
105.651 6229 78.924
105.767 6202 78.7528
105.883 6458 80.3617
105.999 6492 80.5729
106.115 0 1
106.231 0 1
106.347 0 1
106.463 0 1
106.579 0 1
106.694 0 1
106.81 0 1
106.926 0 1
107.041 0 1
107.157 0 1
109.576 0 1
109.692 0 1
109.807 0 1
109.923 0 1
110.039 0 1
110.155 0 1
110.27 0 1
110.386 0 1
110.502 0 1
110.618 5266 72.5672
110.735 5427 73.6682
110.851 5658 75.2197
110.967 5741 75.7694
111.083 5877 76.6616
111.199 5944 77.0973
111.316 6110 78.1665
111.432 6137 78.339
111.549 5921 76.948
111.665 5899 76.8049
111.782 5985 77.3628
111.898 5701 75.505
112.015 5644 75.1266
112.132 5517 74.2765
112.248 5282 72.6774
112.365 5116 71.5262
112.482 5044 71.0211
112.599 4998 70.6965
112.716 5153 71.7844
112.832 5259 72.519
112.949 5360 73.212
113.066 5261 72.5328
113.183 5408 73.5391
113.3 5454 73.8512
113.417 5515 74.263
113.534 5278 72.6498
113.652 4983 70.5904
113.769 4957 70.406
113.886 4739 68.8404
114.003 4528 67.2904
114.12 4525 67.2681
114.238 4755 68.9565
114.355 4826 69.4694
114.472 5112 71.4983
114.589 4867 69.7639
114.707 5082 71.2881
114.824 5082 71.2881
114.942 5126 71.5961
115.059 5020 70.852
115.176 5076 71.2461
115.294 5070 71.2039
115.411 4845 69.606
115.529 4709 68.6222
115.646 4599 67.8159
115.764 4359 66.0227
115.881 4164 64.5291
115.999 4083 63.8984
116.116 4117 64.1639
116.234 4224 64.9923
116.351 4290 65.4981
116.469 4245 65.1537
116.586 4361 66.0379
116.704 4385 66.2193
116.821 4459 66.7757
116.939 4446 66.6783
117.056 4414 66.4379
117.174 4399 66.325
117.291 4144 64.3739
117.409 3848 62.0322
117.526 3883 62.3137
117.644 3681 60.6712
117.761 3908 62.514
117.879 4007 63.3009
117.996 4080 63.8749
118.114 4342 65.8939
118.231 4469 66.8506
118.349 4320 65.7267
118.466 4369 66.0984
118.584 4544 67.4092
118.701 4446 66.6783
118.819 4411 66.4154
118.936 4473 66.8805
119.053 4292 65.5134
119.171 4346 65.9242
119.288 4325 65.7647
119.405 4195 64.7688
119.523 3982 63.1031
119.64 3855 62.0886
119.757 4063 63.7417
119.875 4076 63.8436
119.992 4182 64.6684
120.109 4313 65.6734
120.226 4366 66.0757
120.343 4560 67.5278
120.46 4706 68.6003
120.578 4719 68.695
120.695 4907 70.05
120.812 4666 68.3081
120.929 4576 67.6461
121.046 4349 65.9469
121.163 4353 65.9773
121.279 4155 64.4593
121.396 4298 65.5591
121.513 4587 67.7274
121.63 4817 69.4046
121.747 4948 70.342
121.863 5036 70.9648
121.98 5243 72.4086
122.097 5246 72.4293
122.213 5287 72.7118
122.33 5260 72.5259
122.446 5266 72.5672
122.563 5309 72.8629
122.679 5140 71.6938
122.795 5228 72.3049
122.912 5187 72.0208
123.028 4974 70.5266
123.144 4869 69.7782
123.26 4651 68.1982
123.377 0 1
123.493 0 1
123.609 0 1
123.725 0 1
123.84 0 1
123.956 0 1
124.072 0 1
124.188 0 1
124.303 0 1
124.419 0 1
126.852 0 1
126.968 0 1
127.083 0 1
127.199 0 1
127.315 0 1
127.431 0 1
127.547 0 1
127.663 0 1
127.779 0 1
127.895 0 1
128.011 0 1
128.127 0 1
128.243 0 1
128.359 6008 77.5113
128.476 5959 77.1946
128.592 5614 74.9266
128.708 5374 73.3076
128.825 5437 73.736
128.941 5454 73.8512
129.058 5633 75.0533
129.174 5824 76.3151
129.291 6009 77.5177
129.408 6041 77.7239
129.524 6077 77.9551
129.641 6222 78.8797
129.758 6004 77.4855
129.875 6195 78.7083
129.992 5869 76.6094
130.108 5618 74.9533
130.225 5336 73.0479
130.342 5313 72.8903
130.459 5343 73.0958
130.576 5372 73.2939
130.693 5658 75.2197
130.81 5888 76.7333
130.928 5852 76.4984
131.045 5964 77.2269
131.162 6065 77.8781
131.279 6092 78.0513
131.396 6010 77.5242
131.513 6040 77.7174
131.631 5984 77.3563
131.748 5927 76.987
131.865 5729 75.6902
131.983 5676 75.3392
132.1 5556 74.5386
132.217 5322 72.952
132.335 5102 71.4283
132.452 5323 72.9589
132.57 5380 73.3485
132.687 5303 72.8217
132.804 5761 75.9013
132.922 5747 75.809
133.039 5807 76.2037
133.157 5765 75.9276
133.274 5880 76.6812
133.392 5987 77.3757
133.509 5715 75.5976
133.627 5548 74.4849
133.744 5141 71.7008
133.862 5158 71.8192
133.979 4915 70.1071
134.097 5410 73.5527
134.214 5596 74.8064
134.332 5424 73.6478
134.449 5920 76.9415
134.567 5743 75.7826
134.684 5852 76.4984
134.802 5757 75.8749
134.919 5863 76.5702
135.037 5832 76.3675
135.154 5536 74.4043
135.272 5400 73.4847
135.389 5365 73.2462
135.507 5235 72.3533
135.624 5122 71.5681
135.742 4944 70.3136
135.859 4646 68.1616
135.977 4624 68
136.094 4724 68.7314
136.211 4617 67.9485
136.329 4841 69.5773
136.446 4807 69.3325
136.564 4830 69.4982
136.681 4954 70.3847
136.798 5080 71.2741
136.915 5088 71.3302
137.033 4906 70.0428
137.15 4888 69.9142
137.267 4536 67.3498
137.384 4413 66.4304
137.502 4364 66.0606
137.619 4287 65.4752
137.736 4608 67.8823
137.853 4647 68.1689
137.97 4858 69.6994
138.087 5172 71.9166
138.204 5129 71.617
138.321 5204 72.1388
138.438 5445 73.7902
138.555 5512 74.2428
138.672 5601 74.8398
138.788 5506 74.2024
138.905 5498 74.1485
139.022 5509 74.2226
139.139 5341 73.0821
139.255 5316 72.9109
139.372 5225 72.2842
139.488 5003 70.7319
139.605 5033 70.9436
139.721 5160 71.8331
139.838 5181 71.9792
139.954 5472 73.973
140.071 5480 74.027
140.187 5774 75.9868
140.303 5799 76.1512
140.419 5922 76.9545
140.535 6188 78.6638
140.652 5957 77.1816
140.768 0 1
140.884 0 1
141 0 1
141.115 0 1
141.231 0 1
141.347 0 1
141.463 0 1
141.578 0 1
141.694 0 1
144.104 0 1
144.219 0 1
144.335 0 1
144.45 0 1
144.566 0 1
144.682 0 1
144.798 0 1
144.914 0 1
145.03 0 1
145.146 7544 86.8562
145.262 8403 91.6679
145.378 8947 94.5886
145.494 9491 97.4218
145.61 9819 99.0909
145.726 10391 101.936
145.842 10594 102.927
145.959 10571 102.815
146.075 10648 103.189
146.192 10479 102.367
146.308 10203 101.01
146.425 10802 103.933
146.541 11523 107.345
146.658 12685 112.628
146.774 13421 115.849
146.891 14795 121.635
147.008 15575 124.8
147.125 16723 129.317
147.241 17144 130.935
147.358 18161 134.763
147.475 18275 135.185
147.592 18448 135.823
147.709 18225 135
147.826 18529 136.121
147.943 18667 136.627
148.06 18392 135.617
148.177 18108 134.566
148.294 17814 133.469
148.411 17798 133.409
148.528 18276 135.189
148.645 18808 137.142
148.762 19301 138.928
148.88 19951 141.248
148.997 21530 146.731
149.114 19590 139.964
149.231 20582 143.464
149.349 20549 143.349
149.466 20571 143.426
149.583 19615 140.054
149.701 18200 134.907
149.818 17411 131.951
149.935 16532 128.577
150.053 16328 127.781
150.17 16955 130.211
150.287 17876 133.701
150.405 18535 136.143
150.522 19049 138.018
150.64 19525 139.732
150.757 19750 140.535
150.875 19824 140.798
150.992 20115 141.827
151.11 20313 142.524
151.227 19917 141.128
151.344 19850 140.89
151.462 19388 139.241
151.579 19060 138.058
151.697 18675 136.657
151.814 18329 135.385
151.932 18206 134.93
152.049 18206 134.93
152.167 18670 136.638
152.284 19387 139.237
152.402 19993 141.397
152.519 21039 145.048
152.636 21596 146.956
152.754 22132 148.768
152.871 21933 148.098
152.989 22110 148.694
153.106 21951 148.159
153.223 20638 143.659
153.341 19942 141.216
153.458 18781 137.044
153.575 18187 134.859
153.693 18315 135.333
153.81 19076 138.116
153.927 20143 141.926
154.044 21277 145.866
154.162 21822 147.723
154.279 22368 149.559
154.396 23334 152.755
154.513 23788 154.234
154.63 23876 154.519
154.747 23879 154.528
154.864 23950 154.758
154.981 23709 153.977
155.098 23227 152.404
155.215 23191 152.286
155.332 22903 151.337
155.449 22492 149.973
155.566 22223 149.074
155.683 22498 149.993
155.8 22989 151.621
155.917 23820 154.337
156.033 24908 157.823
156.15 0 1
156.267 0 1
156.383 0 1
156.5 0 1
156.617 0 1
156.733 0 1
156.85 0 1
156.966 0 1
157.082 0 1
157.199 0 1
157.315 0 1
157.431 0 1
157.547 0 1
157.664 0 1
157.78 0 1
157.896 0 1
158.012 0 1
158.128 0 1
158.244 0 1
158.359 0 1
158.475 0 1
158.591 0 1
158.706 0 1
