
6.15755 0 1
6.2731 0 1
6.3887 0 1
6.50437 0 1
6.62009 0 1
6.73587 0 1
6.8517 0 1
6.96759 0 1
7.08353 0 1
7.19952 0 1
7.31557 0 1
7.43166 0 1
7.54781 0 1
7.664 0 1
7.78024 0 1
7.89653 0 1
8.01286 0 1
8.12924 0 1
8.24567 0 1
8.36213 0 1
8.47864 0 1
8.59519 0 1
8.71178 0 1
8.82841 0 1
8.94508 0 1
9.06179 0 1
9.17853 0 1
9.29531 0 1
9.41212 0 1
9.52897 0 1
9.64584 0 1
9.76276 0 1
9.8797 0 1
9.99667 0 1
10.1137 0 1
10.2307 0 1
10.3478 0 1
10.4648 0 1
10.5819 0 1
10.6991 0 1
10.8162 0 1
10.9334 0 1
11.0506 0 1
11.1678 0 1
11.285 0 1
11.4023 0 1
11.5196 0 1
11.6369 0 1
11.7542 0 1
11.8715 0 1
11.9888 0 1
12.1062 0 1
12.2235 0 1
12.3409 0 1
12.4582 0 1
12.5756 0 1
12.693 0 1
12.8104 0 1
12.9278 0 1
13.0452 0 1
13.1626 0 1
13.28 0 1
13.3974 0 1
13.5149 0 1
13.6323 0 1
13.7497 0 1
13.8671 0 1
13.9845 0 1
14.1019 0 1
14.2193 0 1
14.3367 0 1
14.4541 0 1
14.5714 0 1
14.6888 0 1
14.8062 0 1
14.9235 0 1
15.0408 0 0
15.1581 0 0
15.2755 0 0
15.3927 0 0
15.51 0 0
15.6273 0 0
15.7445 0 0
15.8617 0 0
15.9789 0 0
16.0961 0 0
16.2132 0 0
16.3304 0 0
16.4475 0 0
16.5646 0 0
16.6816 0 0
16.7986 0 0
16.9156 0 0
17.0326 0 0
17.1496 0 0
17.2665 0 0
17.3833 0 0
17.5002 0 0
17.617 0 0
17.7338 0 0
17.8505 0 0
17.9672 0 0
18.0839 0 0
18.2005 0 0
18.3171 0 0
18.4337 0 0
18.5502 0 0
18.6666 0 0
18.7831 0 0
18.8994 0 0
19.0158 0 0
19.1321 0 0
19.2483 0 0
19.3645 0 0
19.4806 0 0
19.5967 0 0
19.7128 0 0
19.8288 0 0
19.9447 0 0
20.0606 0 1
20.1764 0 1
20.2922 0 1
20.4079 0 1
20.5236 0 1
20.6392 0 1
20.7548 0 1
20.8702 0 1
23.3078 0 1
23.4233 0 1
23.539 0 1
23.6547 0 1
23.7704 0 1
23.8862 0 1
24.0021 0 1
24.118 0 1
24.234 0 1
24.35 0 1
24.4661 1132 33.6452
24.5822 1049 32.3883
24.6984 1080 32.8634
24.8146 1102 33.1964
24.9309 1079 32.8481
25.0472 985 31.3847
25.1636 919 30.315
25.28 972 31.1769
25.3965 976 31.241
25.513 965 31.0644
25.6296 1075 32.7872
25.7462 1118 33.4365
25.8628 1202 34.6699
25.9795 1149 33.8969
26.0962 1189 34.4819
26.213 1157 34.0147
26.3298 1160 34.0588
26.4466 1199 34.6266
26.5635 1173 34.2491
26.6804 1134 33.6749
26.7973 1172 34.2345
26.9143 1121 33.4813
27.0313 1197 34.5977
27.1483 1189 34.4819
27.2653 1242 35.242
27.3824 1194 34.5543
27.4996 1276 35.7211
27.6167 1241 35.2278
27.7339 1160 34.0588
27.8511 1177 34.3074
27.9683 1196 34.5832
28.0855 1098 33.1361
28.2028 1131 33.6303
28.3201 1026 32.0312
28.4374 1035 32.1714
28.5547 1022 31.9687
28.6721 852 29.189
28.7894 868 29.4618
28.9068 878 29.6311
29.0242 945 30.7409
29.1416 921 30.348
29.259 931 30.5123
29.3764 1020 31.9374
29.4939 1118 33.4365
29.6113 1064 32.619
29.7288 1094 33.0757
29.8463 1117 33.4215
29.9638 1118 33.4365
30.0812 1052 32.4345
30.1987 1061 32.573
30.3162 1128 33.5857
30.4337 1081 32.8786
30.5512 1152 33.9411
30.6687 1139 33.7491
30.7862 1211 34.7994
30.9037 1242 35.242
31.0212 1085 32.9393
31.1387 1238 35.1852
31.2562 1173 34.2491
31.3737 1133 33.6601
31.4912 1126 33.5559
31.6087 1082 32.8938
31.7262 1094 33.0757
31.8436 1123 33.5112
31.9611 1065 32.6343
32.0785 876 29.5973
32.1959 854 29.2233
32.3134 870 29.4958
32.4308 827 28.7576
32.5482 860 29.3258
32.6655 923 30.3809
32.7829 953 30.8707
32.9002 1017 31.8904
33.0176 1015 31.8591
33.1349 1050 32.4037
33.2522 1110 33.3167
33.3694 1037 32.2025
33.4867 1132 33.6452
33.6039 1115 33.3916
33.7211 1064 32.619
33.8383 1053 32.45
33.9554 1065 32.6343
34.0725 1098 33.1361
34.1896 1123 33.5112
34.3067 1124 33.5261
34.4237 1104 33.2265
34.5407 1056 32.4962
34.6577 1186 34.4384
34.7746 1182 34.3802
34.8915 1112 33.3467
35.0084 1109 33.3017
35.1252 1139 33.7491
35.242 1029 32.078
35.3587 1057 32.5115
35.4755 1055 32.4808
35.5921 1108 33.2866
35.7088 1015 31.8591
35.8254 872 29.5296
35.9419 779 27.9106
36.0584 780 27.9285
36.1749 813 28.5132
36.2913 806 28.3901
36.4077 851 29.1719
36.524 854 29.2233
36.6403 964 31.0483
36.7565 1004 31.686
36.8727 1027 32.0468
36.9889 1029 32.078
37.1049 1042 32.28
37.221 0 1
37.3369 0 1
37.4529 0 1
37.5687 0 1
37.6845 0 1
37.8003 0 1
37.916 0 1
38.0316 0 1
38.1472 0 1
40.5851 0 1
40.7008 0 1
40.8164 0 1
40.9322 0 1
41.048 0 1
41.1639 0 1
41.2798 0 1
41.3958 0 1
41.5118 0 1
41.6279 0 1
41.744 731 27.037
41.8602 818 28.6007
41.9765 808 28.4253
42.0928 849 29.1376
42.2091 841 29
42.3255 854 29.2233
42.4419 890 29.8329
42.5584 901 30.0167
42.675 917 30.282
42.7915 798 28.2489
42.9081 870 29.4958
43.0248 833 28.8617
43.1415 864 29.3939
43.2582 923 30.3809
43.375 911 30.1828
43.4918 843 29.0345
43.6087 914 30.2324
43.7256 823 28.688
43.8425 835 28.8964
43.9595 862 29.3598
44.0765 861 29.3428
44.1935 804 28.3549
44.3106 740 27.2029
44.4277 778 27.8927
44.5448 690 26.2679
44.6619 646 25.4165
44.7791 551 23.4734
44.8963 571 23.8956
45.0136 547 23.388
45.1308 515 22.6936
45.2481 529 23
45.3654 638 25.2587
45.4827 651 25.5147
45.6001 674 25.9615
45.7174 674 25.9615
45.8348 711 26.6646
45.9522 657 25.632
46.0697 648 25.4558
46.1871 617 24.8395
46.3046 624 24.98
46.422 653 25.5539
46.5395 582 24.1247
46.657 596 24.4131
46.7745 627 25.04
46.892 611 24.7184
47.0096 622 24.9399
47.1271 624 24.98
47.2446 636 25.219
47.3622 631 25.1197
47.4797 603 24.5561
47.5973 579 24.0624
47.7149 603 24.5561
47.8324 620 24.8998
47.95 528 22.9783
48.0675 513 22.6495
48.1851 485 22.0227
48.3027 417 20.4206
48.4202 420 20.4939
48.5378 409 20.2237
48.6554 390 19.7484
48.7729 483 21.9773
48.8904 451 21.2368
49.008 524 22.891
49.1255 510 22.5832
49.243 528 22.9783
49.3605 496 22.2711
49.478 496 22.2711
49.5955 509 22.561
49.713 532 23.0651
49.8304 510 22.5832
49.9479 555 23.5584
50.0653 567 23.8118
50.1827 536 23.1517
50.3001 584 24.1661
50.4175 611 24.7184
50.5348 579 24.0624
50.6521 569 23.8537
50.7694 668 25.8457
50.8867 648 25.4558
51.004 647 25.4362
51.1212 693 26.3249
51.2384 655 25.593
51.3556 701 26.4764
51.4727 680 26.0768
51.5899 608 24.6577
51.707 610 24.6982
51.824 504 22.4499
51.9411 557 23.6008
52.0581 550 23.4521
52.175 555 23.5584
52.2919 636 25.219
52.4088 680 26.0768
52.5257 738 27.1662
52.6425 764 27.6405
52.7593 832 28.8444
52.876 810 28.4605
52.9927 777 27.8747
53.1094 868 29.4618
53.226 805 28.3725
53.3426 837 28.931
53.4591 832 28.8444
53.5756 872 29.5296
53.692 900 30
53.8084 911 30.1828
53.9248 916 30.2655
54.0411 910 30.1662
54.1573 937 30.6105
54.2735 0 1
54.3896 0 1
54.5057 0 1
54.6217 0 1
54.7377 0 1
54.8537 0 1
54.9695 0 1
55.0853 0 1
55.2011 0 1
55.3168 0 1
55.4324 0 1
57.824 0 1
57.9396 0 1
58.0553 0 1
58.1711 0 1
58.2869 0 1
58.4028 0 1
58.5187 0 1
58.6347 0 1
58.7508 0 1
58.8669 0 1
58.983 1012 31.8119
59.0992 1101 33.1813
59.2155 1097 33.121
59.3318 1110 33.3167
59.4482 1067 32.665
59.5646 1221 34.9428
59.681 1117 33.4215
59.7975 1080 32.8634
59.9141 1012 31.8119
60.0306 1035 32.1714
60.1473 966 31.0805
60.2639 957 30.9354
60.3807 837 28.931
60.4974 795 28.1957
60.6142 701 26.4764
60.731 768 27.7128
60.8479 782 27.9643
60.9648 875 29.5804
61.0818 843 29.0345
61.1987 895 29.9166
61.3158 902 30.0333
61.4328 901 30.0167
61.5499 882 29.6985
61.667 938 30.6268
61.7841 920 30.3315
61.9013 979 31.289
62.0185 937 30.6105
62.1357 1010 31.7805
62.253 1015 31.8591
62.3702 1021 31.9531
62.4875 1060 32.5576
62.6049 1090 33.0151
62.7222 1070 32.7109
62.8396 1151 33.9264
62.9569 1139 33.7491
63.0743 1120 33.4664
63.1918 1131 33.6303
63.3092 1077 32.8177
63.4267 1086 32.9545
63.5441 1091 33.0303
63.6616 1009 31.7648
63.7791 891 29.8496
63.8966 864 29.3939
64.0142 773 27.8029
64.1317 744 27.2764
64.2492 803 28.3373
64.3668 828 28.775
64.4843 831 28.8271
64.6019 923 30.3809
64.7195 945 30.7409
64.837 1040 32.249
64.9546 993 31.5119
65.0722 968 31.1127
65.1898 944 30.7246
65.3074 973 31.1929
65.4249 970 31.1448
65.5425 993 31.5119
65.6601 993 31.5119
65.7777 942 30.692
65.8952 951 30.8383
66.0128 1010 31.7805
66.1304 1050 32.4037
66.2479 1030 32.0936
66.3655 1088 32.9848
66.483 1113 33.3617
66.6005 1074 32.7719
66.718 1071 32.7261
66.8355 1055 32.4808
66.953 1007 31.7333
67.0705 1023 31.9844
67.1879 940 30.6594
67.3054 866 29.4279
67.4228 822 28.6705
67.5402 739 27.1846
67.6576 671 25.9037
67.7749 714 26.7208
67.8923 690 26.2679
68.0096 748 27.3496
68.1269 758 27.5318
68.2442 824 28.7054
68.3614 816 28.5657
68.4787 846 29.0861
68.5958 868 29.4618
68.713 854 29.2233
68.8302 866 29.4279
68.9473 905 30.0832
69.0643 883 29.7153
69.1814 872 29.5296
69.2984 890 29.8329
69.4154 891 29.8496
69.5323 942 30.692
69.6492 977 31.257
69.7661 972 31.1769
69.8829 1067 32.665
69.9997 996 31.5595
70.1165 1062 32.5883
70.2332 1064 32.619
70.3499 1111 33.3317
70.4665 1119 33.4515
70.5831 986 31.4006
70.6996 1002 31.6544
70.8161 982 31.3369
70.9326 831 28.8271
71.049 766 27.6767
71.1653 689 26.2488
71.2817 654 25.5734
71.3979 652 25.5343
71.5141 672 25.923
71.6303 669 25.865
71.7464 685 26.1725
71.8624 0 1
71.9784 0 1
72.0944 0 1
72.2102 0 1
72.3261 0 1
72.4418 0 1
72.5575 0 1
72.6732 0 1
75.1054 0 1
75.2209 0 1
75.3365 0 1
75.4521 0 1
75.5678 0 1
75.6835 0 1
75.7993 0 1
75.9151 0 1
76.031 0 1
76.147 915 30.249
76.263 850 29.1548
76.3791 772 27.7849
76.4952 740 27.2029
76.6113 695 26.3629
76.7276 718 26.7955
76.8438 664 25.7682
76.9601 727 26.9629
77.0765 804 28.3549
77.1929 840 28.9828
77.3093 943 30.7083
77.4258 928 30.4631
77.5423 949 30.8058
77.6589 878 29.6311
77.7755 913 30.2159
77.8921 898 29.9666
78.0088 893 29.8831
78.1256 886 29.7658
78.2423 895 29.9166
78.3591 900 30
78.4759 893 29.8831
78.5928 1000 31.6228
78.7097 982 31.3369
78.8266 1000 31.6228
78.9436 1055 32.4808
79.0606 1048 32.3728
79.1776 1057 32.5115
79.2946 1010 31.7805
79.4117 1027 32.0468
79.5288 1066 32.6497
79.6459 1012 31.8119
79.7631 890 29.8329
79.8802 916 30.2655
79.9974 764 27.6405
80.1147 710 26.6458
80.2319 677 26.0192
80.3491 604 24.5764
80.4664 661 25.7099
80.5837 694 26.3439
80.701 741 27.2213
80.8183 781 27.9464
80.9357 854 29.2233
81.053 830 28.8097
81.1704 882 29.6985
81.2877 788 28.0713
81.4051 795 28.1957
81.5225 834 28.8791
81.6399 793 28.1603
81.7573 815 28.5482
81.8747 704 26.533
81.9922 724 26.9072
82.1096 786 28.0357
82.227 844 29.0517
82.3444 832 28.8444
82.4619 932 30.5287
82.5793 917 30.282
82.6967 927 30.4467
82.8142 952 30.8545
82.9316 946 30.7571
83.049 960 30.9839
83.1664 964 31.0483
83.2838 815 28.5482
83.4012 796 28.2135
83.5186 722 26.8701
83.636 708 26.6083
83.7534 619 24.8797
83.8708 550 23.4521
83.9881 608 24.6577
84.1055 590 24.2899
84.2228 577 24.0208
84.3401 624 24.98
84.4575 728 26.9815
84.5747 763 27.6225
84.692 818 28.6007
84.8093 765 27.6586
84.9265 766 27.6767
85.0437 760 27.5681
85.1609 761 27.5862
85.2781 749 27.3679
85.3952 738 27.1662
85.5123 711 26.6646
85.6294 787 28.0535
85.7465 806 28.3901
85.8636 803 28.3373
85.9806 876 29.5973
86.0976 927 30.4467
86.2145 945 30.7409
86.3315 1012 31.8119
86.4484 1004 31.686
86.5652 1064 32.619
86.682 1027 32.0468
86.7988 940 30.6594
86.9156 943 30.7083
87.0323 884 29.7321
87.149 808 28.4253
87.2657 805 28.3725
87.3823 731 27.037
87.4988 712 26.6833
87.6154 782 27.9643
87.7318 679 26.0576
87.8483 802 28.3196
87.9647 868 29.4618
88.081 874 29.5635
88.1973 1004 31.686
88.3136 992 31.496
88.4298 901 30.0167
88.546 858 29.2916
88.6621 927 30.4467
88.7781 901 30.0167
88.8942 0 1
89.0101 0 1
89.126 0 1
89.2419 0 1
89.3577 0 1
89.4734 0 1
89.5891 0 1
89.7047 0 1
89.8203 0 1
89.9358 0 1
92.3269 0 1
92.4424 0 1
92.558 0 1
92.6736 0 1
92.7893 0 1
92.905 0 1
93.0208 0 1
93.1366 0 1
93.2525 0 1
93.3685 0 1
93.4845 0 1
93.6005 912 30.1993
93.7167 932 30.5287
93.8328 947 30.7734
93.949 899 29.9833
94.0653 934 30.5614
94.1816 886 29.7658
94.2979 862 29.3598
94.4143 883 29.7153
94.5307 873 29.5466
94.6472 882 29.6985
94.7637 891 29.8496
94.8803 898 29.9666
94.9969 1092 33.0454
95.1135 1106 33.2566
95.2302 1098 33.1361
95.3469 1095 33.0908
95.4637 1132 33.6452
95.5805 1178 34.322
95.6973 1079 32.8481
95.8142 1128 33.5857
95.9311 1132 33.6452
96.048 970 31.1448
96.1649 997 31.5753
96.2819 887 29.7825
96.3989 822 28.6705
96.516 833 28.8617
96.633 796 28.2135
96.7501 780 27.9285
96.8673 854 29.2233
96.9844 837 28.931
97.1016 848 29.1204
97.2188 939 30.6431
97.336 964 31.0483
97.4532 1070 32.7109
97.5704 1045 32.3265
97.6877 930 30.4959
97.805 909 30.1496
97.9223 929 30.4795
98.0396 895 29.9166
98.1569 881 29.6816
98.2743 881 29.6816
98.3916 929 30.4795
98.509 924 30.3974
98.6264 971 31.1609
98.7438 954 30.8869
98.8612 1071 32.7261
98.9786 1128 33.5857
99.096 1121 33.4813
99.2134 1167 34.1614
99.3308 1147 33.8674
99.4482 1171 34.2199
99.5656 1002 31.6544
99.6831 1064 32.619
99.8005 994 31.5278
99.9179 952 30.8545
100.035 894 29.8998
100.153 839 28.9655
100.27 803 28.3373
100.388 804 28.3549
100.505 892 29.8664
100.622 916 30.2655
100.74 984 31.3688
100.857 1012 31.8119
100.975 972 31.1769
101.092 1016 31.8748
101.209 994 31.5278
101.327 883 29.7153
101.444 901 30.0167
101.561 914 30.2324
101.679 838 28.9482
101.796 899 29.9833
101.913 934 30.5614
102.03 983 31.3528
102.148 1086 32.9545
102.265 1065 32.6343
102.382 1241 35.2278
102.499 1210 34.7851
102.616 1219 34.9142
102.733 1202 34.6699
102.851 1265 35.5668
102.968 1252 35.3836
103.085 1143 33.8083
103.202 1163 34.1028
103.319 1072 32.7414
103.436 1059 32.5423
103.552 1028 32.0624
103.669 947 30.7734
103.786 895 29.9166
103.903 920 30.3315
104.02 916 30.2655
104.137 990 31.4643
104.253 1043 32.2955
104.37 1036 32.187
104.487 1119 33.4515
104.603 1111 33.3317
104.72 1011 31.7962
104.836 1010 31.7805
104.953 980 31.305
105.069 917 30.282
105.186 985 31.3847
105.302 979 31.289
105.418 1035 32.1714
105.535 1108 33.2866
105.651 1217 34.8855
105.767 1263 35.5387
105.883 1303 36.0971
105.999 1283 35.819
106.115 0 1
106.231 0 1
106.347 0 1
106.463 0 1
106.579 0 1
106.694 0 1
106.81 0 1
106.926 0 1
107.041 0 1
107.157 0 1
109.576 0 1
109.692 0 1
109.807 0 1
109.923 0 1
110.039 0 1
110.155 0 1
110.27 0 1
110.386 0 1
110.502 0 1
110.618 983 31.3528
110.735 1108 33.2866
110.851 1199 34.6266
110.967 1257 35.4542
111.083 1267 35.5949
111.199 1298 36.0278
111.316 1279 35.7631
111.432 1343 36.647
111.549 1223 34.9714
111.665 1250 35.3553
111.782 1084 32.9242
111.898 1091 33.0303
112.015 1010 31.7805
112.132 1004 31.686
112.248 941 30.6757
112.365 882 29.6985
112.482 871 29.5127
112.599 1018 31.9061
112.716 876 29.5973
112.832 1057 32.5115
112.949 1032 32.1248
113.066 993 31.5119
113.183 943 30.7083
113.3 982 31.3369
113.417 923 30.3809
113.534 894 29.8998
113.652 906 30.0998
113.769 893 29.8831
113.886 869 29.4788
114.003 959 30.9677
114.12 1036 32.187
114.238 1137 33.7194
114.355 1156 34
114.472 1193 34.5398
114.589 1271 35.6511
114.707 1212 34.8138
114.824 1220 34.9285
114.942 1261 35.5106
115.059 1212 34.8138
115.176 1230 35.0714
115.294 1159 34.0441
115.411 1122 33.4963
115.529 1095 33.0908
115.646 987 31.4166
115.764 957 30.9354
115.881 938 30.6268
115.999 986 31.4006
116.116 934 30.5614
116.234 975 31.225
116.351 1063 32.6037
116.469 1076 32.8024
116.586 1077 32.8177
116.704 1067 32.665
116.821 993 31.5119
116.939 988 31.4325
117.056 927 30.4467
117.174 953 30.8707
117.291 959 30.9677
117.409 922 30.3645
117.526 1029 32.078
117.644 1037 32.2025
117.761 1116 33.4066
117.879 1211 34.7994
117.996 1228 35.0428
118.114 1336 36.5513
118.231 1254 35.4119
118.349 1294 35.9722
118.466 1292 35.9444
118.584 1257 35.4542
118.701 1242 35.242
118.819 1207 34.7419
118.936 1174 34.2637
119.053 1129 33.6006
119.171 1081 32.8786
119.288 1022 31.9687
119.405 998 31.5911
119.523 912 30.1993
119.64 994 31.5278
119.757 956 30.9192
119.875 961 31
119.992 1065 32.6343
120.109 1021 31.9531
120.226 1010 31.7805
120.343 1018 31.9061
120.46 969 31.1288
120.578 932 30.5287
120.695 956 30.9192
120.812 904 30.0666
120.929 903 30.05
121.046 928 30.4631
121.163 953 30.8707
121.279 1061 32.573
121.396 1123 33.5112
121.513 1208 34.7563
121.63 1217 34.8855
121.747 1229 35.0571
121.863 1283 35.819
121.98 1296 36
122.097 1276 35.7211
122.213 1283 35.819
122.33 1204 34.6987
122.446 1240 35.2136
122.563 1150 33.9116
122.679 1107 33.2716
122.795 1054 32.4654
122.912 1053 32.45
123.028 1020 31.9374
123.144 970 31.1448
123.26 989 31.4484
123.377 0 1
123.493 0 1
123.609 0 1
123.725 0 1
123.84 0 1
123.956 0 1
124.072 0 1
124.188 0 1
124.303 0 1
124.419 0 1
126.852 0 1
126.968 0 1
127.083 0 1
127.199 0 1
127.315 0 1
127.431 0 1
127.547 0 1
127.663 0 1
127.779 0 1
127.895 0 1
128.011 0 1
128.127 0 1
128.243 0 1
128.359 1211 34.7994
128.476 1098 33.1361
128.592 1078 32.8329
128.708 1079 32.8481
128.825 1165 34.1321
128.941 1141 33.7787
129.058 1104 33.2265
129.174 1153 33.9559
129.291 1102 33.1964
129.408 1144 33.8231
129.524 1015 31.8591
129.641 1021 31.9531
129.758 1007 31.7333
129.875 1066 32.6497
129.992 1069 32.6956
130.108 1085 32.9393
130.225 1088 32.9848
130.342 1243 35.2562
130.459 1223 34.9714
130.576 1265 35.5668
130.693 1279 35.7631
130.81 1260 35.4965
130.928 1180 34.3511
131.045 1370 37.0135
131.162 1293 35.9583
131.279 1249 35.3412
131.396 1230 35.0714
131.513 1251 35.3695
131.631 1287 35.8748
131.748 1191 34.5109
131.865 1114 33.3766
131.983 1077 32.8177
132.1 1047 32.3574
132.217 1012 31.8119
132.335 1124 33.5261
132.452 1120 33.4664
132.57 1161 34.0735
132.687 1141 33.7787
132.804 1183 34.3948
132.922 1120 33.4664
133.039 1094 33.0757
133.157 1023 31.9844
133.274 1032 32.1248
133.392 1020 31.9374
133.509 1102 33.1964
133.627 1045 32.3265
133.744 1082 32.8938
133.862 1191 34.5109
133.979 1246 35.2987
134.097 1240 35.2136
134.214 1253 35.3977
134.332 1331 36.4829
134.449 1257 35.4542
134.567 1238 35.1852
134.684 1240 35.2136
134.802 1283 35.819
134.919 1372 37.0405
135.037 1315 36.2629
135.154 1277 35.7351
135.272 1253 35.3977
135.389 1175 34.2783
135.507 1163 34.1028
135.624 1133 33.6601
135.742 1084 32.9242
135.859 1128 33.5857
135.977 1151 33.9264
136.094 1158 34.0294
136.211 1133 33.6601
136.329 1157 34.0147
136.446 1167 34.1614
136.564 1131 33.6303
136.681 1079 32.8481
136.798 1102 33.1964
136.915 1043 32.2955
137.033 1046 32.3419
137.15 1077 32.8177
137.267 1107 33.2716
137.384 1120 33.4664
137.502 1143 33.8083
137.619 1216 34.8712
137.736 1235 35.1426
137.853 1228 35.0428
137.97 1276 35.7211
138.087 1211 34.7994
138.204 1254 35.4119
138.321 1296 36
138.438 1276 35.7211
138.555 1206 34.7275
138.672 1329 36.4555
138.788 1281 35.7911
138.905 1221 34.9428
139.022 1201 34.6554
139.139 1150 33.9116
139.255 1122 33.4963
139.372 1119 33.4515
139.488 1155 33.9853
139.605 1160 34.0588
139.721 1153 33.9559
139.838 1216 34.8712
139.954 1268 35.609
140.071 1133 33.6601
140.187 1180 34.3511
140.303 1091 33.0303
140.419 1087 32.9697
140.535 1079 32.8481
140.652 989 31.4484
140.768 0 1
140.884 0 1
141 0 1
141.115 0 1
141.231 0 1
141.347 0 1
141.463 0 1
141.578 0 1
141.694 0 1
144.104 0 1
144.219 0 1
144.335 0 1
144.45 0 1
144.566 0 1
144.682 0 1
144.798 0 1
144.914 0 1
145.03 0 1
145.146 776 27.8568
145.262 870 29.4958
145.378 857 29.2746
145.494 870 29.4958
145.61 799 28.2666
145.726 916 30.2655
145.842 773 27.8029
145.959 893 29.8831
146.075 866 29.4279
146.192 896 29.9333
146.308 887 29.7825
146.425 951 30.8383
146.541 935 30.5778
146.658 997 31.5753
146.774 993 31.5119
146.891 976 31.241
147.008 1022 31.9687
147.125 1036 32.187
147.241 1060 32.5576
147.358 1031 32.1092
147.475 1050 32.4037
147.592 1043 32.2955
147.709 1008 31.749
147.826 1061 32.573
147.943 972 31.1769
148.06 960 30.9839
148.177 856 29.2575
148.294 933 30.545
148.411 964 31.0483
148.528 1025 32.0156
148.645 979 31.289
148.762 980 31.305
148.88 936 30.5941
148.997 981 31.3209
149.114 996 31.5595
149.231 980 31.305
149.349 887 29.7825
149.466 926 30.4302
149.583 859 29.3087
149.701 868 29.4618
149.818 838 28.9482
149.935 873 29.5466
150.053 923 30.3809
150.17 947 30.7734
150.287 975 31.225
150.405 1005 31.7017
150.522 965 31.0644
150.64 1005 31.7017
150.757 959 30.9677
150.875 1079 32.8481
150.992 1109 33.3017
151.11 1065 32.6343
151.227 1054 32.4654
151.344 1115 33.3916
151.462 1026 32.0312
151.579 1032 32.1248
151.697 1069 32.6956
151.814 969 31.1288
151.932 971 31.1609
152.049 952 30.8545
152.167 1020 31.9374
152.284 1021 31.9531
152.402 1038 32.218
152.519 1019 31.9218
152.636 981 31.3209
152.754 968 31.1127
152.871 996 31.5595
152.989 993 31.5119
153.106 913 30.2159
153.223 961 31
153.341 887 29.7825
153.458 937 30.6105
153.575 924 30.3974
153.693 1043 32.2955
153.81 967 31.0966
153.927 1035 32.1714
154.044 1094 33.0757
154.162 1058 32.5269
154.279 1103 33.2114
154.396 1144 33.8231
154.513 1213 34.8281
154.63 1177 34.3074
154.747 1294 35.9722
154.864 1202 34.6699
154.981 1198 34.6121
155.098 1165 34.1321
155.215 1140 33.7639
155.332 1099 33.1512
155.449 1070 32.7109
155.566 1063 32.6037
155.683 1152 33.9411
155.8 1161 34.0735
155.917 1197 34.5977
156.033 1115 33.3916
156.15 0 1
156.267 0 1
156.383 0 1
156.5 0 1
156.617 0 1
156.733 0 1
156.85 0 1
156.966 0 1
157.082 0 1
157.199 0 1
157.315 0 1
157.431 0 1
157.547 0 1
157.664 0 1
157.78 0 1
157.896 0 1
158.012 0 1
158.128 0 1
158.244 0 1
158.359 0 1
158.475 0 1
158.591 0 1
158.706 0 1
