
6.15755 0 1
6.2731 0 1
6.3887 0 1
6.50437 0 1
6.62009 0 1
6.73587 0 1
6.8517 0 1
6.96759 0 1
7.08353 0 1
7.19952 0 1
7.31557 0 1
7.43166 0 1
7.54781 0 1
7.664 0 1
7.78024 0 1
7.89653 0 1
8.01286 0 1
8.12924 0 1
8.24567 0 1
8.36213 0 1
8.47864 0 1
8.59519 0 1
8.71178 0 1
8.82841 0 1
8.94508 0 1
9.06179 0 1
9.17853 0 1
9.29531 0 1
9.41212 0 1
9.52897 0 1
9.64584 0 1
9.76276 0 1
9.8797 0 1
9.99667 0 1
10.1137 0 1
10.2307 0 1
10.3478 0 1
10.4648 0 1
10.5819 0 1
10.6991 0 1
10.8162 0 1
10.9334 0 1
11.0506 0 1
11.1678 0 1
11.285 0 1
11.4023 0 1
11.5196 0 1
11.6369 0 1
11.7542 0 1
11.8715 0 1
11.9888 0 1
12.1062 0 1
12.2235 0 1
12.3409 0 1
12.4582 0 1
12.5756 0 1
12.693 0 1
12.8104 0 1
12.9278 0 1
13.0452 0 1
13.1626 0 1
13.28 0 1
13.3974 0 1
13.5149 0 1
13.6323 0 1
13.7497 0 1
13.8671 0 1
13.9845 0 1
14.1019 0 1
14.2193 0 1
14.3367 0 1
14.4541 0 1
14.5714 0 1
14.6888 0 1
14.8062 0 1
14.9235 0 1
15.0408 0 0
15.1581 0 0
15.2755 0 0
15.3927 0 0
15.51 0 0
15.6273 0 0
15.7445 0 0
15.8617 0 0
15.9789 0 0
16.0961 0 0
16.2132 0 0
16.3304 0 0
16.4475 0 0
16.5646 0 0
16.6816 0 0
16.7986 0 0
16.9156 0 0
17.0326 0 0
17.1496 0 0
17.2665 0 0
17.3833 0 0
17.5002 0 0
17.617 0 0
17.7338 0 0
17.8505 0 0
17.9672 0 0
18.0839 0 0
18.2005 0 0
18.3171 0 0
18.4337 0 0
18.5502 0 0
18.6666 0 0
18.7831 0 0
18.8994 0 0
19.0158 0 0
19.1321 0 0
19.2483 0 0
19.3645 0 0
19.4806 0 0
19.5967 0 0
19.7128 0 0
19.8288 0 0
19.9447 0 0
20.0606 0 1
20.1764 0 1
20.2922 0 1
20.4079 0 1
20.5236 0 1
20.6392 0 1
20.7548 0 1
20.8702 0 1
23.3078 0 1
23.4233 0 1
23.539 0 1
23.6547 0 1
23.7704 0 1
23.8862 0 1
24.0021 0 1
24.118 0 1
24.234 0 1
24.35 0 1
24.4661 4883 69.8785
24.5822 5522 74.3102
24.6984 5887 76.7268
24.8146 6462 80.3866
24.9309 6883 82.9638
25.0472 7271 85.2702
25.1636 7639 87.4014
25.28 8375 91.515
25.3965 8650 93.0054
25.513 9183 95.828
25.6296 9686 98.4175
25.7462 10029 100.145
25.8628 10045 100.225
25.9795 9778 98.8838
26.0962 10097 100.484
26.213 9694 98.4581
26.3298 9675 98.3616
26.4466 9622 98.0918
26.5635 9155 95.6818
26.6804 8792 93.7657
26.7973 8727 93.4184
26.9143 8810 93.8616
27.0313 9085 95.3153
27.1483 9396 96.933
27.2653 9614 98.051
27.3824 9632 98.1428
27.4996 9617 98.0663
27.6167 9137 95.5877
27.7339 9218 96.0104
27.8511 9013 94.9368
27.9683 8711 93.3327
28.0855 8595 92.7092
28.2028 8400 91.6515
28.3201 8345 91.351
28.4374 8291 91.0549
28.5547 8203 90.5704
28.6721 8452 91.9348
28.7894 8660 93.0591
28.9068 8938 94.541
29.0242 9128 95.5406
29.1416 9553 97.7394
29.259 9793 98.9596
29.3764 10060 100.3
29.4939 10013 100.065
29.6113 9910 99.549
29.7288 9988 99.94
29.8463 9766 98.8231
29.9638 9476 97.3447
30.0812 9064 95.205
30.1987 8588 92.6715
30.3162 8385 91.5696
30.4337 8297 91.0879
30.5512 8488 92.1303
30.6687 8832 93.9787
30.7862 9167 95.7445
30.9037 9271 96.286
31.0212 9418 97.0464
31.1387 9543 97.6883
31.2562 9424 97.0773
31.3737 9187 95.8488
31.4912 9093 95.3572
31.6087 8843 94.0372
31.7262 8495 92.1683
31.8436 8396 91.6297
31.9611 8352 91.3893
32.0785 8099 89.9944
32.1959 8199 90.5483
32.3134 8294 91.0714
32.4308 8569 92.5689
32.5482 8844 94.0425
32.6655 9262 96.2393
32.7829 9526 97.6012
32.9002 9571 97.8315
33.0176 9589 97.9234
33.1349 9823 99.111
33.2522 9787 98.9293
33.3694 9569 97.8213
33.4867 9605 98.0051
33.6039 9474 97.3345
33.7211 9110 95.4463
33.8383 8767 93.6323
33.9554 8286 91.0275
34.0725 8079 89.8833
34.1896 8019 89.5489
34.3067 8410 91.7061
34.4237 8515 92.2768
34.5407 8833 93.984
34.6577 8910 94.3928
34.7746 9079 95.2838
34.8915 8876 94.2125
35.0084 8943 94.5674
35.1252 8815 93.8882
35.242 8770 93.6483
35.3587 8741 93.4933
35.4755 8219 90.6587
35.5921 8377 91.526
35.7088 8003 89.4595
35.8254 7856 88.6341
35.9419 7753 88.0511
36.0584 7563 86.9655
36.1749 7877 88.7525
36.2913 7677 87.6185
36.4077 7804 88.3403
36.524 7554 86.9138
36.6403 7524 86.741
36.7565 7489 86.539
36.8727 6915 83.1565
36.9889 6844 82.7285
37.1049 6367 79.7935
37.221 0 1
37.3369 0 1
37.4529 0 1
37.5687 0 1
37.6845 0 1
37.8003 0 1
37.916 0 1
38.0316 0 1
38.1472 0 1
40.5851 0 1
40.7008 0 1
40.8164 0 1
40.9322 0 1
41.048 0 1
41.1639 0 1
41.2798 0 1
41.3958 0 1
41.5118 0 1
41.6279 0 1
41.744 5345 73.1095
41.8602 5752 75.8419
41.9765 6257 79.1012
42.0928 6452 80.3243
42.2091 6810 82.5227
42.3255 6842 82.7164
42.4419 6814 82.547
42.5584 6489 80.5543
42.675 6380 79.8749
42.7915 6413 80.0812
42.9081 6725 82.0061
43.0248 7134 84.463
43.1415 7443 86.2728
43.2582 7729 87.9147
43.375 7772 88.1589
43.4918 7906 88.9157
43.6087 7630 87.3499
43.7256 7582 87.0747
43.8425 7535 86.8044
43.9595 7417 86.122
44.0765 7172 84.6877
44.1935 7219 84.9647
44.3106 6995 83.6361
44.4277 6737 82.0792
44.5448 6648 81.5353
44.6619 6580 81.1172
44.7791 6747 82.1401
44.8963 6915 83.1565
45.0136 7142 84.5104
45.1308 7521 86.7237
45.2481 7832 88.4986
45.3654 7981 89.3364
45.4827 8088 89.9333
45.6001 8122 90.1221
45.7174 7980 89.3308
45.8348 7959 89.2132
45.9522 7980 89.3308
46.0697 7539 86.8274
46.1871 7062 84.0357
46.3046 6697 81.8352
46.422 6593 81.1973
46.5395 6758 82.2071
46.657 7166 84.6522
46.7745 7549 86.885
46.892 7808 88.3629
47.0096 7950 89.1628
47.1271 7952 89.174
47.2446 7974 89.2973
47.3622 7811 88.3799
47.4797 7782 88.2156
47.5973 7676 87.6128
47.7149 7449 86.3076
47.8324 7322 85.5687
47.95 7072 84.0952
48.0675 6932 83.2586
48.1851 6808 82.5106
48.3027 6756 82.1949
48.4202 6839 82.6982
48.5378 7003 83.6839
48.6554 7300 85.44
48.7729 7518 86.7064
48.8904 7926 89.0281
49.008 7890 88.8257
49.1255 8026 89.5879
49.243 7990 89.3868
49.3605 8054 89.7441
49.478 7910 88.9382
49.5955 7517 86.7006
49.713 6877 82.9277
49.8304 6460 80.3741
49.9479 6000 77.4597
50.0653 6319 79.4921
50.1827 6500 80.6226
50.3001 6714 81.939
50.4175 7245 85.1176
50.5348 7529 86.7698
50.6521 7499 86.5968
50.7694 7557 86.931
50.8867 7700 87.7496
51.004 7454 86.3366
51.1212 7572 87.0172
51.2384 7360 85.7904
51.3556 7186 84.7703
51.4727 7056 84
51.5899 6593 81.1973
51.707 6408 80.05
51.824 6489 80.5543
51.9411 6511 80.6908
52.0581 6860 82.8251
52.175 7076 84.119
52.2919 7627 87.3327
52.4088 7637 87.3899
52.5257 8136 90.1998
52.6425 7934 89.073
52.7593 7845 88.572
52.876 7882 88.7806
52.9927 8040 89.666
53.1094 7710 87.8066
53.226 7234 85.0529
53.3426 6642 81.4985
53.4591 6115 78.1985
53.5756 5495 74.1283
53.692 5422 73.6342
53.8084 5248 72.4431
53.9248 5197 72.0902
54.0411 4995 70.6753
54.1573 4841 69.5773
54.2735 0 1
54.3896 0 1
54.5057 0 1
54.6217 0 1
54.7377 0 1
54.8537 0 1
54.9695 0 1
55.0853 0 1
55.2011 0 1
55.3168 0 1
55.4324 0 1
57.824 0 1
57.9396 0 1
58.0553 0 1
58.1711 0 1
58.2869 0 1
58.4028 0 1
58.5187 0 1
58.6347 0 1
58.7508 0 1
58.8669 0 1
58.983 6155 78.4538
59.0992 6903 83.0843
59.2155 7619 87.2869
59.3318 8085 89.9166
59.4482 8330 91.2688
59.5646 8590 92.6823
59.681 8651 93.0108
59.7975 8610 92.7901
59.9141 8692 93.2309
60.0306 8636 92.9301
60.1473 8425 91.7878
60.2639 8041 89.6716
60.3807 8289 91.0439
60.4974 8144 90.2441
60.6142 8440 91.8695
60.731 8902 94.3504
60.8479 9265 96.2549
60.9648 9522 97.5807
61.0818 9631 98.1377
61.1987 9687 98.4226
61.3158 9581 97.8826
61.4328 9408 96.9948
61.5499 9202 95.9271
61.667 8692 93.2309
61.7841 8388 91.586
61.9013 8075 89.861
62.0185 7508 86.6487
62.1357 7634 87.3728
62.253 8087 89.9277
62.3702 8586 92.6607
62.4875 8915 94.4193
62.6049 9108 95.4358
62.7222 9292 96.395
62.8396 9526 97.6012
62.9569 9381 96.8556
63.0743 9457 97.2471
63.1918 9218 96.0104
63.3092 8996 94.8472
63.4267 9002 94.8789
63.5441 8631 92.9032
63.6616 8396 91.6297
63.7791 8225 90.6918
63.8966 7909 88.9326
64.0142 7816 88.4081
64.1317 8178 90.4323
64.2492 8583 92.6445
64.3668 8928 94.4881
64.4843 9169 95.7549
64.6019 9421 97.0618
64.7195 9347 96.6799
64.837 9593 97.9439
64.9546 9530 97.6217
65.0722 9350 96.6954
65.1898 9211 95.974
65.3074 8923 94.4616
65.4249 8270 90.9395
65.5425 7478 86.4754
65.6601 7287 85.3639
65.7777 7189 84.788
65.8952 7621 87.2983
66.0128 8016 89.5321
66.1304 8302 91.1153
66.2479 8857 94.1116
66.3655 9086 95.3205
66.483 9161 95.7131
66.6005 9383 96.8659
66.718 9320 96.5401
66.8355 9124 95.5196
66.953 8879 94.2284
67.0705 8791 93.7603
67.1879 8514 92.2713
67.3054 8290 91.0494
67.4228 7953 89.1796
67.5402 7614 87.2582
67.6576 7567 86.9885
67.7749 7627 87.3327
67.8923 7841 88.5494
68.0096 8258 90.8735
68.1269 8731 93.4398
68.2442 8825 93.9415
68.3614 9254 96.1977
68.4787 8939 94.5463
68.5958 9148 95.6452
68.713 8933 94.5145
68.8302 9000 94.8683
68.9473 8643 92.9677
69.0643 8143 90.2386
69.1814 7573 87.023
69.2984 7211 84.9176
69.4154 6757 82.201
69.5323 6932 83.2586
69.6492 7240 85.0882
69.7661 7756 88.0682
69.8829 7918 88.9831
69.9997 8080 89.8888
70.1165 7682 87.647
70.2332 7573 87.023
70.3499 7593 87.1378
70.4665 7199 84.8469
70.5831 6808 82.5106
70.6996 6527 80.7899
70.8161 6201 78.7464
70.9326 5589 74.7596
71.049 5195 72.0763
71.1653 4673 68.3593
71.2817 4081 63.8827
71.3979 3769 61.3922
71.5141 3367 58.0259
71.6303 3142 56.0535
71.7464 2917 54.0093
71.8624 0 1
71.9784 0 1
72.0944 0 1
72.2102 0 1
72.3261 0 1
72.4418 0 1
72.5575 0 1
72.6732 0 1
75.1054 0 1
75.2209 0 1
75.3365 0 1
75.4521 0 1
75.5678 0 1
75.6835 0 1
75.7993 0 1
75.9151 0 1
76.031 0 1
76.147 6004 77.4855
76.263 6227 78.9113
76.3791 6546 80.9074
76.4952 6582 81.1295
76.6113 6710 81.9146
76.7276 6964 83.4506
76.8438 7480 86.487
76.9601 7802 88.3289
77.0765 8073 89.8499
77.1929 8281 91
77.3093 8452 91.9348
77.4258 8443 91.8858
77.5423 8716 93.3595
77.6589 8422 91.7715
77.7755 8060 89.7775
77.8921 7759 88.0852
78.0088 7271 85.2702
78.1256 6650 81.5475
78.2423 6243 79.0127
78.3591 6142 78.3709
78.4759 6449 80.3057
78.5928 6611 81.3081
78.7097 7497 86.5852
78.8266 7745 88.0057
78.9436 8004 89.4651
79.0606 8083 89.9055
79.1776 8407 91.6897
79.2946 8452 91.9348
79.4117 8299 91.0988
79.5288 8174 90.4102
79.6459 8286 91.0275
79.7631 8098 89.9889
79.8802 7854 88.6228
79.9974 7547 86.8735
80.1147 7032 83.857
80.2319 7071 84.0892
80.3491 7177 84.7172
80.4664 7536 86.8101
80.5837 7947 89.1459
80.701 8150 90.2774
80.8183 8688 93.2094
80.9357 8757 93.5788
81.053 8538 92.4013
81.1704 8788 93.7443
81.2877 8829 93.9628
81.4051 8698 93.2631
81.5225 8658 93.0484
81.6399 7961 89.2244
81.7573 7459 86.3655
81.8747 6858 82.813
81.9922 6337 79.6053
82.1096 6486 80.5357
82.227 6729 82.0305
82.3444 7253 85.1645
82.4619 7760 88.0909
82.5793 8186 90.4765
82.6967 8302 91.1153
82.8142 8447 91.9076
82.9316 8667 93.0967
83.049 8694 93.2416
83.1664 8616 92.8224
83.2838 8563 92.5365
83.4012 8469 92.0272
83.5186 8277 90.978
83.636 8050 89.7218
83.7534 7718 87.8521
83.8708 7428 86.1858
83.9881 7356 85.7671
84.1055 7373 85.8662
84.2228 7669 87.5728
84.3401 7952 89.174
84.4575 8483 92.1032
84.5747 8837 94.0053
84.692 9000 94.8683
84.8093 8991 94.8209
84.9265 8959 94.652
85.0437 8930 94.4987
85.1609 8696 93.2523
85.2781 8000 89.4427
85.3952 7280 85.3229
85.5123 6691 81.7985
85.6294 6434 80.2122
85.7465 6456 80.3492
85.8636 6849 82.7587
85.9806 7488 86.5332
86.0976 7857 88.6397
86.2145 8215 90.6366
86.3315 8186 90.4765
86.4484 8763 93.6109
86.5652 8663 93.0752
86.682 8709 93.322
86.7988 8847 94.0585
86.9156 8739 93.4826
87.0323 8638 92.9408
87.149 8165 90.3604
87.2657 7816 88.4081
87.3823 7083 84.1606
87.4988 6412 80.075
87.6154 6084 78
87.7318 5994 77.4209
87.8483 6117 78.2113
87.9647 6450 80.3119
88.081 6311 79.4418
88.1973 6316 79.4733
88.3136 6076 77.9487
88.4298 5832 76.3675
88.546 5229 72.3118
88.6621 4786 69.1809
88.7781 4211 64.8922
88.8942 0 1
89.0101 0 1
89.126 0 1
89.2419 0 1
89.3577 0 1
89.4734 0 1
89.5891 0 1
89.7047 0 1
89.8203 0 1
89.9358 0 1
92.3269 0 1
92.4424 0 1
92.558 0 1
92.6736 0 1
92.7893 0 1
92.905 0 1
93.0208 0 1
93.1366 0 1
93.2525 0 1
93.3685 0 1
93.4845 0 1
93.6005 8575 92.6013
93.7167 8680 93.1665
93.8328 8856 94.1063
93.949 8657 93.043
94.0653 7930 89.0505
94.1816 7695 87.7211
94.2979 7360 85.7904
94.4143 7218 84.9588
94.5307 7488 86.5332
94.6472 7840 88.5438
94.7637 8223 90.6808
94.8803 8637 92.9355
94.9969 8961 94.6626
95.1135 9011 94.9263
95.2302 9577 97.8621
95.3469 9515 97.5449
95.4637 9444 97.1802
95.5805 9423 97.0721
95.6973 9138 95.5929
95.8142 9052 95.142
95.9311 8820 93.9149
96.048 8333 91.2853
96.1649 8117 90.0944
96.2819 7936 89.0842
96.3989 8225 90.6918
96.516 8699 93.2684
96.633 9125 95.5249
96.7501 9291 96.3898
96.8673 9421 97.0618
96.9844 9551 97.7292
97.1016 9417 97.0412
97.2188 9498 97.4577
97.336 9029 95.0211
97.4532 8631 92.9032
97.5704 7789 88.2553
97.6877 7235 85.0588
97.805 6935 83.2766
97.9223 6956 83.4026
98.0396 7141 84.5044
98.1569 7802 88.3289
98.2743 8277 90.978
98.3916 8615 92.817
98.509 8773 93.6643
98.6264 9270 96.2808
98.7438 9261 96.2341
98.8612 9074 95.2575
98.9786 9353 96.7109
99.096 9201 95.9218
99.2134 9136 95.5824
99.3308 8832 93.9787
99.4482 8821 93.9202
99.5656 8228 90.7083
99.6831 8171 90.3936
99.8005 8074 89.8554
99.9179 8127 90.1499
100.035 8417 91.7442
100.153 8766 93.6269
100.27 8993 94.8314
100.388 9138 95.5929
100.505 9049 95.1262
100.622 9260 96.2289
100.74 9447 97.1957
100.857 9045 95.1052
100.975 8637 92.9355
101.092 8318 91.2031
101.209 7640 87.4071
101.327 7156 84.5931
101.444 6654 81.5721
101.561 6635 81.4555
101.679 6932 83.2586
101.796 7468 86.4176
101.913 7870 88.713
102.03 7974 89.2973
102.148 8332 91.2798
102.265 8492 92.152
102.382 9191 95.8697
102.499 8923 94.4616
102.616 8935 94.5251
102.733 9239 96.1197
102.851 8494 92.1629
102.968 8457 91.9619
103.085 8385 91.5696
103.202 8126 90.1443
103.319 7817 88.4138
103.436 7520 86.7179
103.552 7578 87.0517
103.669 7760 88.0909
103.786 7926 89.0281
103.903 8207 90.5925
104.02 8604 92.7577
104.137 8712 93.3381
104.253 9011 94.9263
104.37 8430 91.815
104.487 8262 90.8955
104.603 7881 88.775
104.72 7488 86.5332
104.836 6922 83.1986
104.953 6430 80.1873
105.069 5788 76.0789
105.186 5410 73.5527
105.302 5147 71.7426
105.418 4956 70.3989
105.535 4959 70.4202
105.651 4950 70.3562
105.767 4596 67.7938
105.883 4392 66.2722
105.999 3955 62.8888
106.115 0 1
106.231 0 1
106.347 0 1
106.463 0 1
106.579 0 1
106.694 0 1
106.81 0 1
106.926 0 1
107.041 0 1
107.157 0 1
109.576 0 1
109.692 0 1
109.807 0 1
109.923 0 1
110.039 0 1
110.155 0 1
110.27 0 1
110.386 0 1
110.502 0 1
110.618 5717 75.6108
110.735 6634 81.4494
110.851 7506 86.6372
110.967 8307 91.1427
111.083 8538 92.4013
111.199 9031 95.0316
111.316 9259 96.2237
111.432 9675 98.3616
111.549 9500 97.4679
111.665 9518 97.5602
111.782 9374 96.8194
111.898 9047 95.1157
112.015 9023 94.9895
112.132 8649 93
112.248 8544 92.4338
112.365 8839 94.016
112.482 8740 93.488
112.599 9278 96.3224
112.716 9493 97.432
112.832 9653 98.2497
112.949 9660 98.2853
113.066 9624 98.102
113.183 9768 98.8332
113.3 9612 98.0408
113.417 9207 95.9531
113.534 8624 92.8655
113.652 8170 90.3881
113.769 7484 86.5101
113.886 7078 84.1309
114.003 6967 83.4686
114.12 7342 85.6855
114.238 7873 88.7299
114.355 8289 91.0439
114.472 8574 92.5959
114.589 9188 95.8541
114.707 9263 96.2445
114.824 9405 96.9794
114.942 9360 96.7471
115.059 9471 97.3191
115.176 9531 97.6268
115.294 9319 96.535
115.411 8902 94.3504
115.529 9082 95.2995
115.646 8945 94.578
115.764 8369 91.4822
115.881 8120 90.111
115.999 8282 91.0055
116.116 8544 92.4338
116.234 9014 94.9421
116.351 9110 95.4463
116.469 9246 96.1561
116.586 9180 95.8123
116.704 9267 96.2653
116.821 9313 96.5039
116.939 9014 94.9421
117.056 8775 93.675
117.174 8370 91.4877
117.291 7571 87.0115
117.409 7146 84.534
117.526 6760 82.2192
117.644 6664 81.6333
117.761 6905 83.0963
117.879 7308 85.4868
117.996 7685 87.6641
118.114 7858 88.6454
118.231 8141 90.2275
118.349 8355 91.4057
118.466 8475 92.0598
118.584 8360 91.433
118.701 8583 92.6445
118.819 8424 91.7824
118.936 8451 91.9293
119.053 8133 90.1831
119.171 7971 89.2805
119.288 7833 88.5042
119.405 7772 88.1589
119.523 7403 86.0407
119.64 7346 85.7088
119.757 7681 87.6413
119.875 7907 88.9213
119.992 8148 90.2663
120.109 8111 90.0611
120.226 8193 90.5152
120.343 8375 91.515
120.46 8254 90.8515
120.578 8410 91.7061
120.695 8139 90.2164
120.812 7638 87.3957
120.929 7381 85.9127
121.046 6854 82.7889
121.163 6315 79.467
121.279 6112 78.1793
121.396 5896 76.7854
121.513 6091 78.0449
121.63 5948 77.1233
121.747 6313 79.4544
121.863 6153 78.4411
121.98 6438 80.2371
122.097 6319 79.4921
122.213 6291 79.3158
122.33 6168 78.5366
122.446 5995 77.4274
122.563 5710 75.5645
122.679 5501 74.1687
122.795 5044 71.0211
122.912 4772 69.0797
123.028 4355 65.9924
123.144 4003 63.2693
123.26 3692 60.7618
123.377 0 1
123.493 0 1
123.609 0 1
123.725 0 1
123.84 0 1
123.956 0 1
124.072 0 1
124.188 0 1
124.303 0 1
124.419 0 1
126.852 0 1
126.968 0 1
127.083 0 1
127.199 0 1
127.315 0 1
127.431 0 1
127.547 0 1
127.663 0 1
127.779 0 1
127.895 0 1
128.011 0 1
128.127 0 1
128.243 0 1
128.359 7580 87.0632
128.476 7677 87.6185
128.592 8143 90.2386
128.708 8399 91.6461
128.825 8733 93.4505
128.941 8864 94.1488
129.058 8972 94.7206
129.174 8922 94.4563
129.291 9027 95.0105
129.408 8660 93.0591
129.524 8584 92.6499
129.641 8269 90.934
129.758 7798 88.3063
129.875 7336 85.6505
129.992 7091 84.2081
130.108 6818 82.5712
130.225 6915 83.1565
130.342 7133 84.4571
130.459 7356 85.7671
130.576 7964 89.2412
130.693 7999 89.4371
130.81 8069 89.8276
130.928 8398 91.6406
131.045 8550 92.4662
131.162 8696 93.2523
131.279 8592 92.693
131.396 8842 94.0319
131.513 8607 92.7739
131.631 8389 91.5915
131.748 8409 91.7006
131.865 8077 89.8721
131.983 7941 89.1123
132.1 8044 89.6883
132.217 8456 91.9565
132.335 8774 93.6696
132.452 8795 93.7817
132.57 8895 94.3133
132.687 8472 92.0435
132.804 9438 97.1494
132.922 9042 95.0894
133.039 9040 95.0789
133.157 8680 93.1665
133.274 8235 90.7469
133.392 7859 88.651
133.509 7399 86.0174
133.627 6956 83.4026
133.744 6669 81.6639
133.862 6934 83.2706
133.979 7132 84.4512
134.097 7432 86.209
134.214 7700 87.7496
134.332 7864 88.6792
134.449 8080 89.8888
134.567 8151 90.2829
134.684 8511 92.2551
134.802 8435 91.8423
134.919 8532 92.3688
135.037 8368 91.4768
135.154 8545 92.4392
135.272 8291 91.0549
135.389 7956 89.1964
135.507 7851 88.6059
135.624 8022 89.5656
135.742 7869 88.7074
135.859 8183 90.4599
135.977 8223 90.6808
136.094 8527 92.3418
136.211 8737 93.4719
136.329 8942 94.5621
136.446 8818 93.9042
136.564 8588 92.6715
136.681 8503 92.2117
136.798 8748 93.5307
136.915 8192 90.5097
137.033 7715 87.8351
137.15 7372 85.8604
137.267 6949 83.3607
137.384 6569 81.0494
137.502 6478 80.486
137.619 6914 83.1505
137.736 7067 84.0655
137.853 7341 85.6796
137.97 7756 88.0682
138.087 7491 86.5506
138.204 7905 88.9101
138.321 8151 90.2829
138.438 8039 89.6605
138.555 8274 90.9615
138.672 8248 90.8185
138.788 8020 89.5545
138.905 7739 87.9716
139.022 7215 84.9412
139.139 6882 82.9578
139.255 6654 81.5721
139.372 6395 79.9687
139.488 6430 80.1873
139.605 6379 79.8686
139.721 6154 78.4474
139.838 6101 78.1089
139.954 5718 75.6175
140.071 5483 74.0473
140.187 5123 71.5751
140.303 4625 68.0074
140.419 4441 66.6408
140.535 4280 65.4217
140.652 3867 62.1852
140.768 0 1
140.884 0 1
141 0 1
141.115 0 1
141.231 0 1
141.347 0 1
141.463 0 1
141.578 0 1
141.694 0 1
144.104 0 1
144.219 0 1
144.335 0 1
144.45 0 1
144.566 0 1
144.682 0 1
144.798 0 1
144.914 0 1
145.03 0 1
145.146 6713 81.9329
145.262 6826 82.6196
145.378 6845 82.7345
145.494 6503 80.6412
145.61 6163 78.5048
145.726 6069 77.9038
145.842 5671 75.306
145.959 5621 74.9733
146.075 5482 74.0405
146.192 5522 74.3102
146.308 5732 75.71
146.425 5914 76.9025
146.541 6066 77.8845
146.658 6170 78.5493
146.774 6194 78.702
146.891 6502 80.635
147.008 6775 82.3104
147.125 6754 82.1827
147.241 6930 83.2466
147.358 6917 83.1685
147.475 6697 81.8352
147.592 6602 81.2527
147.709 6334 79.5864
147.826 6180 78.613
147.943 6235 78.962
148.06 6331 79.5676
148.177 6560 80.9938
148.294 6938 83.2947
148.411 6748 82.1462
148.528 6876 82.9216
148.645 6981 83.5524
148.762 6958 83.4146
148.88 6947 83.3487
148.997 6834 82.668
149.114 7076 84.119
149.231 6546 80.9074
149.349 6368 79.7997
149.466 5951 77.1427
149.583 5863 76.5702
149.701 5521 74.3034
149.818 5438 73.7428
149.935 5493 74.1148
150.053 5761 75.9013
150.17 5846 76.4591
150.287 6026 77.6273
150.405 6078 77.9615
150.522 6103 78.1217
150.64 6410 80.0625
150.757 6515 80.7155
150.875 6543 80.8888
150.992 6694 81.8169
151.11 6413 80.0812
151.227 6363 79.7684
151.344 6338 79.6116
151.462 6208 78.7909
151.579 5988 77.3822
151.697 6107 78.1473
151.814 6218 78.8543
151.932 6417 80.1062
152.049 6504 80.6474
152.167 6624 81.388
152.284 6805 82.4924
152.402 6894 83.0301
152.519 6834 82.668
152.636 6644 81.5107
152.754 6629 81.4187
152.871 6436 80.2247
152.989 6079 77.9679
153.106 5823 76.3086
153.223 5636 75.0733
153.341 5541 74.4379
153.458 5286 72.7049
153.575 5306 72.8423
153.693 5511 74.2361
153.81 5532 74.3774
153.927 5740 75.7628
154.044 5846 76.4591
154.162 6051 77.7882
154.279 6128 78.2815
154.396 6239 78.9873
154.513 6349 79.6806
154.63 6418 80.1124
154.747 6389 79.9312
154.864 6222 78.8797
154.981 6113 78.1857
155.098 5924 76.9675
155.215 5761 75.9013
155.332 6033 77.6724
155.449 5939 77.0649
155.566 6171 78.5557
155.683 6338 79.6116
155.8 6255 79.0886
155.917 6265 79.1518
156.033 6367 79.7935
156.15 0 1
156.267 0 1
156.383 0 1
156.5 0 1
156.617 0 1
156.733 0 1
156.85 0 1
156.966 0 1
157.082 0 1
157.199 0 1
157.315 0 1
157.431 0 1
157.547 0 1
157.664 0 1
157.78 0 1
157.896 0 1
158.012 0 1
158.128 0 1
158.244 0 1
158.359 0 1
158.475 0 1
158.591 0 1
158.706 0 1
