
6.15755 0 1
6.2731 0 1
6.3887 0 1
6.50437 0 1
6.62009 0 1
6.73587 0 1
6.8517 0 1
6.96759 0 1
7.08353 0 1
7.19952 0 1
7.31557 0 1
7.43166 0 1
7.54781 0 1
7.664 0 1
7.78024 0 1
7.89653 0 1
8.01286 0 1
8.12924 0 1
8.24567 0 1
8.36213 0 1
8.47864 0 1
8.59519 0 1
8.71178 0 1
8.82841 0 1
8.94508 0 1
9.06179 0 1
9.17853 0 1
9.29531 0 1
9.41212 0 1
9.52897 0 1
9.64584 0 1
9.76276 0 1
9.8797 0 1
9.99667 0 1
10.1137 0 1
10.2307 0 1
10.3478 0 1
10.4648 0 1
10.5819 0 1
10.6991 0 1
10.8162 0 1
10.9334 0 1
11.0506 0 1
11.1678 0 1
11.285 0 1
11.4023 0 1
11.5196 0 1
11.6369 0 1
11.7542 0 1
11.8715 0 1
11.9888 0 1
12.1062 0 1
12.2235 0 1
12.3409 0 1
12.4582 0 1
12.5756 0 1
12.693 0 1
12.8104 0 1
12.9278 0 1
13.0452 0 1
13.1626 0 1
13.28 0 1
13.3974 0 1
13.5149 0 1
13.6323 0 1
13.7497 0 1
13.8671 0 1
13.9845 0 1
14.1019 0 1
14.2193 0 1
14.3367 0 1
14.4541 0 1
14.5714 0 1
14.6888 0 1
14.8062 0 1
14.9235 0 1
15.0408 0 0
15.1581 0 0
15.2755 0 0
15.3927 0 0
15.51 0 0
15.6273 0 0
15.7445 0 0
15.8617 0 0
15.9789 0 0
16.0961 0 0
16.2132 0 0
16.3304 0 0
16.4475 0 0
16.5646 0 0
16.6816 0 0
16.7986 0 0
16.9156 0 0
17.0326 0 0
17.1496 0 0
17.2665 0 0
17.3833 0 0
17.5002 0 0
17.617 0 0
17.7338 0 0
17.8505 0 0
17.9672 0 0
18.0839 0 0
18.2005 0 0
18.3171 0 0
18.4337 0 0
18.5502 0 0
18.6666 0 0
18.7831 0 0
18.8994 0 0
19.0158 0 0
19.1321 0 0
19.2483 0 0
19.3645 0 0
19.4806 0 0
19.5967 0 0
19.7128 0 0
19.8288 0 0
19.9447 0 0
20.0606 0 1
20.1764 0 1
20.2922 0 1
20.4079 0 1
20.5236 0 1
20.6392 0 1
20.7548 0 1
20.8702 0 1
23.3078 0 1
23.4233 0 1
23.539 0 1
23.6547 0 1
23.7704 0 1
23.8862 0 1
24.0021 0 1
24.118 0 1
24.234 0 1
24.35 0 1
24.4661 1307 36.1525
24.5822 1465 38.2753
24.6984 1494 38.6523
24.8146 1733 41.6293
24.9309 1941 44.0568
25.0472 2285 47.8017
25.1636 2507 50.07
25.28 2626 51.2445
25.3965 2690 51.8652
25.513 2791 52.8299
25.6296 2695 51.9134
25.7462 2697 51.9326
25.8628 2686 51.8266
25.9795 2740 52.345
26.0962 2730 52.2494
26.213 2813 53.0377
26.3298 2878 53.647
26.4466 2826 53.1601
26.5635 2906 53.9073
26.6804 2783 52.7541
26.7973 2678 51.7494
26.9143 2657 51.5461
27.0313 2507 50.07
27.1483 2570 50.6952
27.2653 2586 50.8527
27.3824 2498 49.98
27.4996 2357 48.5489
27.6167 2178 46.669
27.7339 2191 46.8081
27.8511 2377 48.7545
27.9683 2463 49.6286
28.0855 2617 51.1566
28.2028 2568 50.6754
28.3201 2496 49.96
28.4374 2556 50.5569
28.5547 2496 49.96
28.6721 2550 50.4975
28.7894 2582 50.8134
28.9068 2598 50.9706
29.0242 2545 50.448
29.1416 2635 51.3323
29.259 2605 51.0392
29.3764 2653 51.5073
29.4939 2475 49.7494
29.6113 2476 49.7594
29.7288 2363 48.6107
29.8463 2405 49.0408
29.9638 2397 48.9592
30.0812 2481 49.8096
30.1987 2365 48.6313
30.3162 2421 49.2037
30.4337 2453 49.5278
30.5512 2478 49.7795
30.6687 2502 50.02
30.7862 2462 49.6185
30.9037 2430 49.295
31.0212 2299 47.9479
31.1387 2337 48.3425
31.2562 2382 48.8057
31.3737 2495 49.95
31.4912 2628 51.264
31.6087 2656 51.5364
31.7262 2651 51.4879
31.8436 2575 50.7445
31.9611 2589 50.8822
32.0785 2524 50.2394
32.1959 2513 50.1298
32.3134 2451 49.5076
32.4308 2481 49.8096
32.5482 2445 49.4469
32.6655 2399 48.9796
32.7829 2342 48.3942
32.9002 2359 48.5695
33.0176 2335 48.3218
33.1349 2294 47.8957
33.2522 2272 47.6655
33.3694 2203 46.9361
33.4867 2290 47.8539
33.6039 2269 47.634
33.7211 2261 47.55
33.8383 2281 47.7598
33.9554 2419 49.1833
34.0725 2477 49.7695
34.1896 2417 49.163
34.3067 2467 49.6689
34.4237 2456 49.558
34.5407 2346 48.4355
34.6577 2210 47.0106
34.7746 2301 47.9687
34.8915 2272 47.6655
35.0084 2441 49.4065
35.1252 2549 50.4876
35.242 2650 51.4782
35.3587 2597 50.9608
35.4755 2527 50.2693
35.5921 2490 49.8999
35.7088 2491 49.9099
35.8254 2270 47.6445
35.9419 2340 48.3735
36.0584 2225 47.1699
36.1749 2119 46.0326
36.2913 2055 45.3321
36.4077 2081 45.618
36.524 1961 44.2832
36.6403 1749 41.821
36.7565 1583 39.7869
36.8727 1532 39.1408
36.9889 1477 38.4318
37.1049 1379 37.1349
37.221 0 1
37.3369 0 1
37.4529 0 1
37.5687 0 1
37.6845 0 1
37.8003 0 1
37.916 0 1
38.0316 0 1
38.1472 0 1
40.5851 0 1
40.7008 0 1
40.8164 0 1
40.9322 0 1
41.048 0 1
41.1639 0 1
41.2798 0 1
41.3958 0 1
41.5118 0 1
41.6279 0 1
41.744 1872 43.2666
41.8602 2422 49.2138
41.9765 2933 54.1572
42.0928 3240 56.921
42.2091 3204 56.6039
42.3255 3298 57.4282
42.4419 3242 56.9386
42.5584 3267 57.1577
42.675 3427 58.5406
42.7915 3488 59.0593
42.9081 3418 58.4637
43.0248 3508 59.2284
43.1415 3534 59.4475
43.2582 3407 58.3695
43.375 3184 56.4269
43.4918 3204 56.6039
43.6087 3119 55.848
43.7256 3343 57.8187
43.8425 3474 58.9406
43.9595 3367 58.0259
44.0765 3535 59.4559
44.1935 3431 58.5747
44.3106 3240 56.921
44.4277 3170 56.3028
44.5448 3071 55.4166
44.6619 3001 54.7814
44.7791 2839 53.2823
44.8963 2777 52.6972
45.0136 2710 52.0577
45.1308 2557 50.5668
45.2481 2434 49.3356
45.3654 2400 48.9898
45.4827 2325 48.2183
45.6001 2199 46.8935
45.7174 2205 46.9574
45.8348 2084 45.6508
45.9522 1985 44.5533
46.0697 2033 45.0888
46.1871 2093 45.7493
46.3046 2200 46.9042
46.422 2132 46.1736
46.5395 2188 46.7761
46.657 2207 46.9787
46.7745 2189 46.7868
46.892 1967 44.3509
47.0096 1947 44.1248
47.1271 2021 44.9555
47.2446 2086 45.6727
47.3622 2133 46.1844
47.4797 2099 45.8148
47.5973 2115 45.9891
47.7149 2131 46.1628
47.8324 2109 45.9239
47.95 2087 45.6837
48.0675 2089 45.7056
48.1851 2159 46.465
48.3027 2030 45.0555
48.4202 2008 44.8107
48.5378 2003 44.7549
48.6554 1901 43.6005
48.7729 1880 43.359
48.8904 1912 43.7264
49.008 1835 42.8369
49.1255 1838 42.8719
49.243 1866 43.1972
49.3605 1834 42.8252
49.478 1936 44
49.5955 2010 44.833
49.713 2006 44.7884
49.8304 2098 45.8039
49.9479 2042 45.1885
50.0653 2092 45.7384
50.1827 2038 45.1442
50.3001 1988 44.587
50.4175 1654 40.6694
50.5348 1546 39.3192
50.6521 1729 41.5812
50.7694 1880 43.359
50.8867 2018 44.9222
51.004 2061 45.3982
51.1212 2108 45.913
51.2384 2086 45.6727
51.3556 2025 45
51.4727 2120 46.0435
51.5899 2164 46.5188
51.707 2016 44.8999
51.824 1925 43.8748
51.9411 1998 44.699
52.0581 1988 44.587
52.175 1944 44.0908
52.2919 1941 44.0568
52.4088 1921 43.8292
52.5257 1920 43.8178
52.6425 1879 43.3474
52.7593 1777 42.1545
52.876 1846 42.9651
52.9927 1821 42.6732
53.1094 1845 42.9535
53.226 1809 42.5323
53.3426 1887 43.4396
53.4591 1969 44.3734
53.5756 1756 41.9047
53.692 1443 37.9868
53.8084 1294 35.9722
53.9248 1182 34.3802
54.0411 995 31.5436
54.1573 1016 31.8748
54.2735 0 1
54.3896 0 1
54.5057 0 1
54.6217 0 1
54.7377 0 1
54.8537 0 1
54.9695 0 1
55.0853 0 1
55.2011 0 1
55.3168 0 1
55.4324 0 1
57.824 0 1
57.9396 0 1
58.0553 0 1
58.1711 0 1
58.2869 0 1
58.4028 0 1
58.5187 0 1
58.6347 0 1
58.7508 0 1
58.8669 0 1
58.983 1668 40.8412
59.0992 1655 40.6817
59.2155 1717 41.4367
59.3318 1896 43.5431
59.4482 2028 45.0333
59.5646 2222 47.1381
59.681 2252 47.4552
59.7975 2412 49.1121
59.9141 2458 49.5782
60.0306 2410 49.0918
60.1473 2411 49.1019
60.2639 2420 49.1935
60.3807 2462 49.6185
60.4974 2486 49.8598
60.6142 2447 49.4672
60.731 2490 49.8999
60.8479 2532 50.319
60.9648 2549 50.4876
61.0818 2493 49.93
61.1987 2463 49.6286
61.3158 2446 49.4571
61.4328 2485 49.8498
61.5499 2360 48.5798
61.667 2323 48.1975
61.7841 2331 48.2804
61.9013 2395 48.9387
62.0185 2471 49.7092
62.1357 2375 48.734
62.253 2403 49.0204
62.3702 2375 48.734
62.4875 2369 48.6724
62.6049 2043 45.1996
62.7222 2139 46.2493
62.8396 2350 48.4768
62.9569 2486 49.8598
63.0743 2490 49.8999
63.1918 2509 50.0899
63.3092 2527 50.2693
63.4267 2553 50.5272
63.5441 2573 50.7247
63.6616 2604 51.0294
63.7791 2498 49.98
63.8966 2582 50.8134
64.0142 2449 49.4874
64.1317 2439 49.3862
64.2492 2489 49.8899
64.3668 2508 50.0799
64.4843 2489 49.8899
64.6019 2370 48.6826
64.7195 2369 48.6724
64.837 2376 48.7442
64.9546 2312 48.0833
65.0722 2246 47.392
65.1898 2286 47.8121
65.3074 2337 48.3425
65.4249 2257 47.5079
65.5425 2329 48.2597
65.6601 2336 48.3322
65.7777 2467 49.6689
65.8952 2380 48.7852
66.0128 2239 47.3181
66.1304 2012 44.8553
66.2479 1921 43.8292
66.3655 2081 45.618
66.483 2150 46.3681
66.6005 2383 48.816
66.718 2450 49.4975
66.8355 2474 49.7393
66.953 2516 50.1597
67.0705 2445 49.4469
67.1879 2541 50.4083
67.3054 2385 48.8365
67.4228 2386 48.8467
67.5402 2516 50.1597
67.6576 2408 49.0714
67.7749 2403 49.0204
67.8923 2429 49.2849
68.0096 2523 50.2295
68.1269 2464 49.6387
68.2442 2306 48.0208
68.3614 2405 49.0408
68.4787 2211 47.0213
68.5958 2253 47.4658
68.713 2161 46.4866
68.8302 2173 46.6154
68.9473 2188 46.7761
69.0643 2279 47.7389
69.1814 2272 47.6655
69.2984 2345 48.4252
69.4154 2280 47.7493
69.5323 2272 47.6655
69.6492 2180 46.6905
69.7661 1889 43.4626
69.8829 1792 42.332
69.9997 1894 43.5201
70.1165 2056 45.3431
70.2332 2120 46.0435
70.3499 2052 45.299
70.4665 1847 42.9767
70.5831 1686 41.0609
70.6996 1584 39.7995
70.8161 1525 39.0512
70.9326 1537 39.2046
71.049 1411 37.5633
71.1653 1372 37.0405
71.2817 1358 36.8511
71.3979 1261 35.5106
71.5141 1335 36.5377
71.6303 1192 34.5254
71.7464 1134 33.6749
71.8624 0 1
71.9784 0 1
72.0944 0 1
72.2102 0 1
72.3261 0 1
72.4418 0 1
72.5575 0 1
72.6732 0 1
75.1054 0 1
75.2209 0 1
75.3365 0 1
75.4521 0 1
75.5678 0 1
75.6835 0 1
75.7993 0 1
75.9151 0 1
76.031 0 1
76.147 1840 42.8952
76.263 2096 45.7821
76.3791 2230 47.2229
76.4952 2134 46.1952
76.6113 2148 46.3465
76.7276 2071 45.5082
76.8438 2205 46.9574
76.9601 2179 46.6798
77.0765 2251 47.4447
77.1929 2266 47.6025
77.3093 2236 47.2864
77.4258 2298 47.9375
77.5423 2168 46.5618
77.6589 2172 46.6047
77.7755 2221 47.1275
77.8921 2139 46.2493
78.0088 2197 46.8722
78.1256 2182 46.7119
78.2423 2185 46.744
78.3591 2227 47.1911
78.4759 2353 48.5077
78.5928 2220 47.1169
78.7097 1966 44.3396
78.8266 1636 40.4475
78.9436 1549 39.3573
79.0606 1614 40.1746
79.1776 1871 43.2551
79.2946 2168 46.5618
79.4117 2220 47.1169
79.5288 2371 48.6929
79.6459 2305 48.0104
79.7631 2305 48.0104
79.8802 2323 48.1975
79.9974 2274 47.6865
80.1147 2388 48.8672
80.2319 2271 47.655
80.3491 2346 48.4355
80.4664 2299 47.9479
80.5837 2296 47.9166
80.701 2410 49.0918
80.8183 2351 48.4871
80.9357 2407 49.0612
81.053 2370 48.6826
81.1704 2360 48.5798
81.2877 2291 47.8644
81.4051 2297 47.927
81.5225 2344 48.4149
81.6399 2239 47.3181
81.7573 2406 49.051
81.8747 2409 49.0816
81.9922 2651 51.4879
82.1096 2586 50.8527
82.227 2630 51.2835
82.3444 2529 50.2892
82.4619 2284 47.7912
82.5793 2131 46.1628
82.6967 2174 46.6262
82.8142 2705 52.0096
82.9316 3215 56.701
83.049 3514 59.279
83.1664 3652 60.4318
83.2838 3763 61.3433
83.4012 3984 63.1189
83.5186 4049 63.6318
83.636 4090 63.9531
83.7534 4103 64.0547
83.8708 4191 64.7379
83.9881 4142 64.3584
84.1055 4262 65.284
84.2228 4229 65.0308
84.3401 4199 64.7997
84.4575 4234 65.0692
84.5747 4300 65.5744
84.692 4319 65.7191
84.8093 4291 65.5057
84.9265 4072 63.8122
85.0437 4195 64.7688
85.1609 4163 64.5213
85.2781 4057 63.6946
85.3952 4117 64.1639
85.5123 4171 64.5833
85.6294 4135 64.304
85.7465 4065 63.7574
85.8636 3839 61.9597
85.9806 3175 56.3471
86.0976 2633 51.3128
86.2145 2671 51.6817
86.3315 3046 55.1906
86.4484 3721 61
86.5652 4099 64.0234
86.682 4092 63.9687
86.7988 4127 64.2417
86.9156 3964 62.9603
87.0323 4127 64.2417
87.149 4069 63.7887
87.2657 4066 63.7652
87.3823 3864 62.1611
87.4988 3850 62.0484
87.6154 3654 60.4483
87.7318 3223 56.7715
87.8483 3080 55.4977
87.9647 3018 54.9363
88.081 2934 54.1664
88.1973 2868 53.5537
88.3136 2690 51.8652
88.4298 2613 51.1175
88.546 2446 49.4571
88.6621 2358 48.5592
88.7781 2322 48.1871
88.8942 0 1
89.0101 0 1
89.126 0 1
89.2419 0 1
89.3577 0 1
89.4734 0 1
89.5891 0 1
89.7047 0 1
89.8203 0 1
89.9358 0 1
92.3269 0 1
92.4424 0 1
92.558 0 1
92.6736 0 1
92.7893 0 1
92.905 0 1
93.0208 0 1
93.1366 0 1
93.2525 0 1
93.3685 0 1
93.4845 0 1
93.6005 4395 66.2948
93.7167 4486 66.9776
93.8328 4263 65.2917
93.949 4256 65.238
94.0653 4298 65.5591
94.1816 4387 66.2344
94.2979 4315 65.6887
94.4143 4384 66.2118
94.5307 4297 65.5515
94.6472 4280 65.4217
94.7637 4020 63.4035
94.8803 3722 61.0082
94.9969 3435 58.6089
95.1135 3017 54.9272
95.2302 3325 57.6628
95.3469 3569 59.7411
95.4637 4141 64.3506
95.5805 4300 65.5744
95.6973 4426 66.5282
95.8142 4396 66.3023
95.9311 4389 66.2495
96.048 4495 67.0448
96.1649 4439 66.6258
96.2819 4410 66.4078
96.3989 4438 66.6183
96.516 4391 66.2646
96.633 4512 67.1714
96.7501 4542 67.3944
96.8673 4500 67.082
96.9844 4609 67.8896
97.1016 4568 67.587
97.2188 4611 67.9043
97.336 4523 67.2533
97.4532 4430 66.5582
97.5704 4416 66.453
97.6877 4367 66.0833
97.805 4413 66.4304
97.9223 4478 66.9179
98.0396 4263 65.2917
98.1569 4416 66.453
98.2743 4352 65.9697
98.3916 3831 61.8951
98.509 3351 57.8878
98.6264 3051 55.2359
98.7438 3117 55.8301
98.8612 3551 59.5903
98.9786 4130 64.2651
99.096 4210 64.8845
99.2134 4142 64.3584
99.3308 4112 64.1249
99.4482 4074 63.8279
99.5656 4049 63.6318
99.6831 3931 62.6977
99.8005 3656 60.4649
99.9179 3907 62.506
100.035 3608 60.0666
100.153 3611 60.0916
100.27 3510 59.2453
100.388 3466 58.8727
100.505 3546 59.5483
100.622 3437 58.6259
100.74 3312 57.55
100.857 3308 57.5152
100.975 3218 56.7274
101.092 3093 55.6147
101.209 3080 55.4977
101.327 3086 55.5518
101.444 2961 54.4151
101.561 3009 54.8544
101.679 3041 55.1453
101.796 3030 55.0454
101.913 2844 53.3292
102.03 2563 50.6261
102.148 2297 47.927
102.265 2220 47.1169
102.382 2512 50.1199
102.499 2743 52.3737
102.616 2779 52.7162
102.733 2846 53.3479
102.851 2948 54.2955
102.968 2796 52.8772
103.085 2828 53.1789
103.202 2855 53.4322
103.319 2820 53.1037
103.436 2897 53.8238
103.552 2754 52.4786
103.669 2694 51.9038
103.786 2718 52.1344
103.903 2877 53.6377
104.02 2817 53.0754
104.137 2820 53.1037
104.253 2881 53.6749
104.37 2817 53.0754
104.487 2693 51.8941
104.603 2713 52.0865
104.72 2605 51.0392
104.836 2478 49.7795
104.953 2263 47.571
105.069 1982 44.5197
105.186 1772 42.0951
105.302 1669 40.8534
105.418 1531 39.128
105.535 1432 37.8418
105.651 1278 35.7491
105.767 968 31.1127
105.883 845 29.0689
105.999 925 30.4138
106.115 0 1
106.231 0 1
106.347 0 1
106.463 0 1
106.579 0 1
106.694 0 1
106.81 0 1
106.926 0 1
107.041 0 1
107.157 0 1
109.576 0 1
109.692 0 1
109.807 0 1
109.923 0 1
110.039 0 1
110.155 0 1
110.27 0 1
110.386 0 1
110.502 0 1
110.618 2735 52.2972
110.735 2835 53.2447
110.851 2651 51.4879
110.967 2461 49.6085
111.083 2317 48.1352
111.199 2655 51.5267
111.316 2792 52.8394
111.432 3092 55.6058
111.549 2994 54.7175
111.665 3046 55.1906
111.782 3027 55.0182
111.898 3031 55.0545
112.015 3078 55.4797
112.132 2999 54.7631
112.248 3048 55.2087
112.365 3185 56.4358
112.482 2964 54.4426
112.599 3134 55.9821
112.716 3078 55.4797
112.832 3252 57.0263
112.949 3265 57.1402
113.066 3345 57.836
113.183 3383 58.1636
113.3 3350 57.8792
113.417 3357 57.9396
113.534 3279 57.2626
113.652 3294 57.3934
113.769 3398 58.2924
113.886 3463 58.8473
114.003 3314 57.5674
114.12 3271 57.1927
114.238 3243 56.9473
114.355 2924 54.074
114.472 2613 51.1175
114.589 2610 51.0882
114.707 2600 50.9902
114.824 2973 54.5252
114.942 3083 55.5248
115.059 3206 56.6216
115.176 3147 56.0981
115.294 3155 56.1694
115.411 3116 55.8211
115.529 3136 56
115.646 3114 55.8032
115.764 3084 55.5338
115.881 3062 55.3353
115.999 2997 54.7449
116.116 3138 56.0179
116.234 3134 55.9821
116.351 3287 57.3324
116.469 3195 56.5243
116.586 3575 59.7913
116.704 3447 58.7112
116.821 3454 58.7707
116.939 3514 59.279
117.056 3389 58.2151
117.174 3377 58.112
117.291 3316 57.5847
117.409 3394 58.258
117.526 3395 58.2666
117.644 3400 58.3095
117.761 3442 58.6686
117.879 3271 57.1927
117.996 2885 53.7122
118.114 2641 51.3907
118.231 2634 51.3225
118.349 2788 52.8015
118.466 3094 55.6237
118.584 3184 56.4269
118.701 3245 56.9649
118.819 3102 55.6956
118.936 3105 55.7225
119.053 3072 55.4256
119.171 3126 55.9106
119.288 3006 54.827
119.405 3008 54.8452
119.523 2983 54.6168
119.64 2971 54.5069
119.757 2951 54.3231
119.875 3042 55.1543
119.992 3160 56.2139
120.109 3130 55.9464
120.226 3298 57.4282
120.343 3213 56.6833
120.46 3242 56.9386
120.578 3221 56.7539
120.695 3126 55.9106
120.812 3199 56.5597
120.929 3074 55.4437
121.046 3097 55.6507
121.163 3082 55.5158
121.279 2966 54.461
121.396 3035 55.0908
121.513 3013 54.8908
121.63 2692 51.8845
121.747 2425 49.2443
121.863 2191 46.8081
121.98 2243 47.3603
122.097 2141 46.2709
122.213 2235 47.2758
122.33 2228 47.2017
122.446 2194 46.8402
122.563 2099 45.8148
122.679 2023 44.9778
122.795 1929 43.9204
122.912 1900 43.589
123.028 1883 43.3935
123.144 1796 42.3792
123.26 1777 42.1545
123.377 0 1
123.493 0 1
123.609 0 1
123.725 0 1
123.84 0 1
123.956 0 1
124.072 0 1
124.188 0 1
124.303 0 1
124.419 0 1
126.852 0 1
126.968 0 1
127.083 0 1
127.199 0 1
127.315 0 1
127.431 0 1
127.547 0 1
127.663 0 1
127.779 0 1
127.895 0 1
128.011 0 1
128.127 0 1
128.243 0 1
128.359 3419 58.4722
128.476 3487 59.0508
128.592 3588 59.8999
128.708 3652 60.4318
128.825 3551 59.5903
128.941 3688 60.7289
129.058 3645 60.3738
129.174 3602 60.0167
129.291 3791 61.5711
129.408 3869 62.2013
129.524 3911 62.538
129.641 4015 63.364
129.758 4264 65.2993
129.875 4342 65.8939
129.992 4348 65.9394
130.108 4278 65.4064
130.225 4430 66.5582
130.342 4292 65.5134
130.459 4127 64.2417
130.576 4057 63.6946
130.693 3858 62.1128
130.81 3768 61.384
130.928 3635 60.291
131.045 3828 61.8708
131.162 3916 62.578
131.279 4132 64.2806
131.396 4057 63.6946
131.513 4041 63.5689
131.631 4195 64.7688
131.748 4171 64.5833
131.865 4024 63.435
131.983 4012 63.3404
132.1 3936 62.7375
132.217 4047 63.616
132.335 4012 63.3404
132.452 3831 61.8951
132.57 3854 62.0806
132.687 3860 62.1289
132.804 4105 64.0703
132.922 4034 63.5138
133.039 4153 64.4438
133.157 4143 64.3661
133.274 4210 64.8845
133.392 4436 66.6033
133.509 4353 65.9773
133.627 4328 65.7875
133.744 4569 67.5944
133.862 4459 66.7757
133.979 4583 67.6979
134.097 4315 65.6887
134.214 4456 66.7533
134.332 3963 62.9524
134.449 4160 64.4981
134.567 4146 64.3894
134.684 4321 65.7343
134.802 4415 66.4455
134.919 4463 66.8057
135.037 4564 67.5574
135.154 4418 66.468
135.272 4283 65.4446
135.389 4322 65.7419
135.507 4314 65.681
135.624 4293 65.521
135.742 4253 65.215
135.859 4245 65.1537
135.977 4253 65.215
136.094 4157 64.4748
136.211 4106 64.0781
136.329 4147 64.3972
136.446 4102 64.0469
136.564 4312 65.6658
136.681 4178 64.6375
136.798 4234 65.0692
136.915 4296 65.5439
137.033 4295 65.5362
137.15 4332 65.8179
137.267 4328 65.7875
137.384 4366 66.0757
137.502 4429 66.5507
137.619 4319 65.7191
137.736 4172 64.591
137.853 4039 63.5531
137.97 4003 63.2693
138.087 3737 61.131
138.204 4083 63.8984
138.321 4188 64.7148
138.438 4110 64.1093
138.555 4324 65.7571
138.672 4212 64.8999
138.788 4192 64.7457
138.905 4010 63.3246
139.022 3908 62.514
139.139 3842 61.9839
139.255 3832 61.9032
139.372 3454 58.7707
139.488 3356 57.931
139.605 3184 56.4269
139.721 3101 55.6866
139.838 2976 54.5527
139.954 2972 54.5161
140.071 2856 53.4416
140.187 2887 53.7308
140.303 2950 54.3139
140.419 2835 53.2447
140.535 3031 55.0545
140.652 3109 55.7584
140.768 0 1
140.884 0 1
141 0 1
141.115 0 1
141.231 0 1
141.347 0 1
141.463 0 1
141.578 0 1
141.694 0 1
144.104 0 1
144.219 0 1
144.335 0 1
144.45 0 1
144.566 0 1
144.682 0 1
144.798 0 1
144.914 0 1
145.03 0 1
145.146 8372 91.4986
145.262 8578 92.6175
145.378 8582 92.6391
145.494 8729 93.4291
145.61 8847 94.0585
145.726 8955 94.6309
145.842 8937 94.5357
145.959 8908 94.3822
146.075 8856 94.1063
146.192 8895 94.3133
146.308 8904 94.361
146.425 8684 93.188
146.541 8006 89.4763
146.658 7035 83.8749
146.774 6028 77.6402
146.891 5828 76.3413
147.008 6569 81.0494
147.125 7691 87.6983
147.241 8384 91.5642
147.358 8700 93.2738
147.475 8709 93.322
147.592 8790 93.755
147.709 8843 94.0372
147.826 8643 92.9677
147.943 8767 93.6323
148.06 8727 93.4184
148.177 8861 94.1329
148.294 8871 94.186
148.411 8880 94.2338
148.528 8849 94.0691
148.645 8750 93.5414
148.762 8973 94.7259
148.88 9065 95.2103
148.997 8751 93.5468
149.114 9428 97.0979
149.231 9211 95.974
149.349 9210 95.9687
149.466 9133 95.5667
149.583 9128 95.5406
149.701 9017 94.9579
149.818 9191 95.8697
149.935 9090 95.3415
150.053 9156 95.687
150.17 8720 93.3809
150.287 7615 87.264
150.405 6514 80.7094
150.522 5972 77.2787
150.64 6513 80.7032
150.757 7565 86.977
150.875 8381 91.5478
150.992 8708 93.3167
151.11 8711 93.3327
151.227 8809 93.8563
151.344 8669 93.1075
151.462 8560 92.5203
151.579 8788 93.7443
151.697 8788 93.7443
151.814 8655 93.0323
151.932 8857 94.1116
152.049 8841 94.0266
152.167 8856 94.1063
152.284 8745 93.5147
152.402 8977 94.747
152.519 8824 93.9361
152.636 9049 95.1262
152.754 9040 95.0789
152.871 9096 95.373
152.989 9131 95.5563
153.106 9333 96.6075
153.223 9407 96.9897
153.341 9167 95.7445
153.458 9259 96.2237
153.575 9312 96.4987
153.693 9283 96.3483
153.81 8845 94.0479
153.927 7749 88.0284
154.044 6893 83.0241
154.162 6425 80.1561
154.279 6686 81.768
154.396 8017 89.5377
154.513 8810 93.8616
154.63 9189 95.8593
154.747 9189 95.8593
154.864 8835 93.9947
154.981 8857 94.1116
155.098 8812 93.8723
155.215 8699 93.2684
155.332 8542 92.4229
155.449 8373 91.5041
155.566 8273 90.956
155.683 7970 89.2749
155.8 7888 88.8144
155.917 7633 87.367
156.033 7528 86.764
156.15 0 1
156.267 0 1
156.383 0 1
156.5 0 1
156.617 0 1
156.733 0 1
156.85 0 1
156.966 0 1
157.082 0 1
157.199 0 1
157.315 0 1
157.431 0 1
157.547 0 1
157.664 0 1
157.78 0 1
157.896 0 1
158.012 0 1
158.128 0 1
158.244 0 1
158.359 0 1
158.475 0 1
158.591 0 1
158.706 0 1
