
6.15755 0 1
6.2731 0 1
6.3887 0 1
6.50437 0 1
6.62009 0 1
6.73587 0 1
6.8517 0 1
6.96759 0 1
7.08353 0 1
7.19952 0 1
7.31557 0 1
7.43166 0 1
7.54781 0 1
7.664 0 1
7.78024 0 1
7.89653 0 1
8.01286 0 1
8.12924 0 1
8.24567 0 1
8.36213 0 1
8.47864 0 1
8.59519 0 1
8.71178 0 1
8.82841 0 1
8.94508 0 1
9.06179 0 1
9.17853 0 1
9.29531 0 1
9.41212 0 1
9.52897 0 1
9.64584 0 1
9.76276 0 1
9.8797 0 1
9.99667 0 1
10.1137 0 1
10.2307 0 1
10.3478 0 1
10.4648 0 1
10.5819 0 1
10.6991 0 1
10.8162 0 1
10.9334 0 1
11.0506 0 1
11.1678 0 1
11.285 0 1
11.4023 0 1
11.5196 0 1
11.6369 0 1
11.7542 0 1
11.8715 0 1
11.9888 0 1
12.1062 0 1
12.2235 0 1
12.3409 0 1
12.4582 0 1
12.5756 0 1
12.693 0 1
12.8104 0 1
12.9278 0 1
13.0452 0 1
13.1626 0 1
13.28 0 1
13.3974 0 1
13.5149 0 1
13.6323 0 1
13.7497 0 1
13.8671 0 1
13.9845 0 1
14.1019 0 1
14.2193 0 1
14.3367 0 1
14.4541 0 1
14.5714 0 1
14.6888 0 1
14.8062 0 1
14.9235 0 1
15.0408 0 0
15.1581 0 0
15.2755 0 0
15.3927 0 0
15.51 0 0
15.6273 0 0
15.7445 0 0
15.8617 0 0
15.9789 0 0
16.0961 0 0
16.2132 0 0
16.3304 0 0
16.4475 0 0
16.5646 0 0
16.6816 0 0
16.7986 0 0
16.9156 0 0
17.0326 0 0
17.1496 0 0
17.2665 0 0
17.3833 0 0
17.5002 0 0
17.617 0 0
17.7338 0 0
17.8505 0 0
17.9672 0 0
18.0839 0 0
18.2005 0 0
18.3171 0 0
18.4337 0 0
18.5502 0 0
18.6666 0 0
18.7831 0 0
18.8994 0 0
19.0158 0 0
19.1321 0 0
19.2483 0 0
19.3645 0 0
19.4806 0 0
19.5967 0 0
19.7128 0 0
19.8288 0 0
19.9447 0 0
20.0606 0 1
20.1764 0 1
20.2922 0 1
20.4079 0 1
20.5236 0 1
20.6392 0 1
20.7548 0 1
20.8702 0 1
23.3078 0 1
23.4233 0 1
23.539 0 1
23.6547 0 1
23.7704 0 1
23.8862 0 1
24.0021 0 1
24.118 0 1
24.234 0 1
24.35 0 1
24.4661 1433 37.855
24.5822 1582 39.7744
24.6984 1562 39.5221
24.8146 1545 39.3065
24.9309 1550 39.37
25.0472 1572 39.6485
25.1636 1455 38.1445
25.28 1520 38.9872
25.3965 1573 39.6611
25.513 1533 39.1535
25.6296 1552 39.3954
25.7462 1566 39.5727
25.8628 1606 40.0749
25.9795 1611 40.1373
26.0962 1576 39.6989
26.213 1582 39.7744
26.3298 1578 39.724
26.4466 1575 39.6863
26.5635 1442 37.9737
26.6804 1365 36.9459
26.7973 1432 37.8418
26.9143 1386 37.229
27.0313 1450 38.0789
27.1483 1511 38.8716
27.2653 1602 40.025
27.3824 1570 39.6232
27.4996 1545 39.3065
27.6167 1602 40.025
27.7339 1566 39.5727
27.8511 1478 38.4448
27.9683 1544 39.2938
28.0855 1561 39.5095
28.2028 1565 39.5601
28.3201 1487 38.5616
28.4374 1468 38.3145
28.5547 1502 38.7556
28.6721 1451 38.092
28.7894 1497 38.6911
28.9068 1410 37.55
29.0242 1511 38.8716
29.1416 1408 37.5233
29.259 1416 37.6298
29.3764 1462 38.2361
29.4939 1567 39.5854
29.6113 1521 39
29.7288 1494 38.6523
29.8463 1470 38.3406
29.9638 1396 37.3631
30.0812 1372 37.0405
30.1987 1288 35.8887
30.3162 1318 36.3043
30.4337 1332 36.4966
30.5512 1356 36.8239
30.6687 1283 35.819
30.7862 1398 37.3898
30.9037 1456 38.1576
31.0212 1539 39.2301
31.1387 1593 39.9124
31.2562 1508 38.833
31.3737 1487 38.5616
31.4912 1502 38.7556
31.6087 1526 39.064
31.7262 1493 38.6394
31.8436 1436 37.8946
31.9611 1383 37.1887
32.0785 1429 37.8021
32.1959 1401 37.4299
32.3134 1421 37.6962
32.4308 1394 37.3363
32.5482 1451 38.092
32.6655 1369 37
32.7829 1346 36.6879
32.9002 1454 38.1314
33.0176 1444 38
33.1349 1401 37.4299
33.2522 1434 37.8682
33.3694 1407 37.51
33.4867 1426 37.7624
33.6039 1426 37.7624
33.7211 1282 35.805
33.8383 1239 35.1994
33.9554 1229 35.0571
34.0725 1260 35.4965
34.1896 1283 35.819
34.3067 1309 36.1801
34.4237 1348 36.7151
34.5407 1396 37.3631
34.6577 1511 38.8716
34.7746 1459 38.1969
34.8915 1512 38.8844
35.0084 1538 39.2173
35.1252 1435 37.8814
35.242 1427 37.7757
35.3587 1446 38.0263
35.4755 1467 38.3014
35.5921 1448 38.0526
35.7088 1413 37.5899
35.8254 1356 36.8239
35.9419 1351 36.756
36.0584 1337 36.565
36.1749 1318 36.3043
36.2913 1352 36.7696
36.4077 1357 36.8375
36.524 1347 36.7015
36.6403 1277 35.7351
36.7565 1394 37.3363
36.8727 1341 36.6197
36.9889 1357 36.8375
37.1049 1350 36.7423
37.221 0 1
37.3369 0 1
37.4529 0 1
37.5687 0 1
37.6845 0 1
37.8003 0 1
37.916 0 1
38.0316 0 1
38.1472 0 1
40.5851 0 1
40.7008 0 1
40.8164 0 1
40.9322 0 1
41.048 0 1
41.1639 0 1
41.2798 0 1
41.3958 0 1
41.5118 0 1
41.6279 0 1
41.744 989 31.4484
41.8602 1102 33.1964
41.9765 1144 33.8231
42.0928 1121 33.4813
42.2091 1139 33.7491
42.3255 1119 33.4515
42.4419 1027 32.0468
42.5584 963 31.0322
42.675 944 30.7246
42.7915 922 30.3645
42.9081 924 30.3974
43.0248 952 30.8545
43.1415 1040 32.249
43.2582 1063 32.6037
43.375 1030 32.0936
43.4918 1054 32.4654
43.6087 1076 32.8024
43.7256 1090 33.0151
43.8425 1068 32.6803
43.9595 1050 32.4037
44.0765 1082 32.8938
44.1935 1054 32.4654
44.3106 990 31.4643
44.4277 981 31.3209
44.5448 942 30.692
44.6619 865 29.4109
44.7791 923 30.3809
44.8963 825 28.7228
45.0136 835 28.8964
45.1308 848 29.1204
45.2481 855 29.2404
45.3654 796 28.2135
45.4827 827 28.7576
45.6001 835 28.8964
45.7174 887 29.7825
45.8348 815 28.5482
45.9522 782 27.9643
46.0697 757 27.5136
46.1871 678 26.0384
46.3046 647 25.4362
46.422 656 25.6125
46.5395 685 26.1725
46.657 710 26.6458
46.7745 829 28.7924
46.892 781 27.9464
47.0096 802 28.3196
47.1271 794 28.178
47.2446 778 27.8927
47.3622 738 27.1662
47.4797 757 27.5136
47.5973 764 27.6405
47.7149 703 26.5141
47.8324 726 26.9444
47.95 681 26.096
48.0675 646 25.4165
48.1851 630 25.0998
48.3027 586 24.2074
48.4202 579 24.0624
48.5378 592 24.3311
48.6554 582 24.1247
48.7729 618 24.8596
48.8904 577 24.0208
49.008 619 24.8797
49.1255 671 25.9037
49.243 604 24.5764
49.3605 635 25.1992
49.478 574 23.9583
49.5955 556 23.5797
49.713 525 22.9129
49.8304 473 21.7486
49.9479 462 21.4942
50.0653 538 23.1948
50.1827 603 24.5561
50.3001 664 25.7682
50.4175 784 28
50.5348 721 26.8514
50.6521 726 26.9444
50.7694 801 28.3019
50.8867 794 28.178
51.004 779 27.9106
51.1212 847 29.1033
51.2384 852 29.189
51.3556 852 29.189
51.4727 845 29.0689
51.5899 811 28.4781
51.707 819 28.6182
51.824 807 28.4077
51.9411 809 28.4429
52.0581 830 28.8097
52.175 891 29.8496
52.2919 926 30.4302
52.4088 893 29.8831
52.5257 907 30.1164
52.6425 968 31.1127
52.7593 989 31.4484
52.876 966 31.0805
52.9927 1082 32.8938
53.1094 939 30.6431
53.226 880 29.6648
53.3426 803 28.3373
53.4591 828 28.775
53.5756 854 29.2233
53.692 1030 32.0936
53.8084 1032 32.1248
53.9248 1151 33.9264
54.0411 1204 34.6987
54.1573 1249 35.3412
54.2735 0 1
54.3896 0 1
54.5057 0 1
54.6217 0 1
54.7377 0 1
54.8537 0 1
54.9695 0 1
55.0853 0 1
55.2011 0 1
55.3168 0 1
55.4324 0 1
57.824 0 1
57.9396 0 1
58.0553 0 1
58.1711 0 1
58.2869 0 1
58.4028 0 1
58.5187 0 1
58.6347 0 1
58.7508 0 1
58.8669 0 1
58.983 1222 34.9571
59.0992 1363 36.9188
59.2155 1377 37.108
59.3318 1383 37.1887
59.4482 1419 37.6696
59.5646 1482 38.4968
59.681 1426 37.7624
59.7975 1415 37.6165
59.9141 1370 37.0135
60.0306 1414 37.6032
60.1473 1271 35.6511
60.2639 1308 36.1663
60.3807 1205 34.7131
60.4974 1186 34.4384
60.6142 1203 34.6843
60.731 1148 33.8821
60.8479 1127 33.5708
60.9648 1218 34.8999
61.0818 1158 34.0294
61.1987 1228 35.0428
61.3158 1155 33.9853
61.4328 1236 35.1568
61.5499 1144 33.8231
61.667 1069 32.6956
61.7841 1024 32
61.9013 934 30.5614
62.0185 877 29.6142
62.1357 1004 31.686
62.253 1117 33.4215
62.3702 1228 35.0428
62.4875 1253 35.3977
62.6049 1334 36.524
62.7222 1411 37.5633
62.8396 1418 37.6563
62.9569 1351 36.756
63.0743 1361 36.8917
63.1918 1377 37.108
63.3092 1342 36.6333
63.4267 1379 37.1349
63.5441 1331 36.4829
63.6616 1316 36.2767
63.7791 1271 35.6511
63.8966 1192 34.5254
64.0142 1277 35.7351
64.1317 1177 34.3074
64.2492 1228 35.0428
64.3668 1234 35.1283
64.4843 1279 35.7631
64.6019 1181 34.3657
64.7195 1295 35.9861
64.837 1352 36.7696
64.9546 1300 36.0555
65.0722 1216 34.8712
65.1898 1154 33.9706
65.3074 1083 32.909
65.4249 943 30.7083
65.5425 882 29.6985
65.6601 936 30.5941
65.7777 1029 32.078
65.8952 1149 33.8969
66.0128 1308 36.1663
66.1304 1313 36.2353
66.2479 1367 36.973
66.3655 1326 36.4143
66.483 1420 37.6829
66.6005 1476 38.4187
66.718 1416 37.6298
66.8355 1413 37.5899
66.953 1443 37.9868
67.0705 1295 35.9861
67.1879 1317 36.2905
67.3054 1220 34.9285
67.4228 1154 33.9706
67.5402 1154 33.9706
67.6576 1117 33.4215
67.7749 1145 33.8378
67.8923 1096 33.1059
68.0096 1094 33.0757
68.1269 1130 33.6155
68.2442 1151 33.9264
68.3614 1196 34.5832
68.4787 1233 35.1141
68.5958 1177 34.3074
68.713 1155 33.9853
68.8302 1092 33.0454
68.9473 992 31.496
69.0643 829 28.7924
69.1814 832 28.8444
69.2984 853 29.2062
69.4154 973 31.1929
69.5323 1125 33.541
69.6492 1199 34.6266
69.7661 1324 36.3868
69.8829 1323 36.3731
69.9997 1358 36.8511
70.1165 1409 37.5366
70.2332 1406 37.4967
70.3499 1355 36.8103
70.4665 1371 37.027
70.5831 1279 35.7631
70.6996 1258 35.4683
70.8161 1244 35.2704
70.9326 1212 34.8138
71.049 1154 33.9706
71.1653 1100 33.1662
71.2817 1048 32.3728
71.3979 1075 32.7872
71.5141 1009 31.7648
71.6303 1042 32.28
71.7464 1021 31.9531
71.8624 0 1
71.9784 0 1
72.0944 0 1
72.2102 0 1
72.3261 0 1
72.4418 0 1
72.5575 0 1
72.6732 0 1
75.1054 0 1
75.2209 0 1
75.3365 0 1
75.4521 0 1
75.5678 0 1
75.6835 0 1
75.7993 0 1
75.9151 0 1
76.031 0 1
76.147 1154 33.9706
76.263 1219 34.9142
76.3791 1198 34.6121
76.4952 1062 32.5883
76.6113 1156 34
76.7276 1077 32.8177
76.8438 1104 33.2265
76.9601 1138 33.7343
77.0765 1128 33.5857
77.1929 1153 33.9559
77.3093 1169 34.1906
77.4258 1269 35.623
77.5423 1196 34.5832
77.6589 1158 34.0294
77.7755 1134 33.6749
77.8921 984 31.3688
78.0088 877 29.6142
78.1256 756 27.4955
78.2423 754 27.4591
78.3591 841 29
78.4759 1012 31.8119
78.5928 1061 32.573
78.7097 1182 34.3802
78.8266 1233 35.1141
78.9436 1346 36.6879
79.0606 1323 36.3731
79.1776 1277 35.7351
79.2946 1311 36.2077
79.4117 1279 35.7631
79.5288 1259 35.4824
79.6459 1271 35.6511
79.7631 1211 34.7994
79.8802 1148 33.8821
79.9974 1098 33.1361
80.1147 1074 32.7719
80.2319 986 31.4006
80.3491 972 31.1769
80.4664 981 31.3209
80.5837 976 31.241
80.701 964 31.0483
80.8183 972 31.1769
80.9357 1131 33.6303
81.053 1060 32.5576
81.1704 1107 33.2716
81.2877 1101 33.1813
81.4051 991 31.4802
81.5225 900 30
81.6399 762 27.6043
81.7573 721 26.8514
81.8747 636 25.219
81.9922 693 26.3249
82.1096 848 29.1204
82.227 960 30.9839
82.3444 1030 32.0936
82.4619 1148 33.8821
82.5793 1153 33.9559
82.6967 1039 32.2335
82.8142 1102 33.1964
82.9316 1124 33.5261
83.049 1125 33.541
83.1664 1073 32.7567
83.2838 1030 32.0936
83.4012 996 31.5595
83.5186 944 30.7246
83.636 948 30.7896
83.7534 809 28.4429
83.8708 785 28.0179
83.9881 791 28.1247
84.1055 842 29.0172
84.2228 814 28.5307
84.3401 904 30.0666
84.4575 887 29.7825
84.5747 929 30.4795
84.692 1015 31.8591
84.8093 950 30.8221
84.9265 994 31.5278
85.0437 884 29.7321
85.1609 759 27.55
85.2781 649 25.4755
85.3952 635 25.1992
85.5123 702 26.4953
85.6294 745 27.2947
85.7465 911 30.1828
85.8636 957 30.9354
85.9806 1077 32.8177
86.0976 1159 34.0441
86.2145 1187 34.4529
86.3315 1302 36.0832
86.4484 1169 34.1906
86.5652 1199 34.6266
86.682 1261 35.5106
86.7988 1203 34.6843
86.9156 1200 34.641
87.0323 1148 33.8821
87.149 1116 33.4066
87.2657 1033 32.1403
87.3823 1030 32.0936
87.4988 938 30.6268
87.6154 1030 32.0936
87.7318 1062 32.5883
87.8483 1084 32.9242
87.9647 1101 33.1813
88.081 1167 34.1614
88.1973 1294 35.9722
88.3136 1203 34.6843
88.4298 1156 34
88.546 1113 33.3617
88.6621 954 30.8869
88.7781 872 29.5296
88.8942 0 1
89.0101 0 1
89.126 0 1
89.2419 0 1
89.3577 0 1
89.4734 0 1
89.5891 0 1
89.7047 0 1
89.8203 0 1
89.9358 0 1
92.3269 0 1
92.4424 0 1
92.558 0 1
92.6736 0 1
92.7893 0 1
92.905 0 1
93.0208 0 1
93.1366 0 1
93.2525 0 1
93.3685 0 1
93.4845 0 1
93.6005 1141 33.7787
93.7167 1155 33.9853
93.8328 1239 35.1994
93.949 1073 32.7567
94.0653 1088 32.9848
94.1816 1024 32
94.2979 902 30.0333
94.4143 844 29.0517
94.5307 782 27.9643
94.6472 902 30.0333
94.7637 979 31.289
94.8803 1138 33.7343
94.9969 1218 34.8999
95.1135 1301 36.0694
95.2302 1340 36.606
95.3469 1361 36.8917
95.4637 1402 37.4433
95.5805 1435 37.8814
95.6973 1460 38.2099
95.8142 1338 36.5787
95.9311 1403 37.4566
96.048 1261 35.5106
96.1649 1287 35.8748
96.2819 1311 36.2077
96.3989 1195 34.5688
96.516 1100 33.1662
96.633 1078 32.8329
96.7501 1110 33.3167
96.8673 1072 32.7414
96.9844 1168 34.176
97.1016 1158 34.0294
97.2188 1196 34.5832
97.336 1279 35.7631
97.4532 1224 34.9857
97.5704 1236 35.1568
97.6877 1093 33.0606
97.805 1055 32.4808
97.9223 900 30
98.0396 900 30
98.1569 827 28.7576
98.2743 861 29.3428
98.3916 939 30.6431
98.509 1073 32.7567
98.6264 1243 35.2562
98.7438 1310 36.1939
98.8612 1295 35.9861
98.9786 1386 37.229
99.096 1387 37.2424
99.2134 1344 36.6606
99.3308 1441 37.9605
99.4482 1418 37.6563
99.5656 1392 37.3095
99.6831 1274 35.6931
99.8005 1331 36.4829
99.9179 1240 35.2136
100.035 1236 35.1568
100.153 1049 32.3883
100.27 1073 32.7567
100.388 1095 33.0908
100.505 1156 34
100.622 1180 34.3511
100.74 1168 34.176
100.857 1264 35.5528
100.975 1268 35.609
101.092 1261 35.5106
101.209 1170 34.2053
101.327 1160 34.0588
101.444 1064 32.619
101.561 910 30.1662
101.679 842 29.0172
101.796 890 29.8329
101.913 940 30.6594
102.03 1119 33.4515
102.148 1227 35.0286
102.265 1312 36.2215
102.382 1456 38.1576
102.499 1542 39.2683
102.616 1453 38.1182
102.733 1483 38.5097
102.851 1503 38.7685
102.968 1454 38.1314
103.085 1484 38.5227
103.202 1427 37.7757
103.319 1390 37.2827
103.436 1328 36.4417
103.552 1225 35
103.669 1165 34.1321
103.786 1159 34.0441
103.903 1151 33.9264
104.02 1229 35.0571
104.137 1279 35.7631
104.253 1311 36.2077
104.37 1331 36.4829
104.487 1373 37.054
104.603 1400 37.4166
104.72 1310 36.1939
104.836 1238 35.1852
104.953 1105 33.2415
105.069 933 30.545
105.186 997 31.5753
105.302 954 30.8869
105.418 1139 33.7491
105.535 1205 34.7131
105.651 1429 37.8021
105.767 1509 38.8458
105.883 1624 40.2989
105.999 1584 39.7995
106.115 0 1
106.231 0 1
106.347 0 1
106.463 0 1
106.579 0 1
106.694 0 1
106.81 0 1
106.926 0 1
107.041 0 1
107.157 0 1
109.576 0 1
109.692 0 1
109.807 0 1
109.923 0 1
110.039 0 1
110.155 0 1
110.27 0 1
110.386 0 1
110.502 0 1
110.618 1117 33.4215
110.735 1338 36.5787
110.851 1467 38.3014
110.967 1539 39.2301
111.083 1539 39.2301
111.199 1561 39.5095
111.316 1564 39.5474
111.432 1542 39.2683
111.549 1468 38.3145
111.665 1542 39.2683
111.782 1482 38.4968
111.898 1364 36.9324
112.015 1336 36.5513
112.132 1239 35.1994
112.248 1193 34.5398
112.365 1145 33.8378
112.482 1080 32.8634
112.599 1283 35.819
112.716 1254 35.4119
112.832 1302 36.0832
112.949 1323 36.3731
113.066 1257 35.4542
113.183 1244 35.2704
113.3 1247 35.3129
113.417 1145 33.8378
113.534 996 31.5595
113.652 980 31.305
113.769 936 30.5941
113.886 958 30.9516
114.003 1009 31.7648
114.12 1132 33.6452
114.238 1306 36.1386
114.355 1338 36.5787
114.472 1374 37.0675
114.589 1474 38.3927
114.707 1539 39.2301
114.824 1478 38.4448
114.942 1527 39.0768
115.059 1440 37.9473
115.176 1500 38.7298
115.294 1441 37.9605
115.411 1415 37.6165
115.529 1400 37.4166
115.646 1261 35.5106
115.764 1209 34.7707
115.881 1284 35.8329
115.999 1190 34.4964
116.116 1267 35.5949
116.234 1283 35.819
116.351 1393 37.3229
116.469 1310 36.1939
116.586 1316 36.2767
116.704 1312 36.2215
116.821 1356 36.8239
116.939 1255 35.426
117.056 1187 34.4529
117.174 1119 33.4515
117.291 1054 32.4654
117.409 1045 32.3265
117.526 1111 33.3317
117.644 1125 33.541
117.761 1310 36.1939
117.879 1453 38.1182
117.996 1435 37.8814
118.114 1520 38.9872
118.231 1528 39.0896
118.349 1580 39.7492
118.466 1609 40.1123
118.584 1603 40.0375
118.701 1607 40.0874
118.819 1583 39.7869
118.936 1523 39.0256
119.053 1426 37.7624
119.171 1377 37.108
119.288 1295 35.9861
119.405 1274 35.6931
119.523 1212 34.8138
119.64 1300 36.0555
119.757 1244 35.2704
119.875 1321 36.3456
119.992 1339 36.5923
120.109 1397 37.3765
120.226 1348 36.7151
120.343 1388 37.2559
120.46 1377 37.108
120.578 1322 36.3593
120.695 1197 34.5977
120.812 1180 34.3511
120.929 1133 33.6601
121.046 1096 33.1059
121.163 1045 32.3265
121.279 1110 33.3167
121.396 1228 35.0428
121.513 1334 36.524
121.63 1481 38.4838
121.747 1500 38.7298
121.863 1548 39.3446
121.98 1538 39.2173
122.097 1569 39.6106
122.213 1569 39.6106
122.33 1527 39.0768
122.446 1525 39.0512
122.563 1465 38.2753
122.679 1515 38.923
122.795 1396 37.3631
122.912 1425 37.7492
123.028 1329 36.4555
123.144 1248 35.327
123.26 1196 34.5832
123.377 0 1
123.493 0 1
123.609 0 1
123.725 0 1
123.84 0 1
123.956 0 1
124.072 0 1
124.188 0 1
124.303 0 1
124.419 0 1
126.852 0 1
126.968 0 1
127.083 0 1
127.199 0 1
127.315 0 1
127.431 0 1
127.547 0 1
127.663 0 1
127.779 0 1
127.895 0 1
128.011 0 1
128.127 0 1
128.243 0 1
128.359 1449 38.0657
128.476 1322 36.3593
128.592 1356 36.8239
128.708 1399 37.4032
128.825 1471 38.3536
128.941 1511 38.8716
129.058 1457 38.1707
129.174 1502 38.7556
129.291 1489 38.5876
129.408 1482 38.4968
129.524 1442 37.9737
129.641 1378 37.1214
129.758 1371 37.027
129.875 1287 35.8748
129.992 1232 35.0999
130.108 1184 34.4093
130.225 1166 34.1467
130.342 1376 37.0945
130.459 1436 37.8946
130.576 1669 40.8534
130.693 1629 40.3609
130.81 1632 40.398
130.928 1706 41.3038
131.045 1650 40.6202
131.162 1588 39.8497
131.279 1648 40.5956
131.396 1618 40.2244
131.513 1612 40.1497
131.631 1669 40.8534
131.748 1561 39.5095
131.865 1470 38.3406
131.983 1437 37.9078
132.1 1427 37.7757
132.217 1429 37.8021
132.335 1482 38.4968
132.452 1518 38.9615
132.57 1569 39.6106
132.687 1476 38.4187
132.804 1642 40.5216
132.922 1448 38.0526
133.039 1414 37.6032
133.157 1440 37.9473
133.274 1390 37.2827
133.392 1372 37.0405
133.509 1306 36.1386
133.627 1204 34.6987
133.744 1291 35.9305
133.862 1337 36.565
133.979 1389 37.2693
134.097 1506 38.8072
134.214 1540 39.2428
134.332 1636 40.4475
134.449 1620 40.2492
134.567 1607 40.0874
134.684 1608 40.0999
134.802 1657 40.7063
134.919 1635 40.4351
135.037 1638 40.4722
135.154 1582 39.7744
135.272 1576 39.6989
135.389 1489 38.5876
135.507 1476 38.4187
135.624 1391 37.2961
135.742 1392 37.3095
135.859 1423 37.7227
135.977 1515 38.923
136.094 1539 39.2301
136.211 1575 39.6863
136.329 1568 39.598
136.446 1446 38.0263
136.564 1467 38.3014
136.681 1463 38.2492
136.798 1490 38.6005
136.915 1386 37.229
137.033 1351 36.756
137.15 1298 36.0278
137.267 1258 35.4683
137.384 1299 36.0416
137.502 1326 36.4143
137.619 1403 37.4566
137.736 1528 39.0896
137.853 1470 38.3406
137.97 1540 39.2428
138.087 1557 39.4588
138.204 1572 39.6485
138.321 1623 40.2865
138.438 1607 40.0874
138.555 1609 40.1123
138.672 1689 41.0974
138.788 1563 39.5348
138.905 1569 39.6106
139.022 1576 39.6989
139.139 1518 38.9615
139.255 1441 37.9605
139.372 1380 37.1484
139.488 1422 37.7094
139.605 1547 39.3319
139.721 1585 39.8121
139.838 1520 38.9872
139.954 1508 38.833
140.071 1472 38.3667
140.187 1527 39.0768
140.303 1400 37.4166
140.419 1443 37.9868
140.535 1409 37.5366
140.652 1304 36.1109
140.768 0 1
140.884 0 1
141 0 1
141.115 0 1
141.231 0 1
141.347 0 1
141.463 0 1
141.578 0 1
141.694 0 1
144.104 0 1
144.219 0 1
144.335 0 1
144.45 0 1
144.566 0 1
144.682 0 1
144.798 0 1
144.914 0 1
145.03 0 1
145.146 1061 32.573
145.262 1179 34.3366
145.378 1172 34.2345
145.494 1132 33.6452
145.61 1120 33.4664
145.726 1113 33.3617
145.842 1068 32.6803
145.959 977 31.257
146.075 975 31.225
146.192 974 31.209
146.308 954 30.8869
146.425 1095 33.0908
146.541 1062 32.5883
146.658 1081 32.8786
146.774 1149 33.8969
146.891 1228 35.0428
147.008 1188 34.4674
147.125 1297 36.0139
147.241 1237 35.171
147.358 1265 35.5668
147.475 1270 35.6371
147.592 1277 35.7351
147.709 1293 35.9583
147.826 1238 35.1852
147.943 1202 34.6699
148.06 1171 34.2199
148.177 1086 32.9545
148.294 1130 33.6155
148.411 1156 34
148.528 1207 34.7419
148.645 1202 34.6699
148.762 1255 35.426
148.88 1230 35.0714
148.997 1206 34.7275
149.114 1220 34.9285
149.231 1239 35.1994
149.349 1221 34.9428
149.466 1243 35.2562
149.583 1187 34.4529
149.701 1118 33.4365
149.818 1120 33.4664
149.935 1081 32.8786
150.053 1034 32.1559
150.17 1060 32.5576
150.287 1030 32.0936
150.405 1092 33.0454
150.522 1210 34.7851
150.64 1184 34.4093
150.757 1237 35.171
150.875 1313 36.2353
150.992 1304 36.1109
151.11 1302 36.0832
151.227 1314 36.2491
151.344 1308 36.1663
151.462 1254 35.4119
151.579 1272 35.6651
151.697 1188 34.4674
151.814 1153 33.9559
151.932 1201 34.6554
152.049 1198 34.6121
152.167 1181 34.3657
152.284 1258 35.4683
152.402 1281 35.7911
152.519 1246 35.2987
152.636 1347 36.7015
152.754 1265 35.5668
152.871 1324 36.3868
152.989 1298 36.0278
153.106 1197 34.5977
153.223 1198 34.6121
153.341 1230 35.0714
153.458 1224 34.9857
153.575 1258 35.4683
153.693 1164 34.1174
153.81 1184 34.4093
153.927 1136 33.7046
154.044 1181 34.3657
154.162 1302 36.0832
154.279 1298 36.0278
154.396 1318 36.3043
154.513 1373 37.054
154.63 1378 37.1214
154.747 1448 38.0526
154.864 1499 38.7169
154.981 1467 38.3014
155.098 1381 37.1618
155.215 1368 36.9865
155.332 1405 37.4833
155.449 1208 34.7563
155.566 1204 34.6987
155.683 1301 36.0694
155.8 1405 37.4833
155.917 1432 37.8418
156.033 1366 36.9594
156.15 0 1
156.267 0 1
156.383 0 1
156.5 0 1
156.617 0 1
156.733 0 1
156.85 0 1
156.966 0 1
157.082 0 1
157.199 0 1
157.315 0 1
157.431 0 1
157.547 0 1
157.664 0 1
157.78 0 1
157.896 0 1
158.012 0 1
158.128 0 1
158.244 0 1
158.359 0 1
158.475 0 1
158.591 0 1
158.706 0 1
