
6.15755 0 1
6.2731 0 1
6.3887 0 1
6.50437 0 1
6.62009 0 1
6.73587 0 1
6.8517 0 1
6.96759 0 1
7.08353 0 1
7.19952 0 1
7.31557 0 1
7.43166 0 1
7.54781 0 1
7.664 0 1
7.78024 0 1
7.89653 0 1
8.01286 0 1
8.12924 0 1
8.24567 0 1
8.36213 0 1
8.47864 0 1
8.59519 0 1
8.71178 0 1
8.82841 0 1
8.94508 0 1
9.06179 0 1
9.17853 0 1
9.29531 0 1
9.41212 0 1
9.52897 0 1
9.64584 0 1
9.76276 0 1
9.8797 0 1
9.99667 0 1
10.1137 0 1
10.2307 0 1
10.3478 0 1
10.4648 0 1
10.5819 0 1
10.6991 0 1
10.8162 0 1
10.9334 0 1
11.0506 0 1
11.1678 0 1
11.285 0 1
11.4023 0 1
11.5196 0 1
11.6369 0 1
11.7542 0 1
11.8715 0 1
11.9888 0 1
12.1062 0 1
12.2235 0 1
12.3409 0 1
12.4582 0 1
12.5756 0 1
12.693 0 1
12.8104 0 1
12.9278 0 1
13.0452 0 1
13.1626 0 1
13.28 0 1
13.3974 0 1
13.5149 0 1
13.6323 0 1
13.7497 0 1
13.8671 0 1
13.9845 0 1
14.1019 0 1
14.2193 0 1
14.3367 0 1
14.4541 0 1
14.5714 0 1
14.6888 0 1
14.8062 0 1
14.9235 0 1
15.0408 26506 162.807
15.1581 28537 168.929
15.2755 29751 172.485
15.3927 30123 173.56
15.51 29570 171.959
15.6273 29587 172.009
15.7445 29488 171.721
15.8617 29510 171.785
15.9789 29369 171.374
16.0961 28800 169.706
16.2132 28743 169.538
16.3304 29022 170.358
16.4475 28831 169.797
16.5646 28879 169.938
16.6816 28831 169.797
16.7986 29412 171.499
16.9156 28695 169.396
17.0326 29218 170.933
17.1496 28900 170
17.2665 28868 169.906
17.3833 28804 169.717
17.5002 29009 170.32
17.617 29623 172.113
17.7338 30412 174.39
17.8505 30834 175.596
17.9672 31516 177.527
18.0839 31386 177.161
18.2005 31769 178.239
18.3171 31650 177.904
18.4337 32291 179.697
18.5502 32347 179.853
18.6666 32389 179.969
18.7831 32166 179.349
18.8994 31333 177.011
19.0158 29824 172.696
19.1321 29320 171.231
19.2483 28586 169.074
19.3645 28100 167.631
19.4806 28327 168.306
19.5967 28482 168.766
19.7128 28895 169.985
19.8288 29047 170.432
19.9447 27722 166.499
20.0606 0 1
20.1764 0 1
20.2922 0 1
20.4079 0 1
20.5236 0 1
20.6392 0 1
20.7548 0 1
20.8702 0 1
23.3078 0 1
23.4233 0 1
23.539 0 1
23.6547 0 1
23.7704 0 1
23.8862 0 1
24.0021 0 1
24.118 0 1
24.234 0 1
24.35 0 1
24.4661 28054 167.493
24.5822 28523 168.888
24.6984 28881 169.944
24.8146 28794 169.688
24.9309 29604 172.058
25.0472 30312 174.103
25.1636 31001 176.071
25.28 31947 178.737
25.3965 32199 179.441
25.513 32743 180.95
25.6296 32749 180.967
25.7462 33260 182.373
25.8628 33097 181.926
25.9795 32691 180.807
26.0962 33224 182.275
26.213 33156 182.088
26.3298 32671 180.751
26.4466 33281 182.431
26.5635 33796 183.837
26.6804 33361 182.65
26.7973 33211 182.239
26.9143 32849 181.243
27.0313 31501 177.485
27.1483 31470 177.398
27.2653 31687 178.008
27.3824 31561 177.654
27.4996 31760 178.213
27.6167 31281 176.864
27.7339 30513 174.68
27.8511 29893 172.896
27.9683 29170 170.792
28.0855 29115 170.631
28.2028 28515 168.864
28.3201 29037 170.402
28.4374 29362 171.353
28.5547 29491 171.729
28.6721 30131 173.583
28.7894 30789 175.468
28.9068 30949 175.923
29.0242 31502 177.488
29.1416 31414 177.24
29.259 31590 177.736
29.3764 31578 177.702
29.4939 31580 177.708
29.6113 31660 177.933
29.7288 31723 178.11
29.8463 32296 179.711
29.9638 32605 180.569
30.0812 33256 182.362
30.1987 33233 182.299
30.3162 32883 181.337
30.4337 31780 178.269
30.5512 31261 176.808
30.6687 30363 174.25
30.7862 30066 173.396
30.9037 30885 175.741
31.0212 31010 176.097
31.1387 30782 175.448
31.2562 30735 175.314
31.3737 29902 172.922
31.4912 29189 170.848
31.6087 28944 170.129
31.7262 29213 170.918
31.8436 29017 170.344
31.9611 29470 171.668
32.0785 30218 173.833
32.1959 30248 173.92
32.3134 30559 174.811
32.4308 30706 175.231
32.5482 30857 175.662
32.6655 31206 176.652
32.7829 31372 177.121
32.9002 31370 177.116
33.0176 31427 177.277
33.1349 31431 177.288
33.2522 31161 176.525
33.3694 32095 179.151
33.4867 32234 179.538
33.6039 32608 180.577
33.7211 33149 182.069
33.8383 33073 181.86
33.9554 32949 181.519
34.0725 32296 179.711
34.1896 31340 177.031
34.3067 30470 174.557
34.4237 30472 174.562
34.5407 29825 172.699
34.6577 30225 173.853
34.7746 30339 174.181
34.8915 29904 172.928
35.0084 29383 171.415
35.1252 29029 170.379
35.242 28907 170.021
35.3587 29072 170.505
35.4755 29327 171.251
35.5921 29451 171.613
35.7088 30169 173.692
35.8254 30296 174.057
35.9419 30822 175.562
36.0584 30971 175.986
36.1749 30399 174.353
36.2913 30623 174.994
36.4077 30609 174.954
36.524 30445 174.485
36.6403 30506 174.66
36.7565 30174 173.707
36.8727 30807 175.519
36.9889 30880 175.727
37.1049 31144 176.477
37.221 0 1
37.3369 0 1
37.4529 0 1
37.5687 0 1
37.6845 0 1
37.8003 0 1
37.916 0 1
38.0316 0 1
38.1472 0 1
40.5851 0 1
40.7008 0 1
40.8164 0 1
40.9322 0 1
41.048 0 1
41.1639 0 1
41.2798 0 1
41.3958 0 1
41.5118 0 1
41.6279 0 1
41.744 25179 158.679
41.8602 25952 161.096
41.9765 26109 161.583
42.0928 26693 163.38
42.2091 26909 164.04
42.3255 27417 165.581
42.4419 28017 167.383
42.5584 28162 167.815
42.675 28432 168.618
42.7915 28183 167.878
42.9081 27664 166.325
43.0248 26731 163.496
43.1415 25874 160.854
43.2582 25555 159.859
43.375 26079 161.49
43.4918 26735 163.508
43.6087 26166 161.759
43.7256 25837 160.739
43.8425 24915 157.845
43.9595 24133 155.348
44.0765 23637 153.743
44.1935 24041 155.052
44.3106 23951 154.761
44.4277 24752 157.328
44.5448 24416 156.256
44.6619 24111 155.277
44.7791 24082 155.184
44.8963 23525 153.379
45.0136 23069 151.885
45.1308 22082 148.6
45.2481 21873 147.895
45.3654 21473 146.537
45.4827 21595 146.952
45.6001 21345 146.099
45.7174 21692 147.282
45.8348 21957 148.179
45.9522 21978 148.25
46.0697 22164 148.876
46.1871 22033 148.435
46.3046 22264 149.211
46.422 22137 148.785
46.5395 21414 146.335
46.657 20729 143.976
46.7745 20162 141.993
46.892 20007 141.446
47.0096 19866 140.947
47.1271 19981 141.354
47.2446 20008 141.45
47.3622 19138 138.34
47.4797 18987 137.793
47.5973 18412 135.691
47.7149 18018 134.231
47.8324 17955 133.996
47.95 17830 133.529
48.0675 18018 134.231
48.1851 17681 132.97
48.3027 17635 132.797
48.4202 17248 131.332
48.5378 16933 130.127
48.6554 16587 128.791
48.7729 16236 127.421
48.8904 15946 126.277
49.008 16088 126.838
49.1255 16474 128.351
49.243 16478 128.367
49.3605 16764 129.476
49.478 17389 131.867
49.5955 17715 133.098
49.713 18232 135.026
49.8304 18383 135.584
49.9479 18585 136.327
50.0653 18600 136.382
50.1827 18090 134.499
50.3001 18194 134.885
50.4175 18088 134.492
50.5348 18998 137.833
50.6521 19475 139.553
50.7694 20158 141.979
50.8867 20485 143.126
51.004 20745 144.031
51.1212 21196 145.588
51.2384 21989 148.287
51.3556 22506 150.02
51.4727 23106 152.007
51.5899 23616 153.675
51.707 24156 155.422
51.824 24273 155.798
51.9411 24219 155.625
52.0581 24409 156.234
52.175 24335 155.997
52.2919 23986 154.874
52.4088 24204 155.576
52.5257 24814 157.525
52.6425 24804 157.493
52.7593 25983 161.192
52.876 26533 162.89
52.9927 27291 165.2
53.1094 28225 168.003
53.226 28759 169.585
53.3426 29849 172.769
53.4591 30536 174.746
53.5756 31179 176.576
53.692 31143 176.474
53.8084 30381 174.301
53.9248 29889 172.884
54.0411 29934 173.014
54.1573 30515 174.685
54.2735 0 1
54.3896 0 1
54.5057 0 1
54.6217 0 1
54.7377 0 1
54.8537 0 1
54.9695 0 1
55.0853 0 1
55.2011 0 1
55.3168 0 1
55.4324 0 1
57.824 0 1
57.9396 0 1
58.0553 0 1
58.1711 0 1
58.2869 0 1
58.4028 0 1
58.5187 0 1
58.6347 0 1
58.7508 0 1
58.8669 0 1
58.983 34958 186.971
59.0992 34815 186.588
59.2155 35026 187.152
59.3318 35258 187.771
59.4482 36044 189.853
59.5646 36466 190.961
59.681 36624 191.374
59.7975 36475 190.984
59.9141 35944 189.589
60.0306 35479 188.359
60.1473 35117 187.395
60.2639 35437 188.247
60.3807 34747 186.405
60.4974 33926 184.19
60.6142 33535 183.126
60.731 33549 183.164
60.8479 32380 179.944
60.9648 32060 179.053
61.0818 32330 179.805
61.1987 32154 179.315
61.3158 32137 179.268
61.4328 32161 179.335
61.5499 31628 177.843
61.667 31854 178.477
61.7841 32316 179.767
61.9013 32598 180.549
62.0185 32538 180.383
62.1357 33426 182.828
62.253 33460 182.921
62.3702 33097 181.926
62.4875 32480 180.222
62.6049 32097 179.156
62.7222 32571 180.474
62.8396 33020 181.714
62.9569 33233 182.299
63.0743 33487 182.995
63.1918 32683 180.784
63.3092 32407 180.019
63.4267 32009 178.911
63.5441 31976 178.818
63.6616 31684 178
63.7791 31307 176.938
63.8966 30466 174.545
64.0142 30172 173.701
64.1317 29773 172.549
64.2492 29159 170.76
64.3668 29167 170.783
64.4843 28783 169.656
64.6019 29089 170.555
64.7195 29242 171.003
64.837 28836 169.812
64.9546 28862 169.888
65.0722 28657 169.284
65.1898 28154 167.792
65.3074 28824 169.776
65.4249 28805 169.72
65.5425 29483 171.706
65.6601 29633 172.142
65.7777 30240 173.897
65.8952 30309 174.095
66.0128 30292 174.046
66.1304 29439 171.578
66.2479 29275 171.099
66.3655 29382 171.412
66.483 30300 174.069
66.6005 30991 176.043
66.718 30734 175.311
66.8355 30642 175.049
66.953 30188 173.747
67.0705 30409 174.382
67.1879 29495 171.741
67.3054 29463 171.648
67.4228 28753 169.567
67.5402 28259 168.104
67.6576 27995 167.317
67.7749 28094 167.613
67.8923 27655 166.298
68.0096 27900 167.033
68.1269 28248 168.071
68.2442 28898 169.994
68.3614 29569 171.956
68.4787 29735 172.438
68.5958 28962 170.182
68.713 28923 170.068
68.8302 29036 170.4
68.9473 28961 170.179
69.0643 29202 170.886
69.1814 29478 171.692
69.2984 30274 173.994
69.4154 30646 175.06
69.5323 31003 176.077
69.6492 32515 180.319
69.7661 32066 179.07
69.8829 32163 179.34
69.9997 31675 177.975
70.1165 32195 179.43
70.2332 33046 181.786
70.3499 33046 181.786
70.4665 32514 180.316
70.5831 32231 179.53
70.6996 31541 177.598
70.8161 31026 176.142
70.9326 30982 176.017
71.049 30554 174.797
71.1653 30598 174.923
71.2817 30024 173.274
71.3979 29224 170.95
71.5141 28861 169.885
71.6303 28532 168.914
71.7464 26479 162.724
71.8624 0 1
71.9784 0 1
72.0944 0 1
72.2102 0 1
72.3261 0 1
72.4418 0 1
72.5575 0 1
72.6732 0 1
75.1054 0 1
75.2209 0 1
75.3365 0 1
75.4521 0 1
75.5678 0 1
75.6835 0 1
75.7993 0 1
75.9151 0 1
76.031 0 1
76.147 28907 170.021
76.263 30475 174.571
76.3791 30748 175.351
76.4952 30097 173.485
76.6113 30141 173.612
76.7276 29418 171.517
76.8438 29687 172.299
76.9601 29420 171.523
77.0765 29236 170.985
77.1929 30011 173.237
77.3093 31380 177.144
77.4258 31992 178.863
77.5423 31942 178.723
77.6589 30716 175.26
77.7755 29467 171.66
77.8921 29332 171.266
78.0088 29159 170.76
78.1256 28794 169.688
78.2423 28711 169.443
78.3591 29176 170.81
78.4759 29523 171.823
78.5928 30211 173.813
78.7097 31059 176.236
78.8266 31381 177.147
78.9436 31264 176.816
79.0606 28306 168.244
79.1776 27677 166.364
79.2946 28982 170.241
79.4117 30349 174.21
79.5288 30405 174.37
79.6459 30682 175.163
79.7631 29037 170.402
79.8802 28369 168.431
79.9974 27540 165.952
80.1147 27213 164.964
80.2319 26901 164.015
80.3491 26150 161.71
80.4664 26003 161.254
80.5837 25836 160.736
80.701 25411 159.408
80.8183 25683 160.259
80.9357 26761 163.588
81.053 27619 166.19
81.1704 27386 165.487
81.2877 26487 162.748
81.4051 25564 159.887
81.5225 24969 158.016
81.6399 24124 155.319
81.7573 24526 156.608
81.8747 23948 154.751
81.9922 23807 154.295
82.1096 24585 156.796
82.227 24840 157.607
82.3444 25476 159.612
82.4619 26817 163.759
82.5793 27396 165.517
82.6967 25071 158.338
82.8142 23407 152.993
82.9316 23554 153.473
83.049 24366 156.096
83.1664 24096 155.229
83.2838 23561 153.496
83.4012 22996 151.644
83.5186 22461 149.87
83.636 22136 148.782
83.7534 21882 147.926
83.8708 21253 145.784
83.9881 20983 144.855
84.1055 20704 143.889
84.2228 20763 144.094
84.3401 20502 143.185
84.4575 20893 144.544
84.5747 22521 150.07
84.692 23125 152.069
84.8093 23094 151.967
84.9265 22310 149.365
85.0437 21276 145.863
85.1609 21063 145.131
85.2781 20808 144.25
85.3952 20937 144.696
85.5123 20959 144.772
85.6294 21274 145.856
85.7465 21641 147.109
85.8636 22479 149.93
85.9806 23079 151.918
86.0976 24265 155.772
86.2145 25155 158.603
86.3315 24306 155.904
86.4484 23672 153.857
86.5652 24180 155.499
86.682 24854 157.652
86.7988 24612 156.882
86.9156 23639 153.75
87.0323 23030 151.756
87.149 21903 147.997
87.2657 22111 148.698
87.3823 21527 146.721
87.4988 21589 146.932
87.6154 20791 144.191
87.7318 20962 144.783
87.8483 20885 144.516
87.9647 21192 145.575
88.081 22751 150.834
88.1973 23616 153.675
88.3136 24265 155.772
88.4298 23563 153.502
88.546 22607 150.356
88.6621 21744 147.458
88.7781 21463 146.503
88.8942 0 1
89.0101 0 1
89.126 0 1
89.2419 0 1
89.3577 0 1
89.4734 0 1
89.5891 0 1
89.7047 0 1
89.8203 0 1
89.9358 0 1
92.3269 0 1
92.4424 0 1
92.558 0 1
92.6736 0 1
92.7893 0 1
92.905 0 1
93.0208 0 1
93.1366 0 1
93.2525 0 1
93.3685 0 1
93.4845 0 1
93.6005 16550 128.647
93.7167 17478 132.204
93.8328 17143 130.931
93.949 16284 127.609
94.0653 15459 124.334
94.1816 14851 121.865
94.2979 14453 120.221
94.4143 14239 119.327
94.5307 14223 119.26
94.6472 14176 119.063
94.7637 13990 118.279
94.8803 14427 120.112
94.9969 14795 121.635
95.1135 15834 125.833
95.2302 16928 130.108
95.3469 17378 131.826
95.4637 17366 131.78
95.5805 16927 130.104
95.6973 16394 128.039
95.8142 15966 126.357
95.9311 15512 124.547
96.048 14311 119.629
96.1649 13174 114.778
96.2819 12520 111.893
96.3989 11466 107.079
96.516 11056 105.148
96.633 10311 101.543
96.7501 9961 99.8048
96.8673 9740 98.6914
96.9844 9600 97.9796
97.1016 9718 98.5799
97.2188 10610 103.005
97.336 11242 106.028
97.4532 11852 108.867
97.5704 11853 108.871
97.6877 10904 104.422
97.805 9868 99.3378
97.9223 9472 97.3242
98.0396 9131 95.5563
98.1569 9149 95.6504
98.2743 8962 94.6678
98.3916 9135 95.5772
98.509 9553 97.7394
98.6264 9693 98.453
98.7438 10822 104.029
98.8612 12227 110.576
98.9786 12927 113.697
99.096 13514 116.25
99.2134 14121 118.832
99.3308 14417 120.071
99.4482 14404 120.017
99.5656 13375 115.65
99.6831 12384 111.283
99.8005 11721 108.264
99.9179 11052 105.128
100.035 10607 102.99
100.153 10114 100.568
100.27 9856 99.2774
100.388 9805 99.0202
100.505 9968 99.8399
100.622 10357 101.769
100.74 11171 105.693
100.857 12498 111.794
100.975 13956 118.136
101.092 14817 121.725
101.209 14846 121.844
101.327 14249 119.369
101.444 14442 120.175
101.561 15009 122.511
101.679 15744 125.475
101.796 16348 127.859
101.913 17032 130.507
102.03 18037 134.302
102.148 19264 138.795
102.265 22254 149.178
102.382 21316 146
102.499 23729 154.042
102.616 22811 151.033
102.733 21701 147.313
102.851 24689 157.127
102.968 27550 165.982
103.085 27816 166.781
103.202 27275 165.151
103.319 26992 164.292
103.436 26545 162.926
103.552 26162 161.747
103.669 25280 158.997
103.786 25168 158.644
103.903 24673 157.076
104.02 25017 158.168
104.137 25185 158.698
104.253 26013 161.285
104.37 25958 161.115
104.487 27803 166.742
104.603 28213 167.967
104.72 27824 166.805
104.836 27163 164.812
104.953 26913 164.052
105.069 26667 163.3
105.186 27062 164.505
105.302 26684 163.352
105.418 27180 164.864
105.535 27069 164.527
105.651 27353 165.387
105.767 28347 168.366
105.883 29340 171.289
105.999 29214 170.921
106.115 0 1
106.231 0 1
106.347 0 1
106.463 0 1
106.579 0 1
106.694 0 1
106.81 0 1
106.926 0 1
107.041 0 1
107.157 0 1
109.576 0 1
109.692 0 1
109.807 0 1
109.923 0 1
110.039 0 1
110.155 0 1
110.27 0 1
110.386 0 1
110.502 0 1
110.618 29199 170.877
110.735 30341 174.187
110.851 31540 177.595
110.967 32470 180.194
111.083 31884 178.561
111.199 28517 168.87
111.316 26744 163.536
111.432 30836 175.602
111.549 33592 183.281
111.665 34049 184.524
111.782 32903 181.392
111.898 32070 179.081
112.015 30806 175.516
112.132 29906 172.934
112.248 29365 171.362
112.365 28783 169.656
112.482 28537 168.929
112.599 27523 165.901
112.716 27493 165.81
112.832 27265 165.121
112.949 27849 166.88
113.066 28473 168.739
113.183 28408 168.547
113.3 28389 168.49
113.417 28303 168.235
113.534 28566 169.015
113.652 28688 169.375
113.769 29041 170.414
113.886 29737 172.444
114.003 29744 172.464
114.12 30677 175.149
114.238 31628 177.843
114.355 32190 179.416
114.472 34342 185.316
114.589 30183 173.733
114.707 28739 169.526
114.824 25543 159.822
114.942 28277 168.158
115.059 32908 181.406
115.176 33946 184.244
115.294 33549 183.164
115.411 32888 181.35
115.529 31909 178.631
115.646 31552 177.629
115.764 30421 174.416
115.881 30005 173.22
115.999 29564 171.942
116.116 29273 171.094
116.234 28954 170.159
116.351 28274 168.149
116.469 28570 169.027
116.586 28633 169.213
116.704 28638 169.228
116.821 28890 169.971
116.939 28440 168.642
117.056 28993 170.273
117.174 29881 172.861
117.291 29956 173.078
117.409 30546 174.774
117.526 31031 176.156
117.644 31874 178.533
117.761 32627 180.629
117.879 32903 181.392
117.996 32843 181.226
118.114 33081 181.882
118.231 31336 177.02
118.349 28728 169.493
118.466 27369 165.436
118.584 30171 173.698
118.701 32985 181.618
118.819 33638 183.407
118.936 33317 182.529
119.053 32747 180.961
119.171 31655 177.919
119.288 31451 177.344
119.405 30626 175.003
119.523 29649 172.189
119.64 28965 170.191
119.757 27864 166.925
119.875 27540 165.952
119.992 26748 163.548
120.109 26100 161.555
120.226 25777 160.552
120.343 25297 159.05
120.46 25417 159.427
120.578 25497 159.678
120.695 26020 161.307
120.812 26117 161.608
120.929 27130 164.712
121.046 27837 166.844
121.163 28253 168.086
121.279 28951 170.15
121.396 29313 171.21
121.513 29636 172.151
121.63 29607 172.067
121.747 29952 173.066
121.863 29167 170.783
121.98 27472 165.747
122.097 24769 157.382
122.213 23481 153.235
122.33 25713 160.353
122.446 27542 165.958
122.563 27803 166.742
122.679 27477 165.762
122.795 26965 164.21
122.912 26500 162.788
123.028 25703 160.322
123.144 24622 156.914
123.26 23900 154.596
123.377 0 1
123.493 0 1
123.609 0 1
123.725 0 1
123.84 0 1
123.956 0 1
124.072 0 1
124.188 0 1
124.303 0 1
124.419 0 1
126.852 0 1
126.968 0 1
127.083 0 1
127.199 0 1
127.315 0 1
127.431 0 1
127.547 0 1
127.663 0 1
127.779 0 1
127.895 0 1
128.011 0 1
128.127 0 1
128.243 0 1
128.359 22266 149.218
128.476 21600 146.969
128.592 20933 144.682
128.708 20251 142.306
128.825 19487 139.596
128.941 18371 135.54
129.058 18035 134.294
129.174 16908 130.031
129.291 15924 126.19
129.408 15845 125.877
129.524 16092 126.854
129.641 17109 130.801
129.758 17907 133.817
129.875 18570 136.272
129.992 19410 139.32
130.108 20148 141.944
130.225 20848 144.388
130.342 21319 146.01
130.459 21028 145.01
130.576 21144 145.41
130.693 20167 142.011
130.81 20346 142.639
130.928 20770 144.118
131.045 20925 144.655
131.162 20115 141.827
131.279 20153 141.961
131.396 20794 144.201
131.513 21618 147.031
131.631 21595 146.952
131.748 21611 147.007
131.865 21163 145.475
131.983 20496 143.164
132.1 20359 142.685
132.217 19564 139.871
132.335 18527 136.114
132.452 17993 134.138
132.57 17306 131.552
132.687 15798 125.69
132.804 16447 128.246
132.922 15399 124.093
133.039 15782 125.626
133.157 16270 127.554
133.274 17102 130.775
133.392 17975 134.071
133.509 18720 136.821
133.627 19599 139.996
133.744 20259 142.334
133.862 20507 143.203
133.979 20592 143.499
134.097 19668 140.243
134.214 18511 136.055
134.332 17240 131.301
134.449 18641 136.532
134.567 20013 141.467
134.684 20364 142.702
134.802 20468 143.066
134.919 20699 143.871
135.037 21066 145.141
135.154 20958 144.769
135.272 21361 146.154
135.389 21702 147.316
135.507 21339 146.079
135.624 21330 146.048
135.742 20729 143.976
135.859 20356 142.674
135.977 19736 140.485
136.094 18742 136.901
136.211 18169 134.792
136.329 17641 132.819
136.446 17024 130.476
136.564 16682 129.159
136.681 17072 130.66
136.798 17824 133.507
136.915 18248 135.085
137.033 19279 138.849
137.15 19769 140.602
137.267 20894 144.548
137.384 21246 145.76
137.502 21388 146.246
137.619 20933 144.682
137.736 19218 138.629
137.853 17657 132.88
137.97 17173 131.046
138.087 17606 132.688
138.204 20070 141.669
138.321 21538 146.758
138.438 21685 147.258
138.555 22467 149.89
138.672 22481 149.937
138.788 22974 151.572
138.905 22824 151.076
139.022 23281 152.581
139.139 23438 153.095
139.255 23342 152.781
139.372 22888 151.288
139.488 22699 150.662
139.605 22157 148.852
139.721 21574 146.881
139.838 20760 144.083
139.954 20031 141.531
140.071 19488 139.599
140.187 19632 140.114
140.303 19511 139.682
140.419 19786 140.663
140.535 20518 143.241
140.652 20306 142.499
140.768 0 1
140.884 0 1
141 0 1
141.115 0 1
141.231 0 1
141.347 0 1
141.463 0 1
141.578 0 1
141.694 0 1
144.104 0 1
144.219 0 1
144.335 0 1
144.45 0 1
144.566 0 1
144.682 0 1
144.798 0 1
144.914 0 1
145.03 0 1
145.146 20578 143.45
145.262 21065 145.138
145.378 21408 146.315
145.494 21475 146.544
145.61 21904 148
145.726 22685 150.615
145.842 22588 150.293
145.959 23082 151.928
146.075 22662 150.539
146.192 22768 150.891
146.308 21734 147.425
146.425 20682 143.812
146.541 20128 141.873
146.658 19678 140.278
146.774 19416 139.341
146.891 20880 144.499
147.008 23170 152.217
147.125 24706 157.181
147.241 25159 158.616
147.358 24818 157.537
147.475 25146 158.575
147.592 24960 157.987
147.709 25373 159.289
147.826 25597 159.991
147.943 25807 160.646
148.06 25367 159.27
148.177 25083 158.376
148.294 24279 155.817
148.411 24310 155.917
148.528 23632 153.727
148.645 23473 153.209
148.762 23575 153.542
148.88 23599 153.62
148.997 22984 151.605
149.114 24140 155.371
149.231 23900 154.596
149.349 23968 154.816
149.466 23632 153.727
149.583 23838 154.396
149.701 23560 153.493
149.818 23423 153.046
149.935 22646 150.486
150.053 22006 148.344
150.17 21437 146.414
150.287 21455 146.475
150.405 21324 146.027
150.522 21831 147.753
150.64 23401 152.974
150.757 25289 159.025
150.875 25966 161.14
150.992 26157 161.731
151.11 25918 160.991
151.227 26123 161.626
151.344 26279 162.108
151.462 26134 161.66
151.579 26474 162.708
151.697 26186 161.821
151.814 26248 162.012
151.932 26197 161.855
152.049 25803 160.633
152.167 25480 159.625
152.284 25089 158.395
152.402 25250 158.902
152.519 25303 159.069
152.636 24982 158.057
152.754 24992 158.089
152.871 25099 158.427
152.989 24975 158.035
153.106 24432 156.307
153.223 24698 157.156
153.341 24284 155.833
153.458 24036 155.035
153.575 23144 152.132
153.693 22735 150.781
153.81 22413 149.71
153.927 22493 149.977
154.044 23004 151.671
154.162 23692 153.922
154.279 24931 157.896
154.396 26184 161.815
154.513 28137 167.741
154.63 28395 168.508
154.747 28241 168.051
154.864 27930 167.123
154.981 27980 167.272
155.098 28379 168.461
155.215 28190 167.899
155.332 28254 168.089
155.449 28115 167.675
155.566 27741 166.556
155.683 27492 165.807
155.8 27483 165.78
155.917 27604 166.145
156.033 26803 163.716
156.15 0 1
156.267 0 1
156.383 0 1
156.5 0 1
156.617 0 1
156.733 0 1
156.85 0 1
156.966 0 1
157.082 0 1
157.199 0 1
157.315 0 1
157.431 0 1
157.547 0 1
157.664 0 1
157.78 0 1
157.896 0 1
158.012 0 1
158.128 0 1
158.244 0 1
158.359 0 1
158.475 0 1
158.591 0 1
158.706 0 1
