
6.15755 0 1
6.2731 0 1
6.3887 0 1
6.50437 0 1
6.62009 0 1
6.73587 0 1
6.8517 0 1
6.96759 0 1
7.08353 0 1
7.19952 0 1
7.31557 0 1
7.43166 0 1
7.54781 0 1
7.664 0 1
7.78024 0 1
7.89653 0 1
8.01286 0 1
8.12924 0 1
8.24567 0 1
8.36213 0 1
8.47864 0 1
8.59519 0 1
8.71178 0 1
8.82841 0 1
8.94508 0 1
9.06179 0 1
9.17853 0 1
9.29531 0 1
9.41212 0 1
9.52897 0 1
9.64584 0 1
9.76276 0 1
9.8797 0 1
9.99667 0 1
10.1137 0 1
10.2307 0 1
10.3478 0 1
10.4648 0 1
10.5819 0 1
10.6991 0 1
10.8162 0 1
10.9334 0 1
11.0506 0 1
11.1678 0 1
11.285 0 1
11.4023 0 1
11.5196 0 1
11.6369 0 1
11.7542 0 1
11.8715 0 1
11.9888 0 1
12.1062 0 1
12.2235 0 1
12.3409 0 1
12.4582 0 1
12.5756 0 1
12.693 0 1
12.8104 0 1
12.9278 0 1
13.0452 0 1
13.1626 0 1
13.28 0 1
13.3974 0 1
13.5149 0 1
13.6323 0 1
13.7497 0 1
13.8671 0 1
13.9845 0 1
14.1019 0 1
14.2193 0 1
14.3367 0 1
14.4541 0 1
14.5714 0 1
14.6888 0 1
14.8062 0 1
14.9235 0 1
15.0408 65456 255.844
15.1581 68904 262.496
15.2755 70783 266.051
15.3927 71334 267.084
15.51 71132 266.706
15.6273 71392 267.193
15.7445 70697 265.889
15.8617 72085 268.486
15.9789 73083 270.339
16.0961 71521 267.434
16.2132 72941 270.076
16.3304 73496 271.101
16.4475 73355 270.841
16.5646 73543 271.188
16.6816 73920 271.882
16.7986 75193 274.213
16.9156 75494 274.762
17.0326 76715 276.975
17.1496 77468 278.331
17.2665 76712 276.969
17.3833 76790 277.11
17.5002 76702 276.951
17.617 77725 278.792
17.7338 76263 276.158
17.8505 74256 272.5
17.9672 71055 266.561
18.0839 67842 260.465
18.2005 67236 259.299
18.3171 69556 263.735
18.4337 74458 272.87
18.5502 79806 282.5
18.6666 83249 288.529
18.7831 85671 292.696
18.8994 86128 293.476
19.0158 87062 295.063
19.1321 86964 294.897
19.2483 86538 294.173
19.3645 85867 293.031
19.4806 86904 294.795
19.5967 87023 294.997
19.7128 86438 294.003
19.8288 83974 289.783
19.9447 73341 270.815
20.0606 0 1
20.1764 0 1
20.2922 0 1
20.4079 0 1
20.5236 0 1
20.6392 0 1
20.7548 0 1
20.8702 0 1
23.3078 0 1
23.4233 0 1
23.539 0 1
23.6547 0 1
23.7704 0 1
23.8862 0 1
24.0021 0 1
24.118 0 1
24.234 0 1
24.35 0 1
24.4661 92555 304.229
24.5822 92686 304.444
24.6984 92213 303.666
24.8146 93390 305.598
24.9309 93467 305.724
25.0472 91810 303.002
25.1636 89833 299.722
25.28 89366 298.941
25.3965 90150 300.25
25.513 91077 301.79
25.6296 93363 305.554
25.7462 96970 311.4
25.8628 98251 313.45
25.9795 99535 315.492
26.0962 100642 317.241
26.213 99695 315.745
26.3298 99178 314.925
26.4466 98447 313.763
26.5635 96618 310.834
26.6804 93830 306.317
26.7973 89693 299.488
26.9143 85733 292.802
27.0313 83299 288.616
27.1483 85148 291.801
27.2653 89191 298.649
27.3824 92822 304.667
27.4996 95278 308.671
27.6167 96273 310.279
27.7339 96981 311.418
27.8511 96845 311.199
27.9683 96303 310.327
28.0855 96352 310.406
28.2028 97025 311.488
28.3201 95076 308.344
28.4374 94978 308.185
28.5547 94426 307.288
28.6721 92145 303.554
28.7894 91962 303.252
28.9068 91759 302.917
29.0242 92552 304.224
29.1416 93528 305.823
29.259 94943 308.128
29.3764 96540 310.709
29.4939 98554 313.933
29.6113 98956 314.573
29.7288 98831 314.374
29.8463 99526 315.477
29.9638 97935 312.946
30.0812 97137 311.668
30.1987 94236 306.979
30.3162 90356 300.593
30.4337 86636 294.34
30.5512 83406 288.801
30.6687 82801 287.752
30.7862 86479 294.073
30.9037 88878 298.124
31.0212 93699 306.103
31.1387 95742 309.422
31.2562 96542 310.712
31.3737 97125 311.649
31.4912 97538 312.311
31.6087 97115 311.633
31.7262 97163 311.71
31.8436 96458 310.577
31.9611 96066 309.945
32.0785 94649 307.651
32.1959 92671 304.419
32.3134 91633 302.709
32.4308 92055 303.406
32.5482 92067 303.425
32.6655 93590 305.925
32.7829 95618 309.222
32.9002 97762 312.669
33.0176 97806 312.74
33.1349 98948 314.56
33.2522 99719 315.783
33.3694 98194 313.359
33.4867 99865 316.014
33.6039 99297 315.114
33.7211 97736 312.628
33.8383 94975 308.18
33.9554 92917 304.823
34.0725 88509 297.505
34.1896 86078 293.391
34.3067 83826 289.527
34.4237 85180 291.856
34.5407 86669 294.396
34.6577 90560 300.932
34.7746 92253 303.732
34.8915 92071 303.432
35.0084 93055 305.049
35.1252 94570 307.522
35.242 94999 308.219
35.3587 96410 310.5
35.4755 95819 309.546
35.5921 95148 308.461
35.7088 94418 307.275
35.8254 91734 302.876
35.9419 90129 300.215
36.0584 89615 299.358
36.1749 90494 300.822
36.2913 90150 300.25
36.4077 91819 303.017
36.524 92780 304.598
36.6403 94401 307.247
36.7565 96072 309.955
36.8727 96424 310.522
36.9889 95193 308.534
37.1049 94491 307.394
37.221 0 1
37.3369 0 1
37.4529 0 1
37.5687 0 1
37.6845 0 1
37.8003 0 1
37.916 0 1
38.0316 0 1
38.1472 0 1
40.5851 0 1
40.7008 0 1
40.8164 0 1
40.9322 0 1
41.048 0 1
41.1639 0 1
41.2798 0 1
41.3958 0 1
41.5118 0 1
41.6279 0 1
41.744 77141 277.743
41.8602 80998 284.601
41.9765 82039 286.425
42.0928 83083 288.241
42.2091 83653 289.228
42.3255 84011 289.847
42.4419 83276 288.576
42.5584 82560 287.333
42.675 81493 285.47
42.7915 79350 281.691
42.9081 77469 278.333
43.0248 75652 275.049
43.1415 74776 273.452
43.2582 74236 272.463
43.375 75645 275.036
43.4918 78220 279.678
43.6087 77958 279.21
43.7256 76540 276.659
43.8425 75501 274.774
43.9595 75401 274.592
44.0765 76398 276.402
44.1935 76310 276.243
44.3106 75470 274.718
44.4277 74407 272.776
44.5448 72386 269.046
44.6619 69152 262.968
44.7791 68761 262.223
44.8963 67623 260.044
45.0136 67582 259.965
45.1308 68101 260.962
45.2481 68706 262.118
45.3654 69709 264.025
45.4827 68848 262.389
45.6001 69793 264.184
45.7174 69168 262.998
45.8348 68316 261.373
45.9522 67807 260.398
46.0697 66399 257.68
46.1871 65131 255.208
46.3046 64157 253.292
46.422 62325 249.65
46.5395 60782 246.54
46.657 59606 244.143
46.7745 59182 243.274
46.892 59143 243.193
47.0096 60301 245.563
47.1271 60853 246.684
47.2446 60471 245.909
47.3622 59044 242.99
47.4797 57327 239.431
47.5973 57816 240.45
47.7149 58263 241.377
47.8324 57983 240.797
47.95 57744 240.3
48.0675 55974 236.588
48.1851 55303 235.166
48.3027 54141 232.682
48.4202 53995 232.368
48.5378 54185 232.777
48.6554 54743 233.972
48.7729 55897 236.425
48.8904 57475 239.739
49.008 57840 240.499
49.1255 57940 240.707
49.243 58165 241.174
49.3605 57994 240.819
49.478 58104 241.048
49.5955 58263 241.377
49.713 57557 239.91
49.8304 57003 238.753
49.9479 56862 238.458
50.0653 55374 235.317
50.1827 55140 234.819
50.3001 54322 233.071
50.4175 54654 233.782
50.5348 55265 235.085
50.6521 57148 239.056
50.7694 59160 243.228
50.8867 58700 242.281
51.004 59531 243.99
51.1212 60980 246.941
51.2384 62947 250.892
51.3556 64994 254.939
51.4727 65447 255.826
51.5899 65738 256.394
51.707 64868 254.692
51.824 65732 256.383
51.9411 66792 258.441
52.0581 68162 261.079
52.175 70678 265.853
52.2919 72954 270.1
52.4088 74483 272.916
52.5257 75500 274.773
52.6425 76615 276.794
52.7593 76925 277.354
52.876 77654 278.665
52.9927 78448 280.086
53.1094 77523 278.43
53.226 78078 279.424
53.3426 78180 279.607
53.4591 78137 279.53
53.5756 77463 278.322
53.692 77166 277.788
53.8084 76395 276.396
53.9248 75817 275.349
54.0411 76033 275.741
54.1573 76268 276.167
54.2735 0 1
54.3896 0 1
54.5057 0 1
54.6217 0 1
54.7377 0 1
54.8537 0 1
54.9695 0 1
55.0853 0 1
55.2011 0 1
55.3168 0 1
55.4324 0 1
57.824 0 1
57.9396 0 1
58.0553 0 1
58.1711 0 1
58.2869 0 1
58.4028 0 1
58.5187 0 1
58.6347 0 1
58.7508 0 1
58.8669 0 1
58.983 87261 295.4
59.0992 89337 298.893
59.2155 88598 297.654
59.3318 89508 299.179
59.4482 89562 299.269
59.5646 90078 300.13
59.681 89237 298.726
59.7975 88619 297.689
59.9141 88551 297.575
60.0306 89191 298.649
60.1473 89482 299.135
60.2639 88208 296.998
60.3807 85886 293.063
60.4974 85980 293.223
60.6142 86219 293.631
60.731 87375 295.593
60.8479 88251 297.071
60.9648 89830 299.717
61.0818 90882 301.466
61.1987 91174 301.95
61.3158 90782 301.301
61.4328 91055 301.753
61.5499 89729 299.548
61.667 88525 297.532
61.7841 88869 298.109
61.9013 87772 296.263
62.0185 86612 294.299
62.1357 86805 294.627
62.253 86148 293.51
62.3702 85819 292.949
62.4875 84739 291.1
62.6049 85152 291.808
62.7222 85398 292.229
62.8396 85267 292.005
62.9569 85938 293.152
63.0743 84051 289.916
63.1918 82323 286.92
63.3092 80434 283.609
63.4267 80937 284.494
63.5441 80976 284.563
63.6616 80633 283.96
63.7791 79691 282.296
63.8966 78924 280.934
64.0142 78226 279.689
64.1317 79600 282.135
64.2492 80461 283.656
64.3668 81505 285.491
64.4843 82688 287.555
64.6019 83427 288.837
64.7195 83248 288.527
64.837 84300 290.345
64.9546 83854 289.576
65.0722 83752 289.399
65.1898 82245 286.784
65.3074 83021 288.134
65.4249 80871 284.378
65.5425 81222 284.995
65.6601 81270 285.079
65.7777 80617 283.931
65.8952 81120 284.816
66.0128 80341 283.445
66.1304 79560 282.064
66.2479 80496 283.718
66.3655 81032 284.661
66.483 81130 284.833
66.6005 81090 284.763
66.718 79117 281.277
66.8355 76687 276.924
66.953 75402 274.594
67.0705 74784 273.467
67.1879 75207 274.239
67.3054 75741 275.211
67.4228 75355 274.509
67.5402 74605 273.139
67.6576 74104 272.22
67.7749 74817 273.527
67.8923 78499 280.177
68.0096 79775 282.445
68.1269 81700 285.832
68.2442 82581 287.369
68.3614 83313 288.64
68.4787 84166 290.114
68.5958 83070 288.219
68.713 83317 288.647
68.8302 82883 287.894
68.9473 82230 286.758
69.0643 82725 287.62
69.1814 82724 287.618
69.2984 82941 287.995
69.4154 83523 289.003
69.5323 83637 289.201
69.6492 84130 290.052
69.7661 84849 291.289
69.8829 85222 291.928
69.9997 86413 293.961
70.1165 86559 294.209
70.2332 86210 293.615
70.3499 84721 291.069
70.4665 81214 284.981
70.5831 78614 280.382
70.6996 76202 276.047
70.8161 75542 274.849
70.9326 76203 276.049
71.049 76230 276.098
71.1653 74797 273.49
71.2817 74464 272.881
71.3979 74833 273.556
71.5141 75576 274.911
71.6303 76375 276.36
71.7464 72767 269.754
71.8624 0 1
71.9784 0 1
72.0944 0 1
72.2102 0 1
72.3261 0 1
72.4418 0 1
72.5575 0 1
72.6732 0 1
75.1054 0 1
75.2209 0 1
75.3365 0 1
75.4521 0 1
75.5678 0 1
75.6835 0 1
75.7993 0 1
75.9151 0 1
76.031 0 1
76.147 66028 256.959
76.263 71668 267.709
76.3791 72866 269.937
76.4952 72790 269.796
76.6113 73270 270.684
76.7276 75364 274.525
76.8438 76676 276.904
76.9601 80185 283.17
77.0765 82177 286.665
77.1929 83085 288.245
77.3093 84719 291.065
77.4258 85658 292.674
77.5423 85225 291.933
77.6589 84853 291.295
77.7755 83382 288.759
77.8921 82007 286.369
78.0088 80997 284.6
78.1256 82051 286.445
78.2423 81109 284.796
78.3591 81392 285.293
78.4759 82790 287.733
78.5928 82900 287.924
78.7097 83486 288.939
78.8266 80698 284.074
78.9436 87132 295.181
79.0606 83613 289.159
79.1776 83461 288.896
79.2946 83992 289.814
79.4117 82239 286.773
79.5288 78616 280.385
79.6459 75110 274.062
79.7631 70470 265.462
79.8802 69617 263.85
79.9974 69890 264.367
80.1147 70275 265.094
80.2319 71368 267.148
80.3491 73708 271.492
80.4664 75868 275.441
80.5837 77950 279.195
80.701 79231 281.48
80.8183 79829 282.54
80.9357 80021 282.88
81.053 80879 284.392
81.1704 81557 285.582
81.2877 79107 281.26
81.4051 79091 281.231
81.5225 77118 277.701
81.6399 77221 277.887
81.7573 76375 276.36
81.8747 74780 273.459
81.9922 75525 274.818
82.1096 77342 278.104
82.227 77905 279.115
82.3444 78126 279.51
82.4619 79388 281.759
82.5793 80306 283.383
82.6967 77925 279.15
82.8142 78012 279.306
82.9316 77172 277.798
83.049 75181 274.192
83.1664 70850 266.177
83.2838 65750 256.418
83.4012 61009 247
83.5186 58718 242.318
83.636 58212 241.272
83.7534 60190 245.337
83.8708 63533 252.058
83.9881 66554 257.981
84.1055 68739 262.181
84.2228 71464 267.328
84.3401 72924 270.044
84.4575 74556 273.049
84.5747 75442 274.667
84.692 75906 275.51
84.8093 75436 274.656
84.9265 74965 273.797
85.0437 73777 271.619
85.1609 73138 270.44
85.2781 73102 270.374
85.3952 73605 271.302
85.5123 73527 271.159
85.6294 75710 275.155
85.7465 77369 278.153
85.8636 78061 279.394
85.9806 79510 281.975
86.0976 80760 284.183
86.2145 81369 285.253
86.3315 84559 290.79
86.4484 79599 282.133
86.5652 82300 286.88
86.682 81989 286.337
86.7988 77444 278.288
86.9156 72371 269.019
87.0323 67117 259.069
87.149 65315 255.568
87.2657 66603 258.076
87.3823 69507 263.642
87.4988 72655 269.546
87.6154 76395 276.396
87.7318 79434 281.84
87.8483 81772 285.958
87.9647 82761 287.682
88.081 83567 289.08
88.1973 85416 292.26
88.3136 85465 292.344
88.4298 84795 291.196
88.546 82760 287.68
88.6621 81990 286.339
88.7781 80665 284.016
88.8942 0 1
89.0101 0 1
89.126 0 1
89.2419 0 1
89.3577 0 1
89.4734 0 1
89.5891 0 1
89.7047 0 1
89.8203 0 1
89.9358 0 1
92.3269 0 1
92.4424 0 1
92.558 0 1
92.6736 0 1
92.7893 0 1
92.905 0 1
93.0208 0 1
93.1366 0 1
93.2525 0 1
93.3685 0 1
93.4845 0 1
93.6005 81750 285.92
93.7167 83349 288.702
93.8328 83493 288.952
93.949 82694 287.566
94.0653 81112 284.802
94.1816 80433 283.607
94.2979 80241 283.268
94.4143 79794 282.478
94.5307 80371 283.498
94.6472 81479 285.445
94.7637 82997 288.092
94.8803 85072 291.671
94.9969 86554 294.201
95.1135 87646 296.051
95.2302 88397 297.316
95.3469 89085 298.471
95.4637 89118 298.526
95.5805 88588 297.637
95.6973 89245 298.739
95.8142 86917 294.817
95.9311 83015 288.123
96.048 76577 276.725
96.1649 70353 265.241
96.2819 65870 256.652
96.3989 64082 253.144
96.516 65795 256.505
96.633 70244 265.036
96.7501 76756 277.049
96.8673 82073 286.484
96.9844 84413 290.539
97.1016 87163 295.234
97.2188 87980 296.614
97.336 89197 298.659
97.4532 89062 298.433
97.5704 88467 297.434
97.6877 86281 293.736
97.805 84670 290.981
97.9223 84362 290.451
98.0396 83820 289.517
98.1569 83927 289.702
98.2743 84268 290.29
98.3916 86019 293.29
98.509 87250 295.381
98.6264 88994 298.319
98.7438 89400 298.998
98.8612 90014 300.023
98.9786 91261 302.094
99.096 91223 302.031
99.2134 91582 302.625
99.3308 91787 302.964
99.4482 89750 299.583
99.5656 87112 295.147
99.6831 81451 285.396
99.8005 74381 272.729
99.9179 68513 261.75
100.035 66300 257.488
100.153 69063 262.798
100.27 75712 275.158
100.388 82241 286.777
100.505 86166 293.54
100.622 87824 296.351
100.74 89239 298.729
100.857 89786 299.643
100.975 90646 301.075
101.092 89574 299.289
101.209 88272 297.106
101.327 87238 295.361
101.444 86496 294.102
101.561 85898 293.084
101.679 86357 293.866
101.796 86944 294.863
101.913 88975 298.287
102.03 90272 300.453
102.148 91533 302.544
102.265 90729 301.213
102.382 97088 311.589
102.499 95443 308.939
102.616 96077 309.963
102.733 96319 310.353
102.851 96291 310.308
102.968 96371 310.437
103.085 93469 305.727
103.202 88239 297.051
103.319 80450 283.637
103.436 71658 267.69
103.552 66610 258.089
103.669 68153 261.061
103.786 76404 276.413
103.903 84910 291.393
104.02 90625 301.04
104.137 93842 306.336
104.253 93900 306.431
104.37 95427 308.913
104.487 95678 309.319
104.603 95456 308.96
104.72 94139 306.821
104.836 92239 303.709
104.953 91772 302.939
105.069 91521 302.524
105.186 92433 304.028
105.302 93774 306.225
105.418 95512 309.05
105.535 96873 311.244
105.651 98712 314.185
105.767 100079 316.353
105.883 102183 319.661
105.999 102832 320.674
106.115 0 1
106.231 0 1
106.347 0 1
106.463 0 1
106.579 0 1
106.694 0 1
106.81 0 1
106.926 0 1
107.041 0 1
107.157 0 1
109.576 0 1
109.692 0 1
109.807 0 1
109.923 0 1
110.039 0 1
110.155 0 1
110.27 0 1
110.386 0 1
110.502 0 1
110.618 91240 302.06
110.735 94522 307.444
110.851 96553 310.73
110.967 96891 311.273
111.083 98048 313.126
111.199 97832 312.781
111.316 98255 313.457
111.432 98220 313.401
111.549 96329 310.369
111.665 93405 305.622
111.782 87803 296.316
111.898 78842 280.788
112.015 67596 259.992
112.132 59248 243.409
112.248 62734 250.468
112.365 71892 268.127
112.482 80086 282.995
112.599 90805 301.339
112.716 90465 300.774
112.832 91069 301.776
112.949 90625 301.04
113.066 90791 301.315
113.183 89324 298.871
113.3 87980 296.614
113.417 85810 292.933
113.534 85299 292.06
113.652 84908 291.39
113.769 86048 293.339
113.886 87619 296.005
114.003 87996 296.641
114.12 90055 300.092
114.238 92003 303.32
114.355 91817 303.013
114.472 92153 303.567
114.589 94880 308.026
114.707 93279 305.416
114.824 94052 306.679
114.942 93743 306.175
115.059 93299 305.449
115.176 91091 301.813
115.294 88067 296.761
115.411 81378 285.268
115.529 71995 268.319
115.646 60482 245.931
115.764 56825 238.38
115.881 63989 252.96
115.999 75073 273.995
116.116 83087 288.248
116.234 86288 293.748
116.351 86154 293.52
116.469 86393 293.927
116.586 86616 294.306
116.704 85366 292.175
116.821 83863 289.591
116.939 81884 286.154
117.056 81154 284.875
117.174 80390 283.531
117.291 80117 283.049
117.409 81323 285.172
117.526 82011 286.376
117.644 84166 290.114
117.761 85359 292.163
117.879 86837 294.681
117.996 86632 294.333
118.114 87643 296.046
118.231 88126 296.86
118.349 88195 296.976
118.466 87762 296.247
118.584 88214 297.008
118.701 87832 296.365
118.819 85462 292.339
118.936 81530 285.535
119.053 76041 275.755
119.171 66553 257.979
119.288 54657 233.788
119.405 51792 227.579
119.523 57863 240.547
119.64 68188 261.128
119.757 76788 277.106
119.875 79042 281.144
119.992 79860 282.595
120.109 80563 283.836
120.226 80274 283.327
120.343 78537 280.245
120.46 77490 278.37
120.578 76001 275.683
120.695 75244 274.306
120.812 75324 274.452
120.929 75253 274.323
121.046 76220 276.08
121.163 77471 278.336
121.279 78940 280.963
121.396 80427 283.597
121.513 80982 284.573
121.63 83349 288.702
121.747 82097 286.526
121.863 83074 288.226
121.98 83840 289.551
122.097 83897 289.65
122.213 83252 288.534
122.33 82467 287.171
122.446 81867 286.124
122.563 79542 282.032
122.679 76606 276.778
122.795 71003 266.464
122.912 62041 249.08
123.028 51465 226.859
123.144 47658 218.307
123.26 53178 230.604
123.377 0 1
123.493 0 1
123.609 0 1
123.725 0 1
123.84 0 1
123.956 0 1
124.072 0 1
124.188 0 1
124.303 0 1
124.419 0 1
126.852 0 1
126.968 0 1
127.083 0 1
127.199 0 1
127.315 0 1
127.431 0 1
127.547 0 1
127.663 0 1
127.779 0 1
127.895 0 1
128.011 0 1
128.127 0 1
128.243 0 1
128.359 49756 223.061
128.476 52439 228.996
128.592 62962 250.922
128.708 74754 273.412
128.825 80461 283.656
128.941 82280 286.845
129.058 81746 285.913
129.174 82271 286.829
129.291 80527 283.773
129.408 79267 281.544
129.524 77338 278.097
129.641 77139 277.739
129.758 76046 275.764
129.875 76507 276.599
129.992 76591 276.751
130.108 77666 278.686
130.225 78842 280.788
130.342 80033 282.901
130.459 79096 281.24
130.576 83334 288.676
130.693 82143 286.606
130.81 81963 286.292
130.928 82078 286.493
131.045 81552 285.573
131.162 81762 285.941
131.279 81803 286.012
131.396 81197 284.951
131.513 78583 280.327
131.631 73907 271.858
131.748 63385 251.764
131.865 50533 224.795
131.983 47783 218.593
132.1 57182 239.128
132.217 69590 263.799
132.335 76880 277.272
132.452 77507 278.401
132.57 77310 278.047
132.687 76580 276.731
132.804 77869 279.05
132.922 75061 273.973
133.039 73864 271.779
133.157 73968 271.971
133.274 73350 270.832
133.392 72814 269.841
133.509 73289 270.719
133.627 73986 272.004
133.744 75925 275.545
133.862 76303 276.23
133.979 77214 277.874
134.097 77664 278.683
134.214 77356 278.129
134.332 79193 281.413
134.449 78173 279.594
134.567 78095 279.455
134.684 79145 281.327
134.802 78386 279.975
134.919 78450 280.089
135.037 77884 279.077
135.154 75108 274.058
135.272 67074 258.986
135.389 53734 231.806
135.507 45144 212.471
135.624 48217 219.584
135.742 59851 244.645
135.859 70628 265.759
135.977 74503 272.952
136.094 75221 274.264
136.211 75556 274.875
136.329 75192 274.212
136.446 74375 272.718
136.564 72475 269.212
136.681 71017 266.49
136.798 70814 266.109
136.915 70217 264.985
137.033 69861 264.312
137.15 69621 263.858
137.267 70350 265.236
137.384 71830 268.011
137.502 72738 269.7
137.619 72907 270.013
137.736 73608 271.308
137.853 72448 269.162
137.97 74776 273.452
138.087 73684 271.448
138.204 75152 274.139
138.321 75664 275.071
138.438 76172 275.993
138.555 75966 275.619
138.672 76061 275.792
138.788 73353 270.838
138.905 66977 258.799
139.022 56463 237.619
139.139 46377 215.353
139.255 46994 216.781
139.372 57725 240.26
139.488 68820 262.336
139.605 73373 270.875
139.721 74642 273.207
139.838 74547 273.033
139.954 74751 273.406
140.071 72267 268.825
140.187 72591 269.427
140.303 70047 264.664
140.419 69119 262.905
140.535 68053 260.87
140.652 67032 258.905
140.768 0 1
140.884 0 1
141 0 1
141.115 0 1
141.231 0 1
141.347 0 1
141.463 0 1
141.578 0 1
141.694 0 1
144.104 0 1
144.219 0 1
144.335 0 1
144.45 0 1
144.566 0 1
144.682 0 1
144.798 0 1
144.914 0 1
145.03 0 1
145.146 50699 225.164
145.262 53213 230.679
145.378 53459 231.212
145.494 53004 230.226
145.61 52358 228.819
145.726 52776 229.73
145.842 52343 228.786
145.959 52703 229.571
146.075 53065 230.358
146.192 53585 231.484
146.308 54789 234.071
146.425 54733 233.951
146.541 55033 234.591
146.658 55485 235.553
146.774 56355 237.392
146.891 56686 238.088
147.008 57614 240.029
147.125 57302 239.378
147.241 58449 241.762
147.358 58481 241.828
147.475 58674 242.227
147.592 57298 239.37
147.709 56244 237.158
147.826 51742 227.469
147.943 43344 208.192
148.06 35798 189.204
148.177 36718 191.619
148.294 43541 208.665
148.411 52237 228.554
148.528 55862 236.351
148.645 57109 238.975
148.762 56962 238.667
148.88 56950 238.642
148.997 55158 234.857
149.114 56464 237.622
149.231 54590 233.645
149.349 53471 231.238
149.466 53456 231.206
149.583 52686 229.534
149.701 52708 229.582
149.818 52434 228.985
149.935 52989 230.193
150.053 53739 231.817
150.17 55656 235.915
150.287 56014 236.673
150.405 56557 237.817
150.522 57188 239.14
150.64 58204 241.255
150.757 58950 242.796
150.875 59615 244.162
150.992 59733 244.403
151.11 60846 246.67
151.227 60398 245.76
151.344 59604 244.139
151.462 57648 240.1
151.579 54179 232.764
151.697 43999 209.759
151.814 37676 194.103
151.932 40782 201.946
152.049 50208 224.071
152.167 58212 241.272
152.284 60866 246.71
152.402 61980 248.958
152.519 61801 248.598
152.636 61267 247.522
152.754 61101 247.186
152.871 59839 244.62
152.989 59257 243.428
153.106 58864 242.619
153.223 58143 241.129
153.341 57461 239.71
153.458 58031 240.896
153.575 58776 242.438
153.693 60444 245.854
153.81 61186 247.358
153.927 61818 248.632
154.044 63572 252.135
154.162 63897 252.779
154.279 65101 255.149
154.396 65742 256.402
154.513 66594 258.058
154.63 67371 259.559
154.747 67551 259.906
154.864 67000 258.844
154.981 67700 260.192
155.098 63791 252.569
155.215 55486 235.555
155.332 47841 218.726
155.449 48163 219.461
155.566 57245 239.259
155.683 65037 255.024
155.8 67189 259.208
155.917 67494 259.796
156.033 67107 259.05
156.15 0 1
156.267 0 1
156.383 0 1
156.5 0 1
156.617 0 1
156.733 0 1
156.85 0 1
156.966 0 1
157.082 0 1
157.199 0 1
157.315 0 1
157.431 0 1
157.547 0 1
157.664 0 1
157.78 0 1
157.896 0 1
158.012 0 1
158.128 0 1
158.244 0 1
158.359 0 1
158.475 0 1
158.591 0 1
158.706 0 1
