
6.15755 0 1
6.2731 0 1
6.3887 0 1
6.50437 0 1
6.62009 0 1
6.73587 0 1
6.8517 0 1
6.96759 0 1
7.08353 0 1
7.19952 0 1
7.31557 0 1
7.43166 0 1
7.54781 0 1
7.664 0 1
7.78024 0 1
7.89653 0 1
8.01286 0 1
8.12924 0 1
8.24567 0 1
8.36213 0 1
8.47864 0 1
8.59519 0 1
8.71178 0 1
8.82841 0 1
8.94508 0 1
9.06179 0 1
9.17853 0 1
9.29531 0 1
9.41212 0 1
9.52897 0 1
9.64584 0 1
9.76276 0 1
9.8797 0 1
9.99667 0 1
10.1137 0 1
10.2307 0 1
10.3478 0 1
10.4648 0 1
10.5819 0 1
10.6991 0 1
10.8162 0 1
10.9334 0 1
11.0506 0 1
11.1678 0 1
11.285 0 1
11.4023 0 1
11.5196 0 1
11.6369 0 1
11.7542 0 1
11.8715 0 1
11.9888 0 1
12.1062 0 1
12.2235 0 1
12.3409 0 1
12.4582 0 1
12.5756 0 1
12.693 0 1
12.8104 0 1
12.9278 0 1
13.0452 0 1
13.1626 0 1
13.28 0 1
13.3974 0 1
13.5149 0 1
13.6323 0 1
13.7497 0 1
13.8671 0 1
13.9845 0 1
14.1019 0 1
14.2193 0 1
14.3367 0 1
14.4541 0 1
14.5714 0 1
14.6888 0 1
14.8062 0 1
14.9235 0 1
15.0408 0 0
15.1581 0 0
15.2755 0 0
15.3927 0 0
15.51 0 0
15.6273 0 0
15.7445 0 0
15.8617 0 0
15.9789 0 0
16.0961 0 0
16.2132 0 0
16.3304 0 0
16.4475 0 0
16.5646 0 0
16.6816 0 0
16.7986 0 0
16.9156 0 0
17.0326 0 0
17.1496 0 0
17.2665 0 0
17.3833 0 0
17.5002 0 0
17.617 0 0
17.7338 0 0
17.8505 0 0
17.9672 0 0
18.0839 0 0
18.2005 0 0
18.3171 0 0
18.4337 0 0
18.5502 0 0
18.6666 0 0
18.7831 0 0
18.8994 0 0
19.0158 0 0
19.1321 0 0
19.2483 0 0
19.3645 0 0
19.4806 0 0
19.5967 0 0
19.7128 0 0
19.8288 0 0
19.9447 0 0
20.0606 0 1
20.1764 0 1
20.2922 0 1
20.4079 0 1
20.5236 0 1
20.6392 0 1
20.7548 0 1
20.8702 0 1
23.3078 0 1
23.4233 0 1
23.539 0 1
23.6547 0 1
23.7704 0 1
23.8862 0 1
24.0021 0 1
24.118 0 1
24.234 0 1
24.35 0 1
24.4661 4619 67.9632
24.5822 4607 67.8749
24.6984 4576 67.6461
24.8146 4675 68.374
24.9309 4847 69.6204
25.0472 4750 68.9202
25.1636 4674 68.3667
25.28 4920 70.1427
25.3965 4865 69.7496
25.513 4815 69.3902
25.6296 4858 69.6994
25.7462 5025 70.8872
25.8628 4969 70.4911
25.9795 4931 70.2211
26.0962 5088 71.3302
26.213 5052 71.0774
26.3298 4870 69.7854
26.4466 4800 69.282
26.5635 4494 67.0373
26.6804 4267 65.3223
26.7973 3997 63.2218
26.9143 4244 65.146
27.0313 4411 66.4154
27.1483 4614 67.9264
27.2653 4742 68.8622
27.3824 4828 69.4838
27.4996 4947 70.3349
27.6167 4928 70.1997
27.7339 4976 70.5408
27.8511 4815 69.3902
27.9683 4723 68.7241
28.0855 4751 68.9275
28.2028 4749 68.913
28.3201 4543 67.4018
28.4374 4728 68.7605
28.5547 4708 68.6149
28.6721 4739 68.8404
28.7894 4752 68.9348
28.9068 4792 69.2243
29.0242 4897 69.9786
29.1416 4836 69.5414
29.259 4770 69.0652
29.3764 4894 69.9571
29.4939 4727 68.7532
29.6113 4879 69.8498
29.7288 4898 69.9857
29.8463 4727 68.7532
29.9638 4614 67.9264
30.0812 4296 65.5439
30.1987 4000 63.2456
30.3162 3993 63.1902
30.4337 3921 62.6179
30.5512 4167 64.5523
30.6687 4542 67.3944
30.7862 4721 68.7095
30.9037 4753 68.942
31.0212 4967 70.4769
31.1387 4800 69.282
31.2562 4969 70.4911
31.3737 4896 69.9714
31.4912 4792 69.2243
31.6087 4755 68.9565
31.7262 4694 68.5128
31.8436 4840 69.5701
31.9611 4687 68.4617
32.0785 4726 68.7459
32.1959 4706 68.6003
32.3134 4869 69.7782
32.4308 4808 69.3397
32.5482 4910 70.0714
32.6655 4899 69.9929
32.7829 4854 69.6707
32.9002 4932 70.2282
33.0176 4798 69.2676
33.1349 4840 69.5701
33.2522 4900 70
33.3694 4926 70.1855
33.4867 4801 69.2892
33.6039 4735 68.8113
33.7211 4448 66.6933
33.8383 3993 63.1902
33.9554 3909 62.522
34.0725 3997 63.2218
34.1896 4238 65.0999
34.3067 4474 66.888
34.4237 4720 68.7023
34.5407 4778 69.1231
34.6577 4877 69.8355
34.7746 5039 70.9859
34.8915 5051 71.0704
35.0084 4814 69.383
35.1252 4960 70.4273
35.242 4807 69.3325
35.3587 4956 70.3989
35.4755 4847 69.6204
35.5921 4760 68.9928
35.7088 4876 69.8284
35.8254 4690 68.4836
35.9419 4847 69.6204
36.0584 4818 69.4118
36.1749 4938 70.2709
36.2913 4908 70.0571
36.4077 4871 69.7925
36.524 4743 68.8694
36.6403 4914 70.0999
36.7565 4997 70.6895
36.8727 5000 70.7107
36.9889 4941 70.2922
37.1049 4917 70.1213
37.221 0 1
37.3369 0 1
37.4529 0 1
37.5687 0 1
37.6845 0 1
37.8003 0 1
37.916 0 1
38.0316 0 1
38.1472 0 1
40.5851 0 1
40.7008 0 1
40.8164 0 1
40.9322 0 1
41.048 0 1
41.1639 0 1
41.2798 0 1
41.3958 0 1
41.5118 0 1
41.6279 0 1
41.744 4156 64.467
41.8602 4230 65.0385
41.9765 4264 65.2993
42.0928 4351 65.9621
42.2091 4348 65.9394
42.3255 4380 66.1816
42.4419 4096 64
42.5584 3816 61.7738
42.675 3439 58.643
42.7915 3314 57.5674
42.9081 3416 58.4466
43.0248 3935 62.7296
43.1415 4006 63.293
43.2582 4104 64.0625
43.375 4333 65.8255
43.4918 4503 67.1044
43.6087 4440 66.6333
43.7256 4428 66.5432
43.8425 4356 66
43.9595 4215 64.923
44.0765 4055 63.6789
44.1935 4046 63.6082
44.3106 3963 62.9524
44.4277 3913 62.554
44.5448 3942 62.7853
44.6619 3770 61.4003
44.7791 3857 62.1048
44.8963 3841 61.9758
45.0136 3920 62.6099
45.1308 3982 63.1031
45.2481 3935 62.7296
45.3654 3860 62.1289
45.4827 3787 61.5386
45.6001 3936 62.7375
45.7174 3905 62.49
45.8348 3804 61.6766
45.9522 3712 60.9262
46.0697 3504 59.1946
46.1871 3225 56.7891
46.3046 2932 54.1479
46.422 2871 53.5817
46.5395 3174 56.3383
46.657 3392 58.2409
46.7745 3421 58.4893
46.892 3694 60.7783
47.0096 3624 60.1997
47.1271 3634 60.2827
47.2446 3681 60.6712
47.3622 3668 60.564
47.4797 3520 59.3296
47.5973 3554 59.6154
47.7149 3314 57.5674
47.8324 3226 56.7979
47.95 3273 57.2101
48.0675 3077 55.4707
48.1851 3079 55.4887
48.3027 3156 56.1783
48.4202 3190 56.4801
48.5378 3206 56.6216
48.6554 3255 57.0526
48.7729 3330 57.7062
48.8904 3326 57.6715
49.008 3496 59.127
49.1255 3488 59.0593
49.243 3484 59.0254
49.3605 3338 57.7754
49.478 3378 58.1206
49.5955 3177 56.3649
49.713 2833 53.2259
49.8304 2692 51.8845
49.9479 2705 52.0096
50.0653 3079 55.4887
50.1827 3454 58.7707
50.3001 3758 61.3025
50.4175 4070 63.7966
50.5348 4033 63.5059
50.6521 4315 65.6887
50.7694 4346 65.9242
50.8867 4545 67.4166
51.004 4424 66.5132
51.1212 4585 67.7126
51.2384 4681 68.4178
51.3556 4502 67.0969
51.4727 4655 68.2276
51.5899 4508 67.1416
51.707 4445 66.6708
51.824 4712 68.644
51.9411 4942 70.2994
52.0581 4980 70.5691
52.175 5091 71.3512
52.2919 5150 71.7635
52.4088 5349 73.1369
52.5257 5433 73.7089
52.6425 5394 73.4439
52.7593 5487 74.0743
52.876 5599 74.8265
52.9927 5629 75.0267
53.1094 5328 72.9932
53.226 5089 71.3372
53.3426 4709 68.6222
53.4591 4498 67.0671
53.5756 4465 66.8207
53.692 4847 69.6204
53.8084 5338 73.0616
53.9248 5820 76.2889
54.0411 6108 78.1537
54.1573 6303 79.3914
54.2735 0 1
54.3896 0 1
54.5057 0 1
54.6217 0 1
54.7377 0 1
54.8537 0 1
54.9695 0 1
55.0853 0 1
55.2011 0 1
55.3168 0 1
55.4324 0 1
57.824 0 1
57.9396 0 1
58.0553 0 1
58.1711 0 1
58.2869 0 1
58.4028 0 1
58.5187 0 1
58.6347 0 1
58.7508 0 1
58.8669 0 1
58.983 7377 85.8895
59.0992 7999 89.4371
59.2155 8256 90.8625
59.3318 8498 92.1846
59.4482 8534 92.3797
59.5646 8690 93.2202
59.681 8518 92.293
59.7975 8344 91.3455
59.9141 8227 90.7028
60.0306 7970 89.2749
60.1473 7946 89.1403
60.2639 7714 87.8294
60.3807 7612 87.2468
60.4974 7735 87.9488
60.6142 7913 88.955
60.731 8077 89.8721
60.8479 8336 91.3017
60.9648 8604 92.7577
61.0818 8425 91.7878
61.1987 8665 93.086
61.3158 8650 93.0054
61.4328 8556 92.4986
61.5499 8295 91.0769
61.667 8165 90.3604
61.7841 7469 86.4234
61.9013 7105 84.2912
62.0185 6682 81.7435
62.1357 6702 81.8657
62.253 7333 85.6329
62.3702 7960 89.2188
62.4875 8610 92.7901
62.6049 8873 94.1966
62.7222 9161 95.7131
62.8396 9223 96.0365
62.9569 9226 96.0521
63.0743 9328 96.5816
63.1918 9066 95.2155
63.3092 9055 95.1578
63.4267 8902 94.3504
63.5441 8667 93.0967
63.6616 8368 91.4768
63.7791 8149 90.2718
63.8966 8076 89.8666
64.0142 8106 90.0333
64.1317 8498 92.1846
64.2492 8476 92.0652
64.3668 8913 94.4087
64.4843 8995 94.842
64.6019 9180 95.8123
64.7195 9457 97.2471
64.837 9270 96.2808
64.9546 9313 96.5039
65.0722 9251 96.1821
65.1898 9048 95.121
65.3074 8514 92.2713
65.4249 7796 88.295
65.5425 7254 85.1704
65.6601 6882 82.9578
65.7777 7079 84.1368
65.8952 8080 89.8888
66.0128 8698 93.2631
66.1304 9194 95.8853
66.2479 9746 98.7218
66.3655 9892 99.4585
66.483 10143 100.712
66.6005 10181 100.901
66.718 10113 100.563
66.8355 9973 99.8649
66.953 9859 99.2925
67.0705 9702 98.4987
67.1879 9324 96.5609
67.3054 9106 95.4254
67.4228 8865 94.1541
67.5402 8660 93.0591
67.6576 8942 94.5621
67.7749 9102 95.4044
67.8923 9612 98.0408
68.0096 9758 98.7826
68.1269 10288 101.43
68.2442 10587 102.893
68.3614 10652 103.209
68.4787 10476 102.352
68.5958 10780 103.827
68.713 10597 102.942
68.8302 10335 101.661
68.9473 10088 100.439
69.0643 9250 96.1769
69.1814 8508 92.2388
69.2984 7821 88.4364
69.4154 8313 91.1757
69.5323 9193 95.8801
69.6492 9978 99.8899
69.7661 10778 103.817
69.8829 11430 106.911
69.9997 11334 106.461
70.1165 11565 107.541
70.2332 11770 108.49
70.3499 11678 108.065
70.4665 11506 107.266
70.5831 11581 107.615
70.6996 11231 105.976
70.8161 10625 103.078
70.9326 10329 101.632
71.049 10138 100.688
71.1653 9669 98.3311
71.2817 9588 97.9183
71.3979 9593 97.9439
71.5141 9961 99.8048
71.6303 10253 101.257
71.7464 9727 98.6256
71.8624 0 1
71.9784 0 1
72.0944 0 1
72.2102 0 1
72.3261 0 1
72.4418 0 1
72.5575 0 1
72.6732 0 1
75.1054 0 1
75.2209 0 1
75.3365 0 1
75.4521 0 1
75.5678 0 1
75.6835 0 1
75.7993 0 1
75.9151 0 1
76.031 0 1
76.147 10484 102.391
76.263 10686 103.373
76.3791 10712 103.499
76.4952 10095 100.474
76.6113 10183 100.911
76.7276 10621 103.058
76.8438 10913 104.465
76.9601 11405 106.794
77.0765 12021 109.64
77.1929 11995 109.522
77.3093 12436 111.517
77.4258 12422 111.454
77.5423 12374 111.238
77.6589 12407 111.387
77.7755 12199 110.449
77.8921 11723 108.273
78.0088 10661 103.252
78.1256 9697 98.4733
78.2423 9131 95.5563
78.3591 8774 93.6696
78.4759 8874 94.2019
78.5928 10043 100.215
78.7097 11073 105.228
78.8266 12312 110.959
78.9436 12166 110.3
79.0606 12455 111.602
79.1776 12580 112.161
79.2946 12664 112.534
79.4117 12380 111.265
79.5288 12521 111.897
79.6459 12150 110.227
79.7631 12041 109.731
79.8802 11349 106.532
79.9974 11023 104.99
80.1147 10285 101.415
80.2319 9960 99.7998
80.3491 10476 102.352
80.4664 10710 103.489
80.5837 11131 105.504
80.701 11593 107.671
80.8183 12039 109.722
80.9357 11973 109.421
81.053 12179 110.359
81.1704 12379 111.261
81.2877 12070 109.864
81.4051 11889 109.037
81.5225 11912 109.142
81.6399 10835 104.091
81.7573 10015 100.075
81.8747 9149 95.6504
81.9922 8654 93.0269
82.1096 8814 93.8829
82.227 9462 97.2728
82.3444 10327 101.622
82.4619 11089 105.304
82.5793 11342 106.499
82.6967 12242 110.644
82.8142 12033 109.695
82.9316 11964 109.38
83.049 11871 108.954
83.1664 11851 108.862
83.2838 11304 106.32
83.4012 11090 105.309
83.5186 10757 103.716
83.636 10177 100.881
83.7534 9701 98.4937
83.8708 9220 96.0208
83.9881 9174 95.781
84.1055 9594 97.949
84.2228 9888 99.4384
84.3401 10802 103.933
84.4575 11181 105.74
84.5747 11625 107.819
84.692 11756 108.425
84.8093 11757 108.43
84.9265 11946 109.298
85.0437 11518 107.322
85.1609 11114 105.423
85.2781 10256 101.272
85.3952 9526 97.6012
85.5123 9089 95.3362
85.6294 8868 94.1701
85.7465 9195 95.8906
85.8636 9969 99.8449
85.9806 10889 104.35
86.0976 11819 108.715
86.2145 12237 110.621
86.3315 12239 110.63
86.4484 13096 114.438
86.5652 12949 113.794
86.682 13004 114.035
86.7988 12856 113.384
86.9156 12765 112.982
87.0323 12440 111.535
87.149 12045 109.75
87.2657 11479 107.14
87.3823 10842 104.125
87.4988 10396 101.961
87.6154 10608 102.995
87.7318 11331 106.447
87.8483 12262 110.734
87.9647 12774 113.022
88.081 13456 116
88.1973 13491 116.151
88.3136 13497 116.177
88.4298 13391 115.719
88.546 13450 115.974
88.6621 13072 114.333
88.7781 12240 110.635
88.8942 0 1
89.0101 0 1
89.126 0 1
89.2419 0 1
89.3577 0 1
89.4734 0 1
89.5891 0 1
89.7047 0 1
89.8203 0 1
89.9358 0 1
92.3269 0 1
92.4424 0 1
92.558 0 1
92.6736 0 1
92.7893 0 1
92.905 0 1
93.0208 0 1
93.1366 0 1
93.2525 0 1
93.3685 0 1
93.4845 0 1
93.6005 12949 113.794
93.7167 13342 115.508
93.8328 13561 116.452
93.949 13199 114.887
94.0653 13228 115.013
94.1816 12842 113.323
94.2979 12489 111.754
94.4143 11346 106.518
94.5307 10733 103.6
94.6472 10599 102.951
94.7637 10431 102.132
94.8803 11200 105.83
94.9969 11680 108.074
95.1135 12447 111.566
95.2302 12599 112.245
95.3469 13362 115.594
95.4637 13788 117.422
95.5805 13971 118.199
95.6973 14353 119.804
95.8142 14127 118.857
95.9311 14008 118.355
96.048 13711 117.094
96.1649 13325 115.434
96.2819 13185 114.826
96.3989 12683 112.619
96.516 11797 108.614
96.633 11292 106.264
96.7501 10886 104.336
96.8673 11206 105.858
96.9844 11989 109.494
97.1016 12941 113.759
97.2188 13512 116.241
97.336 14171 119.042
97.4532 14215 119.227
97.5704 14388 119.95
97.6877 14193 119.134
97.805 13998 118.313
97.9223 13632 116.756
98.0396 12725 112.805
98.1569 11935 109.247
98.2743 11288 106.245
98.3916 11141 105.551
98.509 11203 105.844
98.6264 11831 108.77
98.7438 12779 113.044
98.8612 13240 115.065
98.9786 13883 117.826
99.096 14210 119.206
99.2134 14657 121.066
99.3308 14898 122.057
99.4482 14846 121.844
99.5656 14905 122.086
99.6831 14433 120.137
99.8005 14234 119.306
99.9179 13681 116.966
100.035 13376 115.655
100.153 12164 110.291
100.27 11670 108.028
100.388 11593 107.671
100.505 12241 110.639
100.622 13118 114.534
100.74 14017 118.393
100.857 14447 120.196
100.975 14766 121.515
101.092 14695 121.223
101.209 15074 122.776
101.327 14670 121.12
101.444 14701 121.248
101.561 14054 118.55
101.679 13370 115.629
101.796 12436 111.517
101.913 11871 108.954
102.03 11793 108.596
102.148 12372 111.229
102.265 13926 118.008
102.382 13213 114.948
102.499 14508 120.449
102.616 14906 122.09
102.733 15448 124.29
102.851 15696 125.284
102.968 16169 127.157
103.085 15850 125.897
103.202 15513 124.551
103.319 15459 124.334
103.436 14919 122.143
103.552 14202 119.172
103.669 13142 114.639
103.786 12140 110.182
103.903 12142 110.191
104.02 12870 113.446
104.137 14140 118.912
104.253 15575 124.8
104.37 15596 124.884
104.487 15970 126.372
104.603 16286 127.617
104.72 16112 126.933
104.836 16299 127.668
104.953 16145 127.063
105.069 15306 123.717
105.186 14415 120.062
105.302 13535 116.34
105.418 12741 112.876
105.535 13119 114.538
105.651 14051 118.537
105.767 14501 120.42
105.883 15380 124.016
105.999 15673 125.192
106.115 0 1
106.231 0 1
106.347 0 1
106.463 0 1
106.579 0 1
106.694 0 1
106.81 0 1
106.926 0 1
107.041 0 1
107.157 0 1
109.576 0 1
109.692 0 1
109.807 0 1
109.923 0 1
110.039 0 1
110.155 0 1
110.27 0 1
110.386 0 1
110.502 0 1
110.618 12495 111.781
110.735 13614 116.679
110.851 14413 120.054
110.967 14849 121.856
111.083 15096 122.866
111.199 15257 123.519
111.316 15564 124.756
111.432 15564 124.756
111.549 15966 126.357
111.665 15674 125.196
111.782 15187 123.236
111.898 14610 120.872
112.015 13816 117.541
112.132 12835 113.292
112.248 11646 107.917
112.365 11345 106.513
112.482 11827 108.752
112.599 12931 113.715
112.716 13871 117.775
112.832 14445 120.187
112.949 14743 121.421
113.066 14601 120.835
113.183 14543 120.594
113.3 14326 119.691
113.417 14235 119.311
113.534 13786 117.414
113.652 13316 115.395
113.769 12700 112.694
113.886 11980 109.453
114.003 11311 106.353
114.12 11427 106.897
114.238 12149 110.223
114.355 12478 111.705
114.472 13039 114.188
114.589 13209 114.93
114.707 13187 114.835
114.824 13822 117.567
114.942 13895 117.877
115.059 14049 118.528
115.176 14258 119.407
115.294 14008 118.355
115.411 13633 116.76
115.529 13034 114.167
115.646 12169 110.313
115.764 11381 106.682
115.881 10351 101.74
115.999 10660 103.247
116.116 11533 107.392
116.234 12575 112.138
116.351 13421 115.849
116.469 13620 116.705
116.586 13696 117.03
116.704 13716 117.115
116.821 13762 117.312
116.939 14074 118.634
117.056 13703 117.06
117.174 13483 116.116
117.291 13023 114.118
117.409 12498 111.794
117.526 11900 109.087
117.644 11569 107.559
117.761 11723 108.273
117.879 12283 110.829
117.996 12665 112.539
118.114 13201 114.896
118.231 13673 116.932
118.349 13475 116.082
118.466 13707 117.077
118.584 14361 119.837
118.701 14403 120.012
118.819 14719 121.322
118.936 14340 119.75
119.053 13737 117.205
119.171 13007 114.048
119.288 12255 110.702
119.405 11235 105.995
119.523 10401 101.985
119.64 10570 102.811
119.757 11317 106.381
119.875 12396 111.337
119.992 13231 115.026
120.109 13493 116.159
120.226 13891 117.86
120.343 13843 117.656
120.46 13826 117.584
120.578 13768 117.337
120.695 13538 116.353
120.812 13485 116.125
120.929 13207 114.922
121.046 12789 113.088
121.163 12381 111.27
121.279 11950 109.316
121.396 11727 108.291
121.513 11492 107.201
121.63 12153 110.241
121.747 12699 112.69
121.863 13019 114.101
121.98 13140 114.63
122.097 13309 115.365
122.213 13678 116.953
122.33 13830 117.601
122.446 13952 118.119
122.563 13842 117.652
122.679 13668 116.91
122.795 13438 115.922
122.912 12745 112.894
123.028 11990 109.499
123.144 10990 104.833
123.26 10035 100.175
123.377 0 1
123.493 0 1
123.609 0 1
123.725 0 1
123.84 0 1
123.956 0 1
124.072 0 1
124.188 0 1
124.303 0 1
124.419 0 1
126.852 0 1
126.968 0 1
127.083 0 1
127.199 0 1
127.315 0 1
127.431 0 1
127.547 0 1
127.663 0 1
127.779 0 1
127.895 0 1
128.011 0 1
128.127 0 1
128.243 0 1
128.359 12128 110.127
128.476 11134 105.518
128.592 11513 107.299
128.708 12641 112.432
128.825 13658 116.867
128.941 14750 121.45
129.058 15007 122.503
129.174 15207 123.317
129.291 15290 123.653
129.408 15283 123.624
129.524 15249 123.487
129.641 15260 123.531
129.758 15115 122.943
129.875 14780 121.573
129.992 14436 120.15
130.108 14050 118.533
130.225 13432 115.897
130.342 13027 114.136
130.459 13078 114.359
130.576 13852 117.695
130.693 14091 118.706
130.81 14422 120.092
130.928 14552 120.632
131.045 14810 121.696
131.162 14665 121.099
131.279 15236 123.434
131.396 15117 122.951
131.513 14913 122.119
131.631 14648 121.029
131.748 13785 117.41
131.865 12676 112.588
131.983 11469 107.093
132.1 11154 105.612
132.217 11963 109.375
132.335 13151 114.678
132.452 14121 118.832
132.57 14866 121.926
132.687 14157 118.983
132.804 15119 122.959
132.922 14723 121.338
133.039 14783 121.585
133.157 14832 121.787
133.274 14762 121.499
133.392 14483 120.345
133.509 14209 119.202
133.627 13858 117.72
133.744 13387 115.702
133.862 12961 113.846
133.979 13030 114.149
134.097 13031 114.153
134.214 13363 115.598
134.332 13821 117.563
134.449 14141 118.916
134.567 14190 119.122
134.684 14356 119.817
134.802 14563 120.677
134.919 14547 120.611
135.037 14640 120.996
135.154 14452 120.216
135.272 14052 118.541
135.389 12958 113.833
135.507 11839 108.807
135.624 10961 104.695
135.742 11211 105.882
135.859 12192 110.417
135.977 13210 114.935
136.094 14084 118.676
136.211 14471 120.295
136.329 14732 121.375
136.446 14696 121.227
136.564 14676 121.145
136.681 14945 122.25
136.798 14728 121.359
136.915 14720 121.326
137.033 14367 119.862
137.15 14009 118.36
137.267 13933 118.038
137.384 13555 116.426
137.502 13164 114.734
137.619 13044 114.21
137.736 12892 113.543
137.853 13147 114.66
137.97 13216 114.961
138.087 14029 118.444
138.204 14008 118.355
138.321 14155 118.975
138.438 14292 119.549
138.555 14489 120.37
138.672 14257 119.403
138.788 14451 120.212
138.905 13865 117.75
139.022 13224 114.996
139.139 12118 110.082
139.255 11064 105.186
139.372 10904 104.422
139.488 11917 109.165
139.605 12896 113.561
139.721 13902 117.907
139.838 14165 119.017
139.954 14675 121.14
140.071 14337 119.737
140.187 14416 120.067
140.303 14431 120.129
140.419 14341 119.754
140.535 14276 119.482
140.652 14060 118.575
140.768 0 1
140.884 0 1
141 0 1
141.115 0 1
141.231 0 1
141.347 0 1
141.463 0 1
141.578 0 1
141.694 0 1
144.104 0 1
144.219 0 1
144.335 0 1
144.45 0 1
144.566 0 1
144.682 0 1
144.798 0 1
144.914 0 1
145.03 0 1
145.146 12567 112.103
145.262 12685 112.628
145.378 12631 112.388
145.494 12651 112.477
145.61 12538 111.973
145.726 12465 111.647
145.842 12243 110.648
145.959 12088 109.945
146.075 11747 108.384
146.192 11612 107.759
146.308 11564 107.536
146.425 11594 107.675
146.541 11602 107.713
146.658 11665 108.005
146.774 11984 109.471
146.891 12492 111.768
147.008 12139 110.177
147.125 12165 110.295
147.241 12129 110.132
147.358 11845 108.835
147.475 11495 107.215
147.592 10980 104.785
147.709 10190 100.946
147.826 9507 97.5038
147.943 9226 96.0521
148.06 9967 99.8349
148.177 10859 104.207
148.294 11416 106.846
148.411 12071 109.868
148.528 12137 110.168
148.645 12070 109.864
148.762 12051 109.777
148.88 11897 109.073
148.997 11413 106.832
149.114 12320 110.995
149.231 11882 109.005
149.349 11724 108.277
149.466 11531 107.382
149.583 11204 105.849
149.701 11073 105.228
149.818 11064 105.186
149.935 10706 103.47
150.053 10918 104.489
150.17 10710 103.489
150.287 11044 105.09
150.405 11317 106.381
150.522 11323 106.41
150.64 11752 108.407
150.757 11464 107.07
150.875 11346 106.518
150.992 11506 107.266
151.11 10818 104.01
151.227 10497 102.455
151.344 9767 98.8281
151.462 9045 95.1052
151.579 8961 94.6626
151.697 9705 98.514
151.814 10251 101.247
151.932 10993 104.848
152.049 11761 108.448
152.167 11791 108.586
152.284 11824 108.738
152.402 11906 109.115
152.519 11777 108.522
152.636 11674 108.046
152.754 11820 108.72
152.871 11508 107.275
152.989 11723 108.273
153.106 11485 107.168
153.223 11387 106.71
153.341 11482 107.154
153.458 11106 105.385
153.575 10781 103.832
153.693 10685 103.368
153.81 10961 104.695
153.927 11051 105.124
154.044 11138 105.537
154.162 11520 107.331
154.279 11860 108.904
154.396 11680 108.074
154.513 11724 108.277
154.63 11658 107.972
154.747 11307 106.334
154.864 10707 103.475
154.981 10315 101.563
155.098 9529 97.6166
155.215 9411 97.0103
155.332 10117 100.583
155.449 10777 103.812
155.566 11685 108.097
155.683 11455 107.028
155.8 11918 109.17
155.917 11704 108.185
156.033 11908 109.124
156.15 0 1
156.267 0 1
156.383 0 1
156.5 0 1
156.617 0 1
156.733 0 1
156.85 0 1
156.966 0 1
157.082 0 1
157.199 0 1
157.315 0 1
157.431 0 1
157.547 0 1
157.664 0 1
157.78 0 1
157.896 0 1
158.012 0 1
158.128 0 1
158.244 0 1
158.359 0 1
158.475 0 1
158.591 0 1
158.706 0 1
