
6.15755 0 1
6.2731 0 1
6.3887 0 1
6.50437 0 1
6.62009 0 1
6.73587 0 1
6.8517 0 1
6.96759 0 1
7.08353 0 1
7.19952 0 1
7.31557 0 1
7.43166 0 1
7.54781 0 1
7.664 0 1
7.78024 0 1
7.89653 0 1
8.01286 0 1
8.12924 0 1
8.24567 0 1
8.36213 0 1
8.47864 0 1
8.59519 0 1
8.71178 0 1
8.82841 0 1
8.94508 0 1
9.06179 0 1
9.17853 0 1
9.29531 0 1
9.41212 0 1
9.52897 0 1
9.64584 0 1
9.76276 0 1
9.8797 0 1
9.99667 0 1
10.1137 0 1
10.2307 0 1
10.3478 0 1
10.4648 0 1
10.5819 0 1
10.6991 0 1
10.8162 0 1
10.9334 0 1
11.0506 0 1
11.1678 0 1
11.285 0 1
11.4023 0 1
11.5196 0 1
11.6369 0 1
11.7542 0 1
11.8715 0 1
11.9888 0 1
12.1062 0 1
12.2235 0 1
12.3409 0 1
12.4582 0 1
12.5756 0 1
12.693 0 1
12.8104 0 1
12.9278 0 1
13.0452 0 1
13.1626 0 1
13.28 0 1
13.3974 0 1
13.5149 0 1
13.6323 0 1
13.7497 0 1
13.8671 0 1
13.9845 0 1
14.1019 0 1
14.2193 0 1
14.3367 0 1
14.4541 0 1
14.5714 0 1
14.6888 0 1
14.8062 0 1
14.9235 0 1
15.0408 0 0
15.1581 0 0
15.2755 0 0
15.3927 0 0
15.51 0 0
15.6273 0 0
15.7445 0 0
15.8617 0 0
15.9789 0 0
16.0961 0 0
16.2132 0 0
16.3304 0 0
16.4475 0 0
16.5646 0 0
16.6816 0 0
16.7986 0 0
16.9156 0 0
17.0326 0 0
17.1496 0 0
17.2665 0 0
17.3833 0 0
17.5002 0 0
17.617 0 0
17.7338 0 0
17.8505 0 0
17.9672 0 0
18.0839 0 0
18.2005 0 0
18.3171 0 0
18.4337 0 0
18.5502 0 0
18.6666 0 0
18.7831 0 0
18.8994 0 0
19.0158 0 0
19.1321 0 0
19.2483 0 0
19.3645 0 0
19.4806 0 0
19.5967 0 0
19.7128 0 0
19.8288 0 0
19.9447 0 0
20.0606 0 1
20.1764 0 1
20.2922 0 1
20.4079 0 1
20.5236 0 1
20.6392 0 1
20.7548 0 1
20.8702 0 1
23.3078 0 1
23.4233 0 1
23.539 0 1
23.6547 0 1
23.7704 0 1
23.8862 0 1
24.0021 0 1
24.118 0 1
24.234 0 1
24.35 0 1
24.4661 599 24.4745
24.5822 616 24.8193
24.6984 568 23.8328
24.8146 578 24.0416
24.9309 610 24.6982
25.0472 624 24.98
25.1636 578 24.0416
25.28 635 25.1992
25.3965 647 25.4362
25.513 691 26.2869
25.6296 660 25.6905
25.7462 648 25.4558
25.8628 645 25.3969
25.9795 649 25.4755
26.0962 666 25.807
26.213 646 25.4165
26.3298 636 25.219
26.4466 653 25.5539
26.5635 607 24.6374
26.6804 636 25.219
26.7973 590 24.2899
26.9143 555 23.5584
27.0313 576 24
27.1483 570 23.8747
27.2653 603 24.5561
27.3824 607 24.6374
27.4996 583 24.1454
27.6167 575 23.9792
27.7339 551 23.4734
27.8511 561 23.6854
27.9683 468 21.6333
28.0855 571 23.8956
28.2028 567 23.8118
28.3201 568 23.8328
28.4374 600 24.4949
28.5547 576 24
28.6721 618 24.8596
28.7894 616 24.8193
28.9068 641 25.318
29.0242 616 24.8193
29.1416 630 25.0998
29.259 593 24.3516
29.3764 619 24.8797
29.4939 621 24.9199
29.6113 591 24.3105
29.7288 645 25.3969
29.8463 580 24.0832
29.9638 628 25.0599
30.0812 635 25.1992
30.1987 608 24.6577
30.3162 557 23.6008
30.4337 561 23.6854
30.5512 544 23.3238
30.6687 495 22.2486
30.7862 567 23.8118
30.9037 546 23.3666
31.0212 559 23.6432
31.1387 520 22.8035
31.2562 559 23.6432
31.3737 555 23.5584
31.4912 571 23.8956
31.6087 552 23.4947
31.7262 544 23.3238
31.8436 542 23.2809
31.9611 571 23.8956
32.0785 611 24.7184
32.1959 580 24.0832
32.3134 575 23.9792
32.4308 653 25.5539
32.5482 580 24.0832
32.6655 609 24.6779
32.7829 571 23.8956
32.9002 580 24.0832
33.0176 612 24.7386
33.1349 602 24.5357
33.2522 597 24.4336
33.3694 609 24.6779
33.4867 646 25.4165
33.6039 650 25.4951
33.7211 571 23.8956
33.8383 576 24
33.9554 572 23.9165
34.0725 589 24.2693
34.1896 517 22.7376
34.3067 500 22.3607
34.4237 512 22.6274
34.5407 519 22.7816
34.6577 537 23.1733
34.7746 550 23.4521
34.8915 534 23.1084
35.0084 549 23.4307
35.1252 532 23.0651
35.242 533 23.0868
35.3587 502 22.4054
35.4755 551 23.4734
35.5921 531 23.0434
35.7088 524 22.891
35.8254 619 24.8797
35.9419 551 23.4734
36.0584 569 23.8537
36.1749 572 23.9165
36.2913 534 23.1084
36.4077 610 24.6982
36.524 556 23.5797
36.6403 600 24.4949
36.7565 581 24.1039
36.8727 586 24.2074
36.9889 548 23.4094
37.1049 545 23.3452
37.221 0 1
37.3369 0 1
37.4529 0 1
37.5687 0 1
37.6845 0 1
37.8003 0 1
37.916 0 1
38.0316 0 1
38.1472 0 1
40.5851 0 1
40.7008 0 1
40.8164 0 1
40.9322 0 1
41.048 0 1
41.1639 0 1
41.2798 0 1
41.3958 0 1
41.5118 0 1
41.6279 0 1
41.744 490 22.1359
41.8602 471 21.7025
41.9765 481 21.9317
42.0928 466 21.587
42.2091 497 22.2935
42.3255 474 21.7715
42.4419 471 21.7025
42.5584 476 21.8174
42.675 484 22
42.7915 491 22.1585
42.9081 453 21.2838
43.0248 445 21.095
43.1415 442 21.0238
43.2582 439 20.9523
43.375 385 19.6214
43.4918 451 21.2368
43.6087 466 21.587
43.7256 439 20.9523
43.8425 442 21.0238
43.9595 443 21.0476
44.0765 429 20.7123
44.1935 399 19.975
44.3106 406 20.1494
44.4277 445 21.095
44.5448 451 21.2368
44.6619 424 20.5913
44.7791 444 21.0713
44.8963 434 20.8327
45.0136 450 21.2132
45.1308 465 21.5639
45.2481 418 20.445
45.3654 439 20.9523
45.4827 401 20.025
45.6001 421 20.5183
45.7174 418 20.445
45.8348 392 19.799
45.9522 400 20
46.0697 392 19.799
46.1871 396 19.8997
46.3046 368 19.1833
46.422 365 19.105
46.5395 348 18.6548
46.657 344 18.5472
46.7745 298 17.2627
46.892 301 17.3494
47.0096 300 17.3205
47.1271 346 18.6011
47.2446 306 17.4929
47.3622 305 17.4642
47.4797 347 18.6279
47.5973 350 18.7083
47.7149 305 17.4642
47.8324 353 18.7883
47.95 339 18.412
48.0675 321 17.9165
48.1851 338 18.3848
48.3027 332 18.2209
48.4202 323 17.9722
48.5378 325 18.0278
48.6554 307 17.5214
48.7729 320 17.8885
48.8904 320 17.8885
49.008 345 18.5742
49.1255 340 18.4391
49.243 330 18.1659
49.3605 327 18.0831
49.478 295 17.1756
49.5955 354 18.8149
49.713 343 18.5203
49.8304 318 17.8326
49.9479 327 18.0831
50.0653 324 18
50.1827 316 17.7764
50.3001 286 16.9115
50.4175 312 17.6635
50.5348 275 16.5831
50.6521 328 18.1108
50.7694 340 18.4391
50.8867 341 18.4662
51.004 310 17.6068
51.1212 345 18.5742
51.2384 329 18.1384
51.3556 368 19.1833
51.4727 381 19.5192
51.5899 428 20.6882
51.707 427 20.664
51.824 385 19.6214
51.9411 424 20.5913
52.0581 423 20.567
52.175 377 19.4165
52.2919 398 19.9499
52.4088 454 21.3073
52.5257 409 20.2237
52.6425 432 20.7846
52.7593 401 20.025
52.876 428 20.6882
52.9927 400 20
53.1094 466 21.587
53.226 441 21
53.3426 437 20.9045
53.4591 435 20.8567
53.5756 438 20.9284
53.692 458 21.4009
53.8084 441 21
53.9248 345 18.5742
54.0411 372 19.2873
54.1573 376 19.3907
54.2735 0 1
54.3896 0 1
54.5057 0 1
54.6217 0 1
54.7377 0 1
54.8537 0 1
54.9695 0 1
55.0853 0 1
55.2011 0 1
55.3168 0 1
55.4324 0 1
57.824 0 1
57.9396 0 1
58.0553 0 1
58.1711 0 1
58.2869 0 1
58.4028 0 1
58.5187 0 1
58.6347 0 1
58.7508 0 1
58.8669 0 1
58.983 449 21.1896
59.0992 412 20.2978
59.2155 418 20.445
59.3318 418 20.445
59.4482 447 21.1424
59.5646 448 21.166
59.681 443 21.0476
59.7975 470 21.6795
59.9141 510 22.5832
60.0306 474 21.7715
60.1473 495 22.2486
60.2639 498 22.3159
60.3807 493 22.2036
60.4974 478 21.8632
60.6142 481 21.9317
60.731 489 22.1133
60.8479 437 20.9045
60.9648 465 21.5639
61.0818 506 22.4944
61.1987 437 20.9045
61.3158 466 21.587
61.4328 479 21.8861
61.5499 464 21.5407
61.667 433 20.8087
61.7841 457 21.3776
61.9013 486 22.0454
62.0185 452 21.2603
62.1357 445 21.095
62.253 408 20.199
62.3702 449 21.1896
62.4875 452 21.2603
62.6049 388 19.6977
62.7222 369 19.2094
62.8396 422 20.5426
62.9569 357 18.8944
63.0743 430 20.7364
63.1918 394 19.8494
63.3092 403 20.0749
63.4267 438 20.9284
63.5441 387 19.6723
63.6616 450 21.2132
63.7791 432 20.7846
63.8966 418 20.445
64.0142 443 21.0476
64.1317 411 20.2731
64.2492 422 20.5426
64.3668 371 19.2614
64.4843 368 19.1833
64.6019 368 19.1833
64.7195 410 20.2485
64.837 396 19.8997
64.9546 400 20
65.0722 411 20.2731
65.1898 391 19.7737
65.3074 418 20.445
65.4249 373 19.3132
65.5425 370 19.2354
65.6601 382 19.5448
65.7777 386 19.6469
65.8952 389 19.7231
66.0128 370 19.2354
66.1304 363 19.0526
66.2479 362 19.0263
66.3655 303 17.4069
66.483 346 18.6011
66.6005 374 19.3391
66.718 349 18.6815
66.8355 390 19.7484
66.953 392 19.799
67.0705 354 18.8149
67.1879 406 20.1494
67.3054 368 19.1833
67.4228 393 19.8242
67.5402 385 19.6214
67.6576 342 18.4932
67.7749 326 18.0555
67.8923 389 19.7231
68.0096 380 19.4936
68.1269 369 19.2094
68.2442 336 18.3303
68.3614 371 19.2614
68.4787 366 19.1311
68.5958 391 19.7737
68.713 373 19.3132
68.8302 353 18.7883
68.9473 357 18.8944
69.0643 381 19.5192
69.1814 341 18.4662
69.2984 401 20.025
69.4154 351 18.735
69.5323 382 19.5448
69.6492 359 18.9473
69.7661 321 17.9165
69.8829 308 17.5499
69.9997 291 17.0587
70.1165 261 16.1555
70.2332 286 16.9115
70.3499 310 17.6068
70.4665 329 18.1384
70.5831 348 18.6548
70.6996 330 18.1659
70.8161 333 18.2483
70.9326 346 18.6011
71.049 320 17.8885
71.1653 313 17.6918
71.2817 342 18.4932
71.3979 302 17.3781
71.5141 344 18.5472
71.6303 317 17.8045
71.7464 275 16.5831
71.8624 0 1
71.9784 0 1
72.0944 0 1
72.2102 0 1
72.3261 0 1
72.4418 0 1
72.5575 0 1
72.6732 0 1
75.1054 0 1
75.2209 0 1
75.3365 0 1
75.4521 0 1
75.5678 0 1
75.6835 0 1
75.7993 0 1
75.9151 0 1
76.031 0 1
76.147 259 16.0935
76.263 248 15.748
76.3791 277 16.6433
76.4952 267 16.3401
76.6113 278 16.6733
76.7276 278 16.6733
76.8438 255 15.9687
76.9601 251 15.843
77.0765 212 14.5602
77.1929 248 15.748
77.3093 253 15.906
77.4258 210 14.4914
77.5423 221 14.8661
77.6589 240 15.4919
77.7755 241 15.5242
77.8921 244 15.6205
78.0088 239 15.4596
78.1256 233 15.2643
78.2423 190 13.784
78.3591 233 15.2643
78.4759 213 14.5945
78.5928 231 15.1987
78.7097 214 14.6287
78.8266 211 14.5258
78.9436 196 14
79.0606 174 13.1909
79.1776 102 10.0995
79.2946 147 12.1244
79.4117 179 13.3791
79.5288 211 14.5258
79.6459 175 13.2288
79.7631 177 13.3041
79.8802 193 13.8924
79.9974 182 13.4907
80.1147 178 13.3417
80.2319 189 13.7477
80.3491 169 13
80.4664 179 13.3791
80.5837 165 12.8452
80.701 144 12
80.8183 142 11.9164
80.9357 136 11.6619
81.053 152 12.3288
81.1704 125 11.1803
81.2877 143 11.9583
81.4051 145 12.0416
81.5225 114 10.6771
81.6399 112 10.583
81.7573 145 12.0416
81.8747 135 11.619
81.9922 104 10.198
82.1096 110 10.4881
82.227 100 10
82.3444 84 9.16515
82.4619 99 9.94987
82.5793 100 10
82.6967 90 9.48683
82.8142 83 9.11043
82.9316 62 7.87401
83.049 71 8.42615
83.1664 74 8.60233
83.2838 64 8
83.4012 87 9.32738
83.5186 83 9.11043
83.636 72 8.48528
83.7534 63 7.93725
83.8708 66 8.12404
83.9881 71 8.42615
84.1055 72 8.48528
84.2228 58 7.61577
84.3401 52 7.2111
84.4575 42 6.48074
84.5747 63 7.93725
84.692 39 6.245
84.8093 43 6.55744
84.9265 53 7.28011
85.0437 46 6.78233
85.1609 50 7.07107
85.2781 45 6.7082
85.3952 47 6.85565
85.5123 31 5.56776
85.6294 37 6.08276
85.7465 49 7
85.8636 45 6.7082
85.9806 46 6.78233
86.0976 31 5.56776
86.2145 30 5.47723
86.3315 33 5.74456
86.4484 62 7.87401
86.5652 65 8.06226
86.682 56 7.48331
86.7988 57 7.54983
86.9156 60 7.74597
87.0323 61 7.81025
87.149 62 7.87401
87.2657 70 8.3666
87.3823 80 8.94427
87.4988 69 8.30662
87.6154 89 9.43398
87.7318 82 9.05539
87.8483 81 9
87.9647 79 8.88819
88.081 81 9
88.1973 107 10.3441
88.3136 125 11.1803
88.4298 109 10.4403
88.546 90 9.48683
88.6621 106 10.2956
88.7781 121 11
88.8942 0 1
89.0101 0 1
89.126 0 1
89.2419 0 1
89.3577 0 1
89.4734 0 1
89.5891 0 1
89.7047 0 1
89.8203 0 1
89.9358 0 1
92.3269 0 1
92.4424 0 1
92.558 0 1
92.6736 0 1
92.7893 0 1
92.905 0 1
93.0208 0 1
93.1366 0 1
93.2525 0 1
93.3685 0 1
93.4845 0 1
93.6005 205 14.3178
93.7167 172 13.1149
93.8328 166 12.8841
93.949 177 13.3041
94.0653 179 13.3791
94.1816 165 12.8452
94.2979 177 13.3041
94.4143 146 12.083
94.5307 145 12.0416
94.6472 138 11.7473
94.7637 152 12.3288
94.8803 156 12.49
94.9969 151 12.2882
95.1135 135 11.619
95.2302 150 12.2474
95.3469 127 11.2694
95.4637 105 10.247
95.5805 126 11.225
95.6973 137 11.7047
95.8142 160 12.6491
95.9311 159 12.6095
96.048 177 13.3041
96.1649 175 13.2288
96.2819 152 12.3288
96.3989 160 12.6491
96.516 167 12.9228
96.633 188 13.7113
96.7501 176 13.2665
96.8673 180 13.4164
96.9844 185 13.6015
97.1016 188 13.7113
97.2188 207 14.3875
97.336 210 14.4914
97.4532 232 15.2315
97.5704 223 14.9332
97.6877 231 15.1987
97.805 220 14.8324
97.9223 229 15.1327
98.0396 246 15.6844
98.1569 234 15.2971
98.2743 245 15.6525
98.3916 249 15.7797
98.509 286 16.9115
98.6264 252 15.8745
98.7438 278 16.6733
98.8612 237 15.3948
98.9786 243 15.5885
99.096 161 12.6886
99.2134 196 14
99.3308 267 16.3401
99.4482 314 17.72
99.5656 306 17.4929
99.6831 301 17.3494
99.8005 326 18.0555
99.9179 321 17.9165
100.035 322 17.9444
100.153 320 17.8885
100.27 330 18.1659
100.388 323 17.9722
100.505 367 19.1572
100.622 375 19.3649
100.74 340 18.4391
100.857 383 19.5704
100.975 361 19
101.092 335 18.303
101.209 352 18.7617
101.327 330 18.1659
101.444 363 19.0526
101.561 391 19.7737
101.679 391 19.7737
101.796 364 19.0788
101.913 374 19.3391
102.03 396 19.8997
102.148 373 19.3132
102.265 396 19.8997
102.382 382 19.5448
102.499 386 19.6469
102.616 324 18
102.733 252 15.8745
102.851 307 17.5214
102.968 375 19.3649
103.085 422 20.5426
103.202 361 19
103.319 425 20.6155
103.436 405 20.1246
103.552 422 20.5426
103.669 385 19.6214
103.786 375 19.3649
103.903 392 19.799
104.02 391 19.7737
104.137 393 19.8242
104.253 422 20.5426
104.37 399 19.975
104.487 377 19.4165
104.603 377 19.4165
104.72 414 20.347
104.836 386 19.6469
104.953 409 20.2237
105.069 391 19.7737
105.186 389 19.7231
105.302 431 20.7605
105.418 376 19.3907
105.535 437 20.9045
105.651 414 20.347
105.767 380 19.4936
105.883 348 18.6548
105.999 313 17.6918
106.115 0 1
106.231 0 1
106.347 0 1
106.463 0 1
106.579 0 1
106.694 0 1
106.81 0 1
106.926 0 1
107.041 0 1
107.157 0 1
109.576 0 1
109.692 0 1
109.807 0 1
109.923 0 1
110.039 0 1
110.155 0 1
110.27 0 1
110.386 0 1
110.502 0 1
110.618 309 17.5784
110.735 338 18.3848
110.851 368 19.1833
110.967 334 18.2757
111.083 244 15.6205
111.199 246 15.6844
111.316 240 15.4919
111.432 242 15.5563
111.549 322 17.9444
111.665 350 18.7083
111.782 280 16.7332
111.898 309 17.5784
112.015 298 17.2627
112.132 264 16.2481
112.248 267 16.3401
112.365 294 17.1464
112.482 263 16.2173
112.599 280 16.7332
112.716 269 16.4012
112.832 263 16.2173
112.949 228 15.0997
113.066 246 15.6844
113.183 248 15.748
113.3 261 16.1555
113.417 237 15.3948
113.534 239 15.4596
113.652 225 15
113.769 251 15.843
113.886 253 15.906
114.003 232 15.2315
114.12 209 14.4568
114.238 226 15.0333
114.355 225 15
114.472 226 15.0333
114.589 215 14.6629
114.707 201 14.1774
114.824 207 14.3875
114.942 218 14.7648
115.059 196 14
115.176 214 14.6287
115.294 224 14.9666
115.411 214 14.6287
115.529 231 15.1987
115.646 232 15.2315
115.764 216 14.6969
115.881 235 15.3297
115.999 211 14.5258
116.116 220 14.8324
116.234 193 13.8924
116.351 243 15.5885
116.469 198 14.0712
116.586 194 13.9284
116.704 223 14.9332
116.821 228 15.0997
116.939 231 15.1987
117.056 234 15.2971
117.174 204 14.2829
117.291 196 14
117.409 197 14.0357
117.526 229 15.1327
117.644 212 14.5602
117.761 214 14.6287
117.879 223 14.9332
117.996 174 13.1909
118.114 169 13
118.231 188 13.7113
118.349 178 13.3417
118.466 194 13.9284
118.584 220 14.8324
118.701 220 14.8324
118.819 223 14.9332
118.936 216 14.6969
119.053 234 15.2971
119.171 227 15.0665
119.288 247 15.7162
119.405 215 14.6629
119.523 206 14.3527
119.64 220 14.8324
119.757 204 14.2829
119.875 218 14.7648
119.992 201 14.1774
120.109 218 14.7648
120.226 228 15.0997
120.343 236 15.3623
120.46 221 14.8661
120.578 221 14.8661
120.695 225 15
120.812 255 15.9687
120.929 216 14.6969
121.046 208 14.4222
121.163 247 15.7162
121.279 219 14.7986
121.396 223 14.9332
121.513 187 13.6748
121.63 185 13.6015
121.747 176 13.2665
121.863 164 12.8062
121.98 180 13.4164
122.097 203 14.2478
122.213 235 15.3297
122.33 218 14.7648
122.446 232 15.2315
122.563 243 15.5885
122.679 227 15.0665
122.795 248 15.748
122.912 221 14.8661
123.028 252 15.8745
123.144 246 15.6844
123.26 248 15.748
123.377 0 1
123.493 0 1
123.609 0 1
123.725 0 1
123.84 0 1
123.956 0 1
124.072 0 1
124.188 0 1
124.303 0 1
124.419 0 1
126.852 0 1
126.968 0 1
127.083 0 1
127.199 0 1
127.315 0 1
127.431 0 1
127.547 0 1
127.663 0 1
127.779 0 1
127.895 0 1
128.011 0 1
128.127 0 1
128.243 0 1
128.359 325 18.0278
128.476 299 17.2916
128.592 299 17.2916
128.708 333 18.2483
128.825 349 18.6815
128.941 325 18.0278
129.058 314 17.72
129.174 335 18.303
129.291 331 18.1934
129.408 319 17.8606
129.524 329 18.1384
129.641 295 17.1756
129.758 353 18.7883
129.875 325 18.0278
129.992 345 18.5742
130.108 316 17.7764
130.225 282 16.7929
130.342 292 17.088
130.459 288 16.9706
130.576 235 15.3297
130.693 234 15.2971
130.81 210 14.4914
130.928 216 14.6969
131.045 280 16.7332
131.162 334 18.2757
131.279 318 17.8326
131.396 347 18.6279
131.513 341 18.4662
131.631 303 17.4069
131.748 356 18.868
131.865 339 18.412
131.983 350 18.7083
132.1 339 18.412
132.217 324 18
132.335 291 17.0587
132.452 308 17.5499
132.57 348 18.6548
132.687 344 18.5472
132.804 349 18.6815
132.922 347 18.6279
133.039 343 18.5203
133.157 320 17.8885
133.274 322 17.9444
133.392 349 18.6815
133.509 375 19.3649
133.627 320 17.8885
133.744 309 17.5784
133.862 313 17.6918
133.979 292 17.088
134.097 296 17.2047
134.214 270 16.4317
134.332 235 15.3297
134.449 273 16.5227
134.567 271 16.4621
134.684 296 17.2047
134.802 338 18.3848
134.919 323 17.9722
135.037 359 18.9473
135.154 334 18.2757
135.272 373 19.3132
135.389 362 19.0263
135.507 373 19.3132
135.624 316 17.7764
135.742 363 19.0526
135.859 400 20
135.977 379 19.4679
136.094 400 20
136.211 366 19.1311
136.329 382 19.5448
136.446 368 19.1833
136.564 382 19.5448
136.681 378 19.4422
136.798 386 19.6469
136.915 407 20.1742
137.033 392 19.799
137.15 383 19.5704
137.267 352 18.7617
137.384 404 20.0998
137.502 343 18.5203
137.619 305 17.4642
137.736 285 16.8819
137.853 285 16.8819
137.97 278 16.6733
138.087 312 17.6635
138.204 316 17.7764
138.321 302 17.3781
138.438 391 19.7737
138.555 405 20.1246
138.672 420 20.4939
138.788 387 19.6723
138.905 406 20.1494
139.022 414 20.347
139.139 434 20.8327
139.255 423 20.567
139.372 417 20.4206
139.488 428 20.6882
139.605 401 20.025
139.721 443 21.0476
139.838 441 21
139.954 425 20.6155
140.071 414 20.347
140.187 442 21.0238
140.303 434 20.8327
140.419 395 19.8746
140.535 443 21.0476
140.652 411 20.2731
140.768 0 1
140.884 0 1
141 0 1
141.115 0 1
141.231 0 1
141.347 0 1
141.463 0 1
141.578 0 1
141.694 0 1
144.104 0 1
144.219 0 1
144.335 0 1
144.45 0 1
144.566 0 1
144.682 0 1
144.798 0 1
144.914 0 1
145.03 0 1
145.146 385 19.6214
145.262 422 20.5426
145.378 402 20.0499
145.494 406 20.1494
145.61 424 20.5913
145.726 397 19.9249
145.842 404 20.0998
145.959 386 19.6469
146.075 359 18.9473
146.192 361 19
146.308 334 18.2757
146.425 271 16.4621
146.541 285 16.8819
146.658 297 17.2337
146.774 318 17.8326
146.891 328 18.1108
147.008 341 18.4662
147.125 333 18.2483
147.241 385 19.6214
147.358 386 19.6469
147.475 409 20.2237
147.592 413 20.3224
147.709 430 20.7364
147.826 426 20.6398
147.943 388 19.6977
148.06 396 19.8997
148.177 372 19.2873
148.294 353 18.7883
148.411 393 19.8242
148.528 398 19.9499
148.645 399 19.975
148.762 429 20.7123
148.88 408 20.199
148.997 421 20.5183
149.114 411 20.2731
149.231 391 19.7737
149.349 411 20.2731
149.466 378 19.4422
149.583 382 19.5448
149.701 360 18.9737
149.818 359 18.9473
149.935 335 18.303
150.053 318 17.8326
150.17 315 17.7482
150.287 328 18.1108
150.405 318 17.8326
150.522 364 19.0788
150.64 353 18.7883
150.757 389 19.7231
150.875 358 18.9209
150.992 401 20.025
151.11 443 21.0476
151.227 370 19.2354
151.344 395 19.8746
151.462 406 20.1494
151.579 432 20.7846
151.697 379 19.4679
151.814 412 20.2978
151.932 411 20.2731
152.049 456 21.3542
152.167 397 19.9249
152.284 420 20.4939
152.402 381 19.5192
152.519 452 21.2603
152.636 396 19.8997
152.754 434 20.8327
152.871 400 20
152.989 393 19.8242
153.106 383 19.5704
153.223 416 20.3961
153.341 393 19.8242
153.458 367 19.1572
153.575 309 17.5784
153.693 349 18.6815
153.81 340 18.4391
153.927 309 17.5784
154.044 354 18.8149
154.162 374 19.3391
154.279 430 20.7364
154.396 410 20.2485
154.513 382 19.5448
154.63 398 19.9499
154.747 451 21.2368
154.864 455 21.3307
154.981 459 21.4243
155.098 434 20.8327
155.215 421 20.5183
155.332 423 20.567
155.449 450 21.2132
155.566 438 20.9284
155.683 446 21.1187
155.8 424 20.5913
155.917 463 21.5174
156.033 423 20.567
156.15 0 1
156.267 0 1
156.383 0 1
156.5 0 1
156.617 0 1
156.733 0 1
156.85 0 1
156.966 0 1
157.082 0 1
157.199 0 1
157.315 0 1
157.431 0 1
157.547 0 1
157.664 0 1
157.78 0 1
157.896 0 1
158.012 0 1
158.128 0 1
158.244 0 1
158.359 0 1
158.475 0 1
158.591 0 1
158.706 0 1
