
6.15755 0 1
6.2731 0 1
6.3887 0 1
6.50437 0 1
6.62009 0 1
6.73587 0 1
6.8517 0 1
6.96759 0 1
7.08353 0 1
7.19952 0 1
7.31557 0 1
7.43166 0 1
7.54781 0 1
7.664 0 1
7.78024 0 1
7.89653 0 1
8.01286 0 1
8.12924 0 1
8.24567 0 1
8.36213 0 1
8.47864 0 1
8.59519 0 1
8.71178 0 1
8.82841 0 1
8.94508 0 1
9.06179 0 1
9.17853 0 1
9.29531 0 1
9.41212 0 1
9.52897 0 1
9.64584 0 1
9.76276 0 1
9.8797 0 1
9.99667 0 1
10.1137 0 1
10.2307 0 1
10.3478 0 1
10.4648 0 1
10.5819 0 1
10.6991 0 1
10.8162 0 1
10.9334 0 1
11.0506 0 1
11.1678 0 1
11.285 0 1
11.4023 0 1
11.5196 0 1
11.6369 0 1
11.7542 0 1
11.8715 0 1
11.9888 0 1
12.1062 0 1
12.2235 0 1
12.3409 0 1
12.4582 0 1
12.5756 0 1
12.693 0 1
12.8104 0 1
12.9278 0 1
13.0452 0 1
13.1626 0 1
13.28 0 1
13.3974 0 1
13.5149 0 1
13.6323 0 1
13.7497 0 1
13.8671 0 1
13.9845 0 1
14.1019 0 1
14.2193 0 1
14.3367 0 1
14.4541 0 1
14.5714 0 1
14.6888 0 1
14.8062 0 1
14.9235 0 1
15.0408 2725 52.2015
15.1581 2856 53.4416
15.2755 2981 54.5985
15.3927 2968 54.4794
15.51 2849 53.376
15.6273 2869 53.563
15.7445 2910 53.9444
15.8617 2924 54.074
15.9789 2889 53.7494
16.0961 2718 52.1344
16.2132 2703 51.9904
16.3304 2649 51.4684
16.4475 2602 51.0098
16.5646 2557 50.5668
16.6816 2507 50.07
16.7986 2574 50.7346
16.9156 2579 50.7839
17.0326 2532 50.319
17.1496 2480 49.7996
17.2665 2516 50.1597
17.3833 2589 50.8822
17.5002 2623 51.2152
17.617 2647 51.449
17.7338 2611 51.0979
17.8505 2610 51.0882
17.9672 2696 51.923
18.0839 2731 52.259
18.2005 2567 50.6656
18.3171 2409 49.0816
18.4337 2485 49.8498
18.5502 2572 50.7149
18.6666 2562 50.6162
18.7831 2615 51.1371
18.8994 2448 49.4773
19.0158 2427 49.2646
19.1321 2432 49.3153
19.2483 2299 47.9479
19.3645 2387 48.8569
19.4806 2172 46.6047
19.5967 2155 46.422
19.7128 1851 43.0232
19.8288 1781 42.2019
19.9447 1556 39.4462
20.0606 0 1
20.1764 0 1
20.2922 0 1
20.4079 0 1
20.5236 0 1
20.6392 0 1
20.7548 0 1
20.8702 0 1
23.3078 0 1
23.4233 0 1
23.539 0 1
23.6547 0 1
23.7704 0 1
23.8862 0 1
24.0021 0 1
24.118 0 1
24.234 0 1
24.35 0 1
24.4661 1132 33.6452
24.5822 1241 35.2278
24.6984 1485 38.5357
24.8146 1607 40.0874
24.9309 1917 43.7836
25.0472 2121 46.0543
25.1636 2309 48.0521
25.28 2544 50.4381
25.3965 2534 50.3389
25.513 2670 51.672
25.6296 2776 52.6878
25.7462 2787 52.792
25.8628 2913 53.9722
25.9795 2842 53.3104
26.0962 2859 53.4696
26.213 2908 53.9259
26.3298 2655 51.5267
26.4466 2712 52.0769
26.5635 2520 50.1996
26.6804 2543 50.4282
26.7973 2380 48.7852
26.9143 2226 47.1805
27.0313 2081 45.618
27.1483 2195 46.8508
27.2653 2273 47.676
27.3824 2413 49.1223
27.4996 2411 49.1019
27.6167 2375 48.734
27.7339 2419 49.1833
27.8511 2411 49.1019
27.9683 2418 49.1732
28.0855 2527 50.2693
28.2028 2494 49.94
28.3201 2370 48.6826
28.4374 2425 49.2443
28.5547 2356 48.5386
28.6721 2295 47.9062
28.7894 2338 48.3529
28.9068 2289 47.8435
29.0242 2391 48.8979
29.1416 2396 48.949
29.259 2428 49.2747
29.3764 2336 48.3322
29.4939 2406 49.051
29.6113 2348 48.4562
29.7288 2334 48.3115
29.8463 2341 48.3839
29.9638 2428 49.2747
30.0812 2439 49.3862
30.1987 2347 48.4458
30.3162 2385 48.8365
30.4337 2201 46.9148
30.5512 2161 46.4866
30.6687 2270 47.6445
30.7862 2426 49.2544
30.9037 2457 49.5681
31.0212 2548 50.4777
31.1387 2487 49.8698
31.2562 2645 51.4296
31.3737 2491 49.9099
31.4912 2563 50.6261
31.6087 2514 50.1398
31.7262 2423 49.224
31.8436 2402 49.0102
31.9611 2292 47.8748
32.0785 2226 47.1805
32.1959 2222 47.1381
32.3134 2145 46.3141
32.4308 2223 47.1487
32.5482 2274 47.6865
32.6655 2139 46.2493
32.7829 2173 46.6154
32.9002 2144 46.3033
33.0176 2101 45.8367
33.1349 2219 47.1063
33.2522 2179 46.6798
33.3694 2232 47.244
33.4867 2237 47.2969
33.6039 2228 47.2017
33.7211 2284 47.7912
33.8383 2233 47.2546
33.9554 2115 45.9891
34.0725 2126 46.1086
34.1896 2091 45.7275
34.3067 1962 44.2945
34.4237 2259 47.5289
34.5407 2262 47.5605
34.6577 2296 47.9166
34.7746 2271 47.655
34.8915 2367 48.6518
35.0084 2339 48.3632
35.1252 2268 47.6235
35.242 2289 47.8435
35.3587 2220 47.1169
35.4755 2242 47.3498
35.5921 2076 45.5631
35.7088 1968 44.3621
35.8254 1978 44.4747
35.9419 1938 44.0227
36.0584 1907 43.6692
36.1749 2094 45.7602
36.2913 2005 44.7772
36.4077 2033 45.0888
36.524 1912 43.7264
36.6403 1816 42.6146
36.7565 1678 40.9634
36.8727 1512 38.8844
36.9889 1578 39.724
37.1049 1499 38.7169
37.221 0 1
37.3369 0 1
37.4529 0 1
37.5687 0 1
37.6845 0 1
37.8003 0 1
37.916 0 1
38.0316 0 1
38.1472 0 1
40.5851 0 1
40.7008 0 1
40.8164 0 1
40.9322 0 1
41.048 0 1
41.1639 0 1
41.2798 0 1
41.3958 0 1
41.5118 0 1
41.6279 0 1
41.744 975 31.225
41.8602 1121 33.4813
41.9765 1291 35.9305
42.0928 1484 38.5227
42.2091 1555 39.4335
42.3255 1641 40.5093
42.4419 1695 41.1704
42.5584 1781 42.2019
42.675 1798 42.4028
42.7915 1598 39.975
42.9081 1640 40.4969
43.0248 1579 39.7366
43.1415 1575 39.6863
43.2582 1725 41.5331
43.375 1698 41.2068
43.4918 1702 41.2553
43.6087 1669 40.8534
43.7256 1714 41.4005
43.8425 1690 41.1096
43.9595 1661 40.7554
44.0765 1758 41.9285
44.1935 1687 41.0731
44.3106 1654 40.6694
44.4277 1537 39.2046
44.5448 1490 38.6005
44.6619 1528 39.0896
44.7791 1552 39.3954
44.8963 1659 40.7308
45.0136 1770 42.0714
45.1308 1867 43.2088
45.2481 1835 42.8369
45.3654 1849 43
45.4827 1953 44.1928
45.6001 1918 43.795
45.7174 1983 44.5309
45.8348 2052 45.299
45.9522 2081 45.618
46.0697 1969 44.3734
46.1871 1948 44.1362
46.3046 1915 43.7607
46.422 1926 43.8862
46.5395 1701 41.2432
46.657 1722 41.497
46.7745 1726 41.5452
46.892 1764 42
47.0096 1833 42.8135
47.1271 1916 43.7721
47.2446 1917 43.7836
47.3622 1898 43.566
47.4797 1850 43.0116
47.5973 1873 43.2782
47.7149 1859 43.1161
47.8324 1846 42.9651
47.95 1803 42.4617
48.0675 1677 40.9512
48.1851 1718 41.4488
48.3027 1796 42.3792
48.4202 1819 42.6497
48.5378 1866 43.1972
48.6554 1910 43.7035
48.7729 1898 43.566
48.8904 1905 43.6463
49.008 1924 43.8634
49.1255 1996 44.6766
49.243 1877 43.3244
49.3605 1962 44.2945
49.478 1886 43.4281
49.5955 1899 43.5775
49.713 1730 41.5933
49.8304 1644 40.5463
49.9479 1569 39.6106
50.0653 1388 37.2559
50.1827 1521 39
50.3001 1493 38.6394
50.4175 1642 40.5216
50.5348 1678 40.9634
50.6521 1614 40.1746
50.7694 1715 41.4126
50.8867 1630 40.3733
51.004 1686 41.0609
51.1212 1722 41.497
51.2384 1639 40.4846
51.3556 1575 39.6863
51.4727 1508 38.833
51.5899 1486 38.5487
51.707 1464 38.2623
51.824 1573 39.6611
51.9411 1662 40.7676
52.0581 1697 41.1947
52.175 1671 40.8779
52.2919 1606 40.0749
52.4088 1674 40.9145
52.5257 1712 41.3763
52.6425 1791 42.3202
52.7593 1799 42.4146
52.876 1668 40.8412
52.9927 1661 40.7554
53.1094 1731 41.6053
53.226 1678 40.9634
53.3426 1616 40.1995
53.4591 1466 38.2884
53.5756 1365 36.9459
53.692 1336 36.5513
53.8084 1255 35.426
53.9248 1234 35.1283
54.0411 1216 34.8712
54.1573 1157 34.0147
54.2735 0 1
54.3896 0 1
54.5057 0 1
54.6217 0 1
54.7377 0 1
54.8537 0 1
54.9695 0 1
55.0853 0 1
55.2011 0 1
55.3168 0 1
55.4324 0 1
57.824 0 1
57.9396 0 1
58.0553 0 1
58.1711 0 1
58.2869 0 1
58.4028 0 1
58.5187 0 1
58.6347 0 1
58.7508 0 1
58.8669 0 1
58.983 3331 57.7148
59.0992 3742 61.1719
59.2155 3815 61.7657
59.3318 3677 60.6383
59.4482 3610 60.0833
59.5646 3651 60.4235
59.681 3802 61.6604
59.7975 3812 61.7414
59.9141 3878 62.2736
60.0306 3879 62.2816
60.1473 3717 60.9672
60.2639 3679 60.6548
60.3807 3601 60.0083
60.4974 3704 60.8605
60.6142 3780 61.4817
60.731 3738 61.1392
60.8479 3768 61.384
60.9648 3812 61.7414
61.0818 3588 59.8999
61.1987 3426 58.532
61.3158 3484 59.0254
61.4328 3372 58.0689
61.5499 3315 57.576
61.667 3220 56.745
61.7841 2975 54.5436
61.9013 2927 54.1018
62.0185 2826 53.1601
62.1357 2621 51.1957
62.253 2457 49.5681
62.3702 2351 48.4871
62.4875 2362 48.6004
62.6049 2372 48.7032
62.7222 2309 48.0521
62.8396 2420 49.1935
62.9569 2361 48.5901
63.0743 2270 47.6445
63.1918 2196 46.8615
63.3092 2215 47.0638
63.4267 2199 46.8935
63.5441 2091 45.7275
63.6616 1952 44.1814
63.7791 1944 44.0908
63.8966 1867 43.2088
64.0142 1954 44.2041
64.1317 1963 44.3058
64.2492 1950 44.1588
64.3668 1961 44.2832
64.4843 1965 44.3283
64.6019 1969 44.3734
64.7195 1945 44.1022
64.837 1969 44.3734
64.9546 1943 44.0795
65.0722 1971 44.3959
65.1898 2117 46.0109
65.3074 1964 44.317
65.4249 1947 44.1248
65.5425 1885 43.4166
65.6601 1748 41.8091
65.7777 1718 41.4488
65.8952 1693 41.1461
66.0128 1804 42.4735
66.1304 1775 42.1307
66.2479 1903 43.6234
66.3655 2039 45.1553
66.483 1971 44.3959
66.6005 2035 45.111
66.718 1969 44.3734
66.8355 2003 44.7549
66.953 1979 44.486
67.0705 1969 44.3734
67.1879 1831 42.7902
67.3054 1722 41.497
67.4228 1771 42.0833
67.5402 1847 42.9767
67.6576 1875 43.3013
67.7749 1906 43.6578
67.8923 1886 43.4281
68.0096 1919 43.8064
68.1269 1889 43.4626
68.2442 1958 44.2493
68.3614 1766 42.0238
68.4787 1989 44.5982
68.5958 1881 43.3705
68.713 1939 44.0341
68.8302 1942 44.0681
68.9473 1969 44.3734
69.0643 1881 43.3705
69.1814 1886 43.4281
69.2984 1759 41.9404
69.4154 1683 41.0244
69.5323 1714 41.4005
69.6492 1774 42.1189
69.7661 1724 41.5211
69.8829 1821 42.6732
69.9997 1898 43.566
70.1165 1847 42.9767
70.2332 1745 41.7732
70.3499 1830 42.7785
70.4665 1710 41.3521
70.5831 1600 40
70.6996 1517 38.9487
70.8161 1347 36.7015
70.9326 1175 34.2783
71.049 1074 32.7719
71.1653 1054 32.4654
71.2817 1033 32.1403
71.3979 973 31.1929
71.5141 945 30.7409
71.6303 861 29.3428
71.7464 690 26.2679
71.8624 0 1
71.9784 0 1
72.0944 0 1
72.2102 0 1
72.3261 0 1
72.4418 0 1
72.5575 0 1
72.6732 0 1
75.1054 0 1
75.2209 0 1
75.3365 0 1
75.4521 0 1
75.5678 0 1
75.6835 0 1
75.7993 0 1
75.9151 0 1
76.031 0 1
76.147 1191 34.5109
76.263 1250 35.3553
76.3791 1342 36.6333
76.4952 1405 37.4833
76.6113 1505 38.7943
76.7276 1636 40.4475
76.8438 1538 39.2173
76.9601 1608 40.0999
77.0765 1605 40.0625
77.1929 1583 39.7869
77.3093 1599 39.9875
77.4258 1630 40.3733
77.5423 1663 40.7799
77.6589 1603 40.0375
77.7755 1725 41.5331
77.8921 1766 42.0238
78.0088 1599 39.9875
78.1256 1578 39.724
78.2423 1484 38.5227
78.3591 1497 38.6911
78.4759 1454 38.1314
78.5928 1408 37.5233
78.7097 1453 38.1182
78.8266 1493 38.6394
78.9436 1660 40.7431
79.0606 1665 40.8044
79.1776 1579 39.7366
79.2946 1683 41.0244
79.4117 1621 40.2616
79.5288 1680 40.9878
79.6459 1653 40.6571
79.7631 1652 40.6448
79.8802 1523 39.0256
79.9974 1574 39.6737
80.1147 1553 39.4081
80.2319 1682 41.0122
80.3491 1654 40.6694
80.4664 1679 40.9756
80.5837 1692 41.1339
80.701 1668 40.8412
80.8183 1666 40.8167
80.9357 1687 41.0731
81.053 1690 41.1096
81.1704 1688 41.0853
81.2877 1653 40.6571
81.4051 1723 41.509
81.5225 1721 41.4849
81.6399 1751 41.845
81.7573 1659 40.7308
81.8747 1569 39.6106
81.9922 1508 38.833
82.1096 1559 39.4842
82.227 1474 38.3927
82.3444 1509 38.8458
82.4619 1566 39.5727
82.5793 1698 41.2068
82.6967 1761 41.9643
82.8142 1803 42.4617
82.9316 1656 40.694
83.049 1695 41.1704
83.1664 1635 40.4351
83.2838 1580 39.7492
83.4012 1603 40.0375
83.5186 1595 39.9375
83.636 1628 40.3485
83.7534 1670 40.8656
83.8708 1679 40.9756
83.9881 1722 41.497
84.1055 1751 41.845
84.2228 1764 42
84.3401 1740 41.7133
84.4575 1743 41.7493
84.5747 1626 40.3237
84.692 1683 41.0244
84.8093 1795 42.3674
84.9265 1763 41.9881
85.0437 1751 41.845
85.1609 1715 41.4126
85.2781 1745 41.7732
85.3952 1716 41.4246
85.5123 1603 40.0375
85.6294 1631 40.3856
85.7465 1596 39.95
85.8636 1530 39.1152
85.9806 1588 39.8497
86.0976 1672 40.8901
86.2145 1669 40.8534
86.3315 1734 41.6413
86.4484 1729 41.5812
86.5652 1820 42.6615
86.682 1742 41.7373
86.7988 1737 41.6773
86.9156 1640 40.4969
87.0323 1610 40.1248
87.149 1636 40.4475
87.2657 1630 40.3733
87.3823 1627 40.3361
87.4988 1673 40.9023
87.6154 1671 40.8779
87.7318 1590 39.8748
87.8483 1598 39.975
87.9647 1470 38.3406
88.081 1358 36.8511
88.1973 1290 35.9166
88.3136 1198 34.6121
88.4298 1115 33.3916
88.546 1058 32.5269
88.6621 976 31.241
88.7781 910 30.1662
88.8942 0 1
89.0101 0 1
89.126 0 1
89.2419 0 1
89.3577 0 1
89.4734 0 1
89.5891 0 1
89.7047 0 1
89.8203 0 1
89.9358 0 1
92.3269 0 1
92.4424 0 1
92.558 0 1
92.6736 0 1
92.7893 0 1
92.905 0 1
93.0208 0 1
93.1366 0 1
93.2525 0 1
93.3685 0 1
93.4845 0 1
93.6005 1360 36.8782
93.7167 1373 37.054
93.8328 1553 39.4081
93.949 1675 40.9268
94.0653 1656 40.694
94.1816 1753 41.8688
94.2979 1773 42.107
94.4143 1727 41.5572
94.5307 1729 41.5812
94.6472 1679 40.9756
94.7637 1658 40.7185
94.8803 1595 39.9375
94.9969 1664 40.7922
95.1135 1625 40.3113
95.2302 1735 41.6533
95.3469 1699 41.2189
95.4637 1793 42.3438
95.5805 1823 42.6966
95.6973 1740 41.7133
95.8142 1787 42.2729
95.9311 1686 41.0609
96.048 1668 40.8412
96.1649 1632 40.398
96.2819 1755 41.8927
96.3989 1744 41.7612
96.516 1722 41.497
96.633 1845 42.9535
96.7501 1832 42.8019
96.8673 1779 42.1782
96.9844 1780 42.19
97.1016 1740 41.7133
97.2188 1797 42.391
97.336 1741 41.7253
97.4532 1805 42.4853
97.5704 1791 42.3202
97.6877 1755 41.8927
97.805 1771 42.0833
97.9223 1811 42.5558
98.0396 1817 42.6263
98.1569 1762 41.9762
98.2743 1712 41.3763
98.3916 1734 41.6413
98.509 1644 40.5463
98.6264 1683 41.0244
98.7438 1702 41.2553
98.8612 1755 41.8927
98.9786 1812 42.5676
99.096 1883 43.3935
99.2134 1913 43.7379
99.3308 1907 43.6692
99.4482 1795 42.3674
99.5656 1912 43.7264
99.6831 1798 42.4028
99.8005 1816 42.6146
99.9179 1799 42.4146
100.035 1916 43.7721
100.153 1902 43.6119
100.27 1947 44.1248
100.388 1896 43.5431
100.505 1873 43.2782
100.622 1863 43.1625
100.74 1849 43
100.857 1802 42.45
100.975 1843 42.9302
101.092 1824 42.7083
101.209 1856 43.0813
101.327 1796 42.3792
101.444 1863 43.1625
101.561 1823 42.6966
101.679 1874 43.2897
101.796 1811 42.5558
101.913 1739 41.7013
102.03 1727 41.5572
102.148 1798 42.4028
102.265 1828 42.7551
102.382 1854 43.0581
102.499 1991 44.6206
102.616 2018 44.9222
102.733 2109 45.9239
102.851 2041 45.1774
102.968 2023 44.9778
103.085 2022 44.9667
103.202 1884 43.4051
103.319 1836 42.8486
103.436 1931 43.9431
103.552 1971 44.3959
103.669 2011 44.8442
103.786 2146 46.3249
103.903 2015 44.8888
104.02 2010 44.833
104.137 2088 45.6946
104.253 2018 44.9222
104.37 1915 43.7607
104.487 1974 44.4297
104.603 1917 43.7836
104.72 1930 43.9318
104.836 2002 44.7437
104.953 1815 42.6028
105.069 1875 43.3013
105.186 1634 40.4228
105.302 1652 40.6448
105.418 1542 39.2683
105.535 1422 37.7094
105.651 1310 36.1939
105.767 1162 34.0881
105.883 1087 32.9697
105.999 989 31.4484
106.115 0 1
106.231 0 1
106.347 0 1
106.463 0 1
106.579 0 1
106.694 0 1
106.81 0 1
106.926 0 1
107.041 0 1
107.157 0 1
109.576 0 1
109.692 0 1
109.807 0 1
109.923 0 1
110.039 0 1
110.155 0 1
110.27 0 1
110.386 0 1
110.502 0 1
110.618 963 31.0322
110.735 1131 33.6303
110.851 1237 35.171
110.967 1501 38.7427
111.083 1581 39.7618
111.199 1684 41.0366
111.316 1775 42.1307
111.432 1913 43.7379
111.549 1926 43.8862
111.665 1933 43.9659
111.782 1871 43.2551
111.898 1774 42.1189
112.015 1767 42.0357
112.132 1766 42.0238
112.248 1892 43.4971
112.365 1979 44.486
112.482 1883 43.3935
112.599 1920 43.8178
112.716 1847 42.9767
112.832 1904 43.6348
112.949 1864 43.1741
113.066 1797 42.391
113.183 1825 42.72
113.3 1783 42.2256
113.417 1826 42.7317
113.534 1832 42.8019
113.652 1830 42.7785
113.769 1741 41.7253
113.886 1761 41.9643
114.003 1761 41.9643
114.12 1745 41.7732
114.238 1726 41.5452
114.355 1675 40.9268
114.472 1718 41.4488
114.589 1723 41.509
114.707 1781 42.2019
114.824 1709 41.3401
114.942 1791 42.3202
115.059 1882 43.382
115.176 1884 43.4051
115.294 1808 42.5206
115.411 1805 42.4853
115.529 1685 41.0488
115.646 1622 40.2741
115.764 1707 41.3159
115.881 1788 42.2847
115.999 1794 42.3556
116.116 1808 42.5206
116.234 1809 42.5323
116.351 1779 42.1782
116.469 1710 41.3521
116.586 1695 41.1704
116.704 1634 40.4228
116.821 1670 40.8656
116.939 1678 40.9634
117.056 1645 40.5586
117.174 1673 40.9023
117.291 1688 41.0853
117.409 1702 41.2553
117.526 1626 40.3237
117.644 1613 40.1622
117.761 1570 39.6232
117.879 1463 38.2492
117.996 1594 39.9249
118.114 1568 39.598
118.231 1631 40.3856
118.349 1667 40.8289
118.466 1705 41.2916
118.584 1749 41.821
118.701 1785 42.2493
118.819 1719 41.4608
118.936 1656 40.694
119.053 1625 40.3113
119.171 1499 38.7169
119.288 1556 39.4462
119.405 1734 41.6413
119.523 1685 41.0488
119.64 1697 41.1947
119.757 1685 41.0488
119.875 1629 40.3609
119.992 1650 40.6202
120.109 1525 39.0512
120.226 1543 39.281
120.343 1523 39.0256
120.46 1607 40.0874
120.578 1572 39.6485
120.695 1591 39.8873
120.812 1614 40.1746
120.929 1624 40.2989
121.046 1543 39.281
121.163 1502 38.7556
121.279 1534 39.1663
121.396 1452 38.1051
121.513 1385 37.2156
121.63 1369 37
121.747 1440 37.9473
121.863 1360 36.8782
121.98 1401 37.4299
122.097 1319 36.318
122.213 1313 36.2353
122.33 1300 36.0555
122.446 1249 35.3412
122.563 1192 34.5254
122.679 1052 32.4345
122.795 983 31.3528
122.912 943 30.7083
123.028 926 30.4302
123.144 889 29.8161
123.26 889 29.8161
123.377 0 1
123.493 0 1
123.609 0 1
123.725 0 1
123.84 0 1
123.956 0 1
124.072 0 1
124.188 0 1
124.303 0 1
124.419 0 1
126.852 0 1
126.968 0 1
127.083 0 1
127.199 0 1
127.315 0 1
127.431 0 1
127.547 0 1
127.663 0 1
127.779 0 1
127.895 0 1
128.011 0 1
128.127 0 1
128.243 0 1
128.359 1652 40.6448
128.476 1643 40.5339
128.592 1793 42.3438
128.708 1871 43.2551
128.825 1865 43.1856
128.941 1952 44.1814
129.058 1792 42.332
129.174 1771 42.0833
129.291 1844 42.9418
129.408 1823 42.6966
129.524 1764 42
129.641 1774 42.1189
129.758 1774 42.1189
129.875 1951 44.1701
129.992 1880 43.359
130.108 1890 43.4741
130.225 1871 43.2551
130.342 1901 43.6005
130.459 1790 42.3084
130.576 1885 43.4166
130.693 1820 42.6615
130.81 1832 42.8019
130.928 1845 42.9535
131.045 2055 45.3321
131.162 2084 45.6508
131.279 2365 48.6313
131.396 2477 49.7695
131.513 2538 50.3786
131.631 2462 49.6185
131.748 2567 50.6656
131.865 2561 50.6063
131.983 2597 50.9608
132.1 2752 52.4595
132.217 2855 53.4322
132.335 2913 53.9722
132.452 3033 55.0727
132.57 3150 56.1249
132.687 3079 55.4887
132.804 3163 56.2406
132.922 3303 57.4717
133.039 3300 57.4456
133.157 3438 58.6345
133.274 3435 58.6089
133.392 3407 58.3695
133.509 3376 58.1034
133.627 3358 57.9483
133.744 3343 57.8187
133.862 3261 57.1052
133.979 3173 56.3294
134.097 3062 55.3353
134.214 3041 55.1453
134.332 3011 54.8726
134.449 2874 53.6097
134.567 3107 55.7405
134.684 3271 57.1927
134.802 3431 58.5747
134.919 3429 58.5577
135.037 3502 59.1777
135.154 3334 57.7408
135.272 3390 58.2237
135.389 3322 57.6368
135.507 3197 56.542
135.624 3193 56.5066
135.742 3170 56.3028
135.859 3396 58.2752
135.977 3376 58.1034
136.094 3347 57.8533
136.211 3468 58.8897
136.329 3334 57.7408
136.446 3405 58.3524
136.564 3439 58.643
136.681 3393 58.2495
136.798 3312 57.55
136.915 3413 58.4209
137.033 3326 57.6715
137.15 3229 56.8243
137.267 3220 56.745
137.384 3149 56.116
137.502 3082 55.5158
137.619 2952 54.3323
137.736 2937 54.1941
137.853 2763 52.5642
137.97 2830 53.1977
138.087 2710 52.0577
138.204 2894 53.7959
138.321 3058 55.2992
138.438 3156 56.1783
138.555 3199 56.5597
138.672 3373 58.0775
138.788 3372 58.0689
138.905 3183 56.4181
139.022 2980 54.5894
139.139 2755 52.4881
139.255 2688 51.8459
139.372 2634 51.3225
139.488 2564 50.636
139.605 2451 49.5076
139.721 2443 49.4267
139.838 2336 48.3322
139.954 2271 47.655
140.071 1979 44.486
140.187 1968 44.3621
140.303 1887 43.4396
140.419 1904 43.6348
140.535 1796 42.3792
140.652 1649 40.6079
140.768 0 1
140.884 0 1
141 0 1
141.115 0 1
141.231 0 1
141.347 0 1
141.463 0 1
141.578 0 1
141.694 0 1
144.104 0 1
144.219 0 1
144.335 0 1
144.45 0 1
144.566 0 1
144.682 0 1
144.798 0 1
144.914 0 1
145.03 0 1
145.146 7426 86.1742
145.262 7469 86.4234
145.378 7401 86.0291
145.494 7396 86
145.61 7265 85.235
145.726 7198 84.841
145.842 7342 85.6855
145.959 7258 85.1939
146.075 7116 84.3564
146.192 7100 84.2615
146.308 6890 83.006
146.425 6788 82.3893
146.541 6586 81.1542
146.658 6360 79.7496
146.774 6035 77.6853
146.891 5757 75.8749
147.008 5900 76.8115
147.125 6474 80.4612
147.241 6977 83.5284
147.358 7249 85.1411
147.475 7372 85.8604
147.592 7601 87.1837
147.709 7350 85.7321
147.826 7441 86.2612
147.943 7218 84.9588
148.06 6847 82.7466
148.177 6608 81.2896
148.294 6798 82.45
148.411 6842 82.7164
148.528 6978 83.5344
148.645 7139 84.4926
148.762 7198 84.841
148.88 6971 83.4925
148.997 7196 84.8292
149.114 6805 82.4924
149.231 6909 83.1204
149.349 7026 83.8212
149.466 6858 82.813
149.583 6746 82.134
149.701 6800 82.4621
149.818 6778 82.3286
149.935 6676 81.7068
150.053 6431 80.1935
150.17 6342 79.6367
150.287 6196 78.7147
150.405 6006 77.4984
150.522 5614 74.9266
150.64 5444 73.7835
150.757 5604 74.8599
150.875 5730 75.6968
150.992 5878 76.6681
151.11 5957 77.1816
151.227 5977 77.3111
151.344 6144 78.3837
151.462 5788 76.0789
151.579 5461 73.8986
151.697 5338 73.0616
151.814 5249 72.45
151.932 5347 73.1232
152.049 5459 73.885
152.167 5633 75.0533
152.284 5606 74.8732
152.402 5558 74.552
152.519 5597 74.8131
152.636 5651 75.1731
152.754 5694 75.4586
152.871 5438 73.7428
152.989 5489 74.0878
153.106 5352 73.1574
153.223 5305 72.8354
153.341 5354 73.171
153.458 5065 71.1688
153.575 5056 71.1056
153.693 4734 68.8041
153.81 4622 67.9853
153.927 4607 67.8749
154.044 4509 67.1491
154.162 4215 64.923
154.279 4157 64.4748
154.396 4266 65.3146
154.513 4342 65.8939
154.63 4562 67.5426
154.747 4503 67.1044
154.864 4651 68.1982
154.981 4526 67.2756
155.098 4412 66.4229
155.215 4290 65.4981
155.332 4186 64.6993
155.449 4074 63.8279
155.566 4205 64.846
155.683 4442 66.6483
155.8 4472 66.873
155.917 4480 66.9328
156.033 4514 67.1863
156.15 0 1
156.267 0 1
156.383 0 1
156.5 0 1
156.617 0 1
156.733 0 1
156.85 0 1
156.966 0 1
157.082 0 1
157.199 0 1
157.315 0 1
157.431 0 1
157.547 0 1
157.664 0 1
157.78 0 1
157.896 0 1
158.012 0 1
158.128 0 1
158.244 0 1
158.359 0 1
158.475 0 1
158.591 0 1
158.706 0 1
