
6.15755 0 1
6.2731 0 1
6.3887 0 1
6.50437 0 1
6.62009 0 1
6.73587 0 1
6.8517 0 1
6.96759 0 1
7.08353 0 1
7.19952 0 1
7.31557 0 1
7.43166 0 1
7.54781 0 1
7.664 0 1
7.78024 0 1
7.89653 0 1
8.01286 0 1
8.12924 0 1
8.24567 0 1
8.36213 0 1
8.47864 0 1
8.59519 0 1
8.71178 0 1
8.82841 0 1
8.94508 0 1
9.06179 0 1
9.17853 0 1
9.29531 0 1
9.41212 0 1
9.52897 0 1
9.64584 0 1
9.76276 0 1
9.8797 0 1
9.99667 0 1
10.1137 0 1
10.2307 0 1
10.3478 0 1
10.4648 0 1
10.5819 0 1
10.6991 0 1
10.8162 0 1
10.9334 0 1
11.0506 0 1
11.1678 0 1
11.285 0 1
11.4023 0 1
11.5196 0 1
11.6369 0 1
11.7542 0 1
11.8715 0 1
11.9888 0 1
12.1062 0 1
12.2235 0 1
12.3409 0 1
12.4582 0 1
12.5756 0 1
12.693 0 1
12.8104 0 1
12.9278 0 1
13.0452 0 1
13.1626 0 1
13.28 0 1
13.3974 0 1
13.5149 0 1
13.6323 0 1
13.7497 0 1
13.8671 0 1
13.9845 0 1
14.1019 0 1
14.2193 0 1
14.3367 0 1
14.4541 0 1
14.5714 0 1
14.6888 0 1
14.8062 0 1
14.9235 0 1
15.0408 0 0
15.1581 0 0
15.2755 0 0
15.3927 0 0
15.51 0 0
15.6273 0 0
15.7445 0 0
15.8617 0 0
15.9789 0 0
16.0961 0 0
16.2132 0 0
16.3304 0 0
16.4475 0 0
16.5646 0 0
16.6816 0 0
16.7986 0 0
16.9156 0 0
17.0326 0 0
17.1496 0 0
17.2665 0 0
17.3833 0 0
17.5002 0 0
17.617 0 0
17.7338 0 0
17.8505 0 0
17.9672 0 0
18.0839 0 0
18.2005 0 0
18.3171 0 0
18.4337 0 0
18.5502 0 0
18.6666 0 0
18.7831 0 0
18.8994 0 0
19.0158 0 0
19.1321 0 0
19.2483 0 0
19.3645 0 0
19.4806 0 0
19.5967 0 0
19.7128 0 0
19.8288 0 0
19.9447 0 0
20.0606 0 1
20.1764 0 1
20.2922 0 1
20.4079 0 1
20.5236 0 1
20.6392 0 1
20.7548 0 1
20.8702 0 1
23.3078 0 1
23.4233 0 1
23.539 0 1
23.6547 0 1
23.7704 0 1
23.8862 0 1
24.0021 0 1
24.118 0 1
24.234 0 1
24.35 0 1
24.4661 1292 35.9444
24.5822 1237 35.171
24.6984 1190 34.4964
24.8146 1194 34.5543
24.9309 1265 35.5668
25.0472 1182 34.3802
25.1636 1173 34.2491
25.28 1188 34.4674
25.3965 1155 33.9853
25.513 1218 34.8999
25.6296 1282 35.805
25.7462 1389 37.2693
25.8628 1439 37.9342
25.9795 1410 37.55
26.0962 1439 37.9342
26.213 1406 37.4967
26.3298 1377 37.108
26.4466 1367 36.973
26.5635 1357 36.8375
26.6804 1274 35.6931
26.7973 1283 35.819
26.9143 1309 36.1801
27.0313 1346 36.6879
27.1483 1374 37.0675
27.2653 1475 38.4057
27.3824 1340 36.606
27.4996 1401 37.4299
27.6167 1402 37.4433
27.7339 1414 37.6032
27.8511 1397 37.3765
27.9683 1291 35.9305
28.0855 1331 36.4829
28.2028 1220 34.9285
28.3201 1276 35.7211
28.4374 1146 33.8526
28.5547 1113 33.3617
28.6721 1132 33.6452
28.7894 1125 33.541
28.9068 1177 34.3074
29.0242 1206 34.7275
29.1416 1196 34.5832
29.259 1241 35.2278
29.3764 1254 35.4119
29.4939 1249 35.3412
29.6113 1310 36.1939
29.7288 1382 37.1753
29.8463 1355 36.8103
29.9638 1268 35.609
30.0812 1227 35.0286
30.1987 1167 34.1614
30.3162 1142 33.7935
30.4337 1241 35.2278
30.5512 1303 36.0971
30.6687 1339 36.5923
30.7862 1318 36.3043
30.9037 1353 36.7831
31.0212 1397 37.3765
31.1387 1357 36.8375
31.2562 1338 36.5787
31.3737 1340 36.606
31.4912 1374 37.0675
31.6087 1324 36.3868
31.7262 1203 34.6843
31.8436 1242 35.242
31.9611 1166 34.1467
32.0785 1165 34.1321
32.1959 1181 34.3657
32.3134 1104 33.2265
32.4308 1139 33.7491
32.5482 1135 33.6898
32.6655 1170 34.2053
32.7829 1175 34.2783
32.9002 1270 35.6371
33.0176 1294 35.9722
33.1349 1264 35.5528
33.2522 1298 36.0278
33.3694 1255 35.426
33.4867 1284 35.8329
33.6039 1288 35.8887
33.7211 1260 35.4965
33.8383 1168 34.176
33.9554 1135 33.6898
34.0725 1198 34.6121
34.1896 1253 35.3977
34.3067 1245 35.2846
34.4237 1249 35.3412
34.5407 1266 35.5809
34.6577 1296 36
34.7746 1349 36.7287
34.8915 1345 36.6742
35.0084 1370 37.0135
35.1252 1320 36.3318
35.242 1276 35.7211
35.3587 1253 35.3977
35.4755 1150 33.9116
35.5921 1154 33.9706
35.7088 1211 34.7994
35.8254 1026 32.0312
35.9419 1103 33.2114
36.0584 1089 33
36.1749 1092 33.0454
36.2913 1140 33.7639
36.4077 1081 32.8786
36.524 1208 34.7563
36.6403 1194 34.5543
36.7565 1256 35.4401
36.8727 1301 36.0694
36.9889 1257 35.4542
37.1049 1204 34.6987
37.221 0 1
37.3369 0 1
37.4529 0 1
37.5687 0 1
37.6845 0 1
37.8003 0 1
37.916 0 1
38.0316 0 1
38.1472 0 1
40.5851 0 1
40.7008 0 1
40.8164 0 1
40.9322 0 1
41.048 0 1
41.1639 0 1
41.2798 0 1
41.3958 0 1
41.5118 0 1
41.6279 0 1
41.744 882 29.6985
41.8602 991 31.4802
41.9765 986 31.4006
42.0928 995 31.5436
42.2091 945 30.7409
42.3255 1032 32.1248
42.4419 1002 31.6544
42.5584 931 30.5123
42.675 918 30.2985
42.7915 834 28.8791
42.9081 931 30.5123
43.0248 925 30.4138
43.1415 978 31.273
43.2582 953 30.8707
43.375 958 30.9516
43.4918 1039 32.2335
43.6087 958 30.9516
43.7256 910 30.1662
43.8425 970 31.1448
43.9595 949 30.8058
44.0765 935 30.5778
44.1935 949 30.8058
44.3106 864 29.3939
44.4277 866 29.4279
44.5448 851 29.1719
44.6619 743 27.258
44.7791 720 26.8328
44.8963 700 26.4575
45.0136 705 26.5518
45.1308 687 26.2107
45.2481 744 27.2764
45.3654 795 28.1957
45.4827 722 26.8701
45.6001 795 28.1957
45.7174 710 26.6458
45.8348 815 28.5482
45.9522 737 27.1477
46.0697 711 26.6646
46.1871 659 25.671
46.3046 584 24.1661
46.422 677 26.0192
46.5395 714 26.7208
46.657 693 26.3249
46.7745 754 27.4591
46.892 743 27.258
47.0096 780 27.9285
47.1271 713 26.7021
47.2446 706 26.5707
47.3622 700 26.4575
47.4797 723 26.8887
47.5973 693 26.3249
47.7149 706 26.5707
47.8324 666 25.807
47.95 658 25.6515
48.0675 576 24
48.1851 605 24.5967
48.3027 531 23.0434
48.4202 530 23.0217
48.5378 535 23.1301
48.6554 550 23.4521
48.7729 514 22.6716
48.8904 580 24.0832
49.008 594 24.3721
49.1255 591 24.3105
49.243 584 24.1661
49.3605 602 24.5357
49.478 599 24.4745
49.5955 530 23.0217
49.713 576 24
49.8304 523 22.8692
49.9479 534 23.1084
50.0653 554 23.5372
50.1827 577 24.0208
50.3001 650 25.4951
50.4175 681 26.096
50.5348 732 27.0555
50.6521 700 26.4575
50.7694 703 26.5141
50.8867 763 27.6225
51.004 711 26.6646
51.1212 813 28.5132
51.2384 802 28.3196
51.3556 768 27.7128
51.4727 761 27.5862
51.5899 697 26.4008
51.707 669 25.865
51.824 643 25.3574
51.9411 711 26.6646
52.0581 682 26.1151
52.175 785 28.0179
52.2919 811 28.4781
52.4088 838 28.9482
52.5257 863 29.3769
52.6425 934 30.5614
52.7593 931 30.5123
52.876 911 30.1828
52.9927 944 30.7246
53.1094 865 29.4109
53.226 848 29.1204
53.3426 859 29.3087
53.4591 883 29.7153
53.5756 842 29.0172
53.692 967 31.0966
53.8084 1059 32.5423
53.9248 1064 32.619
54.0411 1094 33.0757
54.1573 1029 32.078
54.2735 0 1
54.3896 0 1
54.5057 0 1
54.6217 0 1
54.7377 0 1
54.8537 0 1
54.9695 0 1
55.0853 0 1
55.2011 0 1
55.3168 0 1
55.4324 0 1
57.824 0 1
57.9396 0 1
58.0553 0 1
58.1711 0 1
58.2869 0 1
58.4028 0 1
58.5187 0 1
58.6347 0 1
58.7508 0 1
58.8669 0 1
58.983 1164 34.1174
59.0992 1286 35.8608
59.2155 1216 34.8712
59.3318 1270 35.6371
59.4482 1315 36.2629
59.5646 1308 36.1663
59.681 1316 36.2767
59.7975 1315 36.2629
59.9141 1279 35.7631
60.0306 1185 34.4238
60.1473 1189 34.4819
60.2639 1072 32.7414
60.3807 1035 32.1714
60.4974 977 31.257
60.6142 949 30.8058
60.731 975 31.225
60.8479 1023 31.9844
60.9648 1051 32.4191
61.0818 1104 33.2265
61.1987 1070 32.7109
61.3158 1096 33.1059
61.4328 1120 33.4664
61.5499 1104 33.2265
61.667 1060 32.5576
61.7841 939 30.6431
61.9013 987 31.4166
62.0185 972 31.1769
62.1357 977 31.257
62.253 1022 31.9687
62.3702 1132 33.6452
62.4875 1181 34.3657
62.6049 1224 34.9857
62.7222 1259 35.4824
62.8396 1331 36.4829
62.9569 1357 36.8375
63.0743 1290 35.9166
63.1918 1341 36.6197
63.3092 1307 36.1525
63.4267 1281 35.7911
63.5441 1200 34.641
63.6616 1230 35.0714
63.7791 1164 34.1174
63.8966 1008 31.749
64.0142 996 31.5595
64.1317 972 31.1769
64.2492 1027 32.0468
64.3668 1118 33.4365
64.4843 1117 33.4215
64.6019 1151 33.9264
64.7195 1130 33.6155
64.837 1207 34.7419
64.9546 1174 34.2637
65.0722 1154 33.9706
65.1898 1088 32.9848
65.3074 1067 32.665
65.4249 909 30.1496
65.5425 984 31.3688
65.6601 929 30.4795
65.7777 1012 31.8119
65.8952 1109 33.3017
66.0128 1191 34.5109
66.1304 1249 35.3412
66.2479 1280 35.7771
66.3655 1261 35.5106
66.483 1276 35.7211
66.6005 1261 35.5106
66.718 1282 35.805
66.8355 1251 35.3695
66.953 1170 34.2053
67.0705 1229 35.0571
67.1879 1150 33.9116
67.3054 1096 33.1059
67.4228 960 30.9839
67.5402 911 30.1828
67.6576 900 30
67.7749 898 29.9666
67.8923 845 29.0689
68.0096 947 30.7734
68.1269 1028 32.0624
68.2442 1078 32.8329
68.3614 1081 32.8786
68.4787 1067 32.665
68.5958 991 31.4802
68.713 976 31.241
68.8302 972 31.1769
68.9473 895 29.9166
69.0643 853 29.2062
69.1814 775 27.8388
69.2984 868 29.4618
69.4154 943 30.7083
69.5323 1010 31.7805
69.6492 1148 33.8821
69.7661 1145 33.8378
69.8829 1188 34.4674
69.9997 1279 35.7631
70.1165 1263 35.5387
70.2332 1266 35.5809
70.3499 1326 36.4143
70.4665 1207 34.7419
70.5831 1281 35.7911
70.6996 1195 34.5688
70.8161 1183 34.3948
70.9326 1118 33.4365
71.049 986 31.4006
71.1653 885 29.7489
71.2817 932 30.5287
71.3979 845 29.0689
71.5141 817 28.5832
71.6303 894 29.8998
71.7464 853 29.2062
71.8624 0 1
71.9784 0 1
72.0944 0 1
72.2102 0 1
72.3261 0 1
72.4418 0 1
72.5575 0 1
72.6732 0 1
75.1054 0 1
75.2209 0 1
75.3365 0 1
75.4521 0 1
75.5678 0 1
75.6835 0 1
75.7993 0 1
75.9151 0 1
76.031 0 1
76.147 1062 32.5883
76.263 1055 32.4808
76.3791 1022 31.9687
76.4952 986 31.4006
76.6113 857 29.2746
76.7276 849 29.1376
76.8438 891 29.8496
76.9601 960 30.9839
77.0765 1011 31.7962
77.1929 1076 32.8024
77.3093 1136 33.7046
77.4258 1141 33.7787
77.5423 1132 33.6452
77.6589 1062 32.5883
77.7755 1062 32.5883
77.8921 908 30.133
78.0088 802 28.3196
78.1256 870 29.4958
78.2423 824 28.7054
78.3591 833 28.8617
78.4759 983 31.3528
78.5928 1071 32.7261
78.7097 1059 32.5423
78.8266 1167 34.1614
78.9436 1220 34.9285
79.0606 1196 34.5832
79.1776 1113 33.3617
79.2946 1191 34.5109
79.4117 1232 35.0999
79.5288 1176 34.2929
79.6459 1232 35.0999
79.7631 1089 33
79.8802 1060 32.5576
79.9974 991 31.4802
80.1147 899 29.9833
80.2319 829 28.7924
80.3491 881 29.6816
80.4664 889 29.8161
80.5837 907 30.1164
80.701 895 29.9166
80.8183 959 30.9677
80.9357 1000 31.6228
81.053 1009 31.7648
81.1704 1021 31.9531
81.2877 956 30.9192
81.4051 933 30.545
81.5225 812 28.4956
81.6399 840 28.9828
81.7573 717 26.7769
81.8747 703 26.5141
81.9922 736 27.1293
82.1096 886 29.7658
82.227 902 30.0333
82.3444 986 31.4006
82.4619 1054 32.4654
82.5793 1056 32.4962
82.6967 1096 33.1059
82.8142 1065 32.6343
82.9316 991 31.4802
83.049 1054 32.4654
83.1664 1033 32.1403
83.2838 981 31.3209
83.4012 976 31.241
83.5186 872 29.5296
83.636 832 28.8444
83.7534 798 28.2489
83.8708 796 28.2135
83.9881 726 26.9444
84.1055 670 25.8844
84.2228 809 28.4429
84.3401 785 28.0179
84.4575 883 29.7153
84.5747 938 30.6268
84.692 956 30.9192
84.8093 897 29.95
84.9265 839 28.9655
85.0437 785 28.0179
85.1609 743 27.258
85.2781 707 26.5895
85.3952 653 25.5539
85.5123 685 26.1725
85.6294 753 27.4408
85.7465 861 29.3428
85.8636 983 31.3528
85.9806 966 31.0805
86.0976 1049 32.3883
86.2145 1117 33.4215
86.3315 1190 34.4964
86.4484 1131 33.6303
86.5652 1157 34.0147
86.682 1127 33.5708
86.7988 1147 33.8674
86.9156 1069 32.6956
87.0323 1049 32.3883
87.149 1026 32.0312
87.2657 946 30.7571
87.3823 965 31.0644
87.4988 882 29.6985
87.6154 869 29.4788
87.7318 870 29.4958
87.8483 925 30.4138
87.9647 1071 32.7261
88.081 1107 33.2716
88.1973 1144 33.8231
88.3136 1175 34.2783
88.4298 1142 33.7935
88.546 980 31.305
88.6621 886 29.7658
88.7781 916 30.2655
88.8942 0 1
89.0101 0 1
89.126 0 1
89.2419 0 1
89.3577 0 1
89.4734 0 1
89.5891 0 1
89.7047 0 1
89.8203 0 1
89.9358 0 1
92.3269 0 1
92.4424 0 1
92.558 0 1
92.6736 0 1
92.7893 0 1
92.905 0 1
93.0208 0 1
93.1366 0 1
93.2525 0 1
93.3685 0 1
93.4845 0 1
93.6005 1106 33.2566
93.7167 1161 34.0735
93.8328 1120 33.4664
93.949 1046 32.3419
94.0653 1007 31.7333
94.1816 929 30.4795
94.2979 876 29.5973
94.4143 865 29.4109
94.5307 836 28.9137
94.6472 850 29.1548
94.7637 984 31.3688
94.8803 957 30.9354
94.9969 1133 33.6601
95.1135 1209 34.7707
95.2302 1166 34.1467
95.3469 1247 35.3129
95.4637 1204 34.6987
95.5805 1311 36.2077
95.6973 1304 36.1109
95.8142 1277 35.7351
95.9311 1208 34.7563
96.048 1220 34.9285
96.1649 1180 34.3511
96.2819 1149 33.8969
96.3989 1071 32.7261
96.516 1069 32.6956
96.633 967 31.0966
96.7501 1044 32.311
96.8673 960 30.9839
96.9844 1053 32.45
97.1016 1097 33.121
97.2188 1138 33.7343
97.336 1144 33.8231
97.4532 1164 34.1174
97.5704 1138 33.7343
97.6877 1036 32.187
97.805 965 31.0644
97.9223 840 28.9828
98.0396 844 29.0517
98.1569 835 28.8964
98.2743 848 29.1204
98.3916 874 29.5635
98.509 978 31.273
98.6264 1114 33.3766
98.7438 1165 34.1321
98.8612 1193 34.5398
98.9786 1316 36.2767
99.096 1338 36.5787
99.2134 1263 35.5387
99.3308 1313 36.2353
99.4482 1335 36.5377
99.5656 1368 36.9865
99.6831 1182 34.3802
99.8005 1269 35.623
99.9179 1136 33.7046
100.035 1058 32.5269
100.153 1071 32.7261
100.27 985 31.3847
100.388 985 31.3847
100.505 1055 32.4808
100.622 1093 33.0606
100.74 1128 33.5857
100.857 1160 34.0588
100.975 1169 34.1906
101.092 1185 34.4238
101.209 1148 33.8821
101.327 1036 32.187
101.444 985 31.3847
101.561 923 30.3809
101.679 850 29.1548
101.796 840 28.9828
101.913 893 29.8831
102.03 1034 32.1559
102.148 1148 33.8821
102.265 1182 34.3802
102.382 1335 36.5377
102.499 1380 37.1484
102.616 1430 37.8153
102.733 1382 37.1753
102.851 1405 37.4833
102.968 1442 37.9737
103.085 1401 37.4299
103.202 1329 36.4555
103.319 1276 35.7211
103.436 1250 35.3553
103.552 1241 35.2278
103.669 1092 33.0454
103.786 1074 32.7719
103.903 1042 32.28
104.02 1175 34.2783
104.137 1176 34.2929
104.253 1277 35.7351
104.37 1248 35.327
104.487 1254 35.4119
104.603 1310 36.1939
104.72 1227 35.0286
104.836 1128 33.5857
104.953 997 31.5753
105.069 979 31.289
105.186 855 29.2404
105.302 935 30.5778
105.418 1011 31.7962
105.535 1179 34.3366
105.651 1294 35.9722
105.767 1374 37.0675
105.883 1489 38.5876
105.999 1512 38.8844
106.115 0 1
106.231 0 1
106.347 0 1
106.463 0 1
106.579 0 1
106.694 0 1
106.81 0 1
106.926 0 1
107.041 0 1
107.157 0 1
109.576 0 1
109.692 0 1
109.807 0 1
109.923 0 1
110.039 0 1
110.155 0 1
110.27 0 1
110.386 0 1
110.502 0 1
110.618 1085 32.9393
110.735 1261 35.5106
110.851 1339 36.5923
110.967 1377 37.108
111.083 1383 37.1887
111.199 1403 37.4566
111.316 1364 36.9324
111.432 1454 38.1314
111.549 1378 37.1214
111.665 1441 37.9605
111.782 1303 36.0971
111.898 1266 35.5809
112.015 1220 34.9285
112.132 1222 34.9571
112.248 1108 33.2866
112.365 1138 33.7343
112.482 1070 32.7109
112.599 1221 34.9428
112.716 1236 35.1568
112.832 1220 34.9285
112.949 1295 35.9861
113.066 1274 35.6931
113.183 1168 34.176
113.3 1119 33.4515
113.417 1069 32.6956
113.534 922 30.3645
113.652 922 30.3645
113.769 860 29.3258
113.886 930 30.4959
114.003 877 29.6142
114.12 1143 33.8083
114.238 1162 34.0881
114.355 1321 36.3456
114.472 1268 35.609
114.589 1350 36.7423
114.707 1407 37.51
114.824 1342 36.6333
114.942 1452 38.1051
115.059 1374 37.0675
115.176 1390 37.2827
115.294 1352 36.7696
115.411 1317 36.2905
115.529 1279 35.7631
115.646 1245 35.2846
115.764 1147 33.8674
115.881 1187 34.4529
115.999 1148 33.8821
116.116 1249 35.3412
116.234 1262 35.5246
116.351 1264 35.5528
116.469 1244 35.2704
116.586 1274 35.6931
116.704 1255 35.426
116.821 1205 34.7131
116.939 1129 33.6006
117.056 1034 32.1559
117.174 997 31.5753
117.291 919 30.315
117.409 956 30.9192
117.526 970 31.1448
117.644 1066 32.6497
117.761 1158 34.0294
117.879 1353 36.7831
117.996 1395 37.3497
118.114 1348 36.7151
118.231 1476 38.4187
118.349 1459 38.1969
118.466 1491 38.6135
118.584 1544 39.2938
118.701 1421 37.6962
118.819 1459 38.1969
118.936 1401 37.4299
119.053 1308 36.1663
119.171 1287 35.8748
119.288 1320 36.3318
119.405 1248 35.327
119.523 1193 34.5398
119.64 1190 34.4964
119.757 1239 35.1994
119.875 1249 35.3412
119.992 1260 35.4965
120.109 1239 35.1994
120.226 1304 36.1109
120.343 1201 34.6554
120.46 1260 35.4965
120.578 1160 34.0588
120.695 1074 32.7719
120.812 992 31.496
120.929 981 31.3209
121.046 915 30.249
121.163 991 31.4802
121.279 1020 31.9374
121.396 1133 33.6601
121.513 1199 34.6266
121.63 1305 36.1248
121.747 1291 35.9305
121.863 1398 37.3898
121.98 1356 36.8239
122.097 1491 38.6135
122.213 1477 38.4318
122.33 1414 37.6032
122.446 1403 37.4566
122.563 1398 37.3898
122.679 1359 36.8646
122.795 1315 36.2629
122.912 1276 35.7211
123.028 1174 34.2637
123.144 1184 34.4093
123.26 1118 33.4365
123.377 0 1
123.493 0 1
123.609 0 1
123.725 0 1
123.84 0 1
123.956 0 1
124.072 0 1
124.188 0 1
124.303 0 1
124.419 0 1
126.852 0 1
126.968 0 1
127.083 0 1
127.199 0 1
127.315 0 1
127.431 0 1
127.547 0 1
127.663 0 1
127.779 0 1
127.895 0 1
128.011 0 1
128.127 0 1
128.243 0 1
128.359 1346 36.6879
128.476 1266 35.5809
128.592 1339 36.5923
128.708 1302 36.0832
128.825 1364 36.9324
128.941 1377 37.108
129.058 1416 37.6298
129.174 1416 37.6298
129.291 1342 36.6333
129.408 1361 36.8917
129.524 1221 34.9428
129.641 1169 34.1906
129.758 1107 33.2716
129.875 1076 32.8024
129.992 1049 32.3883
130.108 1081 32.8786
130.225 1145 33.8378
130.342 1313 36.2353
130.459 1239 35.1994
130.576 1393 37.3229
130.693 1418 37.6563
130.81 1467 38.3014
130.928 1497 38.6911
131.045 1522 39.0128
131.162 1522 39.0128
131.279 1543 39.281
131.396 1498 38.704
131.513 1495 38.6652
131.631 1431 37.8286
131.748 1429 37.8021
131.865 1361 36.8917
131.983 1310 36.1939
132.1 1394 37.3363
132.217 1376 37.0945
132.335 1389 37.2693
132.452 1458 38.1838
132.57 1415 37.6165
132.687 1427 37.7757
132.804 1405 37.4833
132.922 1356 36.8239
133.039 1341 36.6197
133.157 1251 35.3695
133.274 1167 34.1614
133.392 1192 34.5254
133.509 1108 33.2866
133.627 1106 33.2566
133.744 1151 33.9264
133.862 1233 35.1141
133.979 1362 36.9053
134.097 1356 36.8239
134.214 1473 38.3797
134.332 1539 39.2301
134.449 1484 38.5227
134.567 1454 38.1314
134.684 1455 38.1445
134.802 1521 39
134.919 1554 39.4208
135.037 1521 39
135.154 1546 39.3192
135.272 1417 37.6431
135.389 1463 38.2492
135.507 1319 36.318
135.624 1409 37.5366
135.742 1369 37
135.859 1381 37.1618
135.977 1451 38.092
136.094 1394 37.3363
136.211 1340 36.606
136.329 1432 37.8418
136.446 1416 37.6298
136.564 1291 35.9305
136.681 1294 35.9722
136.798 1224 34.9857
136.915 1192 34.5254
137.033 1130 33.6155
137.15 1090 33.0151
137.267 1135 33.6898
137.384 1169 34.1906
137.502 1268 35.609
137.619 1291 35.9305
137.736 1419 37.6696
137.853 1367 36.973
137.97 1414 37.6032
138.087 1419 37.6696
138.204 1503 38.7685
138.321 1527 39.0768
138.438 1560 39.4968
138.555 1551 39.3827
138.672 1421 37.6962
138.788 1469 38.3275
138.905 1411 37.5633
139.022 1469 38.3275
139.139 1400 37.4166
139.255 1467 38.3014
139.372 1406 37.4967
139.488 1516 38.9358
139.605 1438 37.921
139.721 1380 37.1484
139.838 1370 37.0135
139.954 1378 37.1214
140.071 1493 38.6394
140.187 1355 36.8103
140.303 1279 35.7631
140.419 1231 35.0856
140.535 1179 34.3366
140.652 1130 33.6155
140.768 0 1
140.884 0 1
141 0 1
141.115 0 1
141.231 0 1
141.347 0 1
141.463 0 1
141.578 0 1
141.694 0 1
144.104 0 1
144.219 0 1
144.335 0 1
144.45 0 1
144.566 0 1
144.682 0 1
144.798 0 1
144.914 0 1
145.03 0 1
145.146 985 31.3847
145.262 1111 33.3317
145.378 1118 33.4365
145.494 953 30.8707
145.61 1025 32.0156
145.726 931 30.5123
145.842 933 30.545
145.959 909 30.1496
146.075 865 29.4109
146.192 889 29.8161
146.308 1032 32.1248
146.425 1027 32.0468
146.541 1022 31.9687
146.658 1138 33.7343
146.774 1064 32.619
146.891 1166 34.1467
147.008 1151 33.9264
147.125 1177 34.3074
147.241 1257 35.4542
147.358 1256 35.4401
147.475 1244 35.2704
147.592 1188 34.4674
147.709 1116 33.4066
147.826 1159 34.0441
147.943 1126 33.5559
148.06 1204 34.6987
148.177 1133 33.6601
148.294 1152 33.9411
148.411 1132 33.6452
148.528 1215 34.8569
148.645 1179 34.3366
148.762 1190 34.4964
148.88 1124 33.5261
148.997 1103 33.2114
149.114 1194 34.5543
149.231 1107 33.2716
149.349 1055 32.4808
149.466 967 31.0966
149.583 1032 32.1248
149.701 989 31.4484
149.818 907 30.1164
149.935 927 30.4467
150.053 1003 31.6702
150.17 1038 32.218
150.287 1082 32.8938
150.405 1126 33.5559
150.522 1121 33.4813
150.64 1141 33.7787
150.757 1162 34.0881
150.875 1159 34.0441
150.992 1212 34.8138
151.11 1283 35.819
151.227 1179 34.3366
151.344 1263 35.5387
151.462 1176 34.2929
151.579 1189 34.4819
151.697 1144 33.8231
151.814 1211 34.7994
151.932 1104 33.2265
152.049 1199 34.6266
152.167 1198 34.6121
152.284 1176 34.2929
152.402 1244 35.2704
152.519 1172 34.2345
152.636 1192 34.5254
152.754 1196 34.5832
152.871 1117 33.4215
152.989 1089 33
153.106 1037 32.2025
153.223 972 31.1769
153.341 1010 31.7805
153.458 958 30.9516
153.575 1025 32.0156
153.693 1049 32.3883
153.81 1084 32.9242
153.927 1116 33.4066
154.044 1161 34.0735
154.162 1135 33.6898
154.279 1247 35.3129
154.396 1321 36.3456
154.513 1262 35.5246
154.63 1279 35.7631
154.747 1289 35.9026
154.864 1386 37.229
154.981 1382 37.1753
155.098 1341 36.6197
155.215 1325 36.4005
155.332 1228 35.0428
155.449 1288 35.8887
155.566 1272 35.6651
155.683 1334 36.524
155.8 1213 34.8281
155.917 1370 37.0135
156.033 1284 35.8329
156.15 0 1
156.267 0 1
156.383 0 1
156.5 0 1
156.617 0 1
156.733 0 1
156.85 0 1
156.966 0 1
157.082 0 1
157.199 0 1
157.315 0 1
157.431 0 1
157.547 0 1
157.664 0 1
157.78 0 1
157.896 0 1
158.012 0 1
158.128 0 1
158.244 0 1
158.359 0 1
158.475 0 1
158.591 0 1
158.706 0 1
