
6.15755 0 1
6.2731 0 1
6.3887 0 1
6.50437 0 1
6.62009 0 1
6.73587 0 1
6.8517 0 1
6.96759 0 1
7.08353 0 1
7.19952 0 1
7.31557 0 1
7.43166 0 1
7.54781 0 1
7.664 0 1
7.78024 0 1
7.89653 0 1
8.01286 0 1
8.12924 0 1
8.24567 0 1
8.36213 0 1
8.47864 0 1
8.59519 0 1
8.71178 0 1
8.82841 0 1
8.94508 0 1
9.06179 0 1
9.17853 0 1
9.29531 0 1
9.41212 0 1
9.52897 0 1
9.64584 0 1
9.76276 0 1
9.8797 0 1
9.99667 0 1
10.1137 0 1
10.2307 0 1
10.3478 0 1
10.4648 0 1
10.5819 0 1
10.6991 0 1
10.8162 0 1
10.9334 0 1
11.0506 0 1
11.1678 0 1
11.285 0 1
11.4023 0 1
11.5196 0 1
11.6369 0 1
11.7542 0 1
11.8715 0 1
11.9888 0 1
12.1062 0 1
12.2235 0 1
12.3409 0 1
12.4582 0 1
12.5756 0 1
12.693 0 1
12.8104 0 1
12.9278 0 1
13.0452 0 1
13.1626 0 1
13.28 0 1
13.3974 0 1
13.5149 0 1
13.6323 0 1
13.7497 0 1
13.8671 0 1
13.9845 0 1
14.1019 0 1
14.2193 0 1
14.3367 0 1
14.4541 0 1
14.5714 0 1
14.6888 0 1
14.8062 0 1
14.9235 0 1
15.0408 78363 279.934
15.1581 82185 286.679
15.2755 84718 291.064
15.3927 85913 293.109
15.51 86587 294.257
15.6273 86776 294.578
15.7445 86848 294.7
15.8617 84686 291.009
15.9789 81607 285.669
16.0961 82475 287.185
16.2132 84103 290.005
16.3304 87816 296.338
16.4475 91580 302.622
16.5646 93986 306.571
16.6816 94601 307.573
16.7986 93494 305.768
16.9156 94952 308.143
17.0326 93762 306.206
17.1496 94224 306.959
17.2665 92698 304.463
17.3833 89360 298.931
17.5002 85148 291.801
17.617 82170 286.653
17.7338 78442 280.075
17.8505 78984 281.041
17.9672 83202 288.448
18.0839 87972 296.601
18.2005 90784 301.304
18.3171 92537 304.199
18.4337 94601 307.573
18.5502 96455 310.572
18.6666 97722 312.605
18.7831 98704 314.172
18.8994 97057 311.54
19.0158 95567 309.139
19.1321 93285 305.426
19.2483 90544 300.905
19.3645 87329 295.515
19.4806 84628 290.909
19.5967 82930 287.976
19.7128 84081 289.967
19.8288 85349 292.146
19.9447 80179 283.159
20.0606 0 1
20.1764 0 1
20.2922 0 1
20.4079 0 1
20.5236 0 1
20.6392 0 1
20.7548 0 1
20.8702 0 1
23.3078 0 1
23.4233 0 1
23.539 0 1
23.6547 0 1
23.7704 0 1
23.8862 0 1
24.0021 0 1
24.118 0 1
24.234 0 1
24.35 0 1
24.4661 87004 294.964
24.5822 85186 291.866
24.6984 84475 290.646
24.8146 87030 295.008
24.9309 90497 300.827
25.0472 95001 308.222
25.1636 97824 312.768
25.28 98274 313.487
25.3965 98268 313.477
25.513 99447 315.352
25.6296 100368 316.809
25.7462 100658 317.266
25.8628 100097 316.381
25.9795 96815 311.151
26.0962 92620 304.335
26.213 86030 293.309
26.3298 83749 289.394
26.4466 81463 285.417
26.5635 84557 290.787
26.6804 90032 300.053
26.7973 92641 304.37
26.9143 94588 307.552
27.0313 95633 309.246
27.1483 98760 314.261
27.2653 98902 314.487
27.3824 100370 316.812
27.4996 100507 317.028
27.6167 97439 312.152
27.7339 96336 310.38
27.8511 93559 305.874
27.9683 92491 304.123
28.0855 88878 298.124
28.2028 85997 293.252
28.3201 84849 291.289
28.4374 88395 297.313
28.5547 91047 301.74
28.6721 95487 309.01
28.7894 97717 312.597
28.9068 97855 312.818
29.0242 97905 312.898
29.1416 96930 311.336
29.259 96751 311.048
29.3764 95202 308.548
29.4939 91457 302.419
29.6113 85871 293.038
29.7288 80762 284.187
29.8463 77497 278.383
29.9638 76295 276.215
30.0812 78108 279.478
30.1987 83182 288.413
30.3162 86616 294.306
30.4337 88715 297.851
30.5512 90851 301.415
30.6687 91464 302.43
30.7862 94510 307.425
30.9037 93779 306.234
31.0212 94804 307.903
31.1387 95023 308.258
31.2562 93185 305.262
31.3737 91810 303.002
31.4912 89630 299.383
31.6087 87374 295.591
31.7262 84313 290.367
31.8436 82364 286.991
31.9611 84600 290.861
32.0785 87869 296.427
32.1959 91900 303.15
32.3134 94341 307.15
32.4308 94171 306.873
32.5482 94384 307.22
32.6655 94618 307.6
32.7829 93913 306.452
32.9002 93551 305.861
33.0176 92171 303.597
33.1349 89817 299.695
33.2522 84937 291.44
33.3694 78139 279.534
33.4867 75213 274.25
33.6039 73658 271.4
33.7211 73160 270.481
33.8383 77948 279.192
33.9554 81149 284.867
34.0725 83303 288.623
34.1896 84687 291.01
34.3067 87200 295.296
34.4237 88476 297.449
34.5407 89514 299.189
34.6577 89900 299.833
34.7746 89552 299.252
34.8915 89311 298.849
35.0084 88320 297.187
35.1252 86980 294.924
35.242 85348 292.144
35.3587 81410 285.324
35.4755 79158 281.35
35.5921 79476 281.915
35.7088 81550 285.57
35.8254 84591 290.845
35.9419 88622 297.694
36.0584 89758 299.596
36.1749 90429 300.714
36.2913 90402 300.669
36.4077 90627 301.043
36.524 89759 299.598
36.6403 89176 298.624
36.7565 86478 294.071
36.8727 81666 285.773
36.9889 75952 275.594
37.1049 71272 266.968
37.221 0 1
37.3369 0 1
37.4529 0 1
37.5687 0 1
37.6845 0 1
37.8003 0 1
37.916 0 1
38.0316 0 1
38.1472 0 1
40.5851 0 1
40.7008 0 1
40.8164 0 1
40.9322 0 1
41.048 0 1
41.1639 0 1
41.2798 0 1
41.3958 0 1
41.5118 0 1
41.6279 0 1
41.744 68769 262.238
41.8602 73676 271.433
41.9765 72992 270.17
42.0928 69217 263.091
42.2091 63947 252.877
42.3255 60460 245.886
42.4419 57211 239.188
42.5584 56323 237.325
42.675 58289 241.431
42.7915 61300 247.588
42.9081 63325 251.645
43.0248 64808 254.574
43.1415 65844 256.601
43.2582 65871 256.653
43.375 66846 258.546
43.4918 66769 258.397
43.6087 66869 258.59
43.7256 65788 256.492
43.8425 64747 254.454
43.9595 63284 251.563
44.0765 61953 248.904
44.1935 59311 243.538
44.3106 56549 237.8
44.4277 53831 232.015
44.5448 54285 232.991
44.6619 55068 234.666
44.7791 57156 239.073
44.8963 58140 241.122
45.0136 57808 240.433
45.1308 56750 238.223
45.2481 55786 236.191
45.3654 54986 234.491
45.4827 53739 231.817
45.6001 52255 228.594
45.7174 48976 221.305
45.8348 45604 213.551
45.9522 42856 207.017
46.0697 41310 203.249
46.1871 40853 202.121
46.3046 42676 206.582
46.422 44551 211.071
46.5395 46357 215.307
46.657 46527 215.701
46.7745 47305 217.497
46.892 47314 217.518
47.0096 46929 216.631
47.1271 47394 217.702
47.2446 47090 217.002
47.3622 46506 215.652
47.4797 45337 212.925
47.5973 44354 210.604
47.7149 43538 208.658
47.8324 41840 204.548
47.95 40104 200.26
48.0675 39616 199.038
48.1851 40629 201.566
48.3027 42412 205.942
48.4202 43686 209.012
48.5378 44408 210.732
48.6554 44494 210.936
48.7729 44425 210.772
48.8904 44405 210.725
49.008 44114 210.033
49.1255 43122 207.658
49.243 40808 202.01
49.3605 38997 197.477
49.478 37089 192.585
49.5955 36407 190.806
49.713 36622 191.369
49.8304 38502 196.219
49.9479 41692 204.186
50.0653 43918 209.566
50.1827 45802 214.014
50.3001 47327 217.548
50.4175 48645 220.556
50.5348 49427 222.322
50.6521 51520 226.98
50.7694 52550 229.238
50.8867 53334 230.942
51.004 54619 233.707
51.1212 54425 233.292
51.2384 54801 234.096
51.3556 54252 232.921
51.4727 53454 231.201
51.5899 54263 232.944
51.707 57213 239.192
51.824 61011 247.004
51.9411 64476 253.921
52.0581 66669 258.203
52.175 68175 261.103
52.2919 69076 262.823
52.4088 70032 264.636
52.5257 71679 267.729
52.6425 71657 267.688
52.7593 70045 264.66
52.876 65919 256.747
52.9927 62701 250.402
53.1094 60050 245.051
53.226 58942 242.78
53.3426 58953 242.802
53.4591 63182 251.36
53.5756 69024 262.724
53.692 73429 270.978
53.8084 76683 276.917
53.9248 78494 280.168
54.0411 80213 283.219
54.1573 81996 286.349
54.2735 0 1
54.3896 0 1
54.5057 0 1
54.6217 0 1
54.7377 0 1
54.8537 0 1
54.9695 0 1
55.0853 0 1
55.2011 0 1
55.3168 0 1
55.4324 0 1
57.824 0 1
57.9396 0 1
58.0553 0 1
58.1711 0 1
58.2869 0 1
58.4028 0 1
58.5187 0 1
58.6347 0 1
58.7508 0 1
58.8669 0 1
58.983 94462 307.347
59.0992 100573 317.132
59.2155 103807 322.191
59.3318 105768 325.22
59.4482 107955 328.565
59.5646 110119 331.842
59.681 110157 331.899
59.7975 109869 331.465
59.9141 109042 330.215
60.0306 107114 327.283
60.1473 104230 322.847
60.2639 101286 318.255
60.3807 101877 319.182
60.4974 104459 323.201
60.6142 109450 330.832
60.731 114040 337.698
60.8479 115944 340.506
60.9648 116402 341.177
61.0818 117266 342.441
61.1987 115484 339.829
61.3158 114696 338.668
61.4328 110117 331.839
61.5499 103104 321.098
61.667 96215 310.185
61.7841 90094 300.157
61.9013 86716 294.476
62.0185 86210 293.615
62.1357 90408 300.679
62.253 94967 308.167
62.3702 99759 315.846
62.4875 102588 320.294
62.6049 104147 322.718
62.7222 104292 322.943
62.8396 107062 327.203
62.9569 106957 327.043
63.0743 106698 326.647
63.1918 105955 325.507
63.3092 105169 324.298
63.4267 102610 320.328
63.5441 99125 314.841
63.6616 96052 309.923
63.7791 91113 301.849
63.8966 90188 300.313
64.0142 91087 301.806
64.1317 94919 308.089
64.2492 97364 312.032
64.3668 98566 313.952
64.4843 97314 311.952
64.6019 95967 309.785
64.7195 95631 309.243
64.837 94089 306.739
64.9546 91648 302.734
65.0722 87189 295.278
65.1898 79400 281.78
65.3074 75128 274.095
65.4249 68827 262.349
65.5425 66782 258.422
65.6601 67239 259.305
65.7777 70893 266.257
65.8952 75040 273.934
66.0128 78309 279.837
66.1304 79724 282.354
66.2479 81483 285.452
66.3655 82310 286.897
66.483 84500 290.689
66.6005 84133 290.057
66.718 85127 291.765
66.8355 85147 291.8
66.953 84119 290.033
67.0705 83048 288.18
67.1879 81069 284.726
67.3054 78883 280.861
67.4228 75608 274.969
67.5402 74251 272.49
67.6576 76010 275.699
67.7749 78950 280.98
67.8923 83810 289.5
68.0096 85471 292.354
68.1269 85520 292.438
68.2442 85263 291.998
68.3614 86103 293.433
68.4787 85074 291.674
68.5958 85145 291.796
68.713 82049 286.442
68.8302 77548 278.474
68.9473 71876 268.097
69.0643 68061 260.885
69.1814 65042 255.033
69.2984 65211 255.364
69.4154 68585 261.887
69.5323 72941 270.076
69.6492 78240 279.714
69.7661 81741 285.904
69.8829 82000 286.356
69.9997 84478 290.651
70.1165 85931 293.14
70.2332 88117 296.845
70.3499 88205 296.993
70.4665 89515 299.191
70.5831 89751 299.585
70.6996 88787 297.971
70.8161 87724 296.182
70.9326 85604 292.582
71.049 81979 286.32
71.1653 78480 280.143
71.2817 77241 277.923
71.3979 78330 279.875
71.5141 80730 284.13
71.6303 83880 289.62
71.7464 81558 285.584
71.8624 0 1
71.9784 0 1
72.0944 0 1
72.2102 0 1
72.3261 0 1
72.4418 0 1
72.5575 0 1
72.6732 0 1
75.1054 0 1
75.2209 0 1
75.3365 0 1
75.4521 0 1
75.5678 0 1
75.6835 0 1
75.7993 0 1
75.9151 0 1
76.031 0 1
76.147 78077 279.423
76.263 80606 283.912
76.3791 79154 281.343
76.4952 77342 278.104
76.6113 80392 283.535
76.7276 84948 291.458
76.8438 89690 299.483
76.9601 90702 301.168
77.0765 91034 301.718
77.1929 90401 300.668
77.3093 90447 300.744
77.4258 89662 299.436
77.5423 88923 298.2
77.6589 83972 289.779
77.7755 76763 277.061
77.8921 70800 266.083
78.0088 67614 260.027
78.1256 64255 253.486
78.2423 63145 251.287
78.3591 65423 255.779
78.4759 71944 268.224
78.5928 75385 274.563
78.7097 78647 280.441
78.8266 79682 282.28
78.9436 85454 292.325
79.0606 84576 290.82
79.1776 85274 292.017
79.2946 86024 293.298
79.4117 86835 294.678
79.5288 86434 293.997
79.6459 85230 291.942
79.7631 83314 288.642
79.8802 81988 286.335
79.9974 77657 278.67
80.1147 75623 274.996
80.2319 76784 277.099
80.3491 80926 284.475
80.4664 84996 291.541
80.5837 87460 295.736
80.701 86734 294.506
80.8183 87627 296.019
80.9357 87108 295.141
81.053 86154 293.52
81.1704 87181 295.264
81.2877 86066 293.37
81.4051 81093 284.768
81.5225 74973 273.812
81.6399 67237 259.301
81.7573 65483 255.896
81.8747 62373 249.746
81.9922 63549 252.089
82.1096 69625 263.865
82.227 74997 273.856
82.3444 77179 277.811
82.4619 81837 286.072
82.5793 84164 290.11
82.6967 82967 288.04
82.8142 86325 293.811
82.9316 87067 295.071
83.049 87453 295.725
83.1664 87649 296.056
83.2838 86557 294.206
83.4012 85832 292.971
83.5186 83358 288.718
83.636 80362 283.482
83.7534 77141 277.743
83.8708 78191 279.627
83.9881 81287 285.109
84.1055 85896 293.08
84.2228 91011 301.68
84.3401 91841 303.053
84.4575 92450 304.056
84.5747 92511 304.156
84.692 92212 303.664
84.8093 91723 302.858
84.9265 89001 298.33
85.0437 82422 287.092
85.1609 74243 272.476
85.2781 70306 265.153
85.3952 67679 260.152
85.5123 66037 256.977
85.6294 68470 261.668
85.7465 76476 276.543
85.8636 81969 286.302
85.9806 85629 292.624
86.0976 89123 298.535
86.2145 90713 301.186
86.3315 92569 304.252
86.4484 94699 307.732
86.5652 95852 309.6
86.682 95364 308.811
86.7988 96321 310.356
86.9156 94962 308.159
87.0323 93819 306.299
87.149 91067 301.773
87.2657 87421 295.67
87.3823 84490 290.672
87.4988 86561 294.213
87.6154 90527 300.877
87.7318 96776 311.088
87.8483 98753 314.25
87.9647 99534 315.49
88.081 99852 315.994
88.1973 98946 314.557
88.3136 99072 314.757
88.4298 97209 311.784
88.546 93751 306.188
88.6621 85676 292.705
88.7781 78252 279.736
88.8942 0 1
89.0101 0 1
89.126 0 1
89.2419 0 1
89.3577 0 1
89.4734 0 1
89.5891 0 1
89.7047 0 1
89.8203 0 1
89.9358 0 1
92.3269 0 1
92.4424 0 1
92.558 0 1
92.6736 0 1
92.7893 0 1
92.905 0 1
93.0208 0 1
93.1366 0 1
93.2525 0 1
93.3685 0 1
93.4845 0 1
93.6005 92850 304.713
93.7167 92233 303.699
93.8328 89216 298.69
93.949 84753 291.124
94.0653 78392 279.986
94.1816 72680 269.592
94.2979 69347 263.338
94.4143 68123 261.004
94.5307 70485 265.49
94.6472 75836 275.383
94.7637 82087 286.508
94.8803 85732 292.8
94.9969 88859 298.092
95.1135 91266 302.103
95.2302 91955 303.241
95.3469 93644 306.013
95.4637 94551 307.491
95.5805 95186 308.522
95.6973 96055 309.927
95.8142 96842 311.194
95.9311 95246 308.62
96.048 94004 306.601
96.1649 92018 303.345
96.2819 88907 298.173
96.3989 86139 293.494
96.516 86077 293.389
96.633 88466 297.432
96.7501 91968 303.262
96.8673 96091 309.985
96.9844 97827 312.773
97.1016 97961 312.987
97.2188 97522 312.285
97.336 97555 312.338
97.4532 95044 308.292
97.5704 92313 303.831
97.6877 86935 294.847
97.805 80096 283.012
97.9223 74021 272.068
98.0396 69462 263.556
98.1569 67234 259.295
98.2743 69437 263.509
98.3916 74876 273.635
98.509 81525 285.526
98.6264 85066 291.661
98.7438 87981 296.616
98.8612 88931 298.213
98.9786 91392 302.311
99.096 90776 301.291
99.2134 92516 304.164
99.3308 91200 301.993
99.4482 92030 303.364
99.5656 91342 302.228
99.6831 89367 298.943
99.8005 86916 294.815
99.9179 84932 291.431
100.035 81112 284.802
100.153 80651 283.991
100.27 83937 289.719
100.388 87815 296.336
100.505 91139 301.892
100.622 91888 303.13
100.74 91974 303.272
100.857 91763 302.924
100.975 92238 303.707
101.092 90925 301.538
101.209 88411 297.34
101.327 83676 289.268
101.444 77640 278.64
101.561 71496 267.387
101.679 67758 260.304
101.796 65470 255.871
101.913 68878 262.446
102.03 75726 275.184
102.148 81445 285.386
102.265 79338 281.67
102.382 94599 307.57
102.499 89434 299.055
102.616 91370 302.275
102.733 91793 302.974
102.851 92555 304.229
102.968 94350 307.164
103.085 92483 304.11
103.202 91763 302.924
103.319 90250 300.416
103.436 87543 295.877
103.552 84016 289.855
103.669 82716 287.604
103.786 84899 291.374
103.903 89041 298.397
104.02 92206 303.654
104.137 93735 306.162
104.253 94348 307.161
104.37 94035 306.651
104.487 93705 306.113
104.603 93457 305.707
104.72 90056 300.093
104.836 84878 291.338
104.953 78082 279.432
105.069 72154 268.615
105.186 68469 261.666
105.302 67002 258.847
105.418 71192 266.818
105.535 76997 277.483
105.651 81699 285.83
105.767 84769 291.151
105.883 87981 296.616
105.999 88765 297.935
106.115 0 1
106.231 0 1
106.347 0 1
106.463 0 1
106.579 0 1
106.694 0 1
106.81 0 1
106.926 0 1
107.041 0 1
107.157 0 1
109.576 0 1
109.692 0 1
109.807 0 1
109.923 0 1
110.039 0 1
110.155 0 1
110.27 0 1
110.386 0 1
110.502 0 1
110.618 66478 257.833
110.735 73876 271.801
110.851 77110 277.687
110.967 80220 283.231
111.083 81396 285.3
111.199 83302 288.621
111.316 83699 289.308
111.432 84533 290.746
111.549 84400 290.517
111.665 83426 288.836
111.782 82452 287.145
111.898 79981 282.809
112.015 77677 278.706
112.132 74412 272.786
112.248 73509 271.125
112.365 74719 273.348
112.482 79646 282.216
112.599 79361 281.711
112.716 82315 286.906
112.832 82084 286.503
112.949 81543 285.557
113.066 81531 285.536
113.183 80680 284.042
113.3 78926 280.938
113.417 73471 271.055
113.534 68175 261.103
113.652 63686 252.361
113.769 60629 246.23
113.886 57622 240.046
114.003 58525 241.919
114.12 62815 250.629
114.238 66109 257.117
114.355 69511 263.649
114.472 72374 269.024
114.589 71954 268.242
114.707 73856 271.765
114.824 74393 272.751
114.942 74217 272.428
115.059 73581 271.258
115.176 72458 269.18
115.294 71307 267.034
115.411 68984 262.648
115.529 66990 258.824
115.646 64621 254.207
115.764 61627 248.248
115.881 61189 247.364
115.999 61831 248.658
116.116 64549 254.065
116.234 66905 258.66
116.351 67065 258.969
116.469 66948 258.743
116.586 66165 257.226
116.704 65680 256.281
116.821 65218 255.378
116.939 63302 251.599
117.056 59272 243.458
117.174 54904 234.316
117.291 52407 228.926
117.409 50319 224.319
117.526 49166 221.734
117.644 51626 227.214
117.761 53893 232.149
117.879 56814 238.357
117.996 58931 242.757
118.114 61977 248.952
118.231 63251 251.498
118.349 63256 251.507
118.466 64348 253.669
118.584 65814 256.542
118.701 65606 256.137
118.819 65257 255.454
118.936 64921 254.796
119.053 63961 252.905
119.171 62872 250.743
119.288 61313 247.615
119.405 59374 243.668
119.523 59287 243.489
119.64 60965 246.911
119.757 63847 252.68
119.875 67006 258.855
119.992 68343 261.425
120.109 69254 263.162
120.226 69181 263.023
120.343 69274 263.2
120.46 70037 264.645
120.578 69520 263.666
120.695 65816 256.546
120.812 61633 248.26
120.929 58643 242.163
121.046 57179 239.121
121.163 55411 235.395
121.279 56371 237.426
121.396 59737 244.412
121.513 62551 250.102
121.63 65178 255.3
121.747 67981 260.732
121.863 70505 265.528
121.98 73415 270.952
122.097 73914 271.871
122.213 75112 274.066
122.33 75626 275.002
122.446 76286 276.199
122.563 75383 274.56
122.679 75225 274.272
122.795 73736 271.544
122.912 72593 269.431
123.028 70752 265.992
123.144 67584 259.969
123.26 66122 257.142
123.377 0 1
123.493 0 1
123.609 0 1
123.725 0 1
123.84 0 1
123.956 0 1
124.072 0 1
124.188 0 1
124.303 0 1
124.419 0 1
126.852 0 1
126.968 0 1
127.083 0 1
127.199 0 1
127.315 0 1
127.431 0 1
127.547 0 1
127.663 0 1
127.779 0 1
127.895 0 1
128.011 0 1
128.127 0 1
128.243 0 1
128.359 80888 284.408
128.476 76884 277.28
128.592 74454 272.863
128.708 74609 273.146
128.825 78380 279.964
128.941 82956 288.021
129.058 85268 292.007
129.174 86418 293.969
129.291 85396 292.226
129.408 86297 293.764
129.524 85276 292.021
129.641 83280 288.583
129.758 79555 282.055
129.875 74157 272.318
129.992 70205 264.962
130.108 67054 258.948
130.225 64198 253.373
130.342 65769 256.455
130.459 69635 263.884
130.576 71287 266.996
130.693 72827 269.865
130.81 73932 271.904
130.928 75384 274.561
131.045 78183 279.612
131.162 78786 280.688
131.279 79897 282.661
131.396 79790 282.471
131.513 79544 282.035
131.631 77629 278.62
131.748 75987 275.657
131.865 74563 273.062
131.983 71844 268.037
132.1 67914 260.603
132.217 67632 260.062
132.335 69799 264.195
132.452 72770 269.759
132.57 74885 273.651
132.687 73246 270.64
132.804 77028 277.539
132.922 74812 273.518
133.039 73738 271.547
133.157 73572 271.242
133.274 70025 264.622
133.392 65609 256.143
133.509 61474 247.94
133.627 58411 241.684
133.744 55434 235.444
133.862 55586 235.767
133.979 57887 240.597
134.097 60135 245.224
134.214 62647 250.294
134.332 60827 246.631
134.449 61743 248.481
134.567 62734 250.468
134.684 64881 254.717
134.802 64600 254.165
134.919 64224 253.425
135.037 63401 251.796
135.154 62442 249.884
135.272 61189 247.364
135.389 60198 245.353
135.507 57632 240.067
135.624 54269 232.957
135.742 52361 228.825
135.859 52914 230.03
135.977 54336 233.101
136.094 56493 237.683
136.211 57531 239.856
136.329 57492 239.775
136.446 57599 239.998
136.564 56563 237.83
136.681 56481 237.657
136.798 56405 237.497
136.915 52835 229.859
137.033 50668 225.096
137.15 47582 218.133
137.267 45904 214.252
137.384 44390 210.689
137.502 44868 211.821
137.619 47338 217.573
137.736 50633 225.018
137.853 51045 225.931
137.97 52288 228.666
138.087 53195 230.64
138.204 54517 233.489
138.321 56473 237.64
138.438 58601 242.076
138.555 58554 241.979
138.672 59619 244.17
138.788 59317 243.551
138.905 58696 242.273
139.022 58798 242.483
139.139 57546 239.887
139.255 55593 235.782
139.372 54091 232.575
139.488 55575 235.744
139.605 58829 242.547
139.721 61220 247.427
139.838 64358 253.689
139.954 64388 253.748
140.071 64016 253.014
140.187 66251 257.393
140.303 65423 255.779
140.419 65935 256.778
140.535 63594 252.179
140.652 59981 244.91
140.768 0 1
140.884 0 1
141 0 1
141.115 0 1
141.231 0 1
141.347 0 1
141.463 0 1
141.578 0 1
141.694 0 1
144.104 0 1
144.219 0 1
144.335 0 1
144.45 0 1
144.566 0 1
144.682 0 1
144.798 0 1
144.914 0 1
145.03 0 1
145.146 56705 238.128
145.262 57314 239.403
145.378 57556 239.908
145.494 57073 238.9
145.61 56245 237.16
145.726 53382 231.045
145.842 50222 224.103
145.959 47901 218.863
146.075 45410 213.096
146.192 45073 212.304
146.308 44856 211.792
146.425 46619 215.914
146.541 47874 218.801
146.658 48986 221.328
146.774 49327 222.097
146.891 49529 222.551
147.008 49509 222.506
147.125 50394 224.486
147.241 50220 224.098
147.358 50043 223.703
147.475 49310 222.059
147.592 48939 221.222
147.709 47862 218.774
147.826 46488 215.611
147.943 44966 212.052
148.06 42556 206.291
148.177 42097 205.176
148.294 43028 207.432
148.411 44040 209.857
148.528 45629 213.609
148.645 46151 214.828
148.762 45926 214.304
148.88 46105 214.721
148.997 47128 217.09
149.114 42991 207.343
149.231 44799 211.658
149.349 42386 205.879
149.466 41199 202.975
149.583 38554 196.352
149.701 36940 192.198
149.818 36402 190.793
149.935 36725 191.638
150.053 38346 195.821
150.17 39966 199.915
150.287 41130 202.805
150.405 41785 204.414
150.522 42488 206.126
150.64 43240 207.942
150.757 43794 209.27
150.875 44058 209.9
150.992 43823 209.339
151.11 44696 211.414
151.227 43670 208.974
151.344 43479 208.516
151.462 43417 208.367
151.579 41392 203.45
151.697 40474 201.182
151.814 40471 201.174
151.932 41424 203.529
152.049 43563 208.718
152.167 45283 212.798
152.284 46735 216.183
152.402 47416 217.752
152.519 47454 217.839
152.636 48274 219.713
152.754 48166 219.468
152.871 47110 217.048
152.989 45608 213.56
153.106 44188 210.209
153.223 42214 205.46
153.341 40703 201.75
153.458 40714 201.777
153.575 41605 203.973
153.693 43666 208.964
153.81 45412 213.101
153.927 47595 218.163
154.044 48485 220.193
154.162 49378 222.212
154.279 50958 225.739
154.396 52577 229.297
154.513 53285 230.835
154.63 53938 232.246
154.747 54436 233.315
154.864 54672 233.82
154.981 53566 231.443
155.098 53061 230.35
155.215 51810 227.618
155.332 50865 225.533
155.449 50412 224.526
155.566 51968 227.965
155.683 54228 232.869
155.8 56117 236.89
155.917 57860 240.541
156.033 58513 241.895
156.15 0 1
156.267 0 1
156.383 0 1
156.5 0 1
156.617 0 1
156.733 0 1
156.85 0 1
156.966 0 1
157.082 0 1
157.199 0 1
157.315 0 1
157.431 0 1
157.547 0 1
157.664 0 1
157.78 0 1
157.896 0 1
158.012 0 1
158.128 0 1
158.244 0 1
158.359 0 1
158.475 0 1
158.591 0 1
158.706 0 1
