
6.15755 0 1
6.2731 0 1
6.3887 0 1
6.50437 0 1
6.62009 0 1
6.73587 0 1
6.8517 0 1
6.96759 0 1
7.08353 0 1
7.19952 0 1
7.31557 0 1
7.43166 0 1
7.54781 0 1
7.664 0 1
7.78024 0 1
7.89653 0 1
8.01286 0 1
8.12924 0 1
8.24567 0 1
8.36213 0 1
8.47864 0 1
8.59519 0 1
8.71178 0 1
8.82841 0 1
8.94508 0 1
9.06179 0 1
9.17853 0 1
9.29531 0 1
9.41212 0 1
9.52897 0 1
9.64584 0 1
9.76276 0 1
9.8797 0 1
9.99667 0 1
10.1137 0 1
10.2307 0 1
10.3478 0 1
10.4648 0 1
10.5819 0 1
10.6991 0 1
10.8162 0 1
10.9334 0 1
11.0506 0 1
11.1678 0 1
11.285 0 1
11.4023 0 1
11.5196 0 1
11.6369 0 1
11.7542 0 1
11.8715 0 1
11.9888 0 1
12.1062 0 1
12.2235 0 1
12.3409 0 1
12.4582 0 1
12.5756 0 1
12.693 0 1
12.8104 0 1
12.9278 0 1
13.0452 0 1
13.1626 0 1
13.28 0 1
13.3974 0 1
13.5149 0 1
13.6323 0 1
13.7497 0 1
13.8671 0 1
13.9845 0 1
14.1019 0 1
14.2193 0 1
14.3367 0 1
14.4541 0 1
14.5714 0 1
14.6888 0 1
14.8062 0 1
14.9235 0 1
15.0408 0 0
15.1581 0 0
15.2755 0 0
15.3927 0 0
15.51 0 0
15.6273 0 0
15.7445 0 0
15.8617 0 0
15.9789 0 0
16.0961 0 0
16.2132 0 0
16.3304 0 0
16.4475 0 0
16.5646 0 0
16.6816 0 0
16.7986 0 0
16.9156 0 0
17.0326 0 0
17.1496 0 0
17.2665 0 0
17.3833 0 0
17.5002 0 0
17.617 0 0
17.7338 0 0
17.8505 0 0
17.9672 0 0
18.0839 0 0
18.2005 0 0
18.3171 0 0
18.4337 0 0
18.5502 0 0
18.6666 0 0
18.7831 0 0
18.8994 0 0
19.0158 0 0
19.1321 0 0
19.2483 0 0
19.3645 0 0
19.4806 0 0
19.5967 0 0
19.7128 0 0
19.8288 0 0
19.9447 0 0
20.0606 0 1
20.1764 0 1
20.2922 0 1
20.4079 0 1
20.5236 0 1
20.6392 0 1
20.7548 0 1
20.8702 0 1
23.3078 0 1
23.4233 0 1
23.539 0 1
23.6547 0 1
23.7704 0 1
23.8862 0 1
24.0021 0 1
24.118 0 1
24.234 0 1
24.35 0 1
24.4661 917 30.282
24.5822 969 31.1288
24.6984 983 31.3528
24.8146 986 31.4006
24.9309 921 30.348
25.0472 992 31.496
25.1636 993 31.5119
25.28 1055 32.4808
25.3965 1008 31.749
25.513 1038 32.218
25.6296 1027 32.0468
25.7462 1087 32.9697
25.8628 1038 32.218
25.9795 1080 32.8634
26.0962 1092 33.0454
26.213 1091 33.0303
26.3298 1042 32.28
26.4466 1054 32.4654
26.5635 1020 31.9374
26.6804 1085 32.9393
26.7973 934 30.5614
26.9143 935 30.5778
27.0313 877 29.6142
27.1483 898 29.9666
27.2653 970 31.1448
27.3824 1040 32.249
27.4996 992 31.496
27.6167 966 31.0805
27.7339 932 30.5287
27.8511 972 31.1769
27.9683 869 29.4788
28.0855 870 29.4958
28.2028 918 30.2985
28.3201 906 30.0998
28.4374 863 29.3769
28.5547 907 30.1164
28.6721 931 30.5123
28.7894 984 31.3688
28.9068 987 31.4166
29.0242 1020 31.9374
29.1416 1027 32.0468
29.259 1001 31.6386
29.3764 1063 32.6037
29.4939 983 31.3528
29.6113 955 30.9031
29.7288 991 31.4802
29.8463 986 31.4006
29.9638 989 31.4484
30.0812 916 30.2655
30.1987 1037 32.2025
30.3162 943 30.7083
30.4337 886 29.7658
30.5512 887 29.7825
30.6687 862 29.3598
30.7862 865 29.4109
30.9037 846 29.0861
31.0212 937 30.6105
31.1387 926 30.4302
31.2562 890 29.8329
31.3737 915 30.249
31.4912 877 29.6142
31.6087 864 29.3939
31.7262 877 29.6142
31.8436 928 30.4631
31.9611 845 29.0689
32.0785 921 30.348
32.1959 955 30.9031
32.3134 905 30.0832
32.4308 1005 31.7017
32.5482 963 31.0322
32.6655 989 31.4484
32.7829 972 31.1769
32.9002 1011 31.7962
33.0176 975 31.225
33.1349 1002 31.6544
33.2522 980 31.305
33.3694 1020 31.9374
33.4867 937 30.6105
33.6039 949 30.8058
33.7211 964 31.0483
33.8383 908 30.133
33.9554 928 30.4631
34.0725 861 29.3428
34.1896 857 29.2746
34.3067 738 27.1662
34.4237 843 29.0345
34.5407 869 29.4788
34.6577 851 29.1719
34.7746 878 29.6311
34.8915 858 29.2916
35.0084 812 28.4956
35.1252 866 29.4279
35.242 831 28.8271
35.3587 862 29.3598
35.4755 810 28.4605
35.5921 917 30.282
35.7088 869 29.4788
35.8254 942 30.692
35.9419 945 30.7409
36.0584 910 30.1662
36.1749 919 30.315
36.2913 991 31.4802
36.4077 983 31.3528
36.524 957 30.9354
36.6403 954 30.8869
36.7565 930 30.4959
36.8727 947 30.7734
36.9889 918 30.2985
37.1049 914 30.2324
37.221 0 1
37.3369 0 1
37.4529 0 1
37.5687 0 1
37.6845 0 1
37.8003 0 1
37.916 0 1
38.0316 0 1
38.1472 0 1
40.5851 0 1
40.7008 0 1
40.8164 0 1
40.9322 0 1
41.048 0 1
41.1639 0 1
41.2798 0 1
41.3958 0 1
41.5118 0 1
41.6279 0 1
41.744 730 27.0185
41.8602 814 28.5307
41.9765 780 27.9285
42.0928 762 27.6043
42.2091 797 28.2312
42.3255 739 27.1846
42.4419 773 27.8029
42.5584 804 28.3549
42.675 816 28.5657
42.7915 745 27.2947
42.9081 780 27.9285
43.0248 744 27.2764
43.1415 644 25.3772
43.2582 698 26.4197
43.375 742 27.2397
43.4918 708 26.6083
43.6087 720 26.8328
43.7256 666 25.807
43.8425 635 25.1992
43.9595 714 26.7208
44.0765 641 25.318
44.1935 646 25.4165
44.3106 678 26.0384
44.4277 734 27.0924
44.5448 745 27.2947
44.6619 744 27.2764
44.7791 686 26.1916
44.8963 628 25.0599
45.0136 684 26.1534
45.1308 705 26.5518
45.2481 694 26.3439
45.3654 683 26.1343
45.4827 706 26.5707
45.6001 667 25.8263
45.7174 635 25.1992
45.8348 670 25.8844
45.9522 617 24.8395
46.0697 605 24.5967
46.1871 668 25.8457
46.3046 645 25.3969
46.422 626 25.02
46.5395 650 25.4951
46.657 593 24.3516
46.7745 495 22.2486
46.892 502 22.4054
47.0096 507 22.5167
47.1271 584 24.1661
47.2446 573 23.9374
47.3622 556 23.5797
47.4797 515 22.6936
47.5973 509 22.561
47.7149 471 21.7025
47.8324 524 22.891
47.95 512 22.6274
48.0675 541 23.2594
48.1851 527 22.9565
48.3027 563 23.7276
48.4202 547 23.388
48.5378 491 22.1585
48.6554 519 22.7816
48.7729 537 23.1733
48.8904 516 22.7156
49.008 536 23.1517
49.1255 536 23.1517
49.243 529 23
49.3605 521 22.8254
49.478 501 22.383
49.5955 570 23.8747
49.713 523 22.8692
49.8304 561 23.6854
49.9479 542 23.2809
50.0653 534 23.1084
50.1827 529 23
50.3001 465 21.5639
50.4175 484 22
50.5348 478 21.8632
50.6521 516 22.7156
50.7694 574 23.9583
50.8867 550 23.4521
51.004 544 23.3238
51.1212 536 23.1517
51.2384 628 25.0599
51.3556 596 24.4131
51.4727 584 24.1661
51.5899 664 25.7682
51.707 650 25.4951
51.824 652 25.5343
51.9411 720 26.8328
52.0581 705 26.5518
52.175 708 26.6083
52.2919 714 26.7208
52.4088 708 26.6083
52.5257 683 26.1343
52.6425 657 25.632
52.7593 654 25.5734
52.876 719 26.8142
52.9927 724 26.9072
53.1094 745 27.2947
53.226 764 27.6405
53.3426 733 27.074
53.4591 711 26.6646
53.5756 777 27.8747
53.692 785 28.0179
53.8084 656 25.6125
53.9248 599 24.4745
54.0411 647 25.4362
54.1573 607 24.6374
54.2735 0 1
54.3896 0 1
54.5057 0 1
54.6217 0 1
54.7377 0 1
54.8537 0 1
54.9695 0 1
55.0853 0 1
55.2011 0 1
55.3168 0 1
55.4324 0 1
57.824 0 1
57.9396 0 1
58.0553 0 1
58.1711 0 1
58.2869 0 1
58.4028 0 1
58.5187 0 1
58.6347 0 1
58.7508 0 1
58.8669 0 1
58.983 741 27.2213
59.0992 729 27
59.2155 689 26.2488
59.3318 753 27.4408
59.4482 760 27.5681
59.5646 740 27.2029
59.681 749 27.3679
59.7975 791 28.1247
59.9141 808 28.4253
60.0306 789 28.0891
60.1473 781 27.9464
60.2639 790 28.1069
60.3807 858 29.2916
60.4974 756 27.4955
60.6142 783 27.9821
60.731 793 28.1603
60.8479 746 27.313
60.9648 787 28.0535
61.0818 748 27.3496
61.1987 802 28.3196
61.3158 751 27.4044
61.4328 739 27.1846
61.5499 736 27.1293
61.667 762 27.6043
61.7841 724 26.9072
61.9013 779 27.9106
62.0185 758 27.5318
62.1357 754 27.4591
62.253 690 26.2679
62.3702 687 26.2107
62.4875 712 26.6833
62.6049 672 25.923
62.7222 593 24.3516
62.8396 698 26.4197
62.9569 641 25.318
63.0743 682 26.1151
63.1918 666 25.807
63.3092 680 26.0768
63.4267 683 26.1343
63.5441 750 27.3861
63.6616 664 25.7682
63.7791 735 27.1109
63.8966 730 27.0185
64.0142 667 25.8263
64.1317 698 26.4197
64.2492 676 26
64.3668 681 26.096
64.4843 691 26.2869
64.6019 703 26.5141
64.7195 645 25.3969
64.837 665 25.7876
64.9546 660 25.6905
65.0722 644 25.3772
65.1898 650 25.4951
65.3074 674 25.9615
65.4249 669 25.865
65.5425 639 25.2784
65.6601 671 25.9037
65.7777 618 24.8596
65.8952 627 25.04
66.0128 660 25.6905
66.1304 617 24.8395
66.2479 549 23.4307
66.3655 530 23.0217
66.483 520 22.8035
66.6005 557 23.6008
66.718 569 23.8537
66.8355 582 24.1247
66.953 648 25.4558
67.0705 599 24.4745
67.1879 619 24.8797
67.3054 612 24.7386
67.4228 628 25.0599
67.5402 619 24.8797
67.6576 621 24.9199
67.7749 595 24.3926
67.8923 640 25.2982
68.0096 565 23.7697
68.1269 601 24.5153
68.2442 613 24.7588
68.3614 611 24.7184
68.4787 591 24.3105
68.5958 611 24.7184
68.713 596 24.4131
68.8302 581 24.1039
68.9473 556 23.5797
69.0643 576 24
69.1814 573 23.9374
69.2984 543 23.3024
69.4154 562 23.7065
69.5323 614 24.779
69.6492 534 23.1084
69.7661 615 24.7992
69.8829 544 23.3238
69.9997 491 22.1585
70.1165 508 22.5389
70.2332 501 22.383
70.3499 507 22.5167
70.4665 553 23.516
70.5831 573 23.9374
70.6996 559 23.6432
70.8161 522 22.8473
70.9326 572 23.9165
71.049 572 23.9165
71.1653 520 22.8035
71.2817 530 23.0217
71.3979 490 22.1359
71.5141 550 23.4521
71.6303 458 21.4009
71.7464 464 21.5407
71.8624 0 1
71.9784 0 1
72.0944 0 1
72.2102 0 1
72.3261 0 1
72.4418 0 1
72.5575 0 1
72.6732 0 1
75.1054 0 1
75.2209 0 1
75.3365 0 1
75.4521 0 1
75.5678 0 1
75.6835 0 1
75.7993 0 1
75.9151 0 1
76.031 0 1
76.147 387 19.6723
76.263 480 21.9089
76.3791 432 20.7846
76.4952 417 20.4206
76.6113 400 20
76.7276 413 20.3224
76.8438 397 19.9249
76.9601 385 19.6214
77.0765 411 20.2731
77.1929 403 20.0749
77.3093 415 20.3715
77.4258 407 20.1742
77.5423 391 19.7737
77.6589 386 19.6469
77.7755 396 19.8997
77.8921 408 20.199
78.0088 388 19.6977
78.1256 365 19.105
78.2423 369 19.2094
78.3591 347 18.6279
78.4759 344 18.5472
78.5928 342 18.4932
78.7097 367 19.1572
78.8266 380 19.4936
78.9436 292 17.088
79.0606 312 17.6635
79.1776 246 15.6844
79.2946 237 15.3948
79.4117 320 17.8885
79.5288 313 17.6918
79.6459 299 17.2916
79.7631 302 17.3781
79.8802 322 17.9444
79.9974 277 16.6433
80.1147 318 17.8326
80.2319 287 16.9411
80.3491 280 16.7332
80.4664 266 16.3095
80.5837 252 15.8745
80.701 266 16.3095
80.8183 275 16.5831
80.9357 226 15.0333
81.053 231 15.1987
81.1704 210 14.4914
81.2877 216 14.6969
81.4051 217 14.7309
81.5225 216 14.6969
81.6399 216 14.6969
81.7573 213 14.5945
81.8747 185 13.6015
81.9922 190 13.784
82.1096 194 13.9284
82.227 173 13.1529
82.3444 170 13.0384
82.4619 177 13.3041
82.5793 153 12.3693
82.6967 177 13.3041
82.8142 131 11.4455
82.9316 133 11.5326
83.049 125 11.1803
83.1664 120 10.9545
83.2838 132 11.4891
83.4012 136 11.6619
83.5186 103 10.1489
83.636 101 10.0499
83.7534 125 11.1803
83.8708 104 10.198
83.9881 101 10.0499
84.1055 102 10.0995
84.2228 106 10.2956
84.3401 94 9.69536
84.4575 98 9.89949
84.5747 100 10
84.692 93 9.64365
84.8093 96 9.79796
84.9265 78 8.83176
85.0437 89 9.43398
85.1609 73 8.544
85.2781 83 9.11043
85.3952 74 8.60233
85.5123 80 8.94427
85.6294 69 8.30662
85.7465 80 8.94427
85.8636 74 8.60233
85.9806 70 8.3666
86.0976 75 8.66025
86.2145 72 8.48528
86.3315 58 7.61577
86.4484 86 9.27362
86.5652 96 9.79796
86.682 109 10.4403
86.7988 99 9.94987
86.9156 99 9.94987
87.0323 87 9.32738
87.149 110 10.4881
87.2657 107 10.3441
87.3823 97 9.84886
87.4988 100 10
87.6154 127 11.2694
87.7318 126 11.225
87.8483 121 11
87.9647 131 11.4455
88.081 166 12.8841
88.1973 173 13.1529
88.3136 163 12.7671
88.4298 151 12.2882
88.546 192 13.8564
88.6621 187 13.6748
88.7781 175 13.2288
88.8942 0 1
89.0101 0 1
89.126 0 1
89.2419 0 1
89.3577 0 1
89.4734 0 1
89.5891 0 1
89.7047 0 1
89.8203 0 1
89.9358 0 1
92.3269 0 1
92.4424 0 1
92.558 0 1
92.6736 0 1
92.7893 0 1
92.905 0 1
93.0208 0 1
93.1366 0 1
93.2525 0 1
93.3685 0 1
93.4845 0 1
93.6005 302 17.3781
93.7167 292 17.088
93.8328 313 17.6918
93.949 267 16.3401
94.0653 273 16.5227
94.1816 278 16.6733
94.2979 273 16.5227
94.4143 259 16.0935
94.5307 250 15.8114
94.6472 287 16.9411
94.7637 265 16.2788
94.8803 276 16.6132
94.9969 240 15.4919
95.1135 231 15.1987
95.2302 235 15.3297
95.3469 226 15.0333
95.4637 161 12.6886
95.5805 177 13.3041
95.6973 214 14.6287
95.8142 251 15.843
95.9311 301 17.3494
96.048 245 15.6525
96.1649 289 17
96.2819 270 16.4317
96.3989 277 16.6433
96.516 306 17.4929
96.633 275 16.5831
96.7501 307 17.5214
96.8673 302 17.3781
96.9844 315 17.7482
97.1016 295 17.1756
97.2188 339 18.412
97.336 339 18.412
97.4532 364 19.0788
97.5704 387 19.6723
97.6877 335 18.303
97.805 385 19.6214
97.9223 395 19.8746
98.0396 423 20.567
98.1569 442 21.0238
98.2743 391 19.7737
98.3916 404 20.0998
98.509 436 20.8806
98.6264 444 21.0713
98.7438 437 20.9045
98.8612 419 20.4695
98.9786 379 19.4679
99.096 299 17.2916
99.2134 333 18.2483
99.3308 395 19.8746
99.4482 513 22.6495
99.5656 498 22.3159
99.6831 519 22.7816
99.8005 518 22.7596
99.9179 494 22.2261
100.035 507 22.5167
100.153 540 23.2379
100.27 526 22.9347
100.388 506 22.4944
100.505 525 22.9129
100.622 567 23.8118
100.74 578 24.0416
100.857 569 23.8537
100.975 588 24.2487
101.092 578 24.0416
101.209 638 25.2587
101.327 595 24.3926
101.444 551 23.4734
101.561 600 24.4949
101.679 558 23.622
101.796 570 23.8747
101.913 564 23.7487
102.03 612 24.7386
102.148 593 24.3516
102.265 639 25.2784
102.382 602 24.5357
102.499 566 23.7908
102.616 514 22.6716
102.733 396 19.8997
102.851 526 22.9347
102.968 631 25.1197
103.085 643 25.3574
103.202 625 25
103.319 627 25.04
103.436 648 25.4558
103.552 584 24.1661
103.669 635 25.1992
103.786 600 24.4949
103.903 639 25.2784
104.02 619 24.8797
104.137 602 24.5357
104.253 641 25.318
104.37 625 25
104.487 598 24.454
104.603 609 24.6779
104.72 624 24.98
104.836 669 25.865
104.953 655 25.593
105.069 689 26.2488
105.186 644 25.3772
105.302 668 25.8457
105.418 639 25.2784
105.535 635 25.1992
105.651 656 25.6125
105.767 654 25.5734
105.883 590 24.2899
105.999 522 22.8473
106.115 0 1
106.231 0 1
106.347 0 1
106.463 0 1
106.579 0 1
106.694 0 1
106.81 0 1
106.926 0 1
107.041 0 1
107.157 0 1
109.576 0 1
109.692 0 1
109.807 0 1
109.923 0 1
110.039 0 1
110.155 0 1
110.27 0 1
110.386 0 1
110.502 0 1
110.618 516 22.7156
110.735 563 23.7276
110.851 539 23.2164
110.967 487 22.0681
111.083 478 21.8632
111.199 429 20.7123
111.316 422 20.5426
111.432 449 21.1896
111.549 480 21.9089
111.665 510 22.5832
111.782 480 21.9089
111.898 454 21.3073
112.015 477 21.8403
112.132 476 21.8174
112.248 492 22.1811
112.365 437 20.9045
112.482 467 21.6102
112.599 414 20.347
112.716 419 20.4695
112.832 423 20.567
112.949 414 20.347
113.066 458 21.4009
113.183 422 20.5426
113.3 384 19.5959
113.417 353 18.7883
113.534 415 20.3715
113.652 410 20.2485
113.769 396 19.8997
113.886 387 19.6723
114.003 399 19.975
114.12 388 19.6977
114.238 419 20.4695
114.355 373 19.3132
114.472 355 18.8414
114.589 361 19
114.707 341 18.4662
114.824 358 18.9209
114.942 340 18.4391
115.059 379 19.4679
115.176 344 18.5472
115.294 373 19.3132
115.411 360 18.9737
115.529 350 18.7083
115.646 360 18.9737
115.764 333 18.2483
115.881 356 18.868
115.999 350 18.7083
116.116 381 19.5192
116.234 368 19.1833
116.351 377 19.4165
116.469 372 19.2873
116.586 363 19.0526
116.704 380 19.4936
116.821 405 20.1246
116.939 353 18.7883
117.056 344 18.5472
117.174 384 19.5959
117.291 369 19.2094
117.409 340 18.4391
117.526 382 19.5448
117.644 365 19.105
117.761 359 18.9473
117.879 340 18.4391
117.996 273 16.5227
118.114 312 17.6635
118.231 317 17.8045
118.349 325 18.0278
118.466 334 18.2757
118.584 375 19.3649
118.701 346 18.6011
118.819 382 19.5448
118.936 370 19.2354
119.053 383 19.5704
119.171 358 18.9209
119.288 366 19.1311
119.405 361 19
119.523 351 18.735
119.64 341 18.4662
119.757 386 19.6469
119.875 359 18.9473
119.992 386 19.6469
120.109 397 19.9249
120.226 364 19.0788
120.343 380 19.4936
120.46 407 20.1742
120.578 399 19.975
120.695 389 19.7231
120.812 370 19.2354
120.929 407 20.1742
121.046 354 18.8149
121.163 408 20.199
121.279 384 19.5959
121.396 398 19.9499
121.513 329 18.1384
121.63 335 18.303
121.747 279 16.7033
121.863 278 16.6733
121.98 344 18.5472
122.097 354 18.8149
122.213 353 18.7883
122.33 373 19.3132
122.446 398 19.9499
122.563 354 18.8149
122.679 411 20.2731
122.795 406 20.1494
122.912 415 20.3715
123.028 406 20.1494
123.144 416 20.3961
123.26 379 19.4679
123.377 0 1
123.493 0 1
123.609 0 1
123.725 0 1
123.84 0 1
123.956 0 1
124.072 0 1
124.188 0 1
124.303 0 1
124.419 0 1
126.852 0 1
126.968 0 1
127.083 0 1
127.199 0 1
127.315 0 1
127.431 0 1
127.547 0 1
127.663 0 1
127.779 0 1
127.895 0 1
128.011 0 1
128.127 0 1
128.243 0 1
128.359 525 22.9129
128.476 524 22.891
128.592 530 23.0217
128.708 517 22.7376
128.825 535 23.1301
128.941 518 22.7596
129.058 495 22.2486
129.174 534 23.1084
129.291 503 22.4277
129.408 515 22.6936
129.524 530 23.0217
129.641 516 22.7156
129.758 503 22.4277
129.875 572 23.9165
129.992 569 23.8537
130.108 524 22.891
130.225 480 21.9089
130.342 491 22.1585
130.459 413 20.3224
130.576 424 20.5913
130.693 361 19
130.81 346 18.6011
130.928 357 18.8944
131.045 483 21.9773
131.162 549 23.4307
131.279 543 23.3024
131.396 552 23.4947
131.513 541 23.2594
131.631 553 23.516
131.748 565 23.7697
131.865 573 23.9374
131.983 563 23.7276
132.1 563 23.7276
132.217 578 24.0416
132.335 534 23.1084
132.452 539 23.2164
132.57 563 23.7276
132.687 568 23.8328
132.804 580 24.0832
132.922 592 24.3311
133.039 512 22.6274
133.157 563 23.7276
133.274 566 23.7908
133.392 558 23.622
133.509 558 23.622
133.627 575 23.9792
133.744 546 23.3666
133.862 532 23.0651
133.979 483 21.9773
134.097 492 22.1811
134.214 419 20.4695
134.332 398 19.9499
134.449 405 20.1246
134.567 471 21.7025
134.684 510 22.5832
134.802 535 23.1301
134.919 653 25.5539
135.037 598 24.454
135.154 616 24.8193
135.272 622 24.9399
135.389 607 24.6374
135.507 675 25.9808
135.624 635 25.1992
135.742 635 25.1992
135.859 634 25.1794
135.977 695 26.3629
136.094 639 25.2784
136.211 602 24.5357
136.329 651 25.5147
136.446 596 24.4131
136.564 611 24.7184
136.681 622 24.9399
136.798 631 25.1197
136.915 629 25.0799
137.033 639 25.2784
137.15 634 25.1794
137.267 636 25.219
137.384 629 25.0799
137.502 574 23.9583
137.619 535 23.1301
137.736 523 22.8692
137.853 494 22.2261
137.97 443 21.0476
138.087 482 21.9545
138.204 527 22.9565
138.321 564 23.7487
138.438 599 24.4745
138.555 667 25.8263
138.672 688 26.2298
138.788 688 26.2298
138.905 676 26
139.022 669 25.865
139.139 682 26.1151
139.255 684 26.1534
139.372 707 26.5895
139.488 668 25.8457
139.605 702 26.4953
139.721 658 25.6515
139.838 719 26.8142
139.954 690 26.2679
140.071 749 27.3679
140.187 681 26.096
140.303 666 25.807
140.419 659 25.671
140.535 736 27.1293
140.652 697 26.4008
140.768 0 1
140.884 0 1
141 0 1
141.115 0 1
141.231 0 1
141.347 0 1
141.463 0 1
141.578 0 1
141.694 0 1
144.104 0 1
144.219 0 1
144.335 0 1
144.45 0 1
144.566 0 1
144.682 0 1
144.798 0 1
144.914 0 1
145.03 0 1
145.146 656 25.6125
145.262 695 26.3629
145.378 689 26.2488
145.494 692 26.3059
145.61 642 25.3377
145.726 604 24.5764
145.842 630 25.0998
145.959 580 24.0832
146.075 620 24.8998
146.192 611 24.7184
146.308 580 24.0832
146.425 555 23.5584
146.541 519 22.7816
146.658 504 22.4499
146.774 548 23.4094
146.891 545 23.3452
147.008 594 24.3721
147.125 631 25.1197
147.241 634 25.1794
147.358 635 25.1992
147.475 631 25.1197
147.592 610 24.6982
147.709 725 26.9258
147.826 621 24.9199
147.943 671 25.9037
148.06 614 24.779
148.177 679 26.0576
148.294 727 26.9629
148.411 695 26.3629
148.528 643 25.3574
148.645 706 26.5707
148.762 675 25.9808
148.88 642 25.3377
148.997 630 25.0998
149.114 690 26.2679
149.231 621 24.9199
149.349 681 26.096
149.466 614 24.779
149.583 632 25.1396
149.701 627 25.04
149.818 574 23.9583
149.935 578 24.0416
150.053 569 23.8537
150.17 545 23.3452
150.287 523 22.8692
150.405 533 23.0868
150.522 541 23.2594
150.64 605 24.5967
150.757 583 24.1454
150.875 623 24.96
150.992 643 25.3574
151.11 646 25.4165
151.227 709 26.6271
151.344 664 25.7682
151.462 678 26.0384
151.579 693 26.3249
151.697 686 26.1916
151.814 694 26.3439
151.932 655 25.593
152.049 649 25.4755
152.167 672 25.923
152.284 731 27.037
152.402 649 25.4755
152.519 696 26.3818
152.636 692 26.3059
152.754 709 26.6271
152.871 637 25.2389
152.989 665 25.7876
153.106 683 26.1343
153.223 634 25.1794
153.341 573 23.9374
153.458 617 24.8395
153.575 623 24.96
153.693 584 24.1661
153.81 614 24.779
153.927 607 24.6374
154.044 566 23.7908
154.162 599 24.4745
154.279 639 25.2784
154.396 660 25.6905
154.513 716 26.7582
154.63 707 26.5895
154.747 691 26.2869
154.864 731 27.037
154.981 686 26.1916
155.098 680 26.0768
155.215 684 26.1534
155.332 745 27.2947
155.449 681 26.096
155.566 732 27.0555
155.683 718 26.7955
155.8 658 25.6515
155.917 692 26.3059
156.033 745 27.2947
156.15 0 1
156.267 0 1
156.383 0 1
156.5 0 1
156.617 0 1
156.733 0 1
156.85 0 1
156.966 0 1
157.082 0 1
157.199 0 1
157.315 0 1
157.431 0 1
157.547 0 1
157.664 0 1
157.78 0 1
157.896 0 1
158.012 0 1
158.128 0 1
158.244 0 1
158.359 0 1
158.475 0 1
158.591 0 1
158.706 0 1
