
6.15755 0 1
6.2731 0 1
6.3887 0 1
6.50437 0 1
6.62009 0 1
6.73587 0 1
6.8517 0 1
6.96759 0 1
7.08353 0 1
7.19952 0 1
7.31557 0 1
7.43166 0 1
7.54781 0 1
7.664 0 1
7.78024 0 1
7.89653 0 1
8.01286 0 1
8.12924 0 1
8.24567 0 1
8.36213 0 1
8.47864 0 1
8.59519 0 1
8.71178 0 1
8.82841 0 1
8.94508 0 1
9.06179 0 1
9.17853 0 1
9.29531 0 1
9.41212 0 1
9.52897 0 1
9.64584 0 1
9.76276 0 1
9.8797 0 1
9.99667 0 1
10.1137 0 1
10.2307 0 1
10.3478 0 1
10.4648 0 1
10.5819 0 1
10.6991 0 1
10.8162 0 1
10.9334 0 1
11.0506 0 1
11.1678 0 1
11.285 0 1
11.4023 0 1
11.5196 0 1
11.6369 0 1
11.7542 0 1
11.8715 0 1
11.9888 0 1
12.1062 0 1
12.2235 0 1
12.3409 0 1
12.4582 0 1
12.5756 0 1
12.693 0 1
12.8104 0 1
12.9278 0 1
13.0452 0 1
13.1626 0 1
13.28 0 1
13.3974 0 1
13.5149 0 1
13.6323 0 1
13.7497 0 1
13.8671 0 1
13.9845 0 1
14.1019 0 1
14.2193 0 1
14.3367 0 1
14.4541 0 1
14.5714 0 1
14.6888 0 1
14.8062 0 1
14.9235 0 1
15.0408 0 0
15.1581 0 0
15.2755 0 0
15.3927 0 0
15.51 0 0
15.6273 0 0
15.7445 0 0
15.8617 0 0
15.9789 0 0
16.0961 0 0
16.2132 0 0
16.3304 0 0
16.4475 0 0
16.5646 0 0
16.6816 0 0
16.7986 0 0
16.9156 0 0
17.0326 0 0
17.1496 0 0
17.2665 0 0
17.3833 0 0
17.5002 0 0
17.617 0 0
17.7338 0 0
17.8505 0 0
17.9672 0 0
18.0839 0 0
18.2005 0 0
18.3171 0 0
18.4337 0 0
18.5502 0 0
18.6666 0 0
18.7831 0 0
18.8994 0 0
19.0158 0 0
19.1321 0 0
19.2483 0 0
19.3645 0 0
19.4806 0 0
19.5967 0 0
19.7128 0 0
19.8288 0 0
19.9447 0 0
20.0606 0 1
20.1764 0 1
20.2922 0 1
20.4079 0 1
20.5236 0 1
20.6392 0 1
20.7548 0 1
20.8702 0 1
23.3078 0 1
23.4233 0 1
23.539 0 1
23.6547 0 1
23.7704 0 1
23.8862 0 1
24.0021 0 1
24.118 0 1
24.234 0 1
24.35 0 1
24.4661 3575 59.7913
24.5822 3703 60.8523
24.6984 3838 61.9516
24.8146 3768 61.384
24.9309 3949 62.8411
25.0472 3914 62.562
25.1636 3891 62.3779
25.28 3998 63.2297
25.3965 4117 64.1639
25.513 4033 63.5059
25.6296 3952 62.8649
25.7462 4087 63.9296
25.8628 3892 62.3859
25.9795 3716 60.959
26.0962 3747 61.2127
26.213 3790 61.563
26.3298 3658 60.4814
26.4466 3692 60.7618
26.5635 3647 60.3904
26.6804 3582 59.8498
26.7973 3478 58.9746
26.9143 3519 59.3212
27.0313 3202 56.5862
27.1483 3239 56.9122
27.2653 3140 56.0357
27.3824 3123 55.8838
27.4996 3229 56.8243
27.6167 3418 58.4637
27.7339 3461 58.8303
27.8511 3644 60.3656
27.9683 3811 61.7333
28.0855 3881 62.2977
28.2028 3915 62.57
28.3201 3790 61.563
28.4374 3874 62.2415
28.5547 3767 61.3759
28.6721 3804 61.6766
28.7894 3825 61.8466
28.9068 3721 61
29.0242 3533 59.439
29.1416 3560 59.6657
29.259 3622 60.1831
29.3764 3439 58.643
29.4939 3538 59.4811
29.6113 3567 59.7244
29.7288 3513 59.2706
29.8463 3451 58.7452
29.9638 3553 59.607
30.0812 3551 59.5903
30.1987 3465 58.8643
30.3162 3562 59.6825
30.4337 3423 58.5064
30.5512 3338 57.7754
30.6687 3238 56.9034
30.7862 3203 56.5951
30.9037 3185 56.4358
31.0212 3329 57.6975
31.1387 3570 59.7495
31.2562 3921 62.6179
31.3737 3844 62
31.4912 3970 63.0079
31.6087 3935 62.7296
31.7262 3868 62.1932
31.8436 3715 60.9508
31.9611 3820 61.8061
32.0785 3788 61.5467
32.1959 3740 61.1555
32.3134 3579 59.8247
32.4308 3476 58.9576
32.5482 3521 59.338
32.6655 3478 58.9746
32.7829 3367 58.0259
32.9002 3401 58.3181
33.0176 3355 57.9224
33.1349 3341 57.8014
33.2522 3397 58.2838
33.3694 3382 58.155
33.4867 3372 58.0689
33.6039 3377 58.112
33.7211 3391 58.2323
33.8383 3419 58.4722
33.9554 3615 60.1249
34.0725 3543 59.5231
34.1896 3533 59.439
34.3067 3437 58.6259
34.4237 3243 56.9473
34.5407 3204 56.6039
34.6577 3196 56.5332
34.7746 3408 58.3781
34.8915 3498 59.1439
35.0084 3515 59.2874
35.1252 3532 59.4306
35.242 3463 58.8473
35.3587 3579 59.8247
35.4755 3441 58.66
35.5921 3450 58.7367
35.7088 3414 58.4294
35.8254 3309 57.5239
35.9419 3439 58.643
36.0584 3384 58.1722
36.1749 3295 57.4021
36.2913 3348 57.8619
36.4077 3363 57.9914
36.524 3254 57.0438
36.6403 3202 56.5862
36.7565 3184 56.4269
36.8727 3283 57.2975
36.9889 3253 57.0351
37.1049 3278 57.2538
37.221 0 1
37.3369 0 1
37.4529 0 1
37.5687 0 1
37.6845 0 1
37.8003 0 1
37.916 0 1
38.0316 0 1
38.1472 0 1
40.5851 0 1
40.7008 0 1
40.8164 0 1
40.9322 0 1
41.048 0 1
41.1639 0 1
41.2798 0 1
41.3958 0 1
41.5118 0 1
41.6279 0 1
41.744 2751 52.45
41.8602 2922 54.0555
41.9765 3006 54.827
42.0928 2928 54.111
42.2091 3020 54.9545
42.3255 2953 54.3415
42.4419 2971 54.5069
42.5584 2942 54.2402
42.675 2941 54.231
42.7915 2914 53.9815
42.9081 2811 53.0189
43.0248 2793 52.8488
43.1415 2574 50.7346
43.2582 2368 48.6621
43.375 2364 48.621
43.4918 2529 50.2892
43.6087 2557 50.5668
43.7256 2682 51.788
43.8425 2617 51.1566
43.9595 2739 52.3355
44.0765 2767 52.6023
44.1935 2690 51.8652
44.3106 2762 52.5547
44.4277 2738 52.3259
44.5448 2661 51.5849
44.6619 2670 51.672
44.7791 2584 50.8331
44.8963 2631 51.2933
45.0136 2533 50.3289
45.1308 2632 51.303
45.2481 2621 51.1957
45.3654 2630 51.2835
45.4827 2565 50.6458
45.6001 2588 50.8724
45.7174 2489 49.8899
45.8348 2503 50.03
45.9522 2463 49.6286
46.0697 2381 48.7955
46.1871 2302 47.9792
46.3046 2309 48.0521
46.422 2339 48.3632
46.5395 2103 45.8585
46.657 2106 45.8912
46.7745 1894 43.5201
46.892 1768 42.0476
47.0096 1844 42.9418
47.1271 1925 43.8748
47.2446 1954 44.2041
47.3622 1924 43.8634
47.4797 1951 44.1701
47.5973 1972 44.4072
47.7149 1970 44.3847
47.8324 1929 43.9204
47.95 1898 43.566
48.0675 1962 44.2945
48.1851 1964 44.317
48.3027 1927 43.8976
48.4202 1880 43.359
48.5378 1926 43.8862
48.6554 1967 44.3509
48.7729 2020 44.9444
48.8904 1989 44.5982
49.008 2013 44.8665
49.1255 2029 45.0444
49.243 1988 44.587
49.3605 1955 44.2154
49.478 1973 44.4185
49.5955 2052 45.299
49.713 2057 45.3542
49.8304 2137 46.2277
49.9479 2166 46.5403
50.0653 2040 45.1664
50.1827 2010 44.833
50.3001 1883 43.3935
50.4175 1670 40.8656
50.5348 1666 40.8167
50.6521 1977 44.4635
50.7694 2180 46.6905
50.8867 2326 48.2286
51.004 2312 48.0833
51.1212 2396 48.949
51.2384 2432 49.3153
51.3556 2516 50.1597
51.4727 2538 50.3786
51.5899 2601 51
51.707 2696 51.923
51.824 2670 51.672
51.9411 2681 51.7784
52.0581 2716 52.1153
52.175 2750 52.4404
52.2919 2738 52.3259
52.4088 2695 51.9134
52.5257 2801 52.9245
52.6425 2865 53.5257
52.7593 2763 52.5642
52.876 2895 53.8052
52.9927 2895 53.8052
53.1094 2782 52.7447
53.226 2932 54.1479
53.3426 2892 53.7773
53.4591 2837 53.2635
53.5756 2889 53.7494
53.692 2822 53.1225
53.8084 2781 52.7352
53.9248 2563 50.6261
54.0411 2364 48.621
54.1573 2196 46.8615
54.2735 0 1
54.3896 0 1
54.5057 0 1
54.6217 0 1
54.7377 0 1
54.8537 0 1
54.9695 0 1
55.0853 0 1
55.2011 0 1
55.3168 0 1
55.4324 0 1
57.824 0 1
57.9396 0 1
58.0553 0 1
58.1711 0 1
58.2869 0 1
58.4028 0 1
58.5187 0 1
58.6347 0 1
58.7508 0 1
58.8669 0 1
58.983 3172 56.3205
59.0992 2851 53.3948
59.2155 2791 52.8299
59.3318 2785 52.7731
59.4482 2929 54.1202
59.5646 3093 55.6147
59.681 3261 57.1052
59.7975 3329 57.6975
59.9141 3514 59.279
60.0306 3456 58.7878
60.1473 3453 58.7622
60.2639 3506 59.2115
60.3807 3419 58.4722
60.4974 3510 59.2453
60.6142 3454 58.7707
60.731 3489 59.0678
60.8479 3443 58.6771
60.9648 3510 59.2453
61.0818 3520 59.3296
61.1987 3522 59.3464
61.3158 3573 59.7746
61.4328 3426 58.532
61.5499 3456 58.7878
61.667 3393 58.2495
61.7841 3398 58.2924
61.9013 3341 57.8014
62.0185 3395 58.2666
62.1357 3308 57.5152
62.253 3329 57.6975
62.3702 3261 57.1052
62.4875 3025 55
62.6049 2841 53.301
62.7222 2759 52.5262
62.8396 3014 54.8999
62.9569 3047 55.1996
63.0743 3145 56.0803
63.1918 3208 56.6392
63.3092 3230 56.8331
63.4267 3323 57.6455
63.5441 3338 57.7754
63.6616 3375 58.0948
63.7791 3271 57.1927
63.8966 3235 56.8771
64.0142 3240 56.921
64.1317 3255 57.0526
64.2492 3427 58.5406
64.3668 3284 57.3062
64.4843 3294 57.3934
64.6019 3376 58.1034
64.7195 3501 59.1692
64.837 3328 57.6888
64.9546 3240 56.921
65.0722 3297 57.4195
65.1898 3243 56.9473
65.3074 3326 57.6715
65.4249 3262 57.1139
65.5425 3384 58.1722
65.6601 3263 57.1227
65.7777 3256 57.0614
65.8952 3131 55.9553
66.0128 3069 55.3986
66.1304 2883 53.6936
66.2479 2697 51.9326
66.3655 2669 51.6624
66.483 2749 52.4309
66.6005 2974 54.5344
66.718 3016 54.9181
66.8355 3019 54.9454
66.953 3172 56.3205
67.0705 3130 55.9464
67.1879 3199 56.5597
67.3054 3225 56.7891
67.4228 3216 56.7098
67.5402 3163 56.2406
67.6576 3291 57.3672
67.7749 3297 57.4195
67.8923 3381 58.1464
68.0096 3318 57.6021
68.1269 3189 56.4712
68.2442 3355 57.9224
68.3614 3325 57.6628
68.4787 3275 57.2276
68.5958 3443 58.6771
68.713 3311 57.5413
68.8302 3234 56.8683
68.9473 3315 57.576
69.0643 3327 57.6802
69.1814 3236 56.8859
69.2984 3261 57.1052
69.4154 3196 56.5332
69.5323 3272 57.2014
69.6492 3231 56.8419
69.7661 2950 54.3139
69.8829 2787 52.792
69.9997 2762 52.5547
70.1165 2823 53.1319
70.2332 2960 54.4059
70.3499 3022 54.9727
70.4665 3084 55.5338
70.5831 3059 55.3082
70.6996 3262 57.1139
70.8161 3280 57.2713
70.9326 3295 57.4021
71.049 3265 57.1402
71.1653 3205 56.6127
71.2817 3253 57.0351
71.3979 3220 56.745
71.5141 3217 56.7186
71.6303 3070 55.4076
71.7464 2918 54.0185
71.8624 0 1
71.9784 0 1
72.0944 0 1
72.2102 0 1
72.3261 0 1
72.4418 0 1
72.5575 0 1
72.6732 0 1
75.1054 0 1
75.2209 0 1
75.3365 0 1
75.4521 0 1
75.5678 0 1
75.6835 0 1
75.7993 0 1
75.9151 0 1
76.031 0 1
76.147 2879 53.6563
76.263 3068 55.3895
76.3791 3149 56.116
76.4952 3101 55.6866
76.6113 3232 56.8507
76.7276 3233 56.8595
76.8438 3116 55.8211
76.9601 3285 57.3149
77.0765 3271 57.1927
77.1929 3205 56.6127
77.3093 3382 58.155
77.4258 3242 56.9386
77.5423 3235 56.8771
77.6589 3316 57.5847
77.7755 3298 57.4282
77.8921 3216 56.7098
78.0088 3284 57.3062
78.1256 3204 56.6039
78.2423 3309 57.5239
78.3591 3252 57.0263
78.4759 3234 56.8683
78.5928 3167 56.2761
78.7097 3131 55.9553
78.8266 3039 55.1271
78.9436 2559 50.5866
79.0606 2326 48.2286
79.1776 2370 48.6826
79.2946 2663 51.6043
79.4117 2935 54.1756
79.5288 2940 54.2218
79.6459 3128 55.9285
79.7631 3186 56.4447
79.8802 3157 56.1872
79.9974 3208 56.6392
80.1147 3224 56.7803
80.2319 3255 57.0526
80.3491 3135 55.9911
80.4664 3252 57.0263
80.5837 3215 56.701
80.701 3248 56.9912
80.8183 3326 57.6715
80.9357 3280 57.2713
81.053 3259 57.0877
81.1704 3354 57.9137
81.2877 3207 56.6304
81.4051 3258 57.0789
81.5225 3220 56.745
81.6399 3162 56.2317
81.7573 3260 57.0964
81.8747 3153 56.1516
81.9922 3233 56.8595
82.1096 3166 56.2672
82.227 3154 56.1605
82.3444 3096 55.6417
82.4619 2955 54.3599
82.5793 2742 52.3641
82.6967 2613 51.1175
82.8142 2455 49.548
82.9316 2515 50.1498
83.049 2777 52.6972
83.1664 2852 53.4041
83.2838 2893 53.7866
83.4012 3015 54.909
83.5186 3022 54.9727
83.636 3193 56.5066
83.7534 3249 57
83.8708 3074 55.4437
83.9881 3120 55.857
84.1055 3119 55.848
84.2228 3052 55.2449
84.3401 3061 55.3263
84.4575 3022 54.9727
84.5747 3218 56.7274
84.692 3265 57.1402
84.8093 3136 56
84.9265 3219 56.7362
85.0437 3198 56.5509
85.1609 3193 56.5066
85.2781 3185 56.4358
85.3952 3170 56.3028
85.5123 3114 55.8032
85.6294 3050 55.2268
85.7465 3171 56.3116
85.8636 3128 55.9285
85.9806 3091 55.5968
86.0976 2948 54.2955
86.2145 2658 51.5558
86.3315 2426 49.2544
86.4484 2732 52.2685
86.5652 2897 53.8238
86.682 2973 54.5252
86.7988 3088 55.5698
86.9156 3033 55.0727
87.0323 3076 55.4617
87.149 3171 56.3116
87.2657 3161 56.2228
87.3823 3287 57.3324
87.4988 3221 56.7539
87.6154 3340 57.7927
87.7318 3316 57.5847
87.8483 3307 57.5065
87.9647 3500 59.1608
88.081 3348 57.8619
88.1973 3446 58.7026
88.3136 3490 59.0762
88.4298 3415 58.438
88.546 3347 57.8533
88.6621 3408 58.3781
88.7781 3306 57.4978
88.8942 0 1
89.0101 0 1
89.126 0 1
89.2419 0 1
89.3577 0 1
89.4734 0 1
89.5891 0 1
89.7047 0 1
89.8203 0 1
89.9358 0 1
92.3269 0 1
92.4424 0 1
92.558 0 1
92.6736 0 1
92.7893 0 1
92.905 0 1
93.0208 0 1
93.1366 0 1
93.2525 0 1
93.3685 0 1
93.4845 0 1
93.6005 3332 57.7235
93.7167 3386 58.1893
93.8328 3261 57.1052
93.949 3387 58.1979
94.0653 3388 58.2065
94.1816 3249 57
94.2979 3382 58.155
94.4143 3296 57.4108
94.5307 3259 57.0877
94.6472 3229 56.8243
94.7637 3283 57.2975
94.8803 3375 58.0948
94.9969 3255 57.0526
95.1135 3263 57.1227
95.2302 3157 56.1872
95.3469 3071 55.4166
95.4637 2849 53.376
95.5805 2807 52.9811
95.6973 2815 53.0566
95.8142 3019 54.9454
95.9311 3202 56.5862
96.048 3219 56.7362
96.1649 3302 57.463
96.2819 3281 57.28
96.3989 3470 58.9067
96.516 3590 59.9166
96.633 3549 59.5735
96.7501 3538 59.4811
96.8673 3622 60.1831
96.9844 3598 59.9833
97.1016 3647 60.3904
97.2188 3691 60.7536
97.336 3760 61.3188
97.4532 3688 60.7289
97.5704 3626 60.2163
97.6877 3692 60.7618
97.805 3742 61.1719
97.9223 3650 60.4152
98.0396 3542 59.5147
98.1569 3576 59.7997
98.2743 3668 60.564
98.3916 3404 58.3438
98.509 3637 60.3075
98.6264 3587 59.8916
98.7438 3432 58.5833
98.8612 3487 59.0508
98.9786 3258 57.0789
99.096 3115 55.8122
99.2134 2969 54.4885
99.3308 3087 55.5608
99.4482 3294 57.3934
99.5656 3424 58.515
99.6831 3371 58.0603
99.8005 3476 58.9576
99.9179 3519 59.3212
100.035 3609 60.075
100.153 3546 59.5483
100.27 3663 60.5227
100.388 3640 60.3324
100.505 3668 60.564
100.622 3716 60.959
100.74 3700 60.8276
100.857 3831 61.8951
100.975 3724 61.0246
101.092 3834 61.9193
101.209 3837 61.9435
101.327 3630 60.2495
101.444 3723 61.0164
101.561 3809 61.7171
101.679 3745 61.1964
101.796 3814 61.7576
101.913 3657 60.4731
102.03 3620 60.1664
102.148 3513 59.2706
102.265 3831 61.8951
102.382 3442 58.6686
102.499 3566 59.716
102.616 3268 57.1664
102.733 3106 55.7315
102.851 3134 55.9821
102.968 3438 58.6345
103.085 3438 58.6345
103.202 3391 58.2323
103.319 3600 60
103.436 3573 59.7746
103.552 3748 61.2209
103.669 3914 62.562
103.786 3785 61.5224
103.903 3789 61.5549
104.02 3806 61.6928
104.137 3926 62.6578
104.253 3923 62.6339
104.37 3850 62.0484
104.487 4095 63.9922
104.603 3993 63.1902
104.72 3965 62.9682
104.836 3991 63.1744
104.953 3905 62.49
105.069 3827 61.8628
105.186 3848 62.0322
105.302 4036 63.5295
105.418 3914 62.562
105.535 4008 63.3088
105.651 3831 61.8951
105.767 3810 61.7252
105.883 3670 60.5805
105.999 3609 60.075
106.115 0 1
106.231 0 1
106.347 0 1
106.463 0 1
106.579 0 1
106.694 0 1
106.81 0 1
106.926 0 1
107.041 0 1
107.157 0 1
109.576 0 1
109.692 0 1
109.807 0 1
109.923 0 1
110.039 0 1
110.155 0 1
110.27 0 1
110.386 0 1
110.502 0 1
110.618 3594 59.95
110.735 3520 59.3296
110.851 3650 60.4152
110.967 3575 59.7913
111.083 3438 58.6345
111.199 3393 58.2495
111.316 3219 56.7362
111.432 3351 57.8878
111.549 3224 56.7803
111.665 3218 56.7274
111.782 3409 58.3866
111.898 3385 58.1808
112.015 3579 59.8247
112.132 3616 60.1332
112.248 3583 59.8582
112.365 3750 61.2372
112.482 3641 60.3407
112.599 3558 59.649
112.716 3600 60
112.832 3669 60.5723
112.949 3683 60.6877
113.066 3680 60.663
113.183 3680 60.663
113.3 3680 60.663
113.417 3590 59.9166
113.534 3493 59.1016
113.652 3511 59.2537
113.769 3452 58.7537
113.886 3563 59.6909
114.003 3434 58.6003
114.12 3324 57.6541
114.238 3496 59.127
114.355 3381 58.1464
114.472 3307 57.5065
114.589 3104 55.7136
114.707 3069 55.3986
114.824 2864 53.5164
114.942 2860 53.479
115.059 2998 54.754
115.176 3096 55.6417
115.294 3171 56.3116
115.411 3198 56.5509
115.529 3173 56.3294
115.646 3286 57.3236
115.764 3475 58.9491
115.881 3434 58.6003
115.999 3445 58.6941
116.116 3442 58.6686
116.234 3337 57.7668
116.351 3448 58.7197
116.469 3492 59.0931
116.586 3447 58.7112
116.704 3596 59.9667
116.821 3587 59.8916
116.939 3545 59.5399
117.056 3381 58.1464
117.174 3400 58.3095
117.291 3543 59.5231
117.409 3405 58.3524
117.526 3443 58.6771
117.644 3344 57.8273
117.761 3323 57.6455
117.879 3432 58.5833
117.996 3279 57.2626
118.114 3405 58.3524
118.231 3396 58.2752
118.349 3062 55.3353
118.466 3033 55.0727
118.584 2970 54.4977
118.701 3074 55.4437
118.819 3135 55.9911
118.936 3170 56.3028
119.053 3205 56.6127
119.171 3272 57.2014
119.288 3367 58.0259
119.405 3246 56.9737
119.523 3295 57.4021
119.64 3462 58.8388
119.757 3416 58.4466
119.875 3347 57.8533
119.992 3459 58.8133
120.109 3503 59.1861
120.226 3511 59.2537
120.343 3434 58.6003
120.46 3458 58.8048
120.578 3413 58.4209
120.695 3516 59.2959
120.812 3498 59.1439
120.929 3439 58.643
121.046 3399 58.3009
121.163 3318 57.6021
121.279 3343 57.8187
121.396 3393 58.2495
121.513 3301 57.4543
121.63 3403 58.3352
121.747 3313 57.5587
121.863 3387 58.1979
121.98 3219 56.7362
122.097 2983 54.6168
122.213 2805 52.9623
122.33 2901 53.8609
122.446 2990 54.6809
122.563 3021 54.9636
122.679 3014 54.8999
122.795 3102 55.6956
122.912 3110 55.7674
123.028 3265 57.1402
123.144 3096 55.6417
123.26 3248 56.9912
123.377 0 1
123.493 0 1
123.609 0 1
123.725 0 1
123.84 0 1
123.956 0 1
124.072 0 1
124.188 0 1
124.303 0 1
124.419 0 1
126.852 0 1
126.968 0 1
127.083 0 1
127.199 0 1
127.315 0 1
127.431 0 1
127.547 0 1
127.663 0 1
127.779 0 1
127.895 0 1
128.011 0 1
128.127 0 1
128.243 0 1
128.359 3591 59.925
128.476 3668 60.564
128.592 3705 60.8687
128.708 3809 61.7171
128.825 3766 61.3677
128.941 3808 61.709
129.058 3816 61.7738
129.174 3783 61.5061
129.291 3917 62.5859
129.408 3923 62.6339
129.524 3882 62.3057
129.641 3848 62.0322
129.758 3850 62.0484
129.875 3938 62.7535
129.992 3880 62.2896
130.108 3646 60.3821
130.225 3733 61.0983
130.342 3666 60.5475
130.459 3556 59.6322
130.576 3757 61.2944
130.693 3638 60.3158
130.81 3584 59.8665
130.928 3492 59.0931
131.045 3331 57.7148
131.162 3013 54.8908
131.279 3235 56.8771
131.396 3359 57.9569
131.513 3379 58.1292
131.631 3444 58.6856
131.748 3484 59.0254
131.865 3727 61.0492
131.983 3662 60.5145
132.1 3769 61.3922
132.217 3786 61.5305
132.335 3798 61.6279
132.452 3754 61.2699
132.57 3932 62.7057
132.687 3764 61.3514
132.804 4144 64.3739
132.922 3801 61.6523
133.039 3799 61.636
133.157 3770 61.4003
133.274 3759 61.3107
133.392 3847 62.0242
133.509 3819 61.7981
133.627 3813 61.7495
133.744 3745 61.1964
133.862 3776 61.4492
133.979 3767 61.3759
134.097 3737 61.131
134.214 3755 61.2781
134.332 3669 60.5723
134.449 3610 60.0833
134.567 3456 58.7878
134.684 3293 57.3847
134.802 3172 56.3205
134.919 3362 57.9828
135.037 3296 57.4108
135.154 3453 58.7622
135.272 3542 59.5147
135.389 3564 59.6992
135.507 3758 61.3025
135.624 3979 63.0793
135.742 3732 61.0901
135.859 3866 62.1772
135.977 3882 62.3057
136.094 4004 63.2772
136.211 3888 62.3538
136.329 4005 63.2851
136.446 3879 62.2816
136.564 3928 62.6738
136.681 3911 62.538
136.798 3825 61.8466
136.915 3914 62.562
137.033 3784 61.5142
137.15 3859 62.1208
137.267 3873 62.2334
137.384 3674 60.6135
137.502 3758 61.3025
137.619 3760 61.3188
137.736 3875 62.2495
137.853 3724 61.0246
137.97 3658 60.4814
138.087 3811 61.7333
138.204 3453 58.7622
138.321 3309 57.5239
138.438 3405 58.3524
138.555 3405 58.3524
138.672 3618 60.1498
138.788 3620 60.1664
138.905 3692 60.7618
139.022 3739 61.1474
139.139 3807 61.7009
139.255 3802 61.6604
139.372 3800 61.6441
139.488 3695 60.7865
139.605 3816 61.7738
139.721 3827 61.8628
139.838 3752 61.2536
139.954 3632 60.2661
140.071 3727 61.0492
140.187 3840 61.9677
140.303 3923 62.6339
140.419 3871 62.2174
140.535 3725 61.0328
140.652 3867 62.1852
140.768 0 1
140.884 0 1
141 0 1
141.115 0 1
141.231 0 1
141.347 0 1
141.463 0 1
141.578 0 1
141.694 0 1
144.104 0 1
144.219 0 1
144.335 0 1
144.45 0 1
144.566 0 1
144.682 0 1
144.798 0 1
144.914 0 1
145.03 0 1
145.146 3124 55.8928
145.262 3199 56.5597
145.378 3135 55.9911
145.494 3238 56.9034
145.61 3203 56.5951
145.726 3267 57.1577
145.842 3348 57.8619
145.959 3407 58.3695
146.075 3442 58.6686
146.192 3486 59.0424
146.308 3661 60.5062
146.425 3676 60.63
146.541 3824 61.8385
146.658 3557 59.6406
146.774 3634 60.2827
146.891 3493 59.1016
147.008 3297 57.4195
147.125 3181 56.4004
147.241 3372 58.0689
147.358 3225 56.7891
147.475 3231 56.8419
147.592 3276 57.2364
147.709 3379 58.1292
147.826 3274 57.2189
147.943 3319 57.6108
148.06 3282 57.2887
148.177 3111 55.7763
148.294 3078 55.4797
148.411 3201 56.5774
148.528 3149 56.116
148.645 2997 54.7449
148.762 3070 55.4076
148.88 3142 56.0535
148.997 2948 54.2955
149.114 3223 56.7715
149.231 3166 56.2672
149.349 3093 55.6147
149.466 3191 56.4889
149.583 3289 57.3498
149.701 3330 57.7062
149.818 3351 57.8878
149.935 3352 57.8965
150.053 3305 57.4891
150.17 3292 57.376
150.287 3365 58.0086
150.405 3149 56.116
150.522 3087 55.5608
150.64 2839 53.2823
150.757 2953 54.3415
150.875 2776 52.6878
150.992 2754 52.4786
151.11 2785 52.7731
151.227 2950 54.3139
151.344 2929 54.1202
151.462 3041 55.1453
151.579 3051 55.2359
151.697 2996 54.7357
151.814 3125 55.9017
151.932 3111 55.7763
152.049 3224 56.7803
152.167 3140 56.0357
152.284 3192 56.4978
152.402 3209 56.648
152.519 3155 56.1694
152.636 3193 56.5066
152.754 3257 57.0701
152.871 3229 56.8243
152.989 3319 57.6108
153.106 3351 57.8878
153.223 3251 57.0175
153.341 3298 57.4282
153.458 3405 58.3524
153.575 3300 57.4456
153.693 3336 57.7581
153.81 3391 58.2323
153.927 3115 55.8122
154.044 3137 56.0089
154.162 2931 54.1387
154.279 2916 54
154.396 2905 53.8981
154.513 2990 54.6809
154.63 2948 54.2955
154.747 2996 54.7357
154.864 3047 55.1996
154.981 3248 56.9912
155.098 3134 55.9821
155.215 3284 57.3062
155.332 3335 57.7495
155.449 3289 57.3498
155.566 3259 57.0877
155.683 3376 58.1034
155.8 3311 57.5413
155.917 3270 57.1839
156.033 3295 57.4021
156.15 0 1
156.267 0 1
156.383 0 1
156.5 0 1
156.617 0 1
156.733 0 1
156.85 0 1
156.966 0 1
157.082 0 1
157.199 0 1
157.315 0 1
157.431 0 1
157.547 0 1
157.664 0 1
157.78 0 1
157.896 0 1
158.012 0 1
158.128 0 1
158.244 0 1
158.359 0 1
158.475 0 1
158.591 0 1
158.706 0 1
