
6.15755 0 1
6.2731 0 1
6.3887 0 1
6.50437 0 1
6.62009 0 1
6.73587 0 1
6.8517 0 1
6.96759 0 1
7.08353 0 1
7.19952 0 1
7.31557 0 1
7.43166 0 1
7.54781 0 1
7.664 0 1
7.78024 0 1
7.89653 0 1
8.01286 0 1
8.12924 0 1
8.24567 0 1
8.36213 0 1
8.47864 0 1
8.59519 0 1
8.71178 0 1
8.82841 0 1
8.94508 0 1
9.06179 0 1
9.17853 0 1
9.29531 0 1
9.41212 0 1
9.52897 0 1
9.64584 0 1
9.76276 0 1
9.8797 0 1
9.99667 0 1
10.1137 0 1
10.2307 0 1
10.3478 0 1
10.4648 0 1
10.5819 0 1
10.6991 0 1
10.8162 0 1
10.9334 0 1
11.0506 0 1
11.1678 0 1
11.285 0 1
11.4023 0 1
11.5196 0 1
11.6369 0 1
11.7542 0 1
11.8715 0 1
11.9888 0 1
12.1062 0 1
12.2235 0 1
12.3409 0 1
12.4582 0 1
12.5756 0 1
12.693 0 1
12.8104 0 1
12.9278 0 1
13.0452 0 1
13.1626 0 1
13.28 0 1
13.3974 0 1
13.5149 0 1
13.6323 0 1
13.7497 0 1
13.8671 0 1
13.9845 0 1
14.1019 0 1
14.2193 0 1
14.3367 0 1
14.4541 0 1
14.5714 0 1
14.6888 0 1
14.8062 0 1
14.9235 0 1
15.0408 1773 42.107
15.1581 1942 44.0681
15.2755 1958 44.2493
15.3927 1931 43.9431
15.51 1948 44.1362
15.6273 1953 44.1928
15.7445 1846 42.9651
15.8617 1818 42.638
15.9789 1825 42.72
16.0961 1817 42.6263
16.2132 1908 43.6807
16.3304 1984 44.5421
16.4475 1996 44.6766
16.5646 2048 45.2548
16.6816 2117 46.0109
16.7986 2266 47.6025
16.9156 2415 49.1426
17.0326 2586 50.8527
17.1496 2580 50.7937
17.2665 2512 50.1199
17.3833 2555 50.547
17.5002 2695 51.9134
17.617 2616 51.1468
17.7338 2588 50.8724
17.8505 2667 51.643
17.9672 2704 52
18.0839 2792 52.8394
18.2005 2693 51.8941
18.3171 2681 51.7784
18.4337 2744 52.3832
18.5502 2818 53.0848
18.6666 2822 53.1225
18.7831 2802 52.9339
18.8994 2819 53.0943
19.0158 2733 52.2781
19.1321 2561 50.6063
19.2483 2558 50.5767
19.3645 2524 50.2394
19.4806 2408 49.0714
19.5967 2442 49.4166
19.7128 2373 48.7134
19.8288 2083 45.6399
19.9447 1696 41.1825
20.0606 0 1
20.1764 0 1
20.2922 0 1
20.4079 0 1
20.5236 0 1
20.6392 0 1
20.7548 0 1
20.8702 0 1
23.3078 0 1
23.4233 0 1
23.539 0 1
23.6547 0 1
23.7704 0 1
23.8862 0 1
24.0021 0 1
24.118 0 1
24.234 0 1
24.35 0 1
24.4661 2459 49.5883
24.5822 2429 49.2849
24.6984 2569 50.6853
24.8146 2528 50.2792
24.9309 2398 48.9694
25.0472 2254 47.4763
25.1636 2065 45.4423
25.28 2048 45.2548
25.3965 2120 46.0435
25.513 2226 47.1805
25.6296 2463 49.6286
25.7462 2727 52.2207
25.8628 2763 52.5642
25.9795 2894 53.7959
26.0962 3002 54.7905
26.213 2940 54.2218
26.3298 2889 53.7494
26.4466 2928 54.111
26.5635 2901 53.8609
26.6804 2936 54.1849
26.7973 2914 53.9815
26.9143 2876 53.6284
27.0313 2913 53.9722
27.1483 2857 53.4509
27.2653 2887 53.7308
27.3824 2904 53.8888
27.4996 2976 54.5527
27.6167 2876 53.6284
27.7339 2980 54.5894
27.8511 2750 52.4404
27.9683 2701 51.9711
28.0855 2603 51.0196
28.2028 2660 51.5752
28.3201 2525 50.2494
28.4374 2551 50.5074
28.5547 2356 48.5386
28.6721 2101 45.8367
28.7894 2074 45.5412
28.9068 1983 44.5309
29.0242 2078 45.5851
29.1416 2234 47.2652
29.259 2428 49.2747
29.3764 2638 51.3615
29.4939 2794 52.8583
29.6113 2851 53.3948
29.7288 2816 53.066
29.8463 2831 53.2071
29.9638 2895 53.8052
30.0812 2856 53.4416
30.1987 2924 54.074
30.3162 2912 53.963
30.4337 2933 54.1572
30.5512 2893 53.7866
30.6687 2785 52.7731
30.7862 2733 52.2781
30.9037 2792 52.8394
31.0212 2854 53.4228
31.1387 2802 52.9339
31.2562 2776 52.6878
31.3737 2710 52.0577
31.4912 2749 52.4309
31.6087 2719 52.144
31.7262 2746 52.4023
31.8436 2666 51.6333
31.9611 2656 51.5364
32.0785 2393 48.9183
32.1959 2146 46.3249
32.3134 1964 44.317
32.4308 1939 44.0341
32.5482 2097 45.793
32.6655 2187 46.7654
32.7829 2421 49.2037
32.9002 2558 50.5767
33.0176 2768 52.6118
33.1349 2626 51.2445
33.2522 2708 52.0384
33.3694 2824 53.1413
33.4867 2854 53.4228
33.6039 2753 52.469
33.7211 2783 52.7541
33.8383 2732 52.2685
33.9554 2851 53.3948
34.0725 2752 52.4595
34.1896 2719 52.144
34.3067 2688 51.8459
34.4237 2584 50.8331
34.5407 2738 52.3259
34.6577 2721 52.1632
34.7746 2787 52.792
34.8915 2773 52.6593
35.0084 2616 51.1468
35.1252 2655 51.5267
35.242 2666 51.6333
35.3587 2708 52.0384
35.4755 2700 51.9615
35.5921 2634 51.3225
35.7088 2499 49.99
35.8254 2283 47.7807
35.9419 2057 45.3542
36.0584 1927 43.8976
36.1749 1958 44.2493
36.2913 2025 45
36.4077 2120 46.0435
36.524 2283 47.7807
36.6403 2453 49.5278
36.7565 2584 50.8331
36.8727 2673 51.7011
36.9889 2705 52.0096
37.1049 2641 51.3907
37.221 0 1
37.3369 0 1
37.4529 0 1
37.5687 0 1
37.6845 0 1
37.8003 0 1
37.916 0 1
38.0316 0 1
38.1472 0 1
40.5851 0 1
40.7008 0 1
40.8164 0 1
40.9322 0 1
41.048 0 1
41.1639 0 1
41.2798 0 1
41.3958 0 1
41.5118 0 1
41.6279 0 1
41.744 1814 42.5911
41.8602 2014 44.8776
41.9765 2095 45.7712
42.0928 2170 46.5833
42.2091 2348 48.4562
42.3255 2393 48.9183
42.4419 2334 48.3115
42.5584 2319 48.156
42.675 2262 47.5605
42.7915 2187 46.7654
42.9081 2240 47.3286
43.0248 2189 46.7868
43.1415 2150 46.3681
43.2582 2166 46.5403
43.375 2167 46.551
43.4918 2192 46.8188
43.6087 2170 46.5833
43.7256 2199 46.8935
43.8425 2229 47.2123
43.9595 2157 46.4435
44.0765 2110 45.9347
44.1935 2084 45.6508
44.3106 2004 44.7661
44.4277 1881 43.3705
44.5448 1880 43.359
44.6619 1643 40.5339
44.7791 1412 37.5766
44.8963 1379 37.1349
45.0136 1409 37.5366
45.1308 1319 36.318
45.2481 1470 38.3406
45.3654 1608 40.0999
45.4827 1656 40.694
45.6001 1763 41.9881
45.7174 1762 41.9762
45.8348 1696 41.1825
45.9522 1808 42.5206
46.0697 1771 42.0833
46.1871 1697 41.1947
46.3046 1678 40.9634
46.422 1606 40.0749
46.5395 1607 40.0874
46.657 1578 39.724
46.7745 1579 39.7366
46.892 1553 39.4081
47.0096 1583 39.7869
47.1271 1600 40
47.2446 1614 40.1746
47.3622 1549 39.3573
47.4797 1456 38.1576
47.5973 1545 39.3065
47.7149 1452 38.1051
47.8324 1470 38.3406
47.95 1426 37.7624
48.0675 1347 36.7015
48.1851 1296 36
48.3027 1131 33.6303
48.4202 1016 31.8748
48.5378 1054 32.4654
48.6554 1018 31.9061
48.7729 1052 32.4345
48.8904 1161 34.0735
49.008 1307 36.1525
49.1255 1298 36.0278
49.243 1402 37.4433
49.3605 1372 37.0405
49.478 1385 37.2156
49.5955 1437 37.9078
49.713 1432 37.8418
49.8304 1364 36.9324
49.9479 1373 37.054
50.0653 1311 36.2077
50.1827 1353 36.7831
50.3001 1421 37.6962
50.4175 1399 37.4032
50.5348 1540 39.2428
50.6521 1569 39.6106
50.7694 1572 39.6485
50.8867 1657 40.7063
51.004 1701 41.2432
51.1212 1753 41.8688
51.2384 1701 41.2432
51.3556 1747 41.7971
51.4727 1710 41.3521
51.5899 1764 42
51.707 1650 40.6202
51.824 1422 37.7094
51.9411 1468 38.3145
52.0581 1461 38.223
52.175 1591 39.8873
52.2919 1662 40.7676
52.4088 1830 42.7785
52.5257 1992 44.6318
52.6425 2000 44.7214
52.7593 2096 45.7821
52.876 2149 46.3573
52.9927 2268 47.6235
53.1094 2306 48.0208
53.226 2315 48.1144
53.3426 2286 47.8121
53.4591 2250 47.4342
53.5756 2077 45.5741
53.692 2122 46.0652
53.8084 2181 46.7012
53.9248 2308 48.0416
54.0411 2295 47.9062
54.1573 2434 49.3356
54.2735 0 1
54.3896 0 1
54.5057 0 1
54.6217 0 1
54.7377 0 1
54.8537 0 1
54.9695 0 1
55.0853 0 1
55.2011 0 1
55.3168 0 1
55.4324 0 1
57.824 0 1
57.9396 0 1
58.0553 0 1
58.1711 0 1
58.2869 0 1
58.4028 0 1
58.5187 0 1
58.6347 0 1
58.7508 0 1
58.8669 0 1
58.983 2424 49.2341
59.0992 2609 51.0784
59.2155 2666 51.6333
59.3318 2788 52.8015
59.4482 2771 52.6403
59.5646 2897 53.8238
59.681 2879 53.6563
59.7975 2931 54.1387
59.9141 2796 52.8772
60.0306 2840 53.2917
60.1473 2702 51.9808
60.2639 2513 50.1298
60.3807 2436 49.3559
60.4974 2247 47.4025
60.6142 2181 46.7012
60.731 2224 47.1593
60.8479 2141 46.2709
60.9648 2175 46.6369
61.0818 2350 48.4768
61.1987 2440 49.3964
61.3158 2386 48.8467
61.4328 2617 51.1566
61.5499 2514 50.1398
61.667 2516 50.1597
61.7841 2493 49.93
61.9013 2408 49.0714
62.0185 2376 48.7442
62.1357 2347 48.4458
62.253 2326 48.2286
62.3702 2377 48.7545
62.4875 2480 49.7996
62.6049 2501 50.01
62.7222 2543 50.4282
62.8396 2572 50.7149
62.9569 2564 50.636
63.0743 2609 51.0784
63.1918 2682 51.788
63.3092 2501 50.01
63.4267 2484 49.8397
63.5441 2452 49.5177
63.6616 2393 48.9183
63.7791 2294 47.8957
63.8966 2154 46.4112
64.0142 2110 45.9347
64.1317 1984 44.5421
64.2492 1893 43.5086
64.3668 1953 44.1928
64.4843 1878 43.3359
64.6019 2094 45.7602
64.7195 2212 47.0319
64.837 2309 48.0521
64.9546 2282 47.7703
65.0722 2336 48.3322
65.1898 2280 47.7493
65.3074 2236 47.2864
65.4249 2165 46.5296
65.5425 2128 46.1303
65.6601 2112 45.9565
65.7777 2102 45.8476
65.8952 2076 45.5631
66.0128 2139 46.2493
66.1304 2241 47.3392
66.2479 2299 47.9479
66.3655 2338 48.3529
66.483 2403 49.0204
66.6005 2492 49.9199
66.718 2419 49.1833
66.8355 2492 49.9199
66.953 2466 49.6588
67.0705 2417 49.163
67.1879 2371 48.6929
67.3054 2284 47.7912
67.4228 2142 46.2817
67.5402 2099 45.8148
67.6576 1996 44.6766
67.7749 1809 42.5323
67.8923 1855 43.0697
68.0096 1917 43.7836
68.1269 1943 44.0795
68.2442 2075 45.5522
68.3614 2117 46.0109
68.4787 2329 48.2597
68.5958 2305 48.0104
68.713 2382 48.8057
68.8302 2358 48.5592
68.9473 2317 48.1352
69.0643 2327 48.239
69.1814 2169 46.5725
69.2984 2110 45.9347
69.4154 2123 46.076
69.5323 2104 45.8694
69.6492 2364 48.621
69.7661 2397 48.9592
69.8829 2525 50.2494
69.9997 2579 50.7839
70.1165 2698 51.9423
70.2332 2765 52.5833
70.3499 2757 52.5071
70.4665 2752 52.4595
70.5831 2752 52.4595
70.6996 2655 51.5267
70.8161 2562 50.6162
70.9326 2513 50.1298
71.049 2324 48.2079
71.1653 2355 48.5283
71.2817 2158 46.4543
71.3979 1973 44.4185
71.5141 1924 43.8634
71.6303 1881 43.3705
71.7464 1538 39.2173
71.8624 0 1
71.9784 0 1
72.0944 0 1
72.2102 0 1
72.3261 0 1
72.4418 0 1
72.5575 0 1
72.6732 0 1
75.1054 0 1
75.2209 0 1
75.3365 0 1
75.4521 0 1
75.5678 0 1
75.6835 0 1
75.7993 0 1
75.9151 0 1
76.031 0 1
76.147 2284 47.7912
76.263 2465 49.6488
76.3791 2465 49.6488
76.4952 2361 48.5901
76.6113 2257 47.5079
76.7276 2064 45.4313
76.8438 2031 45.0666
76.9601 2032 45.0777
77.0765 2172 46.6047
77.1929 2214 47.0532
77.3093 2438 49.3761
77.4258 2540 50.3984
77.5423 2598 50.9706
77.6589 2600 50.9902
77.7755 2598 50.9706
77.8921 2596 50.951
78.0088 2367 48.6518
78.1256 2221 47.1275
78.2423 2125 46.0977
78.3591 1916 43.7721
78.4759 1950 44.1588
78.5928 2100 45.8258
78.7097 2367 48.6518
78.8266 2443 49.4267
78.9436 2676 51.7301
79.0606 2773 52.6593
79.1776 2778 52.7067
79.2946 2807 52.9811
79.4117 2703 51.9904
79.5288 2728 52.2303
79.6459 2654 51.517
79.7631 2482 49.8197
79.8802 2549 50.4876
79.9974 2379 48.775
80.1147 2246 47.392
80.2319 2114 45.9783
80.3491 1886 43.4281
80.4664 1836 42.8486
80.5837 1959 44.2606
80.701 1968 44.3621
80.8183 2038 45.1442
80.9357 2173 46.6154
81.053 2384 48.8262
81.1704 2386 48.8467
81.2877 2291 47.8644
81.4051 2337 48.3425
81.5225 2174 46.6262
81.6399 2226 47.1805
81.7573 2033 45.0888
81.8747 1835 42.8369
81.9922 1771 42.0833
82.1096 1784 42.2374
82.227 1816 42.6146
82.3444 1985 44.5533
82.4619 2139 46.2493
82.5793 2430 49.295
82.6967 2458 49.5782
82.8142 2355 48.5283
82.9316 2370 48.6826
83.049 2447 49.4672
83.1664 2367 48.6518
83.2838 2222 47.1381
83.4012 2213 47.0425
83.5186 2188 46.7761
83.636 2022 44.9667
83.7534 1971 44.3959
83.8708 1843 42.9302
83.9881 1784 42.2374
84.1055 1725 41.5331
84.2228 1742 41.7373
84.3401 1792 42.332
84.4575 1893 43.5086
84.5747 1998 44.699
84.692 2136 46.2169
84.8093 2063 45.4203
84.9265 2146 46.3249
85.0437 2083 45.6399
85.1609 2073 45.5302
85.2781 1938 44.0227
85.3952 1766 42.0238
85.5123 1728 41.5692
85.6294 1607 40.0874
85.7465 1712 41.3763
85.8636 1828 42.7551
85.9806 2133 46.1844
86.0976 2315 48.1144
86.2145 2455 49.548
86.3315 2597 50.9608
86.4484 2445 49.4469
86.5652 2618 51.1664
86.682 2513 50.1298
86.7988 2623 51.2152
86.9156 2611 51.0979
87.0323 2444 49.4368
87.149 2489 49.8899
87.2657 2323 48.1975
87.3823 2169 46.5725
87.4988 2081 45.618
87.6154 2054 45.3211
87.7318 2145 46.3141
87.8483 2085 45.6618
87.9647 2208 46.9894
88.081 2308 48.0416
88.1973 2568 50.6754
88.3136 2617 51.1566
88.4298 2625 51.2348
88.546 2552 50.5173
88.6621 2412 49.1121
88.7781 2433 49.3254
88.8942 0 1
89.0101 0 1
89.126 0 1
89.2419 0 1
89.3577 0 1
89.4734 0 1
89.5891 0 1
89.7047 0 1
89.8203 0 1
89.9358 0 1
92.3269 0 1
92.4424 0 1
92.558 0 1
92.6736 0 1
92.7893 0 1
92.905 0 1
93.0208 0 1
93.1366 0 1
93.2525 0 1
93.3685 0 1
93.4845 0 1
93.6005 2435 49.3457
93.7167 2611 51.0979
93.8328 2579 50.7839
93.949 2496 49.96
94.0653 2493 49.93
94.1816 2420 49.1935
94.2979 2324 48.2079
94.4143 2179 46.6798
94.5307 1957 44.238
94.6472 1826 42.7317
94.7637 1854 43.0581
94.8803 2089 45.7056
94.9969 2287 47.8226
95.1135 2493 49.93
95.2302 2751 52.45
95.3469 2649 51.4684
95.4637 2712 52.0769
95.5805 2798 52.8961
95.6973 2798 52.8961
95.8142 2857 53.4509
95.9311 2807 52.9811
96.048 2772 52.6498
96.1649 2740 52.345
96.2819 2562 50.6162
96.3989 2472 49.7192
96.516 2371 48.6929
96.633 2288 47.833
96.7501 2237 47.2969
96.8673 2234 47.2652
96.9844 2163 46.5081
97.1016 2348 48.4562
97.2188 2399 48.9796
97.336 2531 50.309
97.4532 2550 50.4975
97.5704 2521 50.2096
97.6877 2523 50.2295
97.805 2409 49.0816
97.9223 2336 48.3322
98.0396 2093 45.7493
98.1569 1882 43.382
98.2743 1783 42.2256
98.3916 1818 42.638
98.509 1940 44.0454
98.6264 2224 47.1593
98.7438 2391 48.8979
98.8612 2628 51.264
98.9786 2713 52.0865
99.096 2765 52.5833
99.2134 2757 52.5071
99.3308 2805 52.9623
99.4482 2791 52.8299
99.5656 2687 51.8363
99.6831 2644 51.4198
99.8005 2613 51.1175
99.9179 2523 50.2295
100.035 2423 49.224
100.153 2309 48.0521
100.27 2289 47.8435
100.388 2182 46.7119
100.505 2309 48.0521
100.622 2335 48.3218
100.74 2479 49.7896
100.857 2442 49.4166
100.975 2571 50.705
101.092 2619 51.1762
101.209 2510 50.0999
101.327 2504 50.04
101.444 2499 49.99
101.561 2361 48.5901
101.679 2164 46.5188
101.796 1839 42.8836
101.913 1765 42.0119
102.03 1884 43.4051
102.148 2228 47.2017
102.265 2554 50.5371
102.382 2829 53.1883
102.499 2895 53.8052
102.616 2856 53.4416
102.733 2998 54.754
102.851 2962 54.4243
102.968 3026 55.0091
103.085 3038 55.1181
103.202 2865 53.5257
103.319 2820 53.1037
103.436 2665 51.6236
103.552 2655 51.5267
103.669 2609 51.0784
103.786 2330 48.2701
103.903 2426 49.2544
104.02 2522 50.2195
104.137 2589 50.8822
104.253 2529 50.2892
104.37 2710 52.0577
104.487 2725 52.2015
104.603 2759 52.5262
104.72 2795 52.8678
104.836 2728 52.2303
104.953 2641 51.3907
105.069 2435 49.3457
105.186 2188 46.7761
105.302 1959 44.2606
105.418 1996 44.6766
105.535 2240 47.3286
105.651 2691 51.8748
105.767 2920 54.037
105.883 3157 56.1872
105.999 3201 56.5774
106.115 0 1
106.231 0 1
106.347 0 1
106.463 0 1
106.579 0 1
106.694 0 1
106.81 0 1
106.926 0 1
107.041 0 1
107.157 0 1
109.576 0 1
109.692 0 1
109.807 0 1
109.923 0 1
110.039 0 1
110.155 0 1
110.27 0 1
110.386 0 1
110.502 0 1
110.618 2175 46.6369
110.735 2598 50.9706
110.851 2871 53.5817
110.967 2996 54.7357
111.083 3043 55.1634
111.199 3138 56.0179
111.316 3103 55.7046
111.432 3223 56.7715
111.549 3117 55.8301
111.665 3039 55.1271
111.782 3003 54.7996
111.898 2983 54.6168
112.015 2821 53.1131
112.132 2813 53.0377
112.248 2566 50.6557
112.365 2643 51.4101
112.482 2603 51.0196
112.599 2756 52.4976
112.716 2650 51.4782
112.832 2620 51.1859
112.949 2850 53.3854
113.066 2803 52.9434
113.183 2776 52.6878
113.3 2712 52.0769
113.417 2662 51.5946
113.534 2602 51.0098
113.652 2410 49.0918
113.769 2032 45.0777
113.886 1906 43.6578
114.003 1902 43.6119
114.12 2164 46.5188
114.238 2465 49.6488
114.355 2820 53.1037
114.472 3037 55.109
114.589 3122 55.8749
114.707 3130 55.9464
114.824 3161 56.2228
114.942 3128 55.9285
115.059 3210 56.6569
115.176 3176 56.356
115.294 3011 54.8726
115.411 2941 54.231
115.529 2901 53.8609
115.646 2831 53.2071
115.764 2743 52.3737
115.881 2721 52.1632
115.999 2763 52.5642
116.116 2781 52.7352
116.234 2845 53.3385
116.351 2856 53.4416
116.469 2940 54.2218
116.586 2940 54.2218
116.704 2829 53.1883
116.821 2809 53
116.939 2820 53.1037
117.056 2835 53.2447
117.174 2552 50.5173
117.291 2312 48.0833
117.409 2122 46.0652
117.526 1990 44.6094
117.644 2111 45.9456
117.761 2223 47.1487
117.879 2749 52.4309
117.996 2948 54.2955
118.114 3085 55.5428
118.231 3215 56.701
118.349 3143 56.0625
118.466 3241 56.9298
118.584 3248 56.9912
118.701 3244 56.9561
118.819 3070 55.4076
118.936 3120 55.857
119.053 3030 55.0454
119.171 2879 53.6563
119.288 2818 53.0848
119.405 2851 53.3948
119.523 2745 52.3927
119.64 2760 52.5357
119.757 2844 53.3292
119.875 2794 52.8583
119.992 2707 52.0288
120.109 2909 53.9351
120.226 2906 53.9073
120.343 2806 52.9717
120.46 2866 53.535
120.578 2711 52.0673
120.695 2762 52.5547
120.812 2547 50.4678
120.929 2308 48.0416
121.046 2193 46.8295
121.163 2033 45.0888
121.279 2007 44.7996
121.396 2164 46.5188
121.513 2487 49.8698
121.63 2873 53.6004
121.747 2885 53.7122
121.863 3069 55.3986
121.98 3078 55.4797
122.097 3252 57.0263
122.213 3110 55.7674
122.33 3049 55.2178
122.446 3182 56.4092
122.563 3012 54.8817
122.679 2931 54.1387
122.795 2982 54.6077
122.912 2800 52.915
123.028 2767 52.6023
123.144 2799 52.9056
123.26 2774 52.6688
123.377 0 1
123.493 0 1
123.609 0 1
123.725 0 1
123.84 0 1
123.956 0 1
124.072 0 1
124.188 0 1
124.303 0 1
124.419 0 1
126.852 0 1
126.968 0 1
127.083 0 1
127.199 0 1
127.315 0 1
127.431 0 1
127.547 0 1
127.663 0 1
127.779 0 1
127.895 0 1
128.011 0 1
128.127 0 1
128.243 0 1
128.359 3065 55.3624
128.476 3039 55.1271
128.592 2984 54.626
128.708 3150 56.1249
128.825 3083 55.5248
128.941 3031 55.0545
129.058 3101 55.6866
129.174 3134 55.9821
129.291 3124 55.8928
129.408 3062 55.3353
129.524 3039 55.1271
129.641 3102 55.6956
129.758 2796 52.8772
129.875 2497 49.97
129.992 2436 49.3559
130.108 2209 47
130.225 2164 46.5188
130.342 2344 48.4149
130.459 2694 51.9038
130.576 3126 55.9106
130.693 3225 56.7891
130.81 3357 57.9396
130.928 3351 57.8878
131.045 3371 58.0603
131.162 3466 58.8727
131.279 3562 59.6825
131.396 3451 58.7452
131.513 3320 57.6194
131.631 3331 57.7148
131.748 3457 58.7963
131.865 3291 57.3672
131.983 3190 56.4801
132.1 3330 57.7062
132.217 3365 58.0086
132.335 3176 56.356
132.452 3205 56.6127
132.57 3251 57.0175
132.687 3323 57.6455
132.804 3194 56.5155
132.922 3260 57.0964
133.039 3308 57.5152
133.157 3105 55.7225
133.274 2979 54.5802
133.392 2820 53.1037
133.509 2494 49.94
133.627 2315 48.1144
133.744 2170 46.5833
133.862 2210 47.0106
133.979 2527 50.2693
134.097 2947 54.2863
134.214 3138 56.0179
134.332 3443 58.6771
134.449 3317 57.5934
134.567 3349 57.8705
134.684 3437 58.6259
134.802 3500 59.1608
134.919 3376 58.1034
135.037 3458 58.8048
135.154 3339 57.7841
135.272 3393 58.2495
135.389 3341 57.8014
135.507 3364 58
135.624 3404 58.3438
135.742 3269 57.1752
135.859 3205 56.6127
135.977 3304 57.4804
136.094 3240 56.921
136.211 3331 57.7148
136.329 3313 57.5587
136.446 3375 58.0948
136.564 3336 57.7581
136.681 3327 57.6802
136.798 3248 56.9912
136.915 2977 54.5619
137.033 2841 53.301
137.15 2494 49.94
137.267 2301 47.9687
137.384 2198 46.8828
137.502 2274 47.6865
137.619 2609 51.0784
137.736 2930 54.1295
137.853 3094 55.6237
137.97 3270 57.1839
138.087 3253 57.0351
138.204 3247 56.9825
138.321 3412 58.4123
138.438 3376 58.1034
138.555 3457 58.7963
138.672 3537 59.4727
138.788 3452 58.7537
138.905 3527 59.3886
139.022 3377 58.112
139.139 3484 59.0254
139.255 3478 58.9746
139.372 3326 57.6715
139.488 3317 57.5934
139.605 3383 58.1636
139.721 3410 58.3952
139.838 3298 57.4282
139.954 3426 58.532
140.071 3317 57.5934
140.187 3284 57.3062
140.303 3307 57.5065
140.419 3197 56.542
140.535 2996 54.7357
140.652 2683 51.7977
140.768 0 1
140.884 0 1
141 0 1
141.115 0 1
141.231 0 1
141.347 0 1
141.463 0 1
141.578 0 1
141.694 0 1
144.104 0 1
144.219 0 1
144.335 0 1
144.45 0 1
144.566 0 1
144.682 0 1
144.798 0 1
144.914 0 1
145.03 0 1
145.146 2341 48.3839
145.262 2618 51.1664
145.378 2800 52.915
145.494 2745 52.3927
145.61 2583 50.8232
145.726 2324 48.2079
145.842 2276 47.7074
145.959 2128 46.1303
146.075 1939 44.0341
146.192 1947 44.1248
146.308 1984 44.5421
146.425 2046 45.2327
146.541 2211 47.0213
146.658 2376 48.7442
146.774 2617 51.1566
146.891 2703 51.9904
147.008 2790 52.8205
147.125 2894 53.7959
147.241 2880 53.6656
147.358 2938 54.2033
147.475 3043 55.1634
147.592 2931 54.1387
147.709 2888 53.7401
147.826 3041 55.1453
147.943 2934 54.1664
148.06 2961 54.4151
148.177 2907 53.9166
148.294 2929 54.1202
148.411 2870 53.5724
148.528 2925 54.0833
148.645 2895 53.8052
148.762 2994 54.7175
148.88 2851 53.3948
148.997 2879 53.6563
149.114 2938 54.2033
149.231 2908 53.9259
149.349 2873 53.6004
149.466 2721 52.1632
149.583 2622 51.2055
149.701 2347 48.4458
149.818 2181 46.7012
149.935 2090 45.7165
150.053 2027 45.0222
150.17 2127 46.1194
150.287 2254 47.4763
150.405 2444 49.4368
150.522 2568 50.6754
150.64 2732 52.2685
150.757 2798 52.8961
150.875 2886 53.7215
150.992 2977 54.5619
151.11 3133 55.9732
151.227 3085 55.5428
151.344 3112 55.7853
151.462 3013 54.8908
151.579 3032 55.0636
151.697 3054 55.263
151.814 2975 54.5436
151.932 2932 54.1479
152.049 2932 54.1479
152.167 3022 54.9727
152.284 3050 55.2268
152.402 2953 54.3415
152.519 2855 53.4322
152.636 3157 56.1872
152.754 3057 55.2901
152.871 3006 54.827
152.989 2947 54.2863
153.106 2817 53.0754
153.223 2689 51.8556
153.341 2456 49.558
153.458 2355 48.5283
153.575 2182 46.7119
153.693 2131 46.1628
153.81 2292 47.8748
153.927 2341 48.3839
154.044 2546 50.4579
154.162 2731 52.259
154.279 2939 54.2125
154.396 3041 55.1453
154.513 3111 55.7763
154.63 3150 56.1249
154.747 3268 57.1664
154.864 3246 56.9737
154.981 3266 57.1489
155.098 3336 57.7581
155.215 3169 56.2939
155.332 3202 56.5862
155.449 3088 55.5698
155.566 3156 56.1783
155.683 3154 56.1605
155.8 3167 56.2761
155.917 3205 56.6127
156.033 3190 56.4801
156.15 0 1
156.267 0 1
156.383 0 1
156.5 0 1
156.617 0 1
156.733 0 1
156.85 0 1
156.966 0 1
157.082 0 1
157.199 0 1
157.315 0 1
157.431 0 1
157.547 0 1
157.664 0 1
157.78 0 1
157.896 0 1
158.012 0 1
158.128 0 1
158.244 0 1
158.359 0 1
158.475 0 1
158.591 0 1
158.706 0 1
