
6.15755 0 1
6.2731 0 1
6.3887 0 1
6.50437 0 1
6.62009 0 1
6.73587 0 1
6.8517 0 1
6.96759 0 1
7.08353 0 1
7.19952 0 1
7.31557 0 1
7.43166 0 1
7.54781 0 1
7.664 0 1
7.78024 0 1
7.89653 0 1
8.01286 0 1
8.12924 0 1
8.24567 0 1
8.36213 0 1
8.47864 0 1
8.59519 0 1
8.71178 0 1
8.82841 0 1
8.94508 0 1
9.06179 0 1
9.17853 0 1
9.29531 0 1
9.41212 0 1
9.52897 0 1
9.64584 0 1
9.76276 0 1
9.8797 0 1
9.99667 0 1
10.1137 0 1
10.2307 0 1
10.3478 0 1
10.4648 0 1
10.5819 0 1
10.6991 0 1
10.8162 0 1
10.9334 0 1
11.0506 0 1
11.1678 0 1
11.285 0 1
11.4023 0 1
11.5196 0 1
11.6369 0 1
11.7542 0 1
11.8715 0 1
11.9888 0 1
12.1062 0 1
12.2235 0 1
12.3409 0 1
12.4582 0 1
12.5756 0 1
12.693 0 1
12.8104 0 1
12.9278 0 1
13.0452 0 1
13.1626 0 1
13.28 0 1
13.3974 0 1
13.5149 0 1
13.6323 0 1
13.7497 0 1
13.8671 0 1
13.9845 0 1
14.1019 0 1
14.2193 0 1
14.3367 0 1
14.4541 0 1
14.5714 0 1
14.6888 0 1
14.8062 0 1
14.9235 0 1
15.0408 3346 57.8446
15.1581 3668 60.564
15.2755 3768 61.384
15.3927 3714 60.9426
15.51 3694 60.7783
15.6273 3637 60.3075
15.7445 3637 60.3075
15.8617 3758 61.3025
15.9789 3898 62.434
16.0961 3783 61.5061
16.2132 3873 62.2334
16.3304 3927 62.6658
16.4475 3807 61.7009
16.5646 3740 61.1555
16.6816 3946 62.8172
16.7986 3847 62.0242
16.9156 3975 63.0476
17.0326 4004 63.2772
17.1496 4099 64.0234
17.2665 4149 64.4127
17.3833 3987 63.1427
17.5002 4143 64.3661
17.617 4151 64.4283
17.7338 3963 62.9524
17.8505 3937 62.7455
17.9672 3652 60.4318
18.0839 3507 59.2199
18.2005 3632 60.2661
18.3171 3724 61.0246
18.4337 3914 62.562
18.5502 4107 64.0859
18.6666 4418 66.468
18.7831 4482 66.9477
18.8994 4565 67.5648
19.0158 4613 67.9191
19.1321 4560 67.5278
19.2483 4498 67.0671
19.3645 4374 66.1362
19.4806 4470 66.8581
19.5967 4612 67.9117
19.7128 4519 67.2235
19.8288 4259 65.261
19.9447 3849 62.0403
20.0606 0 1
20.1764 0 1
20.2922 0 1
20.4079 0 1
20.5236 0 1
20.6392 0 1
20.7548 0 1
20.8702 0 1
23.3078 0 1
23.4233 0 1
23.539 0 1
23.6547 0 1
23.7704 0 1
23.8862 0 1
24.0021 0 1
24.118 0 1
24.234 0 1
24.35 0 1
24.4661 5039 70.9859
24.5822 5127 71.6031
24.6984 4922 70.157
24.8146 4844 69.5989
24.9309 4961 70.4344
25.0472 4748 68.9057
25.1636 4660 68.2642
25.28 4740 68.8477
25.3965 4732 68.7895
25.513 4754 68.9493
25.6296 4995 70.6753
25.7462 5026 70.8943
25.8628 5082 71.2881
25.9795 5176 71.9444
26.0962 5125 71.5891
26.213 5291 72.7393
26.3298 5217 72.2288
26.4466 5310 72.8697
26.5635 5088 71.3302
26.6804 4786 69.1809
26.7973 4648 68.1762
26.9143 4458 66.7683
27.0313 4365 66.0681
27.1483 4492 67.0224
27.2653 4577 67.6535
27.3824 4775 69.1014
27.4996 4978 70.5549
27.6167 5090 71.3442
27.7339 4964 70.4557
27.8511 5092 71.3583
27.9683 5109 71.4773
28.0855 4929 70.2068
28.2028 5098 71.4003
28.3201 5021 70.859
28.4374 4860 69.7137
28.5547 4840 69.5701
28.6721 4962 70.4415
28.7894 4759 68.9855
28.9068 4788 69.1954
29.0242 4720 68.7023
29.1416 4782 69.152
29.259 4939 70.278
29.3764 5022 70.8661
29.4939 5196 72.0833
29.6113 5083 71.2952
29.7288 5300 72.8011
29.8463 5125 71.5891
29.9638 5055 71.0985
30.0812 5180 71.9722
30.1987 4916 70.1142
30.3162 4774 69.0941
30.4337 4500 67.082
30.5512 4341 65.8863
30.6687 4299 65.5668
30.7862 4509 67.1491
30.9037 4716 68.6731
31.0212 4936 70.2567
31.1387 4945 70.3207
31.2562 5014 70.8096
31.3737 5118 71.5402
31.4912 5118 71.5402
31.6087 5113 71.5052
31.7262 4939 70.278
31.8436 5021 70.859
31.9611 5133 71.645
32.0785 4966 70.4699
32.1959 4891 69.9357
32.3134 4718 68.6877
32.4308 4859 69.7065
32.5482 4810 69.3542
32.6655 4819 69.419
32.7829 4985 70.6045
32.9002 5069 71.1969
33.0176 5080 71.2741
33.1349 5109 71.4773
33.2522 5150 71.7635
33.3694 5191 72.0486
33.4867 5089 71.3372
33.6039 5208 72.1665
33.7211 5063 71.1548
33.8383 5093 71.3653
33.9554 4900 70
34.0725 4616 67.9412
34.1896 4283 65.4446
34.3067 4383 66.2042
34.4237 4377 66.1589
34.5407 4474 66.888
34.6577 4688 68.469
34.7746 4675 68.374
34.8915 4723 68.7241
35.0084 4982 70.5833
35.1252 5000 70.7107
35.242 4897 69.9786
35.3587 5078 71.2601
35.4755 4955 70.3918
35.5921 4915 70.1071
35.7088 4908 70.0571
35.8254 4827 69.4766
35.9419 4618 67.9559
36.0584 4597 67.8012
36.1749 4751 68.9275
36.2913 4669 68.3301
36.4077 4783 69.1592
36.524 4856 69.685
36.6403 4903 70.0214
36.7565 5051 71.0704
36.8727 5159 71.8262
36.9889 5025 70.8872
37.1049 4898 69.9857
37.221 0 1
37.3369 0 1
37.4529 0 1
37.5687 0 1
37.6845 0 1
37.8003 0 1
37.916 0 1
38.0316 0 1
38.1472 0 1
40.5851 0 1
40.7008 0 1
40.8164 0 1
40.9322 0 1
41.048 0 1
41.1639 0 1
41.2798 0 1
41.3958 0 1
41.5118 0 1
41.6279 0 1
41.744 3991 63.1744
41.8602 4179 64.6452
41.9765 4285 65.4599
42.0928 4338 65.8635
42.2091 4328 65.7875
42.3255 4320 65.7267
42.4419 4264 65.2993
42.5584 4339 65.8711
42.675 4156 64.467
42.7915 4082 63.8905
42.9081 3957 62.9047
43.0248 3819 61.7981
43.1415 3721 61
43.2582 3762 61.3351
43.375 3929 62.6817
43.4918 3985 63.1269
43.6087 4001 63.2535
43.7256 3952 62.8649
43.8425 3912 62.546
43.9595 3894 62.4019
44.0765 3792 61.5792
44.1935 3908 62.514
44.3106 3832 61.9032
44.4277 3802 61.6604
44.5448 3690 60.7454
44.6619 3593 59.9416
44.7791 3540 59.4979
44.8963 3464 58.8558
45.0136 3450 58.7367
45.1308 3449 58.7282
45.2481 3512 59.2621
45.3654 3575 59.7913
45.4827 3584 59.8665
45.6001 3478 58.9746
45.7174 3613 60.1082
45.8348 3532 59.4306
45.9522 3405 58.3524
46.0697 3339 57.7841
46.1871 3295 57.4021
46.3046 3098 55.6597
46.422 3099 55.6687
46.5395 3016 54.9181
46.657 3019 54.9454
46.7745 3009 54.8544
46.892 2948 54.2955
47.0096 2993 54.7083
47.1271 3078 55.4797
47.2446 3008 54.8452
47.3622 2928 54.111
47.4797 2970 54.4977
47.5973 2989 54.6717
47.7149 2972 54.5161
47.8324 2979 54.5802
47.95 2953 54.3415
48.0675 2782 52.7447
48.1851 2725 52.2015
48.3027 2790 52.8205
48.4202 2665 51.6236
48.5378 2674 51.7107
48.6554 2763 52.5642
48.7729 2828 53.1789
48.8904 2902 53.8702
49.008 2954 54.3507
49.1255 2955 54.3599
49.243 2934 54.1664
49.3605 2864 53.5164
49.478 2924 54.074
49.5955 2995 54.7266
49.713 3059 55.3082
49.8304 2923 54.0648
49.9479 2903 53.8795
50.0653 2820 53.1037
50.1827 2786 52.7826
50.3001 2803 52.9434
50.4175 2750 52.4404
50.5348 2866 53.535
50.6521 2829 53.1883
50.7694 2897 53.8238
50.8867 2898 53.8331
51.004 3000 54.7723
51.1212 3153 56.1516
51.2384 3166 56.2672
51.3556 3214 56.6922
51.4727 3253 57.0351
51.5899 3353 57.9051
51.707 3324 57.6541
51.824 3311 57.5413
51.9411 3498 59.1439
52.0581 3523 59.3549
52.175 3638 60.3158
52.2919 3706 60.8769
52.4088 3879 62.2816
52.5257 3914 62.562
52.6425 3971 63.0159
52.7593 3887 62.3458
52.876 4146 64.3894
52.9927 3987 63.1427
53.1094 4090 63.9531
53.226 4063 63.7417
53.3426 4028 63.4665
53.4591 4066 63.7652
53.5756 3998 63.2297
53.692 3967 62.9841
53.8084 3967 62.9841
53.9248 3894 62.4019
54.0411 3930 62.6897
54.1573 3864 62.1611
54.2735 0 1
54.3896 0 1
54.5057 0 1
54.6217 0 1
54.7377 0 1
54.8537 0 1
54.9695 0 1
55.0853 0 1
55.2011 0 1
55.3168 0 1
55.4324 0 1
57.824 0 1
57.9396 0 1
58.0553 0 1
58.1711 0 1
58.2869 0 1
58.4028 0 1
58.5187 0 1
58.6347 0 1
58.7508 0 1
58.8669 0 1
58.983 4562 67.5426
59.0992 4462 66.7982
59.2155 4686 68.4544
59.3318 4599 67.8159
59.4482 4629 68.0368
59.5646 4697 68.5347
59.681 4621 67.9779
59.7975 4524 67.2607
59.9141 4575 67.6387
60.0306 4583 67.6979
60.1473 4505 67.1193
60.2639 4560 67.5278
60.3807 4496 67.0522
60.4974 4496 67.0522
60.6142 4533 67.3276
60.731 4550 67.4537
60.8479 4543 67.4018
60.9648 4695 68.5201
61.0818 4752 68.9348
61.1987 4795 69.2459
61.3158 4636 68.0882
61.4328 4662 68.2788
61.5499 4681 68.4178
61.667 4486 66.9776
61.7841 4691 68.4909
61.9013 4630 68.0441
62.0185 4577 67.6535
62.1357 4536 67.3498
62.253 4559 67.5204
62.3702 4402 66.3476
62.4875 4394 66.2873
62.6049 4450 66.7083
62.7222 4398 66.3174
62.8396 4441 66.6408
62.9569 4444 66.6633
63.0743 4166 64.5446
63.1918 4076 63.8436
63.3092 4129 64.2573
63.4267 4099 64.0234
63.5441 4207 64.8614
63.6616 4029 63.4744
63.7791 4231 65.0461
63.8966 3985 63.1269
64.0142 4029 63.4744
64.1317 4080 63.8749
64.2492 4222 64.9769
64.3668 4308 65.6354
64.4843 4265 65.307
64.6019 4341 65.8863
64.7195 4471 66.8655
64.837 4311 65.6582
64.9546 4372 66.1211
65.0722 4317 65.7039
65.1898 4195 64.7688
65.3074 4330 65.8027
65.4249 4261 65.2763
65.5425 4275 65.3835
65.6601 4152 64.436
65.7777 4098 64.0156
65.8952 4220 64.9615
66.0128 4117 64.1639
66.1304 4115 64.1483
66.2479 4095 63.9922
66.3655 4120 64.1872
66.483 4269 65.3376
66.6005 4149 64.4127
66.718 3966 62.9762
66.8355 3836 61.9355
66.953 3870 62.2093
67.0705 3834 61.9193
67.1879 3960 62.9285
67.3054 3852 62.0645
67.4228 3960 62.9285
67.5402 3939 62.7615
67.6576 3887 62.3458
67.7749 3854 62.0806
67.8923 4023 63.4271
68.0096 4228 65.0231
68.1269 4253 65.215
68.2442 4257 65.2457
68.3614 4322 65.7419
68.4787 4372 66.1211
68.5958 4276 65.3911
68.713 4377 66.1589
68.8302 4339 65.8711
68.9473 4330 65.8027
69.0643 4312 65.6658
69.1814 4316 65.6963
69.2984 4227 65.0154
69.4154 4333 65.8255
69.5323 4295 65.5362
69.6492 4316 65.6963
69.7661 4357 66.0076
69.8829 4411 66.4154
69.9997 4464 66.8132
70.1165 4427 66.5357
70.2332 4388 66.242
70.3499 4237 65.0922
70.4665 4195 64.7688
70.5831 4041 63.5689
70.6996 3777 61.4573
70.8161 3863 62.153
70.9326 3917 62.5859
71.049 3957 62.9047
71.1653 3970 63.0079
71.2817 3824 61.8385
71.3979 4072 63.8122
71.5141 3938 62.7535
71.6303 4008 63.3088
71.7464 3844 62
71.8624 0 1
71.9784 0 1
72.0944 0 1
72.2102 0 1
72.3261 0 1
72.4418 0 1
72.5575 0 1
72.6732 0 1
75.1054 0 1
75.2209 0 1
75.3365 0 1
75.4521 0 1
75.5678 0 1
75.6835 0 1
75.7993 0 1
75.9151 0 1
76.031 0 1
76.147 3400 58.3095
76.263 3696 60.7947
76.3791 3707 60.8851
76.4952 3927 62.6658
76.6113 3728 61.0574
76.7276 3967 62.9841
76.8438 4091 63.9609
76.9601 4192 64.7457
77.0765 4271 65.3529
77.1929 4266 65.3146
77.3093 4385 66.2193
77.4258 4456 66.7533
77.5423 4223 64.9846
77.6589 4499 67.0746
77.7755 4381 66.1891
77.8921 4188 64.7148
78.0088 4134 64.2962
78.1256 4225 65
78.2423 4141 64.3506
78.3591 4144 64.3739
78.4759 4257 65.2457
78.5928 4298 65.5591
78.7097 4338 65.8635
78.8266 4135 64.304
78.9436 4362 66.0454
79.0606 4219 64.9538
79.1776 4243 65.1383
79.2946 4226 65.0077
79.4117 4122 64.2028
79.5288 3886 62.3378
79.6459 3802 61.6604
79.7631 3553 59.607
79.8802 3588 59.8999
79.9974 3714 60.9426
80.1147 3625 60.208
80.2319 3726 61.041
80.3491 3845 62.0081
80.4664 4003 63.2693
80.5837 4103 64.0547
80.701 4203 64.8305
80.8183 4178 64.6375
80.9357 4066 63.7652
81.053 4111 64.1171
81.1704 4256 65.238
81.2877 4176 64.622
81.4051 4079 63.867
81.5225 4065 63.7574
81.6399 3973 63.0317
81.7573 4022 63.4192
81.8747 3829 61.8789
81.9922 3995 63.206
82.1096 4031 63.4902
82.227 4110 64.1093
82.3444 3942 62.7853
82.4619 4049 63.6318
82.5793 4076 63.8436
82.6967 3902 62.466
82.8142 3946 62.8172
82.9316 3956 62.8967
83.049 3733 61.0983
83.1664 3425 58.5235
83.2838 3305 57.4891
83.4012 3117 55.8301
83.5186 2984 54.626
83.636 3034 55.0818
83.7534 3106 55.7315
83.8708 3427 58.5406
83.9881 3462 58.8388
84.1055 3684 60.696
84.2228 3590 59.9166
84.3401 3708 60.8933
84.4575 3845 62.0081
84.5747 3887 62.3458
84.692 3986 63.1348
84.8093 3938 62.7535
84.9265 3849 62.0403
85.0437 3796 61.6117
85.1609 3731 61.0819
85.2781 3803 61.6685
85.3952 3842 61.9839
85.5123 3704 60.8605
85.6294 3863 62.153
85.7465 3952 62.8649
85.8636 4055 63.6789
85.9806 4052 63.6553
86.0976 4291 65.5057
86.2145 4228 65.0231
86.3315 4352 65.9697
86.4484 4094 63.9844
86.5652 4204 64.8383
86.682 4268 65.3299
86.7988 3988 63.1506
86.9156 3720 60.9918
87.0323 3447 58.7112
87.149 3325 57.6628
87.2657 3388 58.2065
87.3823 3478 58.9746
87.4988 3691 60.7536
87.6154 3941 62.7774
87.7318 4166 64.5446
87.8483 4340 65.8787
87.9647 4330 65.8027
88.081 4356 66
88.1973 4484 66.9627
88.3136 4441 66.6408
88.4298 4394 66.2873
88.546 4229 65.0308
88.6621 4332 65.8179
88.7781 4244 65.146
88.8942 0 1
89.0101 0 1
89.126 0 1
89.2419 0 1
89.3577 0 1
89.4734 0 1
89.5891 0 1
89.7047 0 1
89.8203 0 1
89.9358 0 1
92.3269 0 1
92.4424 0 1
92.558 0 1
92.6736 0 1
92.7893 0 1
92.905 0 1
93.0208 0 1
93.1366 0 1
93.2525 0 1
93.3685 0 1
93.4845 0 1
93.6005 4358 66.0151
93.7167 4348 65.9394
93.8328 4379 66.174
93.949 4219 64.9538
94.0653 4338 65.8635
94.1816 4231 65.0461
94.2979 4278 65.4064
94.4143 4177 64.6297
94.5307 4099 64.0234
94.6472 4207 64.8614
94.7637 4484 66.9627
94.8803 4393 66.2797
94.9969 4523 67.2533
95.1135 4419 66.4756
95.2302 4476 66.9029
95.3469 4477 66.9104
95.4637 4631 68.0515
95.5805 4567 67.5796
95.6973 4600 67.8233
95.8142 4444 66.6633
95.9311 4186 64.6993
96.048 3896 62.4179
96.1649 3503 59.1861
96.2819 3310 57.5326
96.3989 3218 56.7274
96.516 3421 58.4893
96.633 3668 60.564
96.7501 4021 63.4114
96.8673 4291 65.5057
96.9844 4486 66.9776
97.1016 4544 67.4092
97.2188 4602 67.838
97.336 4664 68.2935
97.4532 4657 68.2422
97.5704 4440 66.6333
97.6877 4412 66.4229
97.805 4339 65.8711
97.9223 4260 65.2687
98.0396 4387 66.2344
98.1569 4325 65.7647
98.2743 4322 65.7419
98.3916 4470 66.8581
98.509 4438 66.6183
98.6264 4456 66.7533
98.7438 4496 67.0522
98.8612 4662 68.2788
98.9786 4734 68.8041
99.096 4656 68.2349
99.2134 4611 67.9043
99.3308 4734 68.8041
99.4482 4565 67.5648
99.5656 4387 66.2344
99.6831 4175 64.6142
99.8005 3709 60.9016
99.9179 3401 58.3181
100.035 3459 58.8133
100.153 3623 60.1914
100.27 4029 63.4744
100.388 4230 65.0385
100.505 4448 66.6933
100.622 4592 67.7643
100.74 4528 67.2904
100.857 4625 68.0074
100.975 4652 68.2056
101.092 4524 67.2607
101.209 4592 67.7643
101.327 4349 65.9469
101.444 4512 67.1714
101.561 4430 66.5582
101.679 4405 66.3702
101.796 4486 66.9776
101.913 4667 68.3154
102.03 4661 68.2715
102.148 4758 68.9783
102.265 4668 68.3228
102.382 5085 71.3092
102.499 4834 69.527
102.616 4980 70.5691
102.733 4821 69.4334
102.851 4828 69.4838
102.968 4947 70.3349
103.085 4694 68.5128
103.202 4492 67.0224
103.319 3999 63.2376
103.436 3652 60.4318
103.552 3473 58.9322
103.669 3508 59.2284
103.786 3949 62.8411
103.903 4381 66.1891
104.02 4661 68.2715
104.137 4820 69.4262
104.253 4874 69.814
104.37 4828 69.4838
104.487 5051 71.0704
104.603 5023 70.8731
104.72 4830 69.4982
104.836 4835 69.5342
104.953 4651 68.1982
105.069 4768 69.0507
105.186 4756 68.9638
105.302 4965 70.4628
105.418 4922 70.157
105.535 5049 71.0563
105.651 5148 71.7496
105.767 5162 71.8471
105.883 5160 71.8331
105.999 5275 72.6292
106.115 0 1
106.231 0 1
106.347 0 1
106.463 0 1
106.579 0 1
106.694 0 1
106.81 0 1
106.926 0 1
107.041 0 1
107.157 0 1
109.576 0 1
109.692 0 1
109.807 0 1
109.923 0 1
110.039 0 1
110.155 0 1
110.27 0 1
110.386 0 1
110.502 0 1
110.618 4693 68.5055
110.735 4924 70.1712
110.851 4876 69.8284
110.967 4940 70.2851
111.083 4998 70.6965
111.199 4951 70.3633
111.316 4992 70.6541
111.432 5076 71.2461
111.549 5027 70.9013
111.665 4741 68.8549
111.782 4374 66.1362
111.898 3866 62.1772
112.015 3279 57.2626
112.132 2933 54.1572
112.248 3252 57.0263
112.365 3612 60.0999
112.482 4220 64.9615
112.599 4701 68.5638
112.716 4662 68.2788
112.832 4646 68.1616
112.949 4617 67.9485
113.066 4628 68.0294
113.183 4578 67.6609
113.3 4546 67.424
113.417 4547 67.4314
113.534 4651 68.1982
113.652 4297 65.5515
113.769 4499 67.0746
113.886 4521 67.2384
114.003 4430 66.5582
114.12 4605 67.8602
114.238 4738 68.8331
114.355 4858 69.6994
114.472 4616 67.9412
114.589 4764 69.0217
114.707 4681 68.4178
114.824 4884 69.8856
114.942 4750 68.9202
115.059 4648 68.1762
115.176 4602 67.838
115.294 4508 67.1416
115.411 4082 63.8905
115.529 3482 59.0085
115.646 3014 54.8999
115.764 2898 53.8331
115.881 3218 56.7274
115.999 3926 62.6578
116.116 4177 64.6297
116.234 4482 66.9477
116.351 4292 65.5134
116.469 4472 66.873
116.586 4556 67.4981
116.704 4459 66.7757
116.821 4342 65.8939
116.939 4225 65
117.056 4217 64.9384
117.174 4018 63.3877
117.291 4117 64.1639
117.409 4237 65.0922
117.526 4023 63.4271
117.644 4373 66.1287
117.761 4349 65.9469
117.879 4457 66.7608
117.996 4395 66.2948
118.114 4459 66.7757
118.231 4533 67.3276
118.349 4427 66.5357
118.466 4503 67.1044
118.584 4561 67.5352
118.701 4503 67.1044
118.819 4362 66.0454
118.936 3993 63.1902
119.053 3736 61.1228
119.171 3367 58.0259
119.288 2716 52.1153
119.405 2522 50.2195
119.523 2987 54.6535
119.64 3544 59.5315
119.757 3894 62.4019
119.875 4147 64.3972
119.992 4050 63.6396
120.109 4094 63.9844
120.226 4101 64.0391
120.343 4124 64.2184
120.46 4000 63.2456
120.578 3886 62.3378
120.695 3954 62.8808
120.812 3866 62.1772
120.929 3864 62.1611
121.046 3932 62.7057
121.163 3964 62.9603
121.279 3975 63.0476
121.396 4286 65.4675
121.513 4156 64.467
121.63 4239 65.1076
121.747 4182 64.6684
121.863 4220 64.9615
121.98 4122 64.2028
122.097 4232 65.0538
122.213 4128 64.2495
122.33 4155 64.4593
122.446 4221 64.9692
122.563 4056 63.6867
122.679 3886 62.3378
122.795 3478 58.9746
122.912 3184 56.4269
123.028 2577 50.7642
123.144 2414 49.1325
123.26 2749 52.4309
123.377 0 1
123.493 0 1
123.609 0 1
123.725 0 1
123.84 0 1
123.956 0 1
124.072 0 1
124.188 0 1
124.303 0 1
124.419 0 1
126.852 0 1
126.968 0 1
127.083 0 1
127.199 0 1
127.315 0 1
127.431 0 1
127.547 0 1
127.663 0 1
127.779 0 1
127.895 0 1
128.011 0 1
128.127 0 1
128.243 0 1
128.359 2462 49.6185
128.476 2621 51.1957
128.592 3339 57.7841
128.708 3916 62.578
128.825 4200 64.8074
128.941 4087 63.9296
129.058 4130 64.2651
129.174 4194 64.7611
129.291 4083 63.8984
129.408 4116 64.1561
129.524 4067 63.773
129.641 3956 62.8967
129.758 3886 62.3378
129.875 4002 63.2614
129.992 3964 62.9603
130.108 4050 63.6396
130.225 4038 63.5453
130.342 4218 64.9461
130.459 3987 63.1427
130.576 4268 65.3299
130.693 3994 63.1981
130.81 4263 65.2917
130.928 4187 64.707
131.045 4080 63.8749
131.162 4035 63.5216
131.279 4143 64.3661
131.396 4033 63.5059
131.513 4048 63.6239
131.631 3629 60.2412
131.748 3246 56.9737
131.865 2452 49.5177
131.983 2466 49.6588
132.1 2821 53.1131
132.217 3539 59.4895
132.335 3761 61.327
132.452 4006 63.293
132.57 4008 63.3088
132.687 3848 62.0322
132.804 4029 63.4744
132.922 3763 61.3433
133.039 3708 60.8933
133.157 3752 61.2536
133.274 3694 60.7783
133.392 3651 60.4235
133.509 3682 60.6795
133.627 3732 61.0901
133.744 3762 61.3351
133.862 3869 62.2013
133.979 3904 62.482
134.097 3905 62.49
134.214 3845 62.0081
134.332 3884 62.3217
134.449 3894 62.4019
134.567 3898 62.434
134.684 3950 62.849
134.802 3951 62.857
134.919 3999 63.2376
135.037 3867 62.1852
135.154 3784 61.5142
135.272 3386 58.1893
135.389 2603 51.0196
135.507 2192 46.8188
135.624 2344 48.4149
135.742 3021 54.9636
135.859 3706 60.8769
135.977 3843 61.9919
136.094 3740 61.1555
136.211 3799 61.636
136.329 3733 61.0983
136.446 3727 61.0492
136.564 3560 59.6657
136.681 3568 59.7327
136.798 3550 59.5819
136.915 3561 59.6741
137.033 3553 59.607
137.15 3667 60.5558
137.267 3614 60.1166
137.384 3654 60.4483
137.502 3675 60.6218
137.619 3702 60.8441
137.736 3543 59.5231
137.853 3693 60.7701
137.97 3739 61.1474
138.087 3653 60.4401
138.204 3768 61.384
138.321 3806 61.6928
138.438 3805 61.6847
138.555 3841 61.9758
138.672 3810 61.7252
138.788 3484 59.0254
138.905 3297 57.4195
139.022 2731 52.259
139.139 2226 47.1805
139.255 2319 48.156
139.372 2927 54.1018
139.488 3440 58.6515
139.605 3678 60.6465
139.721 3809 61.7171
139.838 3801 61.6523
139.954 3722 61.0082
140.071 3649 60.407
140.187 3583 59.8582
140.303 3509 59.2368
140.419 3518 59.3127
140.535 3405 58.3524
140.652 3364 58
140.768 0 1
140.884 0 1
141 0 1
141.115 0 1
141.231 0 1
141.347 0 1
141.463 0 1
141.578 0 1
141.694 0 1
144.104 0 1
144.219 0 1
144.335 0 1
144.45 0 1
144.566 0 1
144.682 0 1
144.798 0 1
144.914 0 1
145.03 0 1
145.146 2452 49.5177
145.262 2633 51.3128
145.378 2572 50.7149
145.494 2655 51.5267
145.61 2609 51.0784
145.726 2583 50.8232
145.842 2572 50.7149
145.959 2592 50.9117
146.075 2553 50.5272
146.192 2635 51.3323
146.308 2670 51.672
146.425 2682 51.788
146.541 2682 51.788
146.658 2697 51.9326
146.774 2718 52.1344
146.891 2755 52.4881
147.008 2848 53.3667
147.125 2736 52.3068
147.241 2916 54
147.358 2898 53.8331
147.475 2812 53.0283
147.592 2866 53.535
147.709 2712 52.0769
147.826 2461 49.6085
147.943 2055 45.3321
148.06 1650 40.6202
148.177 1749 41.821
148.294 2079 45.5961
148.411 2583 50.8232
148.528 2802 52.9339
148.645 2800 52.915
148.762 2713 52.0865
148.88 2727 52.2207
148.997 2746 52.4023
149.114 2762 52.5547
149.231 2651 51.4879
149.349 2612 51.1077
149.466 2624 51.225
149.583 2634 51.3225
149.701 2567 50.6656
149.818 2564 50.636
149.935 2633 51.3128
150.053 2599 50.9804
150.17 2626 51.2445
150.287 2662 51.5946
150.405 2703 51.9904
150.522 2798 52.8961
150.64 2844 53.3292
150.757 2870 53.5724
150.875 2695 51.9134
150.992 3019 54.9454
151.11 2946 54.2771
151.227 2923 54.0648
151.344 2831 53.2071
151.462 2748 52.4214
151.579 2616 51.1468
151.697 2021 44.9555
151.814 1683 41.0244
151.932 2000 44.7214
152.049 2349 48.4665
152.167 2760 52.5357
152.284 2994 54.7175
152.402 3059 55.3082
152.519 2989 54.6717
152.636 3021 54.9636
152.754 2938 54.2033
152.871 2868 53.5537
152.989 2806 52.9717
153.106 2880 53.6656
153.223 2901 53.8609
153.341 2876 53.6284
153.458 2902 53.8702
153.575 2924 54.074
153.693 2936 54.1849
153.81 3017 54.9272
153.927 3049 55.2178
154.044 2992 54.6992
154.162 3134 55.9821
154.279 3243 56.9473
154.396 3162 56.2317
154.513 3271 57.1927
154.63 3394 58.258
154.747 3362 57.9828
154.864 3242 56.9386
154.981 3344 57.8273
155.098 3094 55.6237
155.215 2652 51.4976
155.332 2276 47.7074
155.449 2316 48.1248
155.566 2835 53.2447
155.683 3265 57.1402
155.8 3265 57.1402
155.917 3148 56.107
156.033 3336 57.7581
156.15 0 1
156.267 0 1
156.383 0 1
156.5 0 1
156.617 0 1
156.733 0 1
156.85 0 1
156.966 0 1
157.082 0 1
157.199 0 1
157.315 0 1
157.431 0 1
157.547 0 1
157.664 0 1
157.78 0 1
157.896 0 1
158.012 0 1
158.128 0 1
158.244 0 1
158.359 0 1
158.475 0 1
158.591 0 1
158.706 0 1
