
6.15755 0 1
6.2731 0 1
6.3887 0 1
6.50437 0 1
6.62009 0 1
6.73587 0 1
6.8517 0 1
6.96759 0 1
7.08353 0 1
7.19952 0 1
7.31557 0 1
7.43166 0 1
7.54781 0 1
7.664 0 1
7.78024 0 1
7.89653 0 1
8.01286 0 1
8.12924 0 1
8.24567 0 1
8.36213 0 1
8.47864 0 1
8.59519 0 1
8.71178 0 1
8.82841 0 1
8.94508 0 1
9.06179 0 1
9.17853 0 1
9.29531 0 1
9.41212 0 1
9.52897 0 1
9.64584 0 1
9.76276 0 1
9.8797 0 1
9.99667 0 1
10.1137 0 1
10.2307 0 1
10.3478 0 1
10.4648 0 1
10.5819 0 1
10.6991 0 1
10.8162 0 1
10.9334 0 1
11.0506 0 1
11.1678 0 1
11.285 0 1
11.4023 0 1
11.5196 0 1
11.6369 0 1
11.7542 0 1
11.8715 0 1
11.9888 0 1
12.1062 0 1
12.2235 0 1
12.3409 0 1
12.4582 0 1
12.5756 0 1
12.693 0 1
12.8104 0 1
12.9278 0 1
13.0452 0 1
13.1626 0 1
13.28 0 1
13.3974 0 1
13.5149 0 1
13.6323 0 1
13.7497 0 1
13.8671 0 1
13.9845 0 1
14.1019 0 1
14.2193 0 1
14.3367 0 1
14.4541 0 1
14.5714 0 1
14.6888 0 1
14.8062 0 1
14.9235 0 1
15.0408 0 0
15.1581 0 0
15.2755 0 0
15.3927 0 0
15.51 0 0
15.6273 0 0
15.7445 0 0
15.8617 0 0
15.9789 0 0
16.0961 0 0
16.2132 0 0
16.3304 0 0
16.4475 0 0
16.5646 0 0
16.6816 0 0
16.7986 0 0
16.9156 0 0
17.0326 0 0
17.1496 0 0
17.2665 0 0
17.3833 0 0
17.5002 0 0
17.617 0 0
17.7338 0 0
17.8505 0 0
17.9672 0 0
18.0839 0 0
18.2005 0 0
18.3171 0 0
18.4337 0 0
18.5502 0 0
18.6666 0 0
18.7831 0 0
18.8994 0 0
19.0158 0 0
19.1321 0 0
19.2483 0 0
19.3645 0 0
19.4806 0 0
19.5967 0 0
19.7128 0 0
19.8288 0 0
19.9447 0 0
20.0606 0 1
20.1764 0 1
20.2922 0 1
20.4079 0 1
20.5236 0 1
20.6392 0 1
20.7548 0 1
20.8702 0 1
23.3078 0 1
23.4233 0 1
23.539 0 1
23.6547 0 1
23.7704 0 1
23.8862 0 1
24.0021 0 1
24.118 0 1
24.234 0 1
24.35 0 1
24.4661 1151 33.9264
24.5822 1142 33.7935
24.6984 1170 34.2053
24.8146 1124 33.5261
24.9309 1229 35.0571
25.0472 1086 32.9545
25.1636 1058 32.5269
25.28 1109 33.3017
25.3965 1129 33.6006
25.513 1145 33.8378
25.6296 1156 34
25.7462 1316 36.2767
25.8628 1251 35.3695
25.9795 1357 36.8375
26.0962 1325 36.4005
26.213 1305 36.1248
26.3298 1269 35.623
26.4466 1297 36.0139
26.5635 1224 34.9857
26.6804 1208 34.7563
26.7973 1193 34.5398
26.9143 1192 34.5254
27.0313 1152 33.9411
27.1483 1246 35.2987
27.2653 1298 36.0278
27.3824 1331 36.4829
27.4996 1283 35.819
27.6167 1278 35.7491
27.7339 1334 36.524
27.8511 1177 34.3074
27.9683 1239 35.1994
28.0855 1190 34.4964
28.2028 1139 33.7491
28.3201 1149 33.8969
28.4374 1074 32.7719
28.5547 1138 33.7343
28.6721 997 31.5753
28.7894 1100 33.1662
28.9068 1068 32.6803
29.0242 1088 32.9848
29.1416 1080 32.8634
29.259 1122 33.4963
29.3764 1132 33.6452
29.4939 1244 35.2704
29.6113 1190 34.4964
29.7288 1196 34.5832
29.8463 1230 35.0714
29.9638 1136 33.7046
30.0812 1146 33.8526
30.1987 1159 34.0441
30.3162 1067 32.665
30.4337 1125 33.541
30.5512 1189 34.4819
30.6687 1156 34
30.7862 1177 34.3074
30.9037 1186 34.4384
31.0212 1288 35.8887
31.1387 1285 35.8469
31.2562 1299 36.0416
31.3737 1159 34.0441
31.4912 1165 34.1321
31.6087 1177 34.3074
31.7262 1136 33.7046
31.8436 1093 33.0606
31.9611 1059 32.5423
32.0785 986 31.4006
32.1959 950 30.8221
32.3134 1041 32.2645
32.4308 1064 32.619
32.5482 1087 32.9697
32.6655 1106 33.2566
32.7829 1062 32.5883
32.9002 1111 33.3317
33.0176 1117 33.4215
33.1349 1136 33.7046
33.2522 1219 34.9142
33.3694 1120 33.4664
33.4867 1154 33.9706
33.6039 1167 34.1614
33.7211 1082 32.8938
33.8383 1085 32.9393
33.9554 1018 31.9061
34.0725 1063 32.6037
34.1896 1041 32.2645
34.3067 1142 33.7935
34.4237 1148 33.8821
34.5407 1171 34.2199
34.6577 1224 34.9857
34.7746 1208 34.7563
34.8915 1198 34.6121
35.0084 1223 34.9714
35.1252 1195 34.5688
35.242 1146 33.8526
35.3587 1141 33.7787
35.4755 1081 32.8786
35.5921 1068 32.6803
35.7088 1024 32
35.8254 974 31.209
35.9419 995 31.5436
36.0584 978 31.273
36.1749 1037 32.2025
36.2913 1002 31.6544
36.4077 1057 32.5115
36.524 1067 32.665
36.6403 1130 33.6155
36.7565 1156 34
36.8727 1088 32.9848
36.9889 1176 34.2929
37.1049 1146 33.8526
37.221 0 1
37.3369 0 1
37.4529 0 1
37.5687 0 1
37.6845 0 1
37.8003 0 1
37.916 0 1
38.0316 0 1
38.1472 0 1
40.5851 0 1
40.7008 0 1
40.8164 0 1
40.9322 0 1
41.048 0 1
41.1639 0 1
41.2798 0 1
41.3958 0 1
41.5118 0 1
41.6279 0 1
41.744 808 28.4253
41.8602 884 29.7321
41.9765 864 29.3939
42.0928 902 30.0333
42.2091 990 31.4643
42.3255 892 29.8664
42.4419 862 29.3598
42.5584 857 29.2746
42.675 772 27.7849
42.7915 841 29
42.9081 800 28.2843
43.0248 813 28.5132
43.1415 839 28.9655
43.2582 912 30.1993
43.375 845 29.0689
43.4918 936 30.5941
43.6087 921 30.348
43.7256 903 30.05
43.8425 880 29.6648
43.9595 849 29.1376
44.0765 868 29.4618
44.1935 794 28.178
44.3106 770 27.7489
44.4277 722 26.8701
44.5448 706 26.5707
44.6619 656 25.6125
44.7791 639 25.2784
44.8963 574 23.9583
45.0136 686 26.1916
45.1308 654 25.5734
45.2481 659 25.671
45.3654 619 24.8797
45.4827 648 25.4558
45.6001 650 25.4951
45.7174 640 25.2982
45.8348 673 25.9422
45.9522 685 26.1725
46.0697 619 24.8797
46.1871 606 24.6171
46.3046 556 23.5797
46.422 596 24.4131
46.5395 597 24.4336
46.657 594 24.3721
46.7745 619 24.8797
46.892 627 25.04
47.0096 646 25.4165
47.1271 621 24.9199
47.2446 668 25.8457
47.3622 602 24.5357
47.4797 662 25.7294
47.5973 622 24.9399
47.7149 611 24.7184
47.8324 559 23.6432
47.95 578 24.0416
48.0675 526 22.9347
48.1851 528 22.9783
48.3027 453 21.2838
48.4202 454 21.3073
48.5378 470 21.6795
48.6554 487 22.0681
48.7729 451 21.2368
48.8904 515 22.6936
49.008 513 22.6495
49.1255 550 23.4521
49.243 498 22.3159
49.3605 561 23.6854
49.478 514 22.6716
49.5955 485 22.0227
49.713 440 20.9762
49.8304 464 21.5407
49.9479 475 21.7945
50.0653 491 22.1585
50.1827 531 23.0434
50.3001 538 23.1948
50.4175 603 24.5561
50.5348 574 23.9583
50.6521 606 24.6171
50.7694 636 25.219
50.8867 612 24.7386
51.004 673 25.9422
51.1212 648 25.4558
51.2384 662 25.7294
51.3556 722 26.8701
51.4727 638 25.2587
51.5899 609 24.6779
51.707 620 24.8998
51.824 545 23.3452
51.9411 614 24.779
52.0581 619 24.8797
52.175 676 26
52.2919 667 25.8263
52.4088 819 28.6182
52.5257 736 27.1293
52.6425 777 27.8747
52.7593 760 27.5681
52.876 807 28.4077
52.9927 803 28.3373
53.1094 755 27.4773
53.226 761 27.5862
53.3426 774 27.8209
53.4591 748 27.3496
53.5756 754 27.4591
53.692 804 28.3549
53.8084 843 29.0345
53.9248 896 29.9333
54.0411 1025 32.0156
54.1573 977 31.257
54.2735 0 1
54.3896 0 1
54.5057 0 1
54.6217 0 1
54.7377 0 1
54.8537 0 1
54.9695 0 1
55.0853 0 1
55.2011 0 1
55.3168 0 1
55.4324 0 1
57.824 0 1
57.9396 0 1
58.0553 0 1
58.1711 0 1
58.2869 0 1
58.4028 0 1
58.5187 0 1
58.6347 0 1
58.7508 0 1
58.8669 0 1
58.983 1001 31.6386
59.0992 1103 33.2114
59.2155 1141 33.7787
59.3318 1076 32.8024
59.4482 1218 34.8999
59.5646 1167 34.1614
59.681 1201 34.6554
59.7975 1203 34.6843
59.9141 1181 34.3657
60.0306 1054 32.4654
60.1473 1041 32.2645
60.2639 972 31.1769
60.3807 875 29.5804
60.4974 856 29.2575
60.6142 884 29.7321
60.731 850 29.1548
60.8479 877 29.6142
60.9648 887 29.7825
61.0818 961 31
61.1987 1000 31.6228
61.3158 986 31.4006
61.4328 984 31.3688
61.5499 977 31.257
61.667 941 30.6757
61.7841 880 29.6648
61.9013 796 28.2135
62.0185 819 28.6182
62.1357 797 28.2312
62.253 933 30.545
62.3702 965 31.0644
62.4875 1072 32.7414
62.6049 1086 32.9545
62.7222 1097 33.121
62.8396 1123 33.5112
62.9569 1137 33.7194
63.0743 1173 34.2491
63.1918 1096 33.1059
63.3092 1100 33.1662
63.4267 1141 33.7787
63.5441 1093 33.0606
63.6616 1037 32.2025
63.7791 1019 31.9218
63.8966 879 29.6479
64.0142 905 30.0832
64.1317 873 29.5466
64.2492 902 30.0333
64.3668 920 30.3315
64.4843 1049 32.3883
64.6019 1011 31.7962
64.7195 1072 32.7414
64.837 1090 33.0151
64.9546 1037 32.2025
65.0722 920 30.3315
65.1898 1035 32.1714
65.3074 890 29.8329
65.4249 832 28.8444
65.5425 842 29.0172
65.6601 869 29.4788
65.7777 953 30.8707
65.8952 973 31.1929
66.0128 1027 32.0468
66.1304 1020 31.9374
66.2479 1120 33.4664
66.3655 1149 33.8969
66.483 1157 34.0147
66.6005 1091 33.0303
66.718 1153 33.9559
66.8355 1135 33.6898
66.953 1128 33.5857
67.0705 1128 33.5857
67.1879 964 31.0483
67.3054 1008 31.749
67.4228 869 29.4788
67.5402 883 29.7153
67.6576 819 28.6182
67.7749 824 28.7054
67.8923 902 30.0333
68.0096 869 29.4788
68.1269 933 30.545
68.2442 962 31.0161
68.3614 927 30.4467
68.4787 963 31.0322
68.5958 910 30.1662
68.713 963 31.0322
68.8302 886 29.7658
68.9473 802 28.3196
69.0643 772 27.7849
69.1814 732 27.0555
69.2984 699 26.4386
69.4154 789 28.0891
69.5323 925 30.4138
69.6492 1012 31.8119
69.7661 989 31.4484
69.8829 1014 31.8434
69.9997 1097 33.121
70.1165 1095 33.0908
70.2332 1113 33.3617
70.3499 1112 33.3467
70.4665 1105 33.2415
70.5831 1092 33.0454
70.6996 1079 32.8481
70.8161 975 31.225
70.9326 982 31.3369
71.049 837 28.931
71.1653 810 28.4605
71.2817 765 27.6586
71.3979 791 28.1247
71.5141 737 27.1477
71.6303 770 27.7489
71.7464 794 28.178
71.8624 0 1
71.9784 0 1
72.0944 0 1
72.2102 0 1
72.3261 0 1
72.4418 0 1
72.5575 0 1
72.6732 0 1
75.1054 0 1
75.2209 0 1
75.3365 0 1
75.4521 0 1
75.5678 0 1
75.6835 0 1
75.7993 0 1
75.9151 0 1
76.031 0 1
76.147 873 29.5466
76.263 958 30.9516
76.3791 931 30.5123
76.4952 856 29.2575
76.6113 789 28.0891
76.7276 794 28.178
76.8438 783 27.9821
76.9601 795 28.1957
77.0765 949 30.8058
77.1929 958 30.9516
77.3093 892 29.8664
77.4258 1009 31.7648
77.5423 965 31.0644
77.6589 998 31.5911
77.7755 864 29.3939
77.8921 837 28.931
78.0088 749 27.3679
78.1256 677 26.0192
78.2423 677 26.0192
78.3591 764 27.6405
78.4759 754 27.4591
78.5928 883 29.7153
78.7097 981 31.3209
78.8266 973 31.1929
78.9436 1080 32.8634
79.0606 1047 32.3574
79.1776 1020 31.9374
79.2946 1073 32.7567
79.4117 1035 32.1714
79.5288 1082 32.8938
79.6459 1076 32.8024
79.7631 978 31.273
79.8802 915 30.249
79.9974 841 29
80.1147 776 27.8568
80.2319 754 27.4591
80.3491 719 26.8142
80.4664 751 27.4044
80.5837 776 27.8568
80.701 775 27.8388
80.8183 857 29.2746
80.9357 853 29.2062
81.053 867 29.4449
81.1704 902 30.0333
81.2877 848 29.1204
81.4051 809 28.4429
81.5225 762 27.6043
81.6399 684 26.1534
81.7573 646 25.4165
81.8747 624 24.98
81.9922 639 25.2784
82.1096 748 27.3496
82.227 789 28.0891
82.3444 807 28.4077
82.4619 909 30.1496
82.5793 937 30.6105
82.6967 884 29.7321
82.8142 942 30.692
82.9316 930 30.4959
83.049 862 29.3598
83.1664 850 29.1548
83.2838 836 28.9137
83.4012 842 29.0172
83.5186 809 28.4429
83.636 779 27.9106
83.7534 711 26.6646
83.8708 669 25.865
83.9881 636 25.219
84.1055 623 24.96
84.2228 670 25.8844
84.3401 744 27.2764
84.4575 761 27.5862
84.5747 784 28
84.692 834 28.8791
84.8093 842 29.0172
84.9265 756 27.4955
85.0437 709 26.6271
85.1609 611 24.7184
85.2781 593 24.3516
85.3952 550 23.4521
85.5123 555 23.5584
85.6294 654 25.5734
85.7465 746 27.313
85.8636 831 28.8271
85.9806 869 29.4788
86.0976 922 30.3645
86.2145 1006 31.7175
86.3315 1006 31.7175
86.4484 955 30.9031
86.5652 948 30.7896
86.682 1031 32.1092
86.7988 1011 31.7962
86.9156 900 30
87.0323 947 30.7734
87.149 929 30.4795
87.2657 842 29.0172
87.3823 809 28.4429
87.4988 758 27.5318
87.6154 740 27.2029
87.7318 815 28.5482
87.8483 893 29.8831
87.9647 926 30.4302
88.081 943 30.7083
88.1973 987 31.4166
88.3136 982 31.3369
88.4298 962 31.0161
88.546 902 30.0333
88.6621 808 28.4253
88.7781 792 28.1425
88.8942 0 1
89.0101 0 1
89.126 0 1
89.2419 0 1
89.3577 0 1
89.4734 0 1
89.5891 0 1
89.7047 0 1
89.8203 0 1
89.9358 0 1
92.3269 0 1
92.4424 0 1
92.558 0 1
92.6736 0 1
92.7893 0 1
92.905 0 1
93.0208 0 1
93.1366 0 1
93.2525 0 1
93.3685 0 1
93.4845 0 1
93.6005 936 30.5941
93.7167 939 30.6431
93.8328 988 31.4325
93.949 936 30.5941
94.0653 917 30.282
94.1816 780 27.9285
94.2979 736 27.1293
94.4143 704 26.533
94.5307 717 26.7769
94.6472 765 27.6586
94.7637 833 28.8617
94.8803 932 30.5287
94.9969 994 31.5278
95.1135 1016 31.8748
95.2302 1051 32.4191
95.3469 1080 32.8634
95.4637 1116 33.4066
95.5805 1163 34.1028
95.6973 1151 33.9264
95.8142 1173 34.2491
95.9311 1122 33.4963
96.048 1056 32.4962
96.1649 1025 32.0156
96.2819 1053 32.45
96.3989 925 30.4138
96.516 926 30.4302
96.633 838 28.9482
96.7501 880 29.6648
96.8673 920 30.3315
96.9844 930 30.4959
97.1016 950 30.8221
97.2188 1026 32.0312
97.336 964 31.0483
97.4532 1090 33.0151
97.5704 981 31.3209
97.6877 919 30.315
97.805 791 28.1247
97.9223 785 28.0179
98.0396 740 27.2029
98.1569 728 26.9815
98.2743 735 27.1109
98.3916 825 28.7228
98.509 912 30.1993
98.6264 989 31.4484
98.7438 1042 32.28
98.8612 1054 32.4654
98.9786 1110 33.3167
99.096 1080 32.8634
99.2134 1157 34.0147
99.3308 1119 33.4515
99.4482 1156 34
99.5656 1118 33.4365
99.6831 1139 33.7491
99.8005 1055 32.4808
99.9179 1021 31.9531
100.035 1084 32.9242
100.153 935 30.5778
100.27 852 29.189
100.388 858 29.2916
100.505 862 29.3598
100.622 952 30.8545
100.74 985 31.3847
100.857 1067 32.665
100.975 1059 32.5423
101.092 1010 31.7805
101.209 1031 32.1092
101.327 948 30.7896
101.444 829 28.7924
101.561 757 27.5136
101.679 772 27.7849
101.796 771 27.7669
101.913 802 28.3196
102.03 877 29.6142
102.148 1040 32.249
102.265 1029 32.078
102.382 1133 33.6601
102.499 1201 34.6554
102.616 1202 34.6699
102.733 1192 34.5254
102.851 1190 34.4964
102.968 1219 34.9142
103.085 1227 35.0286
103.202 1149 33.8969
103.319 1074 32.7719
103.436 1107 33.2716
103.552 1112 33.3467
103.669 982 31.3369
103.786 1007 31.7333
103.903 976 31.241
104.02 1041 32.2645
104.137 1041 32.2645
104.253 1183 34.3948
104.37 1144 33.8231
104.487 1114 33.3766
104.603 1139 33.7491
104.72 1092 33.0454
104.836 983 31.3528
104.953 866 29.4279
105.069 792 28.1425
105.186 806 28.3901
105.302 821 28.6531
105.418 884 29.7321
105.535 1060 32.5576
105.651 1144 33.8231
105.767 1249 35.3412
105.883 1268 35.609
105.999 1306 36.1386
106.115 0 1
106.231 0 1
106.347 0 1
106.463 0 1
106.579 0 1
106.694 0 1
106.81 0 1
106.926 0 1
107.041 0 1
107.157 0 1
109.576 0 1
109.692 0 1
109.807 0 1
109.923 0 1
110.039 0 1
110.155 0 1
110.27 0 1
110.386 0 1
110.502 0 1
110.618 1024 32
110.735 1055 32.4808
110.851 1212 34.8138
110.967 1288 35.8887
111.083 1225 35
111.199 1251 35.3695
111.316 1254 35.4119
111.432 1246 35.2987
111.549 1204 34.6987
111.665 1268 35.609
111.782 1212 34.8138
111.898 1176 34.2929
112.015 1189 34.4819
112.132 1083 32.909
112.248 1021 31.9531
112.365 1043 32.2955
112.482 949 30.8058
112.599 1078 32.8329
112.716 1060 32.5576
112.832 1076 32.8024
112.949 1103 33.2114
113.066 1090 33.0151
113.183 1030 32.0936
113.3 1030 32.0936
113.417 997 31.5753
113.534 894 29.8998
113.652 813 28.5132
113.769 763 27.6225
113.886 787 28.0535
114.003 869 29.4788
114.12 898 29.9666
114.238 1063 32.6037
114.355 1126 33.5559
114.472 1142 33.7935
114.589 1217 34.8855
114.707 1238 35.1852
114.824 1210 34.7851
114.942 1217 34.8855
115.059 1219 34.9142
115.176 1224 34.9857
115.294 1198 34.6121
115.411 1160 34.0588
115.529 1205 34.7131
115.646 1087 32.9697
115.764 1049 32.3883
115.881 1018 31.9061
115.999 1023 31.9844
116.116 1009 31.7648
116.234 1064 32.619
116.351 1109 33.3017
116.469 1091 33.0303
116.586 1140 33.7639
116.704 1106 33.2566
116.821 1072 32.7414
116.939 1001 31.6386
117.056 950 30.8221
117.174 814 28.5307
117.291 823 28.688
117.409 862 29.3598
117.526 902 30.0333
117.644 975 31.225
117.761 1043 32.2955
117.879 1190 34.4964
117.996 1194 34.5543
118.114 1278 35.7491
118.231 1303 36.0971
118.349 1317 36.2905
118.466 1307 36.1525
118.584 1324 36.3868
118.701 1234 35.1283
118.819 1190 34.4964
118.936 1266 35.5809
119.053 1230 35.0714
119.171 1132 33.6452
119.288 1104 33.2265
119.405 1077 32.8177
119.523 986 31.4006
119.64 1039 32.2335
119.757 1098 33.1361
119.875 1151 33.9264
119.992 1119 33.4515
120.109 1172 34.2345
120.226 1145 33.8378
120.343 1128 33.5857
120.46 1049 32.3883
120.578 989 31.4484
120.695 913 30.2159
120.812 866 29.4279
120.929 891 29.8496
121.046 870 29.4958
121.163 910 30.1662
121.279 891 29.8496
121.396 938 30.6268
121.513 1096 33.1059
121.63 1155 33.9853
121.747 1263 35.5387
121.863 1226 35.0143
121.98 1189 34.4819
122.097 1277 35.7351
122.213 1293 35.9583
122.33 1261 35.5106
122.446 1258 35.4683
122.563 1170 34.2053
122.679 1183 34.3948
122.795 1109 33.3017
122.912 1126 33.5559
123.028 1076 32.8024
123.144 1088 32.9848
123.26 1085 32.9393
123.377 0 1
123.493 0 1
123.609 0 1
123.725 0 1
123.84 0 1
123.956 0 1
124.072 0 1
124.188 0 1
124.303 0 1
124.419 0 1
126.852 0 1
126.968 0 1
127.083 0 1
127.199 0 1
127.315 0 1
127.431 0 1
127.547 0 1
127.663 0 1
127.779 0 1
127.895 0 1
128.011 0 1
128.127 0 1
128.243 0 1
128.359 1188 34.4674
128.476 1155 33.9853
128.592 1195 34.5688
128.708 1227 35.0286
128.825 1178 34.322
128.941 1234 35.1283
129.058 1148 33.8821
129.174 1174 34.2637
129.291 1159 34.0441
129.408 1209 34.7707
129.524 1143 33.8083
129.641 1068 32.6803
129.758 935 30.5778
129.875 932 30.5287
129.992 953 30.8707
130.108 910 30.1662
130.225 986 31.4006
130.342 1071 32.7261
130.459 1165 34.1321
130.576 1212 34.8138
130.693 1296 36
130.81 1273 35.6791
130.928 1322 36.3593
131.045 1278 35.7491
131.162 1295 35.9861
131.279 1313 36.2353
131.396 1303 36.0971
131.513 1362 36.9053
131.631 1245 35.2846
131.748 1202 34.6699
131.865 1139 33.7491
131.983 1172 34.2345
132.1 1160 34.0588
132.217 1203 34.6843
132.335 1245 35.2846
132.452 1261 35.5106
132.57 1227 35.0286
132.687 1221 34.9428
132.804 1207 34.7419
132.922 1256 35.4401
133.039 1061 32.573
133.157 1076 32.8024
133.274 1008 31.749
133.392 967 31.0966
133.509 909 30.1496
133.627 920 30.3315
133.744 1012 31.8119
133.862 1075 32.7872
133.979 1135 33.6898
134.097 1209 34.7707
134.214 1231 35.0856
134.332 1217 34.8855
134.449 1301 36.0694
134.567 1301 36.0694
134.684 1294 35.9722
134.802 1348 36.7151
134.919 1303 36.0971
135.037 1345 36.6742
135.154 1246 35.2987
135.272 1249 35.3412
135.389 1314 36.2491
135.507 1213 34.8281
135.624 1168 34.176
135.742 1273 35.6791
135.859 1293 35.9583
135.977 1247 35.3129
136.094 1200 34.641
136.211 1220 34.9285
136.329 1275 35.7071
136.446 1278 35.7491
136.564 1184 34.4093
136.681 1192 34.5254
136.798 1076 32.8024
136.915 987 31.4166
137.033 1001 31.6386
137.15 943 30.7083
137.267 952 30.8545
137.384 995 31.5436
137.502 1083 32.909
137.619 1136 33.7046
137.736 1134 33.6749
137.853 1195 34.5688
137.97 1253 35.3977
138.087 1260 35.4965
138.204 1247 35.3129
138.321 1333 36.5103
138.438 1278 35.7491
138.555 1317 36.2905
138.672 1247 35.3129
138.788 1278 35.7491
138.905 1198 34.6121
139.022 1191 34.5109
139.139 1230 35.0714
139.255 1222 34.9571
139.372 1209 34.7707
139.488 1174 34.2637
139.605 1251 35.3695
139.721 1272 35.6651
139.838 1210 34.7851
139.954 1233 35.1141
140.071 1260 35.4965
140.187 1222 34.9571
140.303 1206 34.7275
140.419 1146 33.8526
140.535 1087 32.9697
140.652 986 31.4006
140.768 0 1
140.884 0 1
141 0 1
141.115 0 1
141.231 0 1
141.347 0 1
141.463 0 1
141.578 0 1
141.694 0 1
144.104 0 1
144.219 0 1
144.335 0 1
144.45 0 1
144.566 0 1
144.682 0 1
144.798 0 1
144.914 0 1
145.03 0 1
145.146 899 29.9833
145.262 904 30.0666
145.378 883 29.7153
145.494 884 29.7321
145.61 829 28.7924
145.726 799 28.2666
145.842 821 28.6531
145.959 785 28.0179
146.075 790 28.1069
146.192 756 27.4955
146.308 773 27.8029
146.425 872 29.5296
146.541 937 30.6105
146.658 943 30.7083
146.774 955 30.9031
146.891 968 31.1127
147.008 976 31.241
147.125 1004 31.686
147.241 1026 32.0312
147.358 1055 32.4808
147.475 1030 32.0936
147.592 981 31.3209
147.709 955 30.9031
147.826 1027 32.0468
147.943 959 30.9677
148.06 998 31.5911
148.177 976 31.241
148.294 996 31.5595
148.411 972 31.1769
148.528 1037 32.2025
148.645 1002 31.6544
148.762 943 30.7083
148.88 977 31.257
148.997 953 30.8707
149.114 956 30.9192
149.231 877 29.6142
149.349 923 30.3809
149.466 804 28.3549
149.583 837 28.931
149.701 813 28.5132
149.818 785 28.0179
149.935 754 27.4591
150.053 843 29.0345
150.17 870 29.4958
150.287 936 30.5941
150.405 936 30.5941
150.522 949 30.8058
150.64 922 30.3645
150.757 1024 32
150.875 1018 31.9061
150.992 1021 31.9531
151.11 1069 32.6956
151.227 1035 32.1714
151.344 1067 32.665
151.462 1066 32.6497
151.579 1002 31.6544
151.697 995 31.5436
151.814 993 31.5119
151.932 1002 31.6544
152.049 992 31.496
152.167 1030 32.0936
152.284 1018 31.9061
152.402 987 31.4166
152.519 1001 31.6386
152.636 1039 32.2335
152.754 1022 31.9687
152.871 1021 31.9531
152.989 934 30.5614
153.106 925 30.4138
153.223 908 30.133
153.341 839 28.9655
153.458 805 28.3725
153.575 844 29.0517
153.693 882 29.6985
153.81 923 30.3809
153.927 986 31.4006
154.044 1010 31.7805
154.162 1043 32.2955
154.279 1075 32.7872
154.396 1123 33.5112
154.513 1136 33.7046
154.63 1176 34.2929
154.747 1189 34.4819
154.864 1162 34.0881
154.981 1143 33.8083
155.098 1150 33.9116
155.215 1178 34.322
155.332 1165 34.1321
155.449 1125 33.541
155.566 1106 33.2566
155.683 1133 33.6601
155.8 1181 34.3657
155.917 1097 33.121
156.033 1124 33.5261
156.15 0 1
156.267 0 1
156.383 0 1
156.5 0 1
156.617 0 1
156.733 0 1
156.85 0 1
156.966 0 1
157.082 0 1
157.199 0 1
157.315 0 1
157.431 0 1
157.547 0 1
157.664 0 1
157.78 0 1
157.896 0 1
158.012 0 1
158.128 0 1
158.244 0 1
158.359 0 1
158.475 0 1
158.591 0 1
158.706 0 1
