
6.15755 0 1
6.2731 0 1
6.3887 0 1
6.50437 0 1
6.62009 0 1
6.73587 0 1
6.8517 0 1
6.96759 0 1
7.08353 0 1
7.19952 0 1
7.31557 0 1
7.43166 0 1
7.54781 0 1
7.664 0 1
7.78024 0 1
7.89653 0 1
8.01286 0 1
8.12924 0 1
8.24567 0 1
8.36213 0 1
8.47864 0 1
8.59519 0 1
8.71178 0 1
8.82841 0 1
8.94508 0 1
9.06179 0 1
9.17853 0 1
9.29531 0 1
9.41212 0 1
9.52897 0 1
9.64584 0 1
9.76276 0 1
9.8797 0 1
9.99667 0 1
10.1137 0 1
10.2307 0 1
10.3478 0 1
10.4648 0 1
10.5819 0 1
10.6991 0 1
10.8162 0 1
10.9334 0 1
11.0506 0 1
11.1678 0 1
11.285 0 1
11.4023 0 1
11.5196 0 1
11.6369 0 1
11.7542 0 1
11.8715 0 1
11.9888 0 1
12.1062 0 1
12.2235 0 1
12.3409 0 1
12.4582 0 1
12.5756 0 1
12.693 0 1
12.8104 0 1
12.9278 0 1
13.0452 0 1
13.1626 0 1
13.28 0 1
13.3974 0 1
13.5149 0 1
13.6323 0 1
13.7497 0 1
13.8671 0 1
13.9845 0 1
14.1019 0 1
14.2193 0 1
14.3367 0 1
14.4541 0 1
14.5714 0 1
14.6888 0 1
14.8062 0 1
14.9235 0 1
15.0408 0 0
15.1581 0 0
15.2755 0 0
15.3927 0 0
15.51 0 0
15.6273 0 0
15.7445 0 0
15.8617 0 0
15.9789 0 0
16.0961 0 0
16.2132 0 0
16.3304 0 0
16.4475 0 0
16.5646 0 0
16.6816 0 0
16.7986 0 0
16.9156 0 0
17.0326 0 0
17.1496 0 0
17.2665 0 0
17.3833 0 0
17.5002 0 0
17.617 0 0
17.7338 0 0
17.8505 0 0
17.9672 0 0
18.0839 0 0
18.2005 0 0
18.3171 0 0
18.4337 0 0
18.5502 0 0
18.6666 0 0
18.7831 0 0
18.8994 0 0
19.0158 0 0
19.1321 0 0
19.2483 0 0
19.3645 0 0
19.4806 0 0
19.5967 0 0
19.7128 0 0
19.8288 0 0
19.9447 0 0
20.0606 0 1
20.1764 0 1
20.2922 0 1
20.4079 0 1
20.5236 0 1
20.6392 0 1
20.7548 0 1
20.8702 0 1
23.3078 0 1
23.4233 0 1
23.539 0 1
23.6547 0 1
23.7704 0 1
23.8862 0 1
24.0021 0 1
24.118 0 1
24.234 0 1
24.35 0 1
24.4661 34807 186.566
24.5822 34825 186.615
24.6984 34221 184.989
24.8146 33720 183.63
24.9309 33091 181.909
25.0472 32655 180.707
25.1636 32568 180.466
25.28 33560 183.194
25.3965 34485 185.701
25.513 35785 189.169
25.6296 37609 193.93
25.7462 39306 198.257
25.8628 39905 199.762
25.9795 40781 201.943
26.0962 40948 202.356
26.213 41410 203.494
26.3298 40770 201.916
26.4466 40804 202
26.5635 40622 201.549
26.6804 40373 200.93
26.7973 40161 200.402
26.9143 40399 200.995
27.0313 39984 199.96
27.1483 40747 201.859
27.2653 41155 202.867
27.3824 41307 203.241
27.4996 41451 203.595
27.6167 40776 201.931
27.7339 40267 200.666
27.8511 38695 196.71
27.9683 38383 195.916
28.0855 37095 192.601
28.2028 36076 189.937
28.3201 35587 188.645
28.4374 33994 184.375
28.5547 33309 182.508
28.6721 32210 179.471
28.7894 33184 182.165
28.9068 33653 183.448
29.0242 34892 186.794
29.1416 36094 189.984
29.259 37553 193.786
29.3764 38887 197.198
29.4939 39766 199.414
29.6113 40107 200.267
29.7288 40768 201.911
29.8463 41193 202.961
29.9638 41398 203.465
30.0812 41432 203.549
30.1987 40846 202.104
30.3162 40112 200.28
30.4337 40094 200.235
30.5512 40435 201.085
30.6687 41050 202.608
30.7862 40969 202.408
30.9037 42015 204.976
31.0212 42203 205.434
31.1387 41984 204.9
31.2562 41699 204.203
31.3737 40739 201.839
31.4912 40121 200.302
31.6087 39420 198.545
31.7262 38197 195.441
31.8436 37130 192.691
31.9611 36063 189.903
32.0785 35451 188.284
32.1959 34053 184.535
32.3134 33975 184.323
32.4308 34748 186.408
32.5482 35628 188.754
32.6655 36906 192.109
32.7829 38576 196.408
32.9002 40185 200.462
33.0176 40938 202.331
33.1349 41852 204.578
33.2522 40881 202.191
33.3694 42419 205.959
33.4867 41954 204.827
33.6039 42409 205.934
33.7211 41896 204.685
33.8383 41724 204.265
33.9554 41302 203.229
34.0725 40563 201.403
34.1896 40727 201.809
34.3067 40806 202.005
34.4237 41657 204.1
34.5407 42055 205.073
34.6577 42344 205.777
34.7746 42222 205.48
34.8915 41874 204.631
35.0084 41321 203.276
35.1252 40368 200.918
35.242 39896 199.74
35.3587 38919 197.279
35.4755 38439 196.059
35.5921 37577 193.848
35.7088 36269 190.444
35.8254 35063 187.251
35.9419 34250 185.068
36.0584 33797 183.84
36.1749 34537 185.841
36.2913 35231 187.699
36.4077 36631 191.392
36.524 37954 194.818
36.6403 39010 197.509
36.7565 40503 201.254
36.8727 41419 203.517
36.9889 41683 204.164
37.1049 41255 203.113
37.221 0 1
37.3369 0 1
37.4529 0 1
37.5687 0 1
37.6845 0 1
37.8003 0 1
37.916 0 1
38.0316 0 1
38.1472 0 1
40.5851 0 1
40.7008 0 1
40.8164 0 1
40.9322 0 1
41.048 0 1
41.1639 0 1
41.2798 0 1
41.3958 0 1
41.5118 0 1
41.6279 0 1
41.744 33922 184.179
41.8602 36372 190.714
41.9765 38025 195
42.0928 38925 197.294
42.2091 39507 198.764
42.3255 39557 198.889
42.4419 38860 197.129
42.5584 39289 198.215
42.675 38025 195
42.7915 37061 192.512
42.9081 36660 191.468
43.0248 36866 192.005
43.1415 36904 192.104
43.2582 37506 193.665
43.375 37811 194.451
43.4918 38482 196.168
43.6087 37967 194.851
43.7256 37597 193.899
43.8425 36788 191.802
43.9595 35830 189.288
44.0765 35483 188.369
44.1935 34615 186.051
44.3106 33858 184.005
44.4277 32651 180.696
44.5448 31416 177.246
44.6619 29585 172.003
44.7791 28404 168.535
44.8963 28027 167.413
45.0136 28555 168.982
45.1308 28963 170.185
45.2481 29665 172.235
45.3654 31333 177.011
45.4827 32631 180.641
45.6001 32033 178.978
45.7174 32719 180.884
45.8348 32497 180.269
45.9522 32409 180.025
46.0697 32193 179.424
46.1871 31102 176.358
46.3046 30312 174.103
46.422 28967 170.197
46.5395 28625 169.189
46.657 29430 171.552
46.7745 29711 172.369
46.892 30046 173.338
47.0096 30369 174.267
47.1271 30598 174.923
47.2446 30363 174.25
47.3622 29650 172.192
47.4797 28963 170.185
47.5973 28483 168.769
47.7149 28007 167.353
47.8324 27373 165.448
47.95 26099 161.552
48.0675 25601 160.003
48.1851 23820 154.337
48.3027 22771 150.901
48.4202 22625 150.416
48.5378 22933 151.436
48.6554 23326 152.729
48.7729 24625 156.924
48.8904 25882 160.879
49.008 26668 163.303
49.1255 27261 165.109
49.243 27610 166.163
49.3605 27600 166.132
49.478 27564 166.024
49.5955 26997 164.308
49.713 26836 163.817
49.8304 25504 159.7
49.9479 25275 158.981
50.0653 25330 159.154
50.1827 26443 162.613
50.3001 27041 164.441
50.4175 28363 168.413
50.5348 29150 170.734
50.6521 29657 172.212
50.7694 30323 174.135
50.8867 30195 173.767
51.004 30753 175.365
51.1212 31043 176.19
51.2384 30710 175.243
51.3556 31033 176.162
51.4727 30475 174.571
51.5899 29872 172.835
51.707 28383 168.473
51.824 26882 163.957
51.9411 26466 162.684
52.0581 27554 165.994
52.175 28594 169.098
52.2919 29607 172.067
52.4088 31641 177.879
52.5257 33115 181.975
52.6425 33617 183.349
52.7593 33889 184.09
52.876 34273 185.13
52.9927 34176 184.868
53.1094 35011 187.112
53.226 34299 185.2
53.3426 33703 183.584
53.4591 32818 181.157
53.5756 32688 180.798
53.692 32918 181.433
53.8084 33536 183.128
53.9248 34915 186.856
54.0411 35615 188.719
54.1573 36266 190.436
54.2735 0 1
54.3896 0 1
54.5057 0 1
54.6217 0 1
54.7377 0 1
54.8537 0 1
54.9695 0 1
55.0853 0 1
55.2011 0 1
55.3168 0 1
55.4324 0 1
57.824 0 1
57.9396 0 1
58.0553 0 1
58.1711 0 1
58.2869 0 1
58.4028 0 1
58.5187 0 1
58.6347 0 1
58.7508 0 1
58.8669 0 1
58.983 37269 193.052
59.0992 39578 198.942
59.2155 41313 203.256
59.3318 42515 206.192
59.4482 43349 208.204
59.5646 44173 210.174
59.681 43595 208.794
59.7975 43661 208.952
59.9141 42589 206.371
60.0306 41663 204.115
60.1473 40154 200.385
60.2639 38595 196.456
60.3807 36435 190.88
60.4974 34134 184.754
60.6142 33238 182.313
60.731 32847 181.237
60.8479 32474 180.205
60.9648 34179 184.876
61.0818 35803 189.217
61.1987 37410 193.417
61.3158 38501 196.217
61.4328 38492 196.194
61.5499 38813 197.01
61.667 38481 196.166
61.7841 37663 194.07
61.9013 36548 191.175
62.0185 36039 189.839
62.1357 35220 187.67
62.253 35824 189.272
62.3702 36195 190.25
62.4875 37273 193.062
62.6049 38370 195.883
62.7222 39711 199.276
62.8396 40294 200.734
62.9569 40941 202.339
63.0743 41557 203.855
63.1918 41152 202.86
63.3092 40451 201.124
63.4267 39679 199.196
63.5441 38604 196.479
63.6616 37267 193.047
63.7791 35435 188.242
63.8966 33060 181.824
64.0142 30814 175.539
64.1317 29293 171.152
64.2492 29208 170.903
64.3668 29660 172.221
64.4843 30884 175.738
64.6019 33162 182.104
64.7195 34413 185.507
64.837 35176 187.553
64.9546 35434 188.239
65.0722 35328 187.957
65.1898 35588 188.648
65.3074 35311 187.912
65.4249 33915 184.16
65.5425 32762 181.003
65.6601 31890 178.578
65.7777 31516 177.527
65.8952 32538 180.383
66.0128 33995 184.377
66.1304 35077 187.289
66.2479 36693 191.554
66.3655 37652 194.041
66.483 38672 196.652
66.6005 39572 198.927
66.718 38845 197.091
66.8355 38570 196.392
66.953 38437 196.054
67.0705 37307 193.15
67.1879 35948 189.6
67.3054 34962 186.981
67.4228 33013 181.695
67.5402 30214 173.822
67.6576 27677 166.364
67.7749 27132 164.718
67.8923 26743 163.533
68.0096 27597 166.123
68.1269 29550 171.901
68.2442 32015 178.927
68.3614 33995 184.377
68.4787 34874 186.746
68.5958 34896 186.805
68.713 35358 188.037
68.8302 35058 187.238
68.9473 34547 185.868
69.0643 33022 181.72
69.1814 31843 178.446
69.2984 31177 176.57
69.4154 31418 177.251
69.5323 32621 180.613
69.6492 34249 185.065
69.7661 35542 188.526
69.8829 38262 195.607
69.9997 39436 198.585
70.1165 39892 199.73
70.2332 39947 199.867
70.3499 39973 199.932
70.4665 39822 199.555
70.5831 39053 197.618
70.6996 38189 195.42
70.8161 36954 192.234
70.9326 35472 188.34
71.049 33549 183.164
71.1653 31036 176.17
71.2817 27813 166.772
71.3979 25690 160.281
71.5141 24644 156.984
71.6303 25125 158.509
71.7464 23873 154.509
71.8624 0 1
71.9784 0 1
72.0944 0 1
72.2102 0 1
72.3261 0 1
72.4418 0 1
72.5575 0 1
72.6732 0 1
75.1054 0 1
75.2209 0 1
75.3365 0 1
75.4521 0 1
75.5678 0 1
75.6835 0 1
75.7993 0 1
75.9151 0 1
76.031 0 1
76.147 31798 178.32
76.263 33377 182.694
76.3791 32844 181.229
76.4952 30901 175.787
76.6113 28080 167.571
76.7276 25613 160.041
76.8438 25502 159.693
76.9601 25915 160.981
77.0765 27412 165.566
77.1929 29592 172.023
77.3093 33135 182.03
77.4258 34587 185.976
77.5423 34370 185.391
77.6589 34502 185.747
77.7755 34130 184.743
77.8921 33615 183.344
78.0088 32099 179.162
78.1256 30247 173.917
78.2423 29351 171.321
78.3591 28119 167.687
78.4759 28337 168.336
78.5928 30037 173.312
78.7097 32280 179.666
78.8266 34376 185.408
78.9436 36423 190.848
79.0606 37318 193.179
79.1776 37444 193.505
79.2946 38589 196.441
79.4117 38668 196.642
79.5288 38421 196.013
79.6459 38111 195.22
79.7631 36161 190.16
79.8802 34887 186.781
79.9974 32869 181.298
80.1147 30981 176.014
80.2319 27924 167.105
80.3491 25358 159.242
80.4664 24812 157.518
80.5837 25179 158.679
80.701 26307 162.194
80.8183 28870 169.912
80.9357 30933 175.878
81.053 32202 179.449
81.1704 32610 180.582
81.2877 32342 179.839
81.4051 31860 178.494
81.5225 31698 178.039
81.6399 29978 173.142
81.7573 29020 170.353
81.8747 26560 162.972
81.9922 25883 160.882
82.1096 26087 161.515
82.227 27722 166.499
82.3444 29940 173.032
82.4619 32148 179.299
82.5793 34592 185.989
82.6967 34167 184.843
82.8142 35094 187.334
82.9316 35064 187.254
83.049 35226 187.686
83.1664 35206 187.633
83.2838 34155 184.811
83.4012 32188 179.41
83.5186 30941 175.901
83.636 29590 172.017
83.7534 27748 166.577
83.8708 25269 158.962
83.9881 23065 151.872
84.1055 22520 150.067
84.2228 22957 151.516
84.3401 24188 155.525
84.4575 26490 162.757
84.5747 29391 171.438
84.692 30978 176.006
84.8093 31317 176.966
84.9265 31024 176.136
85.0437 30706 175.231
85.1609 29492 171.732
85.2781 27643 166.262
85.3952 26170 161.771
85.5123 24895 157.781
85.6294 24912 157.835
85.7465 26602 163.101
85.8636 29378 171.4
85.9806 31688 178.011
86.0976 34053 184.535
86.2145 35730 189.024
86.3315 36615 191.35
86.4484 38426 196.026
86.5652 38680 196.672
86.682 38868 197.15
86.7988 38157 195.338
86.9156 36746 191.692
87.0323 35489 188.385
87.149 33724 183.641
87.2657 32493 180.258
87.3823 29977 173.139
87.4988 27629 166.22
87.6154 26436 162.592
87.7318 27118 164.675
87.8483 28946 170.135
87.9647 30845 175.627
88.081 33776 183.782
88.1973 35667 188.857
88.3136 36576 191.249
88.4298 36226 190.331
88.546 35044 187.2
88.6621 34155 184.811
88.7781 32108 179.187
88.8942 0 1
89.0101 0 1
89.126 0 1
89.2419 0 1
89.3577 0 1
89.4734 0 1
89.5891 0 1
89.7047 0 1
89.8203 0 1
89.9358 0 1
92.3269 0 1
92.4424 0 1
92.558 0 1
92.6736 0 1
92.7893 0 1
92.905 0 1
93.0208 0 1
93.1366 0 1
93.2525 0 1
93.3685 0 1
93.4845 0 1
93.6005 34055 184.54
93.7167 35066 187.259
93.8328 35416 188.191
93.949 35444 188.266
94.0653 34490 185.715
94.1816 33271 182.403
94.2979 31531 177.57
94.4143 29719 172.392
94.5307 28477 168.751
94.6472 27982 167.278
94.7637 29007 170.314
94.8803 31729 178.126
94.9969 34443 185.588
95.1135 36906 192.109
95.2302 39220 198.04
95.3469 40377 200.94
95.4637 40889 202.21
95.5805 41991 204.917
95.6973 42917 207.164
95.8142 42421 205.964
95.9311 41452 203.598
96.048 40220 200.549
96.1649 38711 196.751
96.2819 37083 192.569
96.3989 35316 187.926
96.516 33156 182.088
96.633 30900 175.784
96.7501 29313 171.21
96.8673 29046 170.429
96.9844 30322 174.132
97.1016 32379 179.942
97.2188 34714 186.317
97.336 36653 191.45
97.4532 37828 194.494
97.5704 37600 193.907
97.6877 36925 192.159
97.805 35250 187.75
97.9223 32932 181.472
98.0396 30781 175.445
98.1569 29039 170.408
98.2743 28077 167.562
98.3916 28620 169.174
98.509 31363 177.096
98.6264 33855 183.997
98.7438 36391 190.764
98.8612 38870 197.155
98.9786 40804 202
99.096 42649 206.516
99.2134 42912 207.152
99.3308 43334 208.168
99.4482 42744 206.746
99.5656 42317 205.711
99.6831 40677 201.685
99.8005 38844 197.089
99.9179 37712 194.196
100.035 35545 188.534
100.153 33417 182.803
100.27 31336 177.02
100.388 30626 175.003
100.505 31329 177
100.622 33196 182.198
100.74 35411 188.178
100.857 37238 192.972
100.975 38743 196.832
101.092 39031 197.563
101.209 38819 197.025
101.327 37287 193.098
101.444 35905 189.486
101.561 33495 183.016
101.679 30786 175.459
101.796 29615 172.09
101.913 29308 171.196
102.03 31173 176.559
102.148 34911 186.845
102.265 41405 203.482
102.382 39130 197.813
102.499 43330 208.159
102.616 44710 211.447
102.733 46031 214.548
102.851 46082 214.667
102.968 45928 214.308
103.085 45246 212.711
103.202 44130 210.071
103.319 42350 205.791
103.436 40665 201.656
103.552 38308 195.724
103.669 36070 189.921
103.786 33749 183.709
103.903 33360 182.647
104.02 34260 185.095
104.137 36167 190.176
104.253 39385 198.457
104.37 39456 198.635
104.487 41734 204.289
104.603 41350 203.347
104.72 41102 202.736
104.836 40038 200.095
104.953 37360 193.287
105.069 34432 185.559
105.186 32492 180.255
105.302 31275 176.847
105.418 31584 177.719
105.535 34995 187.07
105.651 39471 198.673
105.767 42990 207.34
105.883 46143 214.809
105.999 47557 218.076
106.115 0 1
106.231 0 1
106.347 0 1
106.463 0 1
106.579 0 1
106.694 0 1
106.81 0 1
106.926 0 1
107.041 0 1
107.157 0 1
109.576 0 1
109.692 0 1
109.807 0 1
109.923 0 1
110.039 0 1
110.155 0 1
110.27 0 1
110.386 0 1
110.502 0 1
110.618 33954 184.266
110.735 38607 196.487
110.851 42313 205.701
110.967 44521 211
111.083 46009 214.497
111.199 46535 215.72
111.316 47146 217.131
111.432 47652 218.293
111.549 46954 216.689
111.665 45749 213.89
111.782 43930 209.595
111.898 41959 204.839
112.015 40591 201.472
112.132 38725 196.787
112.248 36268 190.442
112.365 35093 187.331
112.482 35709 188.968
112.599 36147 190.124
112.716 37974 194.869
112.832 39210 198.015
112.949 40265 200.661
113.066 40869 202.161
113.183 40923 202.294
113.3 39570 198.922
113.417 37684 194.124
113.534 35063 187.251
113.652 32598 180.549
113.769 30600 174.929
113.886 29796 172.615
114.003 30200 173.781
114.12 33843 183.965
114.238 37624 193.969
114.355 41224 203.037
114.472 45585 213.506
114.589 42433 205.993
114.707 44625 211.246
114.824 45417 213.113
114.942 45530 213.378
115.059 45644 213.645
115.176 44564 211.102
115.294 43177 207.791
115.411 40857 202.131
115.529 39615 199.035
115.646 37749 194.291
115.764 36046 189.858
115.881 34939 186.92
115.999 34604 186.022
116.116 35096 187.339
116.234 36127 190.071
116.351 37330 193.21
116.469 38133 195.277
116.586 38738 196.82
116.704 38763 196.883
116.821 38108 195.213
116.939 36850 191.964
117.056 34639 186.116
117.174 32320 179.778
117.291 30614 174.969
117.409 29576 171.977
117.526 29493 171.735
117.644 31689 178.014
117.761 35207 187.635
117.879 38071 195.118
117.996 40155 200.387
118.114 41767 204.37
118.231 43154 207.735
118.349 42893 207.106
118.466 43557 208.703
118.584 43063 207.516
118.701 43281 208.041
118.819 41965 204.854
118.936 40303 200.756
119.053 39079 197.684
119.171 37736 194.258
119.288 36193 190.245
119.405 34883 186.77
119.523 34181 184.881
119.64 34213 184.968
119.757 34515 185.782
119.875 35439 188.252
119.992 35822 189.267
120.109 36440 190.893
120.226 36773 191.763
120.343 36614 191.348
120.46 36322 190.583
120.578 35688 188.913
120.695 33932 184.206
120.812 31375 177.13
120.929 30708 175.237
121.046 29830 172.714
121.163 29608 172.07
121.279 30712 175.248
121.396 33302 182.488
121.513 36814 191.87
121.63 38935 197.32
121.747 40906 202.252
121.863 41586 203.926
121.98 41745 204.316
122.097 42167 205.346
122.213 41794 204.436
122.33 41759 204.35
122.446 41108 202.751
122.563 39141 197.841
122.679 38361 195.86
122.795 37221 192.927
122.912 36124 190.063
123.028 34797 186.54
123.144 33402 182.762
123.26 32684 180.787
123.377 0 1
123.493 0 1
123.609 0 1
123.725 0 1
123.84 0 1
123.956 0 1
124.072 0 1
124.188 0 1
124.303 0 1
124.419 0 1
126.852 0 1
126.968 0 1
127.083 0 1
127.199 0 1
127.315 0 1
127.431 0 1
127.547 0 1
127.663 0 1
127.779 0 1
127.895 0 1
128.011 0 1
128.127 0 1
128.243 0 1
128.359 38500 196.214
128.476 38061 195.092
128.592 38015 194.974
128.708 38699 196.721
128.825 39620 199.048
128.941 40757 201.884
129.058 40790 201.965
129.174 40592 201.475
129.291 40414 201.032
129.408 40699 201.74
129.524 38751 196.853
129.641 37094 192.598
129.758 34924 186.88
129.875 33464 182.932
129.992 32642 180.671
130.108 32777 181.044
130.225 34407 185.491
130.342 37616 193.948
130.459 39943 199.857
130.576 43654 208.935
130.693 43545 208.674
130.81 44180 210.19
130.928 44309 210.497
131.045 44568 211.111
131.162 44496 210.941
131.279 44461 210.858
131.396 44208 210.257
131.513 43351 208.209
131.631 42420 205.961
131.748 42141 205.283
131.865 40463 201.154
131.983 39939 199.847
132.1 39991 199.977
132.217 39944 199.86
132.335 40906 202.252
132.452 41212 203.007
132.57 42296 205.66
132.687 40651 201.621
132.804 42774 206.819
132.922 41270 203.15
133.039 40639 201.591
133.157 39211 198.018
133.274 36706 191.588
133.392 34818 186.596
133.509 33680 183.521
133.627 33468 182.943
133.744 34534 185.833
133.862 37443 193.502
133.979 40116 200.29
134.097 42341 205.769
134.214 43766 209.203
134.332 43721 209.096
134.449 44561 211.095
134.567 44610 211.211
134.684 44844 211.764
134.802 45325 212.897
134.919 45144 212.471
135.037 44100 210
135.154 43602 208.811
135.272 42537 206.245
135.389 42323 205.726
135.507 41553 203.846
135.624 41206 202.993
135.742 41326 203.288
135.859 41825 204.512
135.977 42483 206.114
136.094 43137 207.694
136.211 42604 206.407
136.329 43126 207.668
136.446 42786 206.848
136.564 42076 205.124
136.681 40542 201.35
136.798 38893 197.213
136.915 36563 191.215
137.033 35304 187.894
137.15 34283 185.157
137.267 34024 184.456
137.384 35300 187.883
137.502 37754 194.304
137.619 40262 200.654
137.736 41663 204.115
137.853 42430 205.985
137.97 43902 209.528
138.087 43417 208.367
138.204 44444 210.817
138.321 45306 212.852
138.438 45610 213.565
138.555 46385 215.372
138.672 46139 214.8
138.788 45900 214.243
138.905 45257 212.737
139.022 44863 211.809
139.139 44355 210.606
139.255 44036 209.848
139.372 44070 209.929
139.488 44496 210.941
139.605 45338 212.927
139.721 45724 213.832
139.838 45701 213.778
139.954 45867 214.166
140.071 45171 212.535
140.187 44852 211.783
140.303 43161 207.752
140.419 40850 202.114
140.535 38559 196.364
140.652 36609 191.335
140.768 0 1
140.884 0 1
141 0 1
141.115 0 1
141.231 0 1
141.347 0 1
141.463 0 1
141.578 0 1
141.694 0 1
144.104 0 1
144.219 0 1
144.335 0 1
144.45 0 1
144.566 0 1
144.682 0 1
144.798 0 1
144.914 0 1
145.03 0 1
145.146 40156 200.39
145.262 39880 199.7
145.378 38144 195.305
145.494 36571 191.235
145.61 35199 187.614
145.726 34229 185.011
145.842 33337 182.584
145.959 32634 180.649
146.075 34086 184.624
146.192 36340 190.631
146.308 38112 195.223
146.425 39190 197.965
146.541 39903 199.757
146.658 40418 201.042
146.774 41356 203.362
146.891 41544 203.823
147.008 41728 204.274
147.125 42958 207.263
147.241 42862 207.031
147.358 42627 206.463
147.475 42098 205.178
147.592 41214 203.012
147.709 40954 202.371
147.826 40417 201.04
147.943 40612 201.524
148.06 39855 199.637
148.177 40650 201.618
148.294 41397 203.463
148.411 41181 202.931
148.528 41052 202.613
148.645 40700 201.742
148.762 39918 199.795
148.88 39328 198.313
148.997 36980 192.302
149.114 36769 191.752
149.231 34736 186.376
149.349 33740 183.685
149.466 31809 178.351
149.583 31881 178.553
149.701 32482 180.228
149.818 34420 185.526
149.935 35879 189.418
150.053 36994 192.338
150.17 37805 194.435
150.287 38588 196.438
150.405 39487 198.713
150.522 40205 200.512
150.64 41078 202.677
150.757 41740 204.304
150.875 41429 203.541
150.992 41164 202.889
151.11 41003 202.492
151.227 41002 202.49
151.344 40658 201.638
151.462 39756 199.389
151.579 39842 199.605
151.697 39390 198.469
151.814 40442 201.102
151.932 41125 202.793
152.049 40911 202.265
152.167 40208 200.519
152.284 40275 200.686
152.402 40105 200.262
152.519 39052 197.616
152.636 37427 193.461
152.754 35964 189.642
152.871 34470 185.661
152.989 33595 183.289
153.106 32565 180.458
153.223 31825 178.396
153.341 33878 184.06
153.458 35012 187.115
153.575 36181 190.213
153.693 37331 193.212
153.81 38739 196.822
153.927 39153 197.871
154.044 40401 201
154.162 41198 202.973
154.279 42238 205.519
154.396 43082 207.562
154.513 43386 208.293
154.63 43346 208.197
154.747 43386 208.293
154.864 42617 206.439
154.981 41934 204.778
155.098 41753 204.336
155.215 41451 203.595
155.332 41484 203.676
155.449 41564 203.873
155.566 41509 203.738
155.683 42077 205.127
155.8 41347 203.34
155.917 41179 202.926
156.033 41521 203.767
156.15 0 1
156.267 0 1
156.383 0 1
156.5 0 1
156.617 0 1
156.733 0 1
156.85 0 1
156.966 0 1
157.082 0 1
157.199 0 1
157.315 0 1
157.431 0 1
157.547 0 1
157.664 0 1
157.78 0 1
157.896 0 1
158.012 0 1
158.128 0 1
158.244 0 1
158.359 0 1
158.475 0 1
158.591 0 1
158.706 0 1
