
6.15755 0 1
6.2731 0 1
6.3887 0 1
6.50437 0 1
6.62009 0 1
6.73587 0 1
6.8517 0 1
6.96759 0 1
7.08353 0 1
7.19952 0 1
7.31557 0 1
7.43166 0 1
7.54781 0 1
7.664 0 1
7.78024 0 1
7.89653 0 1
8.01286 0 1
8.12924 0 1
8.24567 0 1
8.36213 0 1
8.47864 0 1
8.59519 0 1
8.71178 0 1
8.82841 0 1
8.94508 0 1
9.06179 0 1
9.17853 0 1
9.29531 0 1
9.41212 0 1
9.52897 0 1
9.64584 0 1
9.76276 0 1
9.8797 0 1
9.99667 0 1
10.1137 0 1
10.2307 0 1
10.3478 0 1
10.4648 0 1
10.5819 0 1
10.6991 0 1
10.8162 0 1
10.9334 0 1
11.0506 0 1
11.1678 0 1
11.285 0 1
11.4023 0 1
11.5196 0 1
11.6369 0 1
11.7542 0 1
11.8715 0 1
11.9888 0 1
12.1062 0 1
12.2235 0 1
12.3409 0 1
12.4582 0 1
12.5756 0 1
12.693 0 1
12.8104 0 1
12.9278 0 1
13.0452 0 1
13.1626 0 1
13.28 0 1
13.3974 0 1
13.5149 0 1
13.6323 0 1
13.7497 0 1
13.8671 0 1
13.9845 0 1
14.1019 0 1
14.2193 0 1
14.3367 0 1
14.4541 0 1
14.5714 0 1
14.6888 0 1
14.8062 0 1
14.9235 0 1
15.0408 0 0
15.1581 0 0
15.2755 0 0
15.3927 0 0
15.51 0 0
15.6273 0 0
15.7445 0 0
15.8617 0 0
15.9789 0 0
16.0961 0 0
16.2132 0 0
16.3304 0 0
16.4475 0 0
16.5646 0 0
16.6816 0 0
16.7986 0 0
16.9156 0 0
17.0326 0 0
17.1496 0 0
17.2665 0 0
17.3833 0 0
17.5002 0 0
17.617 0 0
17.7338 0 0
17.8505 0 0
17.9672 0 0
18.0839 0 0
18.2005 0 0
18.3171 0 0
18.4337 0 0
18.5502 0 0
18.6666 0 0
18.7831 0 0
18.8994 0 0
19.0158 0 0
19.1321 0 0
19.2483 0 0
19.3645 0 0
19.4806 0 0
19.5967 0 0
19.7128 0 0
19.8288 0 0
19.9447 0 0
20.0606 0 1
20.1764 0 1
20.2922 0 1
20.4079 0 1
20.5236 0 1
20.6392 0 1
20.7548 0 1
20.8702 0 1
23.3078 0 1
23.4233 0 1
23.539 0 1
23.6547 0 1
23.7704 0 1
23.8862 0 1
24.0021 0 1
24.118 0 1
24.234 0 1
24.35 0 1
24.4661 9206 95.9479
24.5822 9262 96.2393
24.6984 9008 94.9105
24.8146 8813 93.8776
24.9309 8809 93.8563
25.0472 8655 93.0323
25.1636 8723 93.397
25.28 8705 93.3006
25.3965 9147 95.6399
25.513 9331 96.5971
25.6296 9658 98.2751
25.7462 10018 100.09
25.8628 9998 99.99
25.9795 10167 100.832
26.0962 9877 99.3831
26.213 9730 98.6408
26.3298 9344 96.6644
26.4466 9132 95.5615
26.5635 8810 93.8616
26.6804 8581 92.6337
26.7973 8456 91.9565
26.9143 8776 93.6803
27.0313 8668 93.1021
27.1483 9155 95.6818
27.2653 9242 96.1353
27.3824 9269 96.2756
27.4996 9285 96.3587
27.6167 9146 95.6347
27.7339 9036 95.0579
27.8511 8854 94.0957
27.9683 8670 93.1128
28.0855 8352 91.3893
28.2028 8504 92.2171
28.3201 8046 89.6995
28.4374 7864 88.6792
28.5547 7694 87.7154
28.6721 7507 86.6429
28.7894 7602 87.1894
28.9068 7764 88.1136
29.0242 7899 88.8763
29.1416 8179 90.4378
29.259 8467 92.0163
29.3764 8585 92.6553
29.4939 8452 91.9348
29.6113 8537 92.3959
29.7288 8343 91.34
29.8463 8171 90.3936
29.9638 7778 88.193
30.0812 7572 87.0172
30.1987 7470 86.4292
30.3162 7555 86.9195
30.4337 7598 87.1665
30.5512 7862 88.6679
30.6687 8122 90.1221
30.7862 8404 91.6733
30.9037 8217 90.6477
31.0212 8358 91.4221
31.1387 8394 91.6188
31.2562 8304 91.1263
31.3737 8123 90.1277
31.4912 8021 89.56
31.6087 7903 88.8988
31.7262 7761 88.0965
31.8436 7647 87.4471
31.9611 7328 85.6037
32.0785 7106 84.2971
32.1959 6999 83.66
32.3134 7074 84.1071
32.4308 7260 85.2056
32.5482 7315 85.5278
32.6655 7591 87.1263
32.7829 7785 88.2326
32.9002 7991 89.3924
33.0176 7879 88.7637
33.1349 7856 88.6341
33.2522 7884 88.7919
33.3694 7868 88.7017
33.4867 7700 87.7496
33.6039 7467 86.4118
33.7211 7028 83.8332
33.8383 7058 84.0119
33.9554 7001 83.672
34.0725 7359 85.7846
34.1896 7566 86.9828
34.3067 7720 87.8635
34.4237 7993 89.4036
34.5407 7929 89.0449
34.6577 8178 90.4323
34.7746 7941 89.1123
34.8915 7974 89.2973
35.0084 7858 88.6454
35.1252 7741 87.983
35.242 7621 87.2983
35.3587 7775 88.176
35.4755 7309 85.4927
35.5921 7232 85.0412
35.7088 6820 82.5833
35.8254 6827 82.6257
35.9419 6617 81.3449
36.0584 6718 81.9634
36.1749 6826 82.6196
36.2913 7098 84.2496
36.4077 7271 85.2702
36.524 7256 85.1822
36.6403 7459 86.3655
36.7565 7450 86.3134
36.8727 7474 86.4523
36.9889 7442 86.267
37.1049 7113 84.3386
37.221 0 1
37.3369 0 1
37.4529 0 1
37.5687 0 1
37.6845 0 1
37.8003 0 1
37.916 0 1
38.0316 0 1
38.1472 0 1
40.5851 0 1
40.7008 0 1
40.8164 0 1
40.9322 0 1
41.048 0 1
41.1639 0 1
41.2798 0 1
41.3958 0 1
41.5118 0 1
41.6279 0 1
41.744 5862 76.5637
41.8602 5939 77.0649
41.9765 5961 77.2075
42.0928 5923 76.961
42.2091 6022 77.6015
42.3255 5918 76.9285
42.4419 5476 74
42.5584 5359 73.2052
42.675 5308 72.856
42.7915 5289 72.7255
42.9081 5665 75.2662
43.0248 5741 75.7694
43.1415 5811 76.2299
43.2582 5890 76.7463
43.375 6141 78.3645
43.4918 6113 78.1857
43.6087 6068 77.8974
43.7256 5977 77.3111
43.8425 5892 76.7594
43.9595 5780 76.0263
44.0765 5574 74.6592
44.1935 5479 74.0203
44.3106 5246 72.4293
44.4277 5076 71.2461
44.5448 4647 68.1689
44.6619 4575 67.6387
44.7791 4509 67.1491
44.8963 4626 68.0147
45.0136 4707 68.6076
45.1308 4672 68.352
45.2481 4927 70.1926
45.3654 4914 70.0999
45.4827 4793 69.2315
45.6001 5002 70.7248
45.7174 4972 70.5124
45.8348 4844 69.5989
45.9522 4376 66.1513
46.0697 4224 64.9923
46.1871 4158 64.4826
46.3046 4058 63.7024
46.422 4216 64.9307
46.5395 4314 65.681
46.657 4517 67.2086
46.7745 4494 67.0373
46.892 4541 67.3869
47.0096 4440 66.6333
47.1271 4661 68.2715
47.2446 4398 66.3174
47.3622 4398 66.3174
47.4797 4313 65.6734
47.5973 4351 65.9621
47.7149 4244 65.146
47.8324 4042 63.5767
47.95 3806 61.6928
48.0675 3718 60.9754
48.1851 3497 59.1354
48.3027 3462 58.8388
48.4202 3458 58.8048
48.5378 3534 59.4475
48.6554 3719 60.9836
48.7729 3794 61.5955
48.8904 3823 61.8304
49.008 3892 62.3859
49.1255 3891 62.3779
49.243 3911 62.538
49.3605 3830 61.887
49.478 3663 60.5227
49.5955 3505 59.203
49.713 3468 58.8897
49.8304 3529 59.4054
49.9479 3653 60.4401
50.0653 3952 62.8649
50.1827 4193 64.7534
50.3001 4284 65.4523
50.4175 4503 67.1044
50.5348 4556 67.4981
50.6521 4790 69.2098
50.7694 4873 69.8069
50.8867 4968 70.484
51.004 5002 70.7248
51.1212 5038 70.9789
51.2384 5046 71.0352
51.3556 5019 70.8449
51.4727 4869 69.7782
51.5899 4537 67.3573
51.707 4421 66.4906
51.824 4570 67.6018
51.9411 4503 67.1044
52.0581 4732 68.7895
52.175 4974 70.5266
52.2919 5175 71.9375
52.4088 5131 71.631
52.5257 5450 73.8241
52.6425 5402 73.4983
52.7593 5404 73.5119
52.876 5542 74.4446
52.9927 5438 73.7428
53.1094 5189 72.0347
53.226 4994 70.6682
53.3426 4916 70.1142
53.4591 5005 70.746
53.5756 5277 72.643
53.692 5665 75.2662
53.8084 5804 76.184
53.9248 6027 77.6338
54.0411 6252 79.0696
54.1573 6520 80.7465
54.2735 0 1
54.3896 0 1
54.5057 0 1
54.6217 0 1
54.7377 0 1
54.8537 0 1
54.9695 0 1
55.0853 0 1
55.2011 0 1
55.3168 0 1
55.4324 0 1
57.824 0 1
57.9396 0 1
58.0553 0 1
58.1711 0 1
58.2869 0 1
58.4028 0 1
58.5187 0 1
58.6347 0 1
58.7508 0 1
58.8669 0 1
58.983 7132 84.4512
59.0992 7292 85.3932
59.2155 7425 86.1684
59.3318 7703 87.7667
59.4482 7947 89.1459
59.5646 7937 89.0898
59.681 7771 88.1533
59.7975 7757 88.0738
59.9141 7472 86.4407
60.0306 7276 85.2995
60.1473 6973 83.5045
60.2639 6377 79.8561
60.3807 6186 78.6511
60.4974 5981 77.3369
60.6142 6166 78.5239
60.731 6090 78.0385
60.8479 6476 80.4736
60.9648 6758 82.2071
61.0818 6710 81.9146
61.1987 6754 82.1827
61.3158 6801 82.4682
61.4328 6547 80.9135
61.5499 6402 80.0125
61.667 6234 78.9557
61.7841 5829 76.3479
61.9013 5840 76.4199
62.0185 5921 76.948
62.1357 6253 79.0759
62.253 6522 80.7589
62.3702 6767 82.2618
62.4875 6937 83.2887
62.6049 7094 84.2259
62.7222 7318 85.5453
62.8396 7533 86.7929
62.9569 7554 86.9138
63.0743 7372 85.8604
63.1918 7308 85.4868
63.3092 7253 85.1645
63.4267 6924 83.2106
63.5441 6808 82.5106
63.6616 6186 78.6511
63.7791 5868 76.6029
63.8966 5520 74.2967
64.0142 5428 73.675
64.1317 5510 74.2294
64.2492 5820 76.2889
64.3668 5933 77.026
64.4843 6175 78.5812
64.6019 6102 78.1153
64.7195 6327 79.5424
64.837 6272 79.196
64.9546 6318 79.4858
65.0722 6126 78.2688
65.1898 5638 75.0866
65.3074 5572 74.6458
65.4249 5269 72.5879
65.5425 5239 72.3809
65.6601 5539 74.4245
65.7777 5792 76.1052
65.8952 6130 78.2943
66.0128 6379 79.8686
66.1304 6587 81.1603
66.2479 6668 81.6578
66.3655 6860 82.8251
66.483 7039 83.8987
66.6005 7036 83.8809
66.718 7016 83.7616
66.8355 6927 83.2286
66.953 6835 82.6741
67.0705 6721 81.9817
67.1879 6305 79.404
67.3054 5850 76.4853
67.4228 5253 72.4776
67.5402 5180 71.9722
67.6576 5038 70.9789
67.7749 5265 72.5603
67.8923 5463 73.9121
68.0096 5829 76.3479
68.1269 6008 77.5113
68.2442 6113 78.1857
68.3614 6149 78.4156
68.4787 6224 78.8923
68.5958 6483 80.5171
68.713 6170 78.5493
68.8302 5896 76.7854
68.9473 5491 74.1013
69.0643 5341 73.0821
69.1814 5283 72.6842
69.2984 5730 75.6968
69.4154 6134 78.3199
69.5323 6414 80.0875
69.6492 6870 82.8855
69.7661 7134 84.463
69.8829 7410 86.0814
69.9997 7571 87.0115
70.1165 7802 88.3289
70.2332 7844 88.5664
70.3499 7766 88.1249
70.4665 7655 87.4929
70.5831 7647 87.4471
70.6996 7388 85.9535
70.8161 7133 84.4571
70.9326 6639 81.4801
71.049 6137 78.339
71.1653 5760 75.8947
71.2817 5418 73.6071
71.3979 5591 74.773
71.5141 5801 76.1643
71.6303 5970 77.2658
71.7464 5829 76.3479
71.8624 0 1
71.9784 0 1
72.0944 0 1
72.2102 0 1
72.3261 0 1
72.4418 0 1
72.5575 0 1
72.6732 0 1
75.1054 0 1
75.2209 0 1
75.3365 0 1
75.4521 0 1
75.5678 0 1
75.6835 0 1
75.7993 0 1
75.9151 0 1
76.031 0 1
76.147 7263 85.2232
76.263 7666 87.5557
76.3791 7105 84.2912
76.4952 6528 80.796
76.6113 6224 78.8923
76.7276 6199 78.7337
76.8438 6608 81.2896
76.9601 6936 83.2827
77.0765 7294 85.4049
77.1929 7506 86.6372
77.3093 7413 86.0988
77.4258 7635 87.3785
77.5423 7694 87.7154
77.6589 7447 86.296
77.7755 7180 84.7349
77.8921 6976 83.5225
78.0088 6599 81.2342
78.1256 6276 79.2212
78.2423 6357 79.7308
78.3591 6684 81.7557
78.4759 7075 84.113
78.5928 7618 87.2812
78.7097 7880 88.7694
78.8266 8414 91.7279
78.9436 8057 89.7608
79.0606 8335 91.2962
79.1776 8417 91.7442
79.2946 8633 92.9139
79.4117 8301 91.1098
79.5288 8381 91.5478
79.6459 7938 89.0955
79.7631 7632 87.3613
79.8802 7133 84.4571
79.9974 6494 80.5854
80.1147 6015 77.5564
80.2319 5438 73.7428
80.3491 5399 73.4779
80.4664 5704 75.5248
80.5837 5950 77.1362
80.701 6183 78.6321
80.8183 6217 78.848
80.9357 6240 78.9937
81.053 6484 80.5233
81.1704 6613 81.3204
81.2877 6419 80.1187
81.4051 6164 78.5111
81.5225 5828 76.3413
81.6399 5327 72.9863
81.7573 5317 72.9178
81.8747 5090 71.3442
81.9922 5244 72.4155
82.1096 5751 75.8353
82.227 6112 78.1793
82.3444 6313 79.4544
82.4619 6522 80.7589
82.5793 6699 81.8474
82.6967 6869 82.8794
82.8142 6754 82.1827
82.9316 6750 82.1584
83.049 6839 82.6982
83.1664 6680 81.7313
83.2838 6390 79.9375
83.4012 5992 77.408
83.5186 5709 75.5579
83.636 5409 73.5459
83.7534 4992 70.6541
83.8708 4658 68.2495
83.9881 4700 68.5565
84.1055 4755 68.9565
84.2228 4984 70.5975
84.3401 5702 75.5116
84.4575 5718 75.6175
84.5747 5878 76.6681
84.692 6089 78.032
84.8093 5888 76.7333
84.9265 5636 75.0733
85.0437 5502 74.1755
85.1609 5174 71.9305
85.2781 4864 69.7424
85.3952 4800 69.282
85.5123 4986 70.6116
85.6294 5367 73.2598
85.7465 5888 76.7333
85.8636 6387 79.9187
85.9806 6731 82.0427
86.0976 6878 82.9337
86.2145 7106 84.2971
86.3315 7224 84.9941
86.4484 7681 87.6413
86.5652 7557 86.931
86.682 7476 86.4639
86.7988 7537 86.8159
86.9156 7104 84.2852
87.0323 6984 83.5703
87.149 6644 81.5107
87.2657 6135 78.3262
87.3823 5757 75.8749
87.4988 5655 75.1997
87.6154 5962 77.214
87.7318 6060 77.846
87.8483 6659 81.6027
87.9647 6880 82.9458
88.081 7274 85.2877
88.1973 7420 86.1394
88.3136 7455 86.3423
88.4298 7329 85.6096
88.546 6931 83.2526
88.6621 6481 80.5047
88.7781 6035 77.6853
88.8942 0 1
89.0101 0 1
89.126 0 1
89.2419 0 1
89.3577 0 1
89.4734 0 1
89.5891 0 1
89.7047 0 1
89.8203 0 1
89.9358 0 1
92.3269 0 1
92.4424 0 1
92.558 0 1
92.6736 0 1
92.7893 0 1
92.905 0 1
93.0208 0 1
93.1366 0 1
93.2525 0 1
93.3685 0 1
93.4845 0 1
93.6005 11709 108.208
93.7167 12457 111.611
93.8328 12949 113.794
93.949 13392 115.724
94.0653 13827 117.588
94.1816 13454 115.991
94.2979 13839 117.639
94.4143 14170 119.038
94.5307 14589 120.785
94.6472 15452 124.306
94.7637 17125 130.863
94.8803 19538 139.778
94.9969 20924 144.651
95.1135 22594 150.313
95.2302 23517 153.353
95.3469 25057 158.294
95.4637 26375 162.404
95.5805 27338 165.342
95.6973 28665 169.307
95.8142 29672 172.256
95.9311 30184 173.735
96.048 30248 173.92
96.1649 30114 173.534
96.2819 29559 171.927
96.3989 28701 169.414
96.516 27259 165.103
96.633 25569 159.903
96.7501 25783 160.571
96.8673 27588 166.096
96.9844 30004 173.217
97.1016 33011 181.689
97.2188 34914 186.853
97.336 35989 189.708
97.4532 36005 189.75
97.5704 36086 189.963
97.6877 34607 186.03
97.805 32467 180.186
97.9223 29844 172.754
98.0396 28342 168.351
98.1569 27503 165.84
98.2743 26934 164.116
98.3916 28058 167.505
98.509 30694 175.197
98.6264 32140 179.276
98.7438 34045 184.513
98.8612 34517 185.788
98.9786 35996 189.726
99.096 36210 190.289
99.2134 36572 191.238
99.3308 36450 190.919
99.4482 37005 192.367
99.5656 36787 191.799
99.6831 35822 189.267
99.8005 35089 187.321
99.9179 33655 183.453
100.035 31882 178.555
100.153 29280 171.114
100.27 27949 167.18
100.388 28559 168.994
100.505 30739 175.325
100.622 33103 181.942
100.74 34949 186.947
100.857 35608 188.701
100.975 35620 188.733
101.092 35142 187.462
101.209 34647 186.137
101.327 33395 182.743
101.444 30671 175.131
101.561 28157 167.8
101.679 26325 162.25
101.796 25291 159.031
101.913 25437 159.49
102.03 27140 164.742
102.148 29397 171.456
102.265 31992 178.863
102.382 29422 171.528
102.499 31198 176.63
102.616 31331 177.006
102.733 31608 177.786
102.851 30855 175.656
102.968 30491 174.617
103.085 29114 170.628
103.202 27781 166.676
103.319 26454 162.647
103.436 24895 157.781
103.552 22420 149.733
103.669 19837 140.844
103.786 18195 134.889
103.903 17730 133.154
104.02 18172 134.804
104.137 18522 136.096
104.253 19078 138.123
104.37 17479 132.208
104.487 17307 131.556
104.603 16367 127.934
104.72 15041 122.642
104.836 13557 116.435
104.953 11965 109.385
105.069 10522 102.577
105.186 9703 98.5038
105.302 9365 96.7729
105.418 9287 96.3691
105.535 9825 99.1211
105.651 10251 101.247
105.767 10335 101.661
105.883 10548 102.703
105.999 10266 101.321
106.115 0 1
106.231 0 1
106.347 0 1
106.463 0 1
106.579 0 1
106.694 0 1
106.81 0 1
106.926 0 1
107.041 0 1
107.157 0 1
109.576 0 1
109.692 0 1
109.807 0 1
109.923 0 1
110.039 0 1
110.155 0 1
110.27 0 1
110.386 0 1
110.502 0 1
110.618 6659 81.6027
110.735 7337 85.6563
110.851 8044 89.6883
110.967 8326 91.2469
111.083 8589 92.6769
111.199 8494 92.1629
111.316 8694 93.2416
111.432 8617 92.8278
111.549 8451 91.9293
111.665 8390 91.5969
111.782 8080 89.8888
111.898 7681 87.6413
112.015 7086 84.1784
112.132 6732 82.0488
112.248 6312 79.4481
112.365 6139 78.3518
112.482 6104 78.1281
112.599 6266 79.1581
112.716 6598 81.2281
112.832 6783 82.359
112.949 6809 82.5167
113.066 6843 82.7224
113.183 6693 81.8108
113.3 6605 81.2712
113.417 6172 78.5621
113.534 5858 76.5376
113.652 5753 75.8485
113.769 5655 75.1997
113.886 5628 75.02
114.003 6033 77.6724
114.12 6369 79.806
114.238 7042 83.9166
114.355 7272 85.276
114.472 7858 88.6454
114.589 7904 88.9044
114.707 8132 90.1776
114.824 8020 89.5545
114.942 8139 90.2164
115.059 8326 91.2469
115.176 8271 90.945
115.294 7984 89.3532
115.411 7779 88.1986
115.529 7592 87.1321
115.646 7223 84.9882
115.764 6890 83.006
115.881 6489 80.5543
115.999 6513 80.7032
116.116 6889 83
116.234 7170 84.6759
116.351 7273 85.2819
116.469 7367 85.8312
116.586 7403 86.0407
116.704 7470 86.4292
116.821 7466 86.406
116.939 7200 84.8528
117.056 6926 83.2226
117.174 6697 81.8352
117.291 6731 82.0427
117.409 6689 81.7863
117.526 6954 83.3906
117.644 7725 87.892
117.761 8155 90.305
117.879 8959 94.652
117.996 9048 95.121
118.114 9166 95.7392
118.231 9479 97.3602
118.349 9484 97.3858
118.466 9631 98.1377
118.584 9648 98.2242
118.701 9862 99.3076
118.819 9658 98.2751
118.936 9322 96.5505
119.053 9026 95.0053
119.171 8764 93.6162
119.288 8371 91.4932
119.405 7611 87.241
119.523 7324 85.5804
119.64 7416 86.1162
119.757 7656 87.4986
119.875 7665 87.55
119.992 7846 88.5776
120.109 7747 88.017
120.226 7672 87.59
120.343 7776 88.1816
120.46 7749 88.0284
120.578 7467 86.4118
120.695 7177 84.7172
120.812 7074 84.1071
120.929 6906 83.1023
121.046 7048 83.9524
121.163 7133 84.4571
121.279 7653 87.4814
121.396 8153 90.294
121.513 8532 92.3688
121.63 8924 94.4669
121.747 9196 95.8958
121.863 9364 96.7678
121.98 9524 97.591
122.097 9431 97.1133
122.213 9469 97.3088
122.33 9536 97.6524
122.446 9327 96.5764
122.563 9236 96.1041
122.679 9052 95.142
122.795 8878 94.2231
122.912 8575 92.6013
123.028 8123 90.1277
123.144 7634 87.3728
123.26 7366 85.8254
123.377 0 1
123.493 0 1
123.609 0 1
123.725 0 1
123.84 0 1
123.956 0 1
124.072 0 1
124.188 0 1
124.303 0 1
124.419 0 1
126.852 0 1
126.968 0 1
127.083 0 1
127.199 0 1
127.315 0 1
127.431 0 1
127.547 0 1
127.663 0 1
127.779 0 1
127.895 0 1
128.011 0 1
128.127 0 1
128.243 0 1
128.359 9101 95.3992
128.476 8563 92.5365
128.592 8330 91.2688
128.708 8507 92.2334
128.825 8884 94.255
128.941 8943 94.5674
129.058 8938 94.541
129.174 8894 94.308
129.291 8651 93.0108
129.408 8645 92.9785
129.524 8222 90.6752
129.641 8094 89.9667
129.758 8010 89.4986
129.875 7881 88.775
129.992 7722 87.8749
130.108 7663 87.5386
130.225 7927 89.0337
130.342 8449 91.9184
130.459 8584 92.6499
130.576 9264 96.2497
130.693 9107 95.4306
130.81 9145 95.6295
130.928 9098 95.3834
131.045 9250 96.1769
131.162 9073 95.2523
131.279 9079 95.2838
131.396 8921 94.451
131.513 8640 92.9516
131.631 8411 91.7115
131.748 8143 90.2386
131.865 7843 88.5607
131.983 7311 85.5044
132.1 7010 83.7257
132.217 7078 84.1309
132.335 7212 84.9235
132.452 7623 87.3098
132.57 7477 86.4696
132.687 7218 84.9588
132.804 7802 88.3289
132.922 7313 85.5161
133.039 7107 84.303
133.157 6954 83.3906
133.274 6674 81.6946
133.392 6531 80.8146
133.509 6346 79.6618
133.627 6518 80.7341
133.744 6397 79.9812
133.862 6764 82.2435
133.979 7099 84.2556
134.097 7328 85.6037
134.214 7537 86.8159
134.332 7339 85.668
134.449 7541 86.8389
134.567 7673 87.5957
134.684 7727 87.9034
134.802 7703 87.7667
134.919 7682 87.647
135.037 7672 87.59
135.154 7727 87.9034
135.272 7546 86.8677
135.389 7159 84.6109
135.507 6791 82.4075
135.624 6635 81.4555
135.742 6667 81.6517
135.859 6872 82.8975
135.977 7143 84.5163
136.094 7400 86.0233
136.211 7159 84.6109
136.329 7316 85.5336
136.446 7271 85.2702
136.564 7228 85.0176
136.681 7195 84.8233
136.798 6909 83.1204
136.915 6839 82.6982
137.033 6515 80.7155
137.15 6455 80.343
137.267 6551 80.9382
137.384 6694 81.8169
137.502 6832 82.6559
137.619 7190 84.7939
137.736 7368 85.8371
137.853 7385 85.936
137.97 7467 86.4118
138.087 7816 88.4081
138.204 7801 88.3233
138.321 7777 88.1873
138.438 8074 89.8554
138.555 7818 88.4195
138.672 7888 88.8144
138.788 7727 87.9034
138.905 7512 86.6718
139.022 7347 85.7146
139.139 7195 84.8233
139.255 6787 82.3833
139.372 6974 83.5105
139.488 7013 83.7437
139.605 7313 85.5161
139.721 7569 87
139.838 7522 86.7295
139.954 7454 86.3366
140.071 7306 85.4751
140.187 7368 85.8371
140.303 7310 85.4985
140.419 6935 83.2766
140.535 6661 81.6149
140.652 6495 80.5916
140.768 0 1
140.884 0 1
141 0 1
141.115 0 1
141.231 0 1
141.347 0 1
141.463 0 1
141.578 0 1
141.694 0 1
144.104 0 1
144.219 0 1
144.335 0 1
144.45 0 1
144.566 0 1
144.682 0 1
144.798 0 1
144.914 0 1
145.03 0 1
145.146 6585 81.148
145.262 6588 81.1665
145.378 6326 79.5362
145.494 6221 78.8733
145.61 5987 77.3757
145.726 6036 77.6917
145.842 6005 77.4919
145.959 5899 76.8049
146.075 5943 77.0909
146.192 6200 78.7401
146.308 6268 79.1707
146.425 6512 80.697
146.541 6626 81.4002
146.658 6743 82.1158
146.774 6723 81.9939
146.891 6766 82.2557
147.008 6739 82.0914
147.125 6752 82.1706
147.241 6893 83.0241
147.358 6685 81.7618
147.475 6695 81.823
147.592 6496 80.5978
147.709 6143 78.3773
147.826 5991 77.4016
147.943 5813 76.243
148.06 5991 77.4016
148.177 6227 78.9113
148.294 6282 79.2591
148.411 6568 81.0432
148.528 6421 80.1311
148.645 6278 79.2338
148.762 6374 79.8373
148.88 6169 78.543
148.997 5909 76.87
149.114 6157 78.4666
149.231 5798 76.1446
149.349 5546 74.4715
149.466 5611 74.9066
149.583 5561 74.5721
149.701 5530 74.364
149.818 5728 75.6836
149.935 5921 76.948
150.053 5963 77.2205
150.17 6078 77.9615
150.287 6146 78.3964
150.405 6235 78.962
150.522 6318 79.4858
150.64 6607 81.2835
150.757 6494 80.5854
150.875 6283 79.2654
150.992 6503 80.6412
151.11 6192 78.6893
151.227 6166 78.5239
151.344 5874 76.642
151.462 5707 75.5447
151.579 5636 75.0733
151.697 5751 75.8353
151.814 6135 78.3262
151.932 6299 79.3662
152.049 6309 79.4292
152.167 6432 80.1998
152.284 6421 80.1311
152.402 6544 80.895
152.519 6406 80.0375
152.636 6368 79.7997
152.754 6084 78
152.871 5996 77.4338
152.989 6019 77.5822
153.106 5882 76.6942
153.223 6070 77.9102
153.341 6186 78.6511
153.458 6455 80.343
153.575 6669 81.6639
153.693 6868 82.8734
153.81 7026 83.8212
153.927 7294 85.4049
154.044 7538 86.8217
154.162 7637 87.3899
154.279 7988 89.3756
154.396 8151 90.2829
154.513 8307 91.1427
154.63 8342 91.3345
154.747 8220 90.6642
154.864 8168 90.377
154.981 7948 89.1516
155.098 7892 88.8369
155.215 7714 87.8294
155.332 7991 89.3924
155.449 8219 90.6587
155.566 8479 92.0815
155.683 8321 91.2195
155.8 8358 91.4221
155.917 8442 91.8804
156.033 8367 91.4713
156.15 0 1
156.267 0 1
156.383 0 1
156.5 0 1
156.617 0 1
156.733 0 1
156.85 0 1
156.966 0 1
157.082 0 1
157.199 0 1
157.315 0 1
157.431 0 1
157.547 0 1
157.664 0 1
157.78 0 1
157.896 0 1
158.012 0 1
158.128 0 1
158.244 0 1
158.359 0 1
158.475 0 1
158.591 0 1
158.706 0 1
