
6.15755 0 1
6.2731 0 1
6.3887 0 1
6.50437 0 1
6.62009 0 1
6.73587 0 1
6.8517 0 1
6.96759 0 1
7.08353 0 1
7.19952 0 1
7.31557 0 1
7.43166 0 1
7.54781 0 1
7.664 0 1
7.78024 0 1
7.89653 0 1
8.01286 0 1
8.12924 0 1
8.24567 0 1
8.36213 0 1
8.47864 0 1
8.59519 0 1
8.71178 0 1
8.82841 0 1
8.94508 0 1
9.06179 0 1
9.17853 0 1
9.29531 0 1
9.41212 0 1
9.52897 0 1
9.64584 0 1
9.76276 0 1
9.8797 0 1
9.99667 0 1
10.1137 0 1
10.2307 0 1
10.3478 0 1
10.4648 0 1
10.5819 0 1
10.6991 0 1
10.8162 0 1
10.9334 0 1
11.0506 0 1
11.1678 0 1
11.285 0 1
11.4023 0 1
11.5196 0 1
11.6369 0 1
11.7542 0 1
11.8715 0 1
11.9888 0 1
12.1062 0 1
12.2235 0 1
12.3409 0 1
12.4582 0 1
12.5756 0 1
12.693 0 1
12.8104 0 1
12.9278 0 1
13.0452 0 1
13.1626 0 1
13.28 0 1
13.3974 0 1
13.5149 0 1
13.6323 0 1
13.7497 0 1
13.8671 0 1
13.9845 0 1
14.1019 0 1
14.2193 0 1
14.3367 0 1
14.4541 0 1
14.5714 0 1
14.6888 0 1
14.8062 0 1
14.9235 0 1
15.0408 0 0
15.1581 0 0
15.2755 0 0
15.3927 0 0
15.51 0 0
15.6273 0 0
15.7445 0 0
15.8617 0 0
15.9789 0 0
16.0961 0 0
16.2132 0 0
16.3304 0 0
16.4475 0 0
16.5646 0 0
16.6816 0 0
16.7986 0 0
16.9156 0 0
17.0326 0 0
17.1496 0 0
17.2665 0 0
17.3833 0 0
17.5002 0 0
17.617 0 0
17.7338 0 0
17.8505 0 0
17.9672 0 0
18.0839 0 0
18.2005 0 0
18.3171 0 0
18.4337 0 0
18.5502 0 0
18.6666 0 0
18.7831 0 0
18.8994 0 0
19.0158 0 0
19.1321 0 0
19.2483 0 0
19.3645 0 0
19.4806 0 0
19.5967 0 0
19.7128 0 0
19.8288 0 0
19.9447 0 0
20.0606 0 1
20.1764 0 1
20.2922 0 1
20.4079 0 1
20.5236 0 1
20.6392 0 1
20.7548 0 1
20.8702 0 1
23.3078 0 1
23.4233 0 1
23.539 0 1
23.6547 0 1
23.7704 0 1
23.8862 0 1
24.0021 0 1
24.118 0 1
24.234 0 1
24.35 0 1
24.4661 141146 375.694
24.5822 165692 407.053
24.6984 176016 419.543
24.8146 182953 427.73
24.9309 185620 430.836
25.0472 184916 430.019
25.1636 183687 428.587
25.28 182963 427.742
25.3965 183870 428.801
25.513 181281 425.771
25.6296 182612 427.331
25.7462 181750 426.321
25.8628 179695 423.904
25.9795 178546 422.547
26.0962 176433 420.039
26.213 174496 417.727
26.3298 170463 412.872
26.4466 170973 413.489
26.5635 167700 409.512
26.6804 165835 407.228
26.7973 162479 403.087
26.9143 162262 402.818
27.0313 158332 397.91
27.1483 158425 398.026
27.2653 156095 395.089
27.3824 152119 390.024
27.4996 145558 381.521
27.6167 136279 369.16
27.7339 109401 330.758
27.8511 77541 278.462
27.9683 76808 277.143
28.0855 101546 318.663
28.2028 121740 348.913
28.3201 125745 354.605
28.4374 127779 357.462
28.5547 125465 354.21
28.6721 123639 351.623
28.7894 120275 346.807
28.9068 118446 344.16
29.0242 114650 338.6
29.1416 112235 335.015
29.259 110150 331.889
29.3764 107590 328.009
29.4939 105080 324.16
29.6113 104316 322.98
29.7288 101334 318.33
29.8463 99709 315.767
29.9638 98239 313.431
30.0812 96726 311.008
30.1987 95425 308.909
30.3162 94040 306.659
30.4337 91626 302.698
30.5512 90414 300.689
30.6687 89182 298.634
30.7862 89978 299.963
30.9037 86239 293.665
31.0212 84270 290.293
31.1387 79951 282.756
31.2562 67320 259.461
31.3737 49714 222.966
31.4912 46480 215.592
31.6087 60841 246.66
31.7262 71019 266.494
31.8436 74117 272.244
31.9611 73974 271.982
32.0785 72057 268.434
32.1959 71128 266.698
32.3134 69676 263.962
32.4308 67817 260.417
32.5482 66088 257.076
32.6655 65162 255.268
32.7829 63549 252.089
32.9002 61894 248.785
33.0176 60456 245.878
33.1349 59350 243.619
33.2522 57615 240.031
33.3694 56315 237.308
33.4867 55067 234.664
33.6039 53709 231.752
33.7211 52321 228.738
33.8383 51400 226.716
33.9554 50969 225.763
34.0725 51259 226.405
34.1896 51595 227.145
34.3067 53016 230.252
34.4237 55980 236.601
34.5407 58276 241.404
34.6577 59653 244.24
34.7746 59351 243.621
34.8915 56018 236.681
35.0084 44073 209.936
35.1252 35490 188.388
35.242 41680 204.157
35.3587 57753 240.319
35.4755 66816 258.488
35.5921 71464 267.328
35.7088 74140 272.287
35.8254 75434 274.653
35.9419 77559 278.494
36.0584 78571 280.305
36.1749 79269 281.548
36.2913 80096 283.012
36.4077 81557 285.582
36.524 82261 286.812
36.6403 83169 288.39
36.7565 85138 291.784
36.8727 86339 293.835
36.9889 86718 294.479
37.1049 86026 293.302
37.221 0 1
37.3369 0 1
37.4529 0 1
37.5687 0 1
37.6845 0 1
37.8003 0 1
37.916 0 1
38.0316 0 1
38.1472 0 1
40.5851 0 1
40.7008 0 1
40.8164 0 1
40.9322 0 1
41.048 0 1
41.1639 0 1
41.2798 0 1
41.3958 0 1
41.5118 0 1
41.6279 0 1
41.744 83959 289.757
41.8602 85187 291.868
41.9765 86485 294.083
42.0928 86326 293.813
42.2091 87180 295.263
42.3255 88247 297.064
42.4419 88192 296.971
42.5584 89797 299.661
42.675 90205 300.341
42.7915 90604 301.005
42.9081 90741 301.232
43.0248 92549 304.219
43.1415 92891 304.78
43.2582 93392 305.601
43.375 93159 305.22
43.4918 93614 305.964
43.6087 91000 301.662
43.7256 87481 295.772
43.8425 70032 264.636
43.9595 46113 214.739
44.0765 50926 225.668
44.1935 72196 268.693
44.3106 85855 293.01
44.4277 88494 297.479
44.5448 88964 298.268
44.6619 88594 297.647
44.7791 88313 297.175
44.8963 87525 295.846
45.0136 85701 292.747
45.1308 85519 292.436
45.2481 84235 290.233
45.3654 83240 288.513
45.4827 82050 286.444
45.6001 81488 285.461
45.7174 79600 282.135
45.8348 79143 281.324
45.9522 77660 278.675
46.0697 76722 276.987
46.1871 74685 273.286
46.3046 72781 269.78
46.422 72869 269.943
46.5395 71665 267.703
46.657 70742 265.974
46.7745 69628 263.871
46.892 68039 260.843
47.0096 67769 260.325
47.1271 66799 258.455
47.2446 65178 255.3
47.3622 61235 247.457
47.4797 47495 217.933
47.5973 32707 180.851
47.7149 36208 190.284
47.8324 48590 220.431
47.95 56463 237.619
48.0675 58540 241.95
48.1851 58385 241.63
48.3027 58492 241.851
48.4202 57725 240.26
48.5378 57847 240.514
48.6554 57642 240.087
48.7729 56773 238.271
48.8904 57324 239.424
49.008 57757 240.327
49.1255 58176 241.197
49.243 58812 242.512
49.3605 58746 242.376
49.478 58794 242.475
49.5955 58896 242.685
49.713 59538 244.004
49.8304 60158 245.271
49.9479 61278 247.544
50.0653 63372 251.738
50.1827 64710 254.382
50.3001 65022 254.994
50.4175 66459 257.796
50.5348 66311 257.509
50.6521 68617 261.948
50.7694 68536 261.794
50.8867 65667 256.256
51.004 55862 236.351
51.1212 43087 207.574
51.2384 40269 200.671
51.3556 52042 228.127
51.4727 65500 255.93
51.5899 72303 268.892
51.707 74233 272.457
51.824 75572 274.904
51.9411 75730 275.191
52.0581 75693 275.124
52.175 77333 278.088
52.2919 76958 277.413
52.4088 78285 279.795
52.5257 79392 281.766
52.6425 80394 283.538
52.7593 80878 284.391
52.876 81089 284.761
52.9927 80609 283.917
53.1094 80275 283.328
53.226 81289 285.112
53.3426 81750 285.92
53.4591 83813 289.505
53.5756 84576 290.82
53.692 84852 291.294
53.8084 84758 291.132
53.9248 84457 290.615
54.0411 83001 288.099
54.1573 81034 284.665
54.2735 0 1
54.3896 0 1
54.5057 0 1
54.6217 0 1
54.7377 0 1
54.8537 0 1
54.9695 0 1
55.0853 0 1
55.2011 0 1
55.3168 0 1
55.4324 0 1
57.824 0 1
57.9396 0 1
58.0553 0 1
58.1711 0 1
58.2869 0 1
58.4028 0 1
58.5187 0 1
58.6347 0 1
58.7508 0 1
58.8669 0 1
58.983 80954 284.524
59.0992 80308 283.387
59.2155 79700 282.312
59.3318 80712 284.099
59.4482 81640 285.727
59.5646 81042 284.679
59.681 77175 277.804
59.7975 70432 265.39
59.9141 58880 242.652
60.0306 52626 229.404
60.1473 55718 236.047
60.2639 63360 251.714
60.3807 69864 264.318
60.4974 72804 269.822
60.6142 73471 271.055
60.731 73574 271.245
60.8479 73695 271.468
60.9648 73105 270.379
61.0818 72514 269.284
61.1987 70962 266.387
61.3158 70393 265.317
61.4328 69106 262.88
61.5499 67915 260.605
61.667 67694 260.181
61.7841 67761 260.309
61.9013 68029 260.824
62.0185 68223 261.195
62.1357 67336 259.492
62.253 66745 258.351
62.3702 65010 254.971
62.4875 62705 250.41
62.6049 63360 251.714
62.7222 65573 256.072
62.8396 66539 257.952
62.9569 66500 257.876
63.0743 65439 255.81
63.1918 63495 251.982
63.3092 58368 241.595
63.4267 50023 223.658
63.5441 41435 203.556
63.6616 40869 202.161
63.7791 46334 215.253
63.8966 52750 229.674
64.0142 55975 236.59
64.1317 57571 239.94
64.2492 57698 240.204
64.3668 57621 240.044
64.4843 57186 239.136
64.6019 57282 239.337
64.7195 56419 237.527
64.837 55247 235.047
64.9546 54325 233.077
65.0722 53572 231.456
65.1898 53361 231
65.3074 54647 233.767
65.4249 53780 231.905
65.5425 55108 234.751
65.6601 54188 232.783
65.7777 53443 231.177
65.8952 50774 225.331
66.0128 49207 221.827
66.1304 50778 225.34
66.2479 54282 232.985
66.3655 55666 235.936
66.483 56046 236.74
66.6005 56344 237.369
66.718 56119 236.894
66.8355 55235 235.021
66.953 52890 229.978
67.0705 46664 216.019
67.1879 39419 198.542
67.3054 36656 191.458
67.4228 40010 200.025
67.5402 45351 212.958
67.6576 50331 224.346
67.7749 51388 226.689
67.8923 53171 230.588
68.0096 53693 231.718
68.1269 54229 232.871
68.2442 54719 233.921
68.3614 53539 231.385
68.4787 53422 231.132
68.5958 53813 231.976
68.713 53810 231.97
68.8302 54503 233.459
68.9473 56251 237.173
69.0643 56943 238.627
69.1814 58194 241.234
69.2984 57202 239.169
69.4154 55578 235.75
69.5323 53344 230.963
69.6492 54031 232.446
69.7661 58191 241.228
69.8829 61094 247.172
69.9997 63447 251.887
70.1165 62986 250.97
70.2332 61245 247.477
70.3499 59412 243.746
70.4665 61355 247.699
70.5831 62526 250.052
70.6996 60730 246.435
70.8161 57182 239.128
70.9326 52658 229.473
71.049 50524 224.775
71.1653 51336 226.574
71.2817 53970 232.314
71.3979 57169 239.1
71.5141 57356 239.491
71.6303 56880 238.495
71.7464 52623 229.397
71.8624 0 1
71.9784 0 1
72.0944 0 1
72.2102 0 1
72.3261 0 1
72.4418 0 1
72.5575 0 1
72.6732 0 1
75.1054 0 1
75.2209 0 1
75.3365 0 1
75.4521 0 1
75.5678 0 1
75.6835 0 1
75.7993 0 1
75.9151 0 1
76.031 0 1
76.147 58155 241.153
76.263 62296 249.592
76.3791 62274 249.548
76.4952 61702 248.399
76.6113 62471 249.942
76.7276 63498 251.988
76.8438 63032 251.062
76.9601 64009 253
77.0765 64260 253.496
77.1929 63852 252.69
77.3093 64326 253.626
77.4258 64873 254.702
77.5423 64892 254.739
77.6589 65099 255.145
77.7755 65987 256.879
77.8921 66433 257.746
78.0088 67907 260.59
78.1256 66522 257.919
78.2423 64528 254.024
78.3591 61830 248.656
78.4759 60662 246.297
78.5928 62097 249.193
78.7097 66452 257.783
78.8266 73390 270.906
78.9436 69270 263.192
79.0606 72038 268.399
79.1776 70779 266.043
79.2946 67420 259.654
79.4117 64355 253.683
79.5288 64287 253.549
79.6459 68206 261.163
79.7631 71138 266.717
79.8802 71066 266.582
79.9974 70214 264.979
80.1147 70353 265.241
80.2319 70258 265.062
80.3491 69555 263.733
80.4664 69885 264.358
80.5837 68743 262.189
80.701 68973 262.627
80.8183 68697 262.101
80.9357 68991 262.661
81.053 70164 264.885
81.1704 70402 265.334
81.2877 70895 266.261
81.4051 70795 266.073
81.5225 73043 270.265
81.6399 71513 267.419
81.7573 72640 269.518
81.8747 68950 262.583
81.9922 66342 257.569
82.1096 66345 257.575
82.227 68579 261.876
82.3444 72370 269.017
82.4619 76156 275.964
82.5793 75174 274.179
82.6967 78464 280.114
82.8142 75548 274.86
82.9316 71000 266.458
83.049 66294 257.476
83.1664 62364 249.728
83.2838 64201 253.379
83.4012 70577 265.663
83.5186 73180 270.518
83.636 73310 270.758
83.7534 73042 270.263
83.8708 73144 270.451
83.9881 72611 269.464
84.1055 73082 270.337
84.2228 71332 267.081
84.3401 71822 267.996
84.4575 72044 268.41
84.5747 73045 270.268
84.692 74394 272.753
84.8093 75488 274.751
84.9265 75821 275.356
85.0437 77586 278.543
85.1609 78449 280.087
85.2781 77900 279.106
85.3952 75566 274.893
85.5123 74385 272.736
85.6294 74584 273.101
85.7465 78258 279.746
85.8636 82039 286.425
85.9806 86107 293.44
86.0976 87379 295.599
86.2145 88995 298.32
86.3315 85749 292.829
86.4484 89918 299.863
86.5652 85654 292.667
86.682 83659 289.239
86.7988 80785 284.227
86.9156 82547 287.31
87.0323 86544 294.184
87.149 89358 298.928
87.2657 90047 300.078
87.3823 90524 300.872
87.4988 90470 300.782
87.6154 91232 302.046
87.7318 90967 301.607
87.8483 90436 300.726
87.9647 90708 301.178
88.081 91672 302.774
88.1973 94180 306.888
88.3136 95405 308.877
88.4298 96200 310.161
88.546 97208 311.782
88.6621 97565 312.354
88.7781 95182 308.516
88.8942 0 1
89.0101 0 1
89.126 0 1
89.2419 0 1
89.3577 0 1
89.4734 0 1
89.5891 0 1
89.7047 0 1
89.8203 0 1
89.9358 0 1
92.3269 0 1
92.4424 0 1
92.558 0 1
92.6736 0 1
92.7893 0 1
92.905 0 1
93.0208 0 1
93.1366 0 1
93.2525 0 1
93.3685 0 1
93.4845 0 1
93.6005 95476 308.992
93.7167 98073 313.166
93.8328 99048 314.719
93.949 99633 315.647
94.0653 99071 314.755
94.1816 98858 314.417
94.2979 97698 312.567
94.4143 96198 310.158
94.5307 95795 309.508
94.6472 95944 309.748
94.7637 97567 312.357
94.8803 102576 320.275
94.9969 104989 324.02
95.1135 106856 326.888
95.2302 106340 326.098
95.3469 107416 327.744
95.4637 106749 326.725
95.5805 104536 323.32
95.6973 102214 319.709
95.8142 98812 314.344
95.9311 95253 308.631
96.048 92301 303.811
96.1649 92279 303.775
96.2819 96299 310.321
96.3989 102886 320.758
96.516 106944 327.023
96.633 108103 328.79
96.7501 107080 327.231
96.8673 106315 326.06
96.9844 104722 323.608
97.1016 104723 323.609
97.2188 105012 324.056
97.336 106572 326.454
97.4532 106511 326.36
97.5704 107292 327.555
97.6877 108104 328.792
97.805 107201 327.416
97.9223 105576 324.925
98.0396 103487 321.694
98.1569 103714 322.047
98.2743 104238 322.859
98.3916 106325 326.075
98.509 110661 332.657
98.6264 112747 335.778
98.7438 114464 338.325
98.8612 115304 339.564
98.9786 116559 341.407
99.096 115085 339.242
99.2134 113357 336.685
99.3308 112137 334.869
99.4482 111205 333.474
99.5656 110514 332.436
99.6831 106064 325.675
99.8005 102570 320.266
99.9179 104296 322.949
100.035 110965 333.114
100.153 112909 336.019
100.27 114041 337.7
100.388 113089 336.287
100.505 112867 335.957
100.622 112071 334.77
100.74 110944 333.083
100.857 112289 335.096
100.975 113392 336.737
101.092 114079 337.756
101.209 115559 339.94
101.327 114676 338.638
101.444 113419 336.777
101.561 111892 334.503
101.679 110547 332.486
101.796 110486 332.394
101.913 113995 337.631
102.03 117957 343.449
102.148 121143 348.056
102.265 129568 359.956
102.382 119457 345.626
102.499 126218 355.272
102.616 124452 352.778
102.733 122312 349.731
102.851 120972 347.81
102.968 122365 349.807
103.085 119661 345.921
103.202 115406 339.715
103.319 111101 333.318
103.436 108966 330.1
103.552 115354 339.638
103.669 120863 347.654
103.786 124846 353.336
103.903 123617 351.592
104.02 122476 349.966
104.137 120999 347.849
104.253 124262 352.508
104.37 120798 347.56
104.487 125250 353.907
104.603 126311 355.403
104.72 124517 352.87
104.836 124008 352.148
104.953 122188 349.554
105.069 121668 348.809
105.186 122930 350.614
105.302 124190 352.406
105.418 128446 358.394
105.535 132570 364.102
105.651 134829 367.191
105.767 136510 369.473
105.883 137293 370.531
105.999 135586 368.22
106.115 0 1
106.231 0 1
106.347 0 1
106.463 0 1
106.579 0 1
106.694 0 1
106.81 0 1
106.926 0 1
107.041 0 1
107.157 0 1
109.576 0 1
109.692 0 1
109.807 0 1
109.923 0 1
110.039 0 1
110.155 0 1
110.27 0 1
110.386 0 1
110.502 0 1
110.618 124506 352.854
110.735 128161 357.996
110.851 130714 361.544
110.967 130268 360.927
111.083 128679 358.719
111.199 125317 354.001
111.316 124726 353.166
111.432 124798 353.268
111.549 122997 350.709
111.665 118401 344.094
111.782 113497 336.893
111.898 109411 330.773
112.015 108567 329.495
112.132 112201 334.964
112.248 116748 341.684
112.365 122740 350.343
112.482 120791 347.55
112.599 115827 340.334
112.716 116287 341.009
112.832 116526 341.359
112.949 116299 341.026
113.066 116887 341.887
113.183 115055 339.198
113.3 112255 335.045
113.417 110423 332.3
113.534 109459 330.846
113.652 110087 331.794
113.769 111040 333.227
113.886 112216 334.987
114.003 115140 339.323
114.12 117617 342.953
114.238 118547 344.307
114.355 119583 345.808
114.472 118429 344.135
114.589 117620 342.958
114.707 114326 338.121
114.824 111137 333.372
114.942 111838 334.422
115.059 114062 337.731
115.176 112217 334.988
115.294 109075 330.265
115.411 105442 324.718
115.529 102050 319.453
115.646 102607 320.323
115.764 106941 327.018
115.881 111139 333.375
115.999 114097 337.782
116.116 113903 337.495
116.234 112341 335.173
116.351 112035 334.716
116.469 112244 335.028
116.586 113614 337.067
116.704 114004 337.645
116.821 112310 335.127
116.939 112076 334.778
117.056 110752 332.794
117.174 111287 333.597
117.291 112793 335.847
117.409 114344 338.148
117.526 116408 341.186
117.644 120983 347.826
117.761 121567 348.665
117.879 124003 352.141
117.996 122944 350.634
118.114 123284 351.118
118.231 122590 350.129
118.349 117738 343.13
118.466 116002 340.591
118.584 117701 343.076
118.701 118463 344.185
118.819 116957 341.99
118.936 112284 335.088
119.053 108798 329.845
119.171 105746 325.186
119.288 105187 324.325
119.405 108680 329.666
119.523 112961 336.097
119.64 117858 343.305
119.757 117941 343.425
119.875 116083 340.71
119.992 115100 339.264
120.109 115011 339.133
120.226 115937 340.495
120.343 115567 339.951
120.46 115603 340.004
120.578 114423 338.265
120.695 113866 337.44
120.812 115937 340.495
120.929 116299 341.026
121.046 118034 343.561
121.163 119530 345.731
121.279 122195 349.564
121.396 124379 352.674
121.513 125065 353.645
121.63 127077 356.479
121.747 125190 353.822
121.863 123418 351.309
121.98 120957 347.789
122.097 116604 341.473
122.213 116792 341.748
122.33 118425 344.129
122.446 118081 343.629
122.563 116257 340.965
122.679 112759 335.796
122.795 109755 331.293
122.912 107109 327.275
123.028 105509 324.821
123.144 107452 327.799
123.26 111302 333.62
123.377 0 1
123.493 0 1
123.609 0 1
123.725 0 1
123.84 0 1
123.956 0 1
124.072 0 1
124.188 0 1
124.303 0 1
124.419 0 1
126.852 0 1
126.968 0 1
127.083 0 1
127.199 0 1
127.315 0 1
127.431 0 1
127.547 0 1
127.663 0 1
127.779 0 1
127.895 0 1
128.011 0 1
128.127 0 1
128.243 0 1
128.359 119835 346.172
128.476 124711 353.144
128.592 130382 361.084
128.708 135820 368.538
128.825 136789 369.85
128.941 135388 367.951
129.058 134268 366.426
129.174 134232 366.377
129.291 134873 367.251
129.408 135195 367.689
129.524 134057 366.138
129.641 133617 365.537
129.758 136299 369.187
129.875 137961 371.431
129.992 138608 372.301
130.108 139444 373.422
130.225 140878 375.337
130.342 143036 378.201
130.459 138650 372.357
130.576 144958 380.734
130.693 139990 374.152
130.81 135870 368.605
130.928 129950 360.486
131.045 128230 358.092
131.162 129844 360.339
131.279 133502 365.379
131.396 133477 365.345
131.513 129764 360.228
131.631 125873 354.786
131.748 122496 349.994
131.865 119391 345.53
131.983 120551 347.205
132.1 126381 355.501
132.217 131826 363.079
132.335 134946 367.35
132.452 134138 366.249
132.57 132889 364.539
132.687 127314 356.811
132.804 135622 368.269
132.922 131764 362.993
133.039 132451 363.938
133.157 132325 363.765
133.274 133454 365.314
133.392 136020 368.809
133.509 136715 369.75
133.627 138953 372.764
133.744 139145 373.021
133.862 138975 372.794
133.979 140942 375.422
134.097 140262 374.516
134.214 140986 375.481
134.332 132096 363.45
134.449 129312 359.6
134.567 126058 355.046
134.684 127804 357.497
134.802 130400 361.109
134.919 131956 363.257
135.037 130573 361.349
135.154 126537 355.72
135.272 122808 350.44
135.389 118435 344.144
135.507 117187 342.326
135.624 120749 347.49
135.742 126717 355.973
135.859 132115 363.476
135.977 135069 367.517
136.094 134541 366.798
136.211 132826 364.453
136.329 132855 364.493
136.446 133089 364.814
136.564 133216 364.988
136.681 135600 368.239
136.798 133880 365.896
136.915 136173 369.016
137.033 137537 370.86
137.15 138953 372.764
137.267 140706 375.108
137.384 140333 374.61
137.502 139977 374.135
137.619 139971 374.127
137.736 141071 375.594
137.853 136644 369.654
137.97 131009 361.952
138.087 131022 361.97
138.204 125863 354.772
138.321 126244 355.308
138.438 131036 361.989
138.555 132162 363.541
138.672 131385 362.471
138.788 129365 359.673
138.905 125008 353.565
139.022 122331 349.758
139.139 120882 347.681
139.255 123738 351.764
139.372 129195 359.437
139.488 133895 365.917
139.605 138149 371.684
139.721 137306 370.548
139.838 136539 369.512
139.954 135839 368.563
140.071 132792 364.406
140.187 134787 367.133
140.303 132664 364.231
140.419 133910 365.937
140.535 133626 365.549
140.652 133447 365.304
140.768 0 1
140.884 0 1
141 0 1
141.115 0 1
141.231 0 1
141.347 0 1
141.463 0 1
141.578 0 1
141.694 0 1
144.104 0 1
144.219 0 1
144.335 0 1
144.45 0 1
144.566 0 1
144.682 0 1
144.798 0 1
144.914 0 1
145.03 0 1
145.146 117123 342.232
145.262 118274 343.91
145.378 119248 345.323
145.494 120168 346.653
145.61 119789 346.105
145.726 121262 348.227
145.842 122996 350.708
145.959 122847 350.495
146.075 123396 351.278
146.192 123454 351.36
146.308 122918 350.597
146.425 121344 348.345
146.541 117541 342.843
146.658 112016 334.688
146.774 106833 326.853
146.891 107002 327.112
147.008 109286 330.584
147.125 112254 335.043
147.241 113244 336.517
147.358 110433 332.315
147.475 107267 327.516
147.592 103898 322.332
147.709 102767 320.573
147.826 104694 323.565
147.943 110151 331.89
148.06 113109 336.317
148.177 115818 340.32
148.294 115350 339.632
148.411 114501 338.38
148.528 114324 338.118
148.645 112653 335.638
148.762 111489 333.9
148.88 111287 333.597
148.997 106460 326.282
149.114 114778 338.789
149.231 111070 333.272
149.349 112017 334.689
149.466 111756 334.299
149.583 112286 335.091
149.701 114059 337.726
149.818 114668 338.627
149.935 113725 337.231
150.053 112930 336.051
150.17 108736 329.751
150.287 104140 322.707
150.405 99271 315.073
150.522 100464 316.961
150.64 102782 320.596
150.757 105198 324.342
150.875 106545 326.412
150.992 103694 322.016
151.11 99103 314.806
151.227 98741 314.231
151.344 98458 313.78
151.462 101086 317.94
151.579 106855 326.887
151.697 109977 331.628
151.814 112066 334.763
151.932 110972 333.125
152.049 110642 332.629
152.167 109028 330.194
152.284 109662 331.153
152.402 108969 330.105
152.519 107965 328.58
152.636 108748 329.77
152.754 108317 329.115
152.871 109117 330.329
152.989 109116 330.327
153.106 110533 332.465
153.223 111750 334.29
153.341 112035 334.716
153.458 113191 336.439
153.575 113255 336.534
153.693 110684 332.692
153.81 106963 327.052
153.927 101022 317.84
154.044 99135 314.857
154.162 101072 317.918
154.279 105023 324.073
154.396 108439 329.301
154.513 110308 332.126
154.63 107901 328.483
154.747 105651 325.04
154.864 103292 321.391
154.981 104806 323.738
155.098 107418 327.747
155.215 111672 334.174
155.332 113868 337.443
155.449 113907 337.501
155.566 113301 336.602
155.683 111747 334.286
155.8 112314 335.133
155.917 111856 334.449
156.033 111727 334.256
156.15 0 1
156.267 0 1
156.383 0 1
156.5 0 1
156.617 0 1
156.733 0 1
156.85 0 1
156.966 0 1
157.082 0 1
157.199 0 1
157.315 0 1
157.431 0 1
157.547 0 1
157.664 0 1
157.78 0 1
157.896 0 1
158.012 0 1
158.128 0 1
158.244 0 1
158.359 0 1
158.475 0 1
158.591 0 1
158.706 0 1
