
6.15755 0 1
6.2731 0 1
6.3887 0 1
6.50437 0 1
6.62009 0 1
6.73587 0 1
6.8517 0 1
6.96759 0 1
7.08353 0 1
7.19952 0 1
7.31557 0 1
7.43166 0 1
7.54781 0 1
7.664 0 1
7.78024 0 1
7.89653 0 1
8.01286 0 1
8.12924 0 1
8.24567 0 1
8.36213 0 1
8.47864 0 1
8.59519 0 1
8.71178 0 1
8.82841 0 1
8.94508 0 1
9.06179 0 1
9.17853 0 1
9.29531 0 1
9.41212 0 1
9.52897 0 1
9.64584 0 1
9.76276 0 1
9.8797 0 1
9.99667 0 1
10.1137 0 1
10.2307 0 1
10.3478 0 1
10.4648 0 1
10.5819 0 1
10.6991 0 1
10.8162 0 1
10.9334 0 1
11.0506 0 1
11.1678 0 1
11.285 0 1
11.4023 0 1
11.5196 0 1
11.6369 0 1
11.7542 0 1
11.8715 0 1
11.9888 0 1
12.1062 0 1
12.2235 0 1
12.3409 0 1
12.4582 0 1
12.5756 0 1
12.693 0 1
12.8104 0 1
12.9278 0 1
13.0452 0 1
13.1626 0 1
13.28 0 1
13.3974 0 1
13.5149 0 1
13.6323 0 1
13.7497 0 1
13.8671 0 1
13.9845 0 1
14.1019 0 1
14.2193 0 1
14.3367 0 1
14.4541 0 1
14.5714 0 1
14.6888 0 1
14.8062 0 1
14.9235 0 1
15.0408 843 29.0345
15.1581 837 28.931
15.2755 895 29.9166
15.3927 868 29.4618
15.51 869 29.4788
15.6273 858 29.2916
15.7445 786 28.0357
15.8617 854 29.2233
15.9789 855 29.2404
16.0961 856 29.2575
16.2132 950 30.8221
16.3304 986 31.4006
16.4475 1015 31.8591
16.5646 988 31.4325
16.6816 1023 31.9844
16.7986 996 31.5595
16.9156 1045 32.3265
17.0326 1001 31.6386
17.1496 999 31.607
17.2665 989 31.4484
17.3833 998 31.5911
17.5002 1013 31.8277
17.617 981 31.3209
17.7338 998 31.5911
17.8505 1040 32.249
17.9672 1032 32.1248
18.0839 1104 33.2265
18.2005 1082 32.8938
18.3171 1147 33.8674
18.4337 1146 33.8526
18.5502 1175 34.2783
18.6666 1192 34.5254
18.7831 1131 33.6303
18.8994 1128 33.5857
19.0158 1123 33.5112
19.1321 1145 33.8378
19.2483 1062 32.5883
19.3645 1011 31.7962
19.4806 1067 32.665
19.5967 1070 32.7109
19.7128 1088 32.9848
19.8288 1092 33.0454
19.9447 1060 32.5576
20.0606 0 1
20.1764 0 1
20.2922 0 1
20.4079 0 1
20.5236 0 1
20.6392 0 1
20.7548 0 1
20.8702 0 1
23.3078 0 1
23.4233 0 1
23.539 0 1
23.6547 0 1
23.7704 0 1
23.8862 0 1
24.0021 0 1
24.118 0 1
24.234 0 1
24.35 0 1
24.4661 1052 32.4345
24.5822 1014 31.8434
24.6984 1070 32.7109
24.8146 1122 33.4963
24.9309 1142 33.7935
25.0472 1248 35.327
25.1636 1269 35.623
25.28 1212 34.8138
25.3965 1244 35.2704
25.513 1230 35.0714
25.6296 1200 34.641
25.7462 1224 34.9857
25.8628 1142 33.7935
25.9795 1217 34.8855
26.0962 1238 35.1852
26.213 1188 34.4674
26.3298 1292 35.9444
26.4466 1265 35.5668
26.5635 1348 36.7151
26.6804 1300 36.0555
26.7973 1392 37.3095
26.9143 1426 37.7624
27.0313 1400 37.4166
27.1483 1435 37.8814
27.2653 1425 37.7492
27.3824 1441 37.9605
27.4996 1442 37.9737
27.6167 1376 37.0945
27.7339 1299 36.0416
27.8511 1258 35.4683
27.9683 1271 35.6511
28.0855 1245 35.2846
28.2028 1183 34.3948
28.3201 1144 33.8231
28.4374 1215 34.8569
28.5547 1228 35.0428
28.6721 1347 36.7015
28.7894 1309 36.1801
28.9068 1373 37.054
29.0242 1259 35.4824
29.1416 1262 35.5246
29.259 1228 35.0428
29.3764 1177 34.3074
29.4939 1217 34.8855
29.6113 1135 33.6898
29.7288 1149 33.8969
29.8463 1228 35.0428
29.9638 1241 35.2278
30.0812 1217 34.8855
30.1987 1273 35.6791
30.3162 1355 36.8103
30.4337 1443 37.9868
30.5512 1507 38.8201
30.6687 1391 37.2961
30.7862 1490 38.6005
30.9037 1373 37.054
31.0212 1496 38.6782
31.1387 1455 38.1445
31.2562 1434 37.8682
31.3737 1414 37.6032
31.4912 1288 35.8887
31.6087 1275 35.7071
31.7262 1221 34.9428
31.8436 1161 34.0735
31.9611 1319 36.318
32.0785 1374 37.0675
32.1959 1374 37.0675
32.3134 1430 37.8153
32.4308 1381 37.1618
32.5482 1371 37.027
32.6655 1312 36.2215
32.7829 1339 36.5923
32.9002 1272 35.6651
33.0176 1234 35.1283
33.1349 1254 35.4119
33.2522 1195 34.5688
33.3694 1239 35.1994
33.4867 1316 36.2767
33.6039 1300 36.0555
33.7211 1331 36.4829
33.8383 1367 36.973
33.9554 1415 37.6165
34.0725 1459 38.1969
34.1896 1480 38.4708
34.3067 1471 38.3536
34.4237 1466 38.2884
34.5407 1481 38.4838
34.6577 1515 38.923
34.7746 1421 37.6962
34.8915 1473 38.3797
35.0084 1435 37.8814
35.1252 1393 37.3229
35.242 1358 36.8511
35.3587 1294 35.9722
35.4755 1310 36.1939
35.5921 1336 36.5513
35.7088 1287 35.8748
35.8254 1324 36.3868
35.9419 1335 36.5377
36.0584 1511 38.8716
36.1749 1427 37.7757
36.2913 1408 37.5233
36.4077 1344 36.6606
36.524 1333 36.5103
36.6403 1251 35.3695
36.7565 1262 35.5246
36.8727 1255 35.426
36.9889 1241 35.2278
37.1049 1280 35.7771
37.221 0 1
37.3369 0 1
37.4529 0 1
37.5687 0 1
37.6845 0 1
37.8003 0 1
37.916 0 1
38.0316 0 1
38.1472 0 1
40.5851 0 1
40.7008 0 1
40.8164 0 1
40.9322 0 1
41.048 0 1
41.1639 0 1
41.2798 0 1
41.3958 0 1
41.5118 0 1
41.6279 0 1
41.744 1098 33.1361
41.8602 1047 32.3574
41.9765 1044 32.311
42.0928 1079 32.8481
42.2091 1092 33.0454
42.3255 1224 34.9857
42.4419 1204 34.6987
42.5584 1197 34.5977
42.675 1319 36.318
42.7915 1360 36.8782
42.9081 1339 36.5923
43.0248 1348 36.7151
43.1415 1434 37.8682
43.2582 1321 36.3456
43.375 1395 37.3497
43.4918 1452 38.1051
43.6087 1350 36.7423
43.7256 1318 36.3043
43.8425 1310 36.1939
43.9595 1237 35.171
44.0765 1258 35.4683
44.1935 1174 34.2637
44.3106 1117 33.4215
44.4277 1160 34.0588
44.5448 1192 34.5254
44.6619 1192 34.5254
44.7791 1220 34.9285
44.8963 1166 34.1467
45.0136 1189 34.4819
45.1308 1112 33.3467
45.2481 1120 33.4664
45.3654 981 31.3209
45.4827 977 31.257
45.6001 956 30.9192
45.7174 928 30.4631
45.8348 977 31.257
45.9522 1031 32.1092
46.0697 1089 33
46.1871 1091 33.0303
46.3046 1119 33.4515
46.422 1135 33.6898
46.5395 1198 34.6121
46.657 1183 34.3948
46.7745 1179 34.3366
46.892 1208 34.7563
47.0096 1223 34.9714
47.1271 1198 34.6121
47.2446 1205 34.7131
47.3622 1134 33.6749
47.4797 1066 32.6497
47.5973 993 31.5119
47.7149 975 31.225
47.8324 946 30.7571
47.95 934 30.5614
48.0675 1014 31.8434
48.1851 990 31.4643
48.3027 999 31.607
48.4202 997 31.5753
48.5378 993 31.5119
48.6554 902 30.0333
48.7729 878 29.6311
48.8904 867 29.4449
49.008 821 28.6531
49.1255 757 27.5136
49.243 819 28.6182
49.3605 811 28.4781
49.478 886 29.7658
49.5955 916 30.2655
49.713 975 31.225
49.8304 1000 31.6228
49.9479 990 31.4643
50.0653 1078 32.8329
50.1827 1157 34.0147
50.3001 1066 32.6497
50.4175 1108 33.2866
50.5348 1147 33.8674
50.6521 1165 34.1321
50.7694 1118 33.4365
50.8867 1167 34.1614
51.004 1169 34.1906
51.1212 1073 32.7567
51.2384 1148 33.8821
51.3556 1075 32.7872
51.4727 1077 32.8177
51.5899 1153 33.9559
51.707 1182 34.3802
51.824 1256 35.4401
51.9411 1285 35.8469
52.0581 1295 35.9861
52.175 1268 35.609
52.2919 1244 35.2704
52.4088 1183 34.3948
52.5257 1108 33.2866
52.6425 1145 33.8378
52.7593 1101 33.1813
52.876 1117 33.4215
52.9927 1206 34.7275
53.1094 1288 35.8887
53.226 1334 36.524
53.3426 1475 38.4057
53.4591 1601 40.0125
53.5756 1568 39.598
53.692 1628 40.3485
53.8084 1584 39.7995
53.9248 1660 40.7431
54.0411 1669 40.8534
54.1573 1698 41.2068
54.2735 0 1
54.3896 0 1
54.5057 0 1
54.6217 0 1
54.7377 0 1
54.8537 0 1
54.9695 0 1
55.0853 0 1
55.2011 0 1
55.3168 0 1
55.4324 0 1
57.824 0 1
57.9396 0 1
58.0553 0 1
58.1711 0 1
58.2869 0 1
58.4028 0 1
58.5187 0 1
58.6347 0 1
58.7508 0 1
58.8669 0 1
58.983 2027 45.0222
59.0992 2017 44.911
59.2155 2055 45.3321
59.3318 2044 45.2106
59.4482 1927 43.8976
59.5646 2042 45.1885
59.681 2003 44.7549
59.7975 1991 44.6206
59.9141 1929 43.9204
60.0306 1873 43.2782
60.1473 1941 44.0568
60.2639 1855 43.0697
60.3807 1908 43.6807
60.4974 1915 43.7607
60.6142 1986 44.5646
60.731 1838 42.8719
60.8479 1761 41.9643
60.9648 1599 39.9875
61.0818 1512 38.8844
61.1987 1516 38.9358
61.3158 1428 37.7889
61.4328 1471 38.3536
61.5499 1539 39.2301
61.667 1612 40.1497
61.7841 1689 41.0974
61.9013 1850 43.0116
62.0185 1861 43.1393
62.1357 1967 44.3509
62.253 1956 44.2267
62.3702 2064 45.4313
62.4875 2016 44.8999
62.6049 2006 44.7884
62.7222 2003 44.7549
62.8396 2033 45.0888
62.9569 2031 45.0666
63.0743 2005 44.7772
63.1918 1901 43.6005
63.3092 1897 43.5546
63.4267 1929 43.9204
63.5441 1795 42.3674
63.6616 1808 42.5206
63.7791 1779 42.1782
63.8966 1768 42.0476
64.0142 1892 43.4971
64.1317 1815 42.6028
64.2492 1782 42.2137
64.3668 1764 42
64.4843 1572 39.6485
64.6019 1493 38.6394
64.7195 1455 38.1445
64.837 1368 36.9865
64.9546 1456 38.1576
65.0722 1498 38.704
65.1898 1493 38.6394
65.3074 1588 39.8497
65.4249 1671 40.8779
65.5425 1779 42.1782
65.6601 1894 43.5201
65.7777 1938 44.0227
65.8952 1981 44.5084
66.0128 2006 44.7884
66.1304 2037 45.1331
66.2479 2003 44.7549
66.3655 2092 45.7384
66.483 1995 44.6654
66.6005 1940 44.0454
66.718 1977 44.4635
66.8355 1969 44.3734
66.953 1935 43.9886
67.0705 1883 43.3935
67.1879 1878 43.3359
67.3054 1921 43.8292
67.4228 1971 44.3959
67.5402 1905 43.6463
67.6576 1995 44.6654
67.7749 1881 43.3705
67.8923 1911 43.715
68.0096 1823 42.6966
68.1269 1677 40.9512
68.2442 1634 40.4228
68.3614 1609 40.1123
68.4787 1482 38.4968
68.5958 1500 38.7298
68.713 1542 39.2683
68.8302 1630 40.3733
68.9473 1776 42.1426
69.0643 1885 43.4166
69.1814 1996 44.6766
69.2984 2159 46.465
69.4154 2223 47.1487
69.5323 2287 47.8226
69.6492 2379 48.775
69.7661 2463 49.6286
69.8829 2479 49.7896
69.9997 2481 49.8096
70.1165 2434 49.3356
70.2332 2490 49.8999
70.3499 2313 48.0937
70.4665 2415 49.1426
70.5831 2342 48.3942
70.6996 2338 48.3529
70.8161 2295 47.9062
70.9326 2313 48.0937
71.049 2270 47.6445
71.1653 2335 48.3218
71.2817 2402 49.0102
71.3979 2323 48.1975
71.5141 2314 48.1041
71.6303 2078 45.5851
71.7464 1699 41.2189
71.8624 0 1
71.9784 0 1
72.0944 0 1
72.2102 0 1
72.3261 0 1
72.4418 0 1
72.5575 0 1
72.6732 0 1
75.1054 0 1
75.2209 0 1
75.3365 0 1
75.4521 0 1
75.5678 0 1
75.6835 0 1
75.7993 0 1
75.9151 0 1
76.031 0 1
76.147 2322 48.1871
76.263 2485 49.8498
76.3791 2520 50.1996
76.4952 2618 51.1664
76.6113 2659 51.5655
76.7276 2687 51.8363
76.8438 2669 51.6624
76.9601 2464 49.6387
77.0765 2356 48.5386
77.1929 2192 46.8188
77.3093 1920 43.8178
77.4258 1828 42.7551
77.5423 1852 43.0349
77.6589 1868 43.2204
77.7755 1948 44.1362
77.8921 2120 46.0435
78.0088 2430 49.295
78.1256 2583 50.8232
78.2423 2779 52.7162
78.3591 2902 53.8702
78.4759 2936 54.1849
78.5928 2935 54.1756
78.7097 2984 54.626
78.8266 2843 53.3198
78.9436 3127 55.9196
79.0606 2863 53.507
79.1776 2967 54.4702
79.2946 3011 54.8726
79.4117 2975 54.5436
79.5288 2836 53.2541
79.6459 2759 52.5262
79.7631 2830 53.1977
79.8802 2728 52.2303
79.9974 2728 52.2303
80.1147 2765 52.5833
80.2319 2857 53.4509
80.3491 2913 53.9722
80.4664 2800 52.915
80.5837 2675 51.7204
80.701 2549 50.4876
80.8183 2234 47.2652
80.9357 2065 45.4423
81.053 1929 43.9204
81.1704 1854 43.0581
81.2877 1885 43.4166
81.4051 1995 44.6654
81.5225 2101 45.8367
81.6399 2330 48.2701
81.7573 2667 51.643
81.8747 2665 51.6236
81.9922 2857 53.4509
82.1096 2894 53.7959
82.227 2909 53.9351
82.3444 2903 53.8795
82.4619 2949 54.3047
82.5793 3063 55.3444
82.6967 2945 54.2679
82.8142 3022 54.9727
82.9316 2901 53.8609
83.049 2830 53.1977
83.1664 2846 53.3479
83.2838 2745 52.3927
83.4012 2712 52.0769
83.5186 2705 52.0096
83.636 2659 51.5655
83.7534 2587 50.8626
83.8708 2680 51.7687
83.9881 2730 52.2494
84.1055 2848 53.3667
84.2228 2650 51.4782
84.3401 2476 49.7594
84.4575 2242 47.3498
84.5747 2094 45.7602
84.692 1800 42.4264
84.8093 1820 42.6615
84.9265 1843 42.9302
85.0437 1955 44.2154
85.1609 2210 47.0106
85.2781 2522 50.2195
85.3952 2628 51.264
85.5123 2836 53.2541
85.6294 3013 54.8908
85.7465 3174 56.3383
85.8636 3194 56.5155
85.9806 3268 57.1664
86.0976 3358 57.9483
86.2145 3305 57.4891
86.3315 3513 59.2706
86.4484 3302 57.463
86.5652 3466 58.8727
86.682 3406 58.3609
86.7988 3596 59.9667
86.9156 3390 58.2237
87.0323 3525 59.3717
87.149 3339 57.7841
87.2657 3373 58.0775
87.3823 3520 59.3296
87.4988 3605 60.0417
87.6154 3864 62.1611
87.7318 3476 58.9576
87.8483 3522 59.3464
87.9647 3178 56.3738
88.081 2867 53.5444
88.1973 2680 51.7687
88.3136 2528 50.2792
88.4298 2440 49.3964
88.546 2473 49.7293
88.6621 2671 51.6817
88.7781 3056 55.2811
88.8942 0 1
89.0101 0 1
89.126 0 1
89.2419 0 1
89.3577 0 1
89.4734 0 1
89.5891 0 1
89.7047 0 1
89.8203 0 1
89.9358 0 1
92.3269 0 1
92.4424 0 1
92.558 0 1
92.6736 0 1
92.7893 0 1
92.905 0 1
93.0208 0 1
93.1366 0 1
93.2525 0 1
93.3685 0 1
93.4845 0 1
93.6005 2773 52.6593
93.7167 2710 52.0577
93.8328 2744 52.3832
93.949 2821 53.1131
94.0653 2934 54.1664
94.1816 3224 56.7803
94.2979 3491 59.0847
94.4143 3781 61.4898
94.5307 4062 63.7338
94.6472 4307 65.6277
94.7637 4317 65.7039
94.8803 4396 66.3023
94.9969 4447 66.6858
95.1135 4592 67.7643
95.2302 4559 67.5204
95.3469 4562 67.5426
95.4637 4649 68.1836
95.5805 4576 67.6461
95.6973 4527 67.283
95.8142 4705 68.593
95.9311 4450 66.7083
96.048 4417 66.4605
96.1649 4364 66.0606
96.2819 4274 65.3758
96.3989 4161 64.5058
96.516 4378 66.1665
96.633 4505 67.1193
96.7501 4524 67.2607
96.8673 4359 66.0227
96.9844 4087 63.9296
97.1016 3702 60.8441
97.2188 3356 57.931
97.336 3143 56.0625
97.4532 2899 53.8424
97.5704 2881 53.6749
97.6877 2826 53.1601
97.805 3098 55.6597
97.9223 3342 57.81
98.0396 3703 60.8523
98.1569 4061 63.726
98.2743 4081 63.8827
98.3916 4391 66.2646
98.509 4575 67.6387
98.6264 4615 67.9338
98.7438 4613 67.9191
98.8612 4720 68.7023
98.9786 4643 68.1396
99.096 4615 67.9338
99.2134 4674 68.3667
99.3308 4645 68.1542
99.4482 4715 68.6659
99.5656 4710 68.6294
99.6831 4553 67.4759
99.8005 4576 67.6461
99.9179 4471 66.8655
100.035 4359 66.0227
100.153 4549 67.4463
100.27 4789 69.2026
100.388 4590 67.7495
100.505 4456 66.7533
100.622 4103 64.0547
100.74 3758 61.3025
100.857 3603 60.025
100.975 3155 56.1694
101.092 3028 55.0273
101.209 2936 54.1849
101.327 3025 55
101.444 3184 56.4269
101.561 3690 60.7454
101.679 3974 63.0397
101.796 4234 65.0692
101.913 4573 67.624
102.03 4547 67.4314
102.148 4782 69.152
102.265 4613 67.9191
102.382 5008 70.7672
102.499 4878 69.8427
102.616 4831 69.5054
102.733 4845 69.606
102.851 4767 69.0435
102.968 5010 70.7814
103.085 4884 69.8856
103.202 4991 70.647
103.319 4682 68.4251
103.436 4584 67.7052
103.552 4760 68.9928
103.669 4672 68.352
103.786 4791 69.217
103.903 4847 69.6204
104.02 4819 69.419
104.137 4550 67.4537
104.253 4343 65.9014
104.37 3744 61.1882
104.487 3453 58.7622
104.603 3266 57.1489
104.72 3308 57.5152
104.836 3299 57.4369
104.953 3428 58.5491
105.069 3845 62.0081
105.186 4214 64.9153
105.302 4574 67.6314
105.418 4805 69.3181
105.535 4980 70.5691
105.651 5125 71.5891
105.767 5189 72.0347
105.883 5304 72.8286
105.999 5126 71.5961
106.115 0 1
106.231 0 1
106.347 0 1
106.463 0 1
106.579 0 1
106.694 0 1
106.81 0 1
106.926 0 1
107.041 0 1
107.157 0 1
109.576 0 1
109.692 0 1
109.807 0 1
109.923 0 1
110.039 0 1
110.155 0 1
110.27 0 1
110.386 0 1
110.502 0 1
110.618 4450 66.7083
110.735 4810 69.3542
110.851 4733 68.7968
110.967 5036 70.9648
111.083 4830 69.4982
111.199 4851 69.6491
111.316 4879 69.8498
111.432 5006 70.7531
111.549 4814 69.383
111.665 4628 68.0294
111.782 4659 68.2569
111.898 4463 66.8057
112.015 4618 67.9559
112.132 4541 67.3869
112.248 4685 68.4471
112.365 4611 67.9043
112.482 4450 66.7083
112.599 4246 65.1613
112.716 3914 62.562
112.832 3655 60.4566
112.949 3410 58.3952
113.066 3035 55.0908
113.183 3084 55.5338
113.3 3030 55.0454
113.417 3122 55.8749
113.534 3401 58.3181
113.652 3593 59.9416
113.769 3968 62.9921
113.886 4033 63.5059
114.003 4268 65.3299
114.12 4406 66.3777
114.238 4488 66.9925
114.355 4497 67.0597
114.472 4426 66.5282
114.589 4422 66.4981
114.707 4332 65.8179
114.824 4324 65.7571
114.942 4388 66.242
115.059 4413 66.4304
115.176 4495 67.0448
115.294 4330 65.8027
115.411 4275 65.3835
115.529 4217 64.9384
115.646 4195 64.7688
115.764 4432 66.5733
115.881 4495 67.0448
115.999 4267 65.3223
116.116 4177 64.6297
116.234 3836 61.9355
116.351 3700 60.8276
116.469 3468 58.8897
116.586 3257 57.0701
116.704 3040 55.1362
116.821 3018 54.9363
116.939 2966 54.461
117.056 3080 55.4977
117.174 3338 57.7754
117.291 3501 59.1692
117.409 3872 62.2254
117.526 4007 63.3009
117.644 4292 65.5134
117.761 4271 65.3529
117.879 4497 67.0597
117.996 4399 66.325
118.114 4413 66.4304
118.231 4380 66.1816
118.349 4294 65.5286
118.466 4203 64.8305
118.584 4206 64.8537
118.701 4398 66.3174
118.819 4273 65.3682
118.936 4148 64.405
119.053 4018 63.3877
119.171 4008 63.3088
119.288 4187 64.707
119.405 4291 65.5057
119.523 4305 65.6125
119.64 4091 63.9609
119.757 4128 64.2495
119.875 3875 62.2495
119.992 3673 60.6053
120.109 3413 58.4209
120.226 3217 56.7186
120.343 3036 55.0999
120.46 3007 54.8361
120.578 2982 54.6077
120.695 2912 53.963
120.812 3104 55.7136
120.929 3254 57.0438
121.046 3535 59.4559
121.163 3773 61.4248
121.279 3889 62.3618
121.396 3982 63.1031
121.513 4180 64.6529
121.63 4176 64.622
121.747 4035 63.5216
121.863 4195 64.7688
121.98 4090 63.9531
122.097 4051 63.6475
122.213 4067 63.773
122.33 4052 63.6553
122.446 4021 63.4114
122.563 4081 63.8827
122.679 4011 63.3325
122.795 3902 62.466
122.912 3806 61.6928
123.028 3854 62.0806
123.144 3871 62.2174
123.26 3924 62.6418
123.377 0 1
123.493 0 1
123.609 0 1
123.725 0 1
123.84 0 1
123.956 0 1
124.072 0 1
124.188 0 1
124.303 0 1
124.419 0 1
126.852 0 1
126.968 0 1
127.083 0 1
127.199 0 1
127.315 0 1
127.431 0 1
127.547 0 1
127.663 0 1
127.779 0 1
127.895 0 1
128.011 0 1
128.127 0 1
128.243 0 1
128.359 4196 64.7765
128.476 4165 64.5368
128.592 4059 63.7103
128.708 4017 63.3798
128.825 3901 62.458
128.941 3671 60.5888
129.058 3436 58.6174
129.174 3349 57.8705
129.291 3258 57.0789
129.408 3202 56.5862
129.524 3157 56.1872
129.641 3279 57.2626
129.758 3321 57.6281
129.875 3558 59.649
129.992 3881 62.2977
130.108 3932 62.7057
130.225 4111 64.1171
130.342 4129 64.2573
130.459 4071 63.8044
130.576 4199 64.7997
130.693 4102 64.0469
130.81 3937 62.7455
130.928 4019 63.3956
131.045 3985 63.1269
131.162 4135 64.304
131.279 4288 65.4828
131.396 4078 63.8592
131.513 4108 64.0937
131.631 4043 63.5846
131.748 4091 63.9609
131.865 4064 63.7495
131.983 4127 64.2417
132.1 4167 64.5523
132.217 4030 63.4823
132.335 3772 61.4166
132.452 3728 61.0574
132.57 3495 59.1185
132.687 3284 57.3062
132.804 3175 56.3471
132.922 3032 55.0636
133.039 3053 55.254
133.157 3215 56.701
133.274 3162 56.2317
133.392 3371 58.0603
133.509 3687 60.7207
133.627 3613 60.1082
133.744 3823 61.8304
133.862 3850 62.0484
133.979 3936 62.7375
134.097 3942 62.7853
134.214 3807 61.7009
134.332 3912 62.546
134.449 3743 61.1801
134.567 3818 61.79
134.684 3828 61.8708
134.802 3985 63.1269
134.919 3953 62.8729
135.037 3938 62.7535
135.154 3808 61.709
135.272 3812 61.7414
135.389 3917 62.5859
135.507 4052 63.6553
135.624 3966 62.9762
135.742 3774 61.4329
135.859 3829 61.8789
135.977 3664 60.531
136.094 3565 59.7076
136.211 3329 57.6975
136.329 3185 56.4358
136.446 3112 55.7853
136.564 3034 55.0818
136.681 3067 55.3805
136.798 3013 54.8908
136.915 3207 56.6304
137.033 3337 57.7668
137.15 3528 59.397
137.267 3466 58.8727
137.384 3651 60.4235
137.502 3711 60.918
137.619 3744 61.1882
137.736 3685 60.7042
137.853 3831 61.8951
137.97 3667 60.5558
138.087 3544 59.5315
138.204 3684 60.696
138.321 3682 60.6795
138.438 3866 62.1772
138.555 3856 62.0967
138.672 3788 61.5467
138.788 3728 61.0574
138.905 3712 60.9262
139.022 3797 61.6198
139.139 3841 61.9758
139.255 3818 61.79
139.372 3787 61.5386
139.488 3764 61.3514
139.605 3585 59.8749
139.721 3432 58.5833
139.838 3360 57.9655
139.954 3212 56.6745
140.071 3160 56.2139
140.187 3066 55.3715
140.303 2939 54.2125
140.419 3010 54.8635
140.535 2997 54.7449
140.652 3140 56.0357
140.768 0 1
140.884 0 1
141 0 1
141.115 0 1
141.231 0 1
141.347 0 1
141.463 0 1
141.578 0 1
141.694 0 1
144.104 0 1
144.219 0 1
144.335 0 1
144.45 0 1
144.566 0 1
144.682 0 1
144.798 0 1
144.914 0 1
145.03 0 1
145.146 2076 45.5631
145.262 2260 47.5395
145.378 2453 49.5278
145.494 2447 49.4672
145.61 2419 49.1833
145.726 2594 50.9313
145.842 2548 50.4777
145.959 2730 52.2494
146.075 2818 53.0848
146.192 2893 53.7866
146.308 2749 52.4309
146.425 2797 52.8867
146.541 2792 52.8394
146.658 2668 51.6527
146.774 2660 51.5752
146.891 2666 51.6333
147.008 2776 52.6878
147.125 2754 52.4786
147.241 2842 53.3104
147.358 2833 53.2259
147.475 2835 53.2447
147.592 2787 52.792
147.709 2848 53.3667
147.826 2883 53.6936
147.943 2844 53.3292
148.06 2898 53.8331
148.177 2872 53.591
148.294 2883 53.6936
148.411 2803 52.9434
148.528 2774 52.6688
148.645 2700 51.9615
148.762 2658 51.5558
148.88 2518 50.1797
148.997 2373 48.7134
149.114 2500 50
149.231 2521 50.2096
149.349 2572 50.7149
149.466 2511 50.1099
149.583 2623 51.2152
149.701 2712 52.0769
149.818 2673 51.7011
149.935 2801 52.9245
150.053 2896 53.8145
150.17 2830 53.1977
150.287 2866 53.535
150.405 2692 51.8845
150.522 2742 52.3641
150.64 2703 51.9904
150.757 2714 52.0961
150.875 2697 51.9326
150.992 2781 52.7352
151.11 2815 53.0566
151.227 2840 53.2917
151.344 2757 52.5071
151.462 2798 52.8961
151.579 2899 53.8424
151.697 2924 54.074
151.814 2830 53.1977
151.932 2809 53
152.049 2803 52.9434
152.167 2743 52.3737
152.284 2678 51.7494
152.402 2642 51.4004
152.519 2581 50.8035
152.636 2597 50.9608
152.754 2595 50.9411
152.871 2562 50.6162
152.989 2530 50.2991
153.106 2594 50.9313
153.223 2709 52.0481
153.341 2679 51.7591
153.458 2847 53.3573
153.575 2866 53.535
153.693 3027 55.0182
153.81 2791 52.8299
153.927 2861 53.4883
154.044 2710 52.0577
154.162 2788 52.8015
154.279 2689 51.8556
154.396 2883 53.6936
154.513 2847 53.3573
154.63 3038 55.1181
154.747 2947 54.2863
154.864 3026 55.0091
154.981 2937 54.1941
155.098 3021 54.9636
155.215 2972 54.5161
155.332 3003 54.7996
155.449 2947 54.2863
155.566 2904 53.8888
155.683 2903 53.8795
155.8 2786 52.7826
155.917 2853 53.4135
156.033 2780 52.7257
156.15 0 1
156.267 0 1
156.383 0 1
156.5 0 1
156.617 0 1
156.733 0 1
156.85 0 1
156.966 0 1
157.082 0 1
157.199 0 1
157.315 0 1
157.431 0 1
157.547 0 1
157.664 0 1
157.78 0 1
157.896 0 1
158.012 0 1
158.128 0 1
158.244 0 1
158.359 0 1
158.475 0 1
158.591 0 1
158.706 0 1
