
6.15755 0 1
6.2731 0 1
6.3887 0 1
6.50437 0 1
6.62009 0 1
6.73587 0 1
6.8517 0 1
6.96759 0 1
7.08353 0 1
7.19952 0 1
7.31557 0 1
7.43166 0 1
7.54781 0 1
7.664 0 1
7.78024 0 1
7.89653 0 1
8.01286 0 1
8.12924 0 1
8.24567 0 1
8.36213 0 1
8.47864 0 1
8.59519 0 1
8.71178 0 1
8.82841 0 1
8.94508 0 1
9.06179 0 1
9.17853 0 1
9.29531 0 1
9.41212 0 1
9.52897 0 1
9.64584 0 1
9.76276 0 1
9.8797 0 1
9.99667 0 1
10.1137 0 1
10.2307 0 1
10.3478 0 1
10.4648 0 1
10.5819 0 1
10.6991 0 1
10.8162 0 1
10.9334 0 1
11.0506 0 1
11.1678 0 1
11.285 0 1
11.4023 0 1
11.5196 0 1
11.6369 0 1
11.7542 0 1
11.8715 0 1
11.9888 0 1
12.1062 0 1
12.2235 0 1
12.3409 0 1
12.4582 0 1
12.5756 0 1
12.693 0 1
12.8104 0 1
12.9278 0 1
13.0452 0 1
13.1626 0 1
13.28 0 1
13.3974 0 1
13.5149 0 1
13.6323 0 1
13.7497 0 1
13.8671 0 1
13.9845 0 1
14.1019 0 1
14.2193 0 1
14.3367 0 1
14.4541 0 1
14.5714 0 1
14.6888 0 1
14.8062 0 1
14.9235 0 1
15.0408 0 0
15.1581 0 0
15.2755 0 0
15.3927 0 0
15.51 0 0
15.6273 0 0
15.7445 0 0
15.8617 0 0
15.9789 0 0
16.0961 0 0
16.2132 0 0
16.3304 0 0
16.4475 0 0
16.5646 0 0
16.6816 0 0
16.7986 0 0
16.9156 0 0
17.0326 0 0
17.1496 0 0
17.2665 0 0
17.3833 0 0
17.5002 0 0
17.617 0 0
17.7338 0 0
17.8505 0 0
17.9672 0 0
18.0839 0 0
18.2005 0 0
18.3171 0 0
18.4337 0 0
18.5502 0 0
18.6666 0 0
18.7831 0 0
18.8994 0 0
19.0158 0 0
19.1321 0 0
19.2483 0 0
19.3645 0 0
19.4806 0 0
19.5967 0 0
19.7128 0 0
19.8288 0 0
19.9447 0 0
20.0606 0 1
20.1764 0 1
20.2922 0 1
20.4079 0 1
20.5236 0 1
20.6392 0 1
20.7548 0 1
20.8702 0 1
23.3078 0 1
23.4233 0 1
23.539 0 1
23.6547 0 1
23.7704 0 1
23.8862 0 1
24.0021 0 1
24.118 0 1
24.234 0 1
24.35 0 1
24.4661 1382 37.1753
24.5822 1531 39.128
24.6984 1607 40.0874
24.8146 1788 42.2847
24.9309 2138 46.2385
25.0472 2427 49.2646
25.1636 2536 50.3587
25.28 2788 52.8015
25.3965 2903 53.8795
25.513 2806 52.9717
25.6296 2807 52.9811
25.7462 2913 53.9722
25.8628 2834 53.2353
25.9795 2847 53.3573
26.0962 2865 53.5257
26.213 2947 54.2863
26.3298 2997 54.7449
26.4466 2976 54.5527
26.5635 2853 53.4135
26.6804 2919 54.0278
26.7973 2881 53.6749
26.9143 2761 52.5452
27.0313 2699 51.9519
27.1483 2766 52.5928
27.2653 2662 51.5946
27.3824 2552 50.5173
27.4996 2468 49.679
27.6167 2368 48.6621
27.7339 2211 47.0213
27.8511 2344 48.4149
27.9683 2639 51.3712
28.0855 2730 52.2494
28.2028 2742 52.3641
28.3201 2682 51.788
28.4374 2659 51.5655
28.5547 2770 52.6308
28.6721 2608 51.0686
28.7894 2730 52.2494
28.9068 2629 51.2738
29.0242 2722 52.1728
29.1416 2805 52.9623
29.259 2745 52.3927
29.3764 2681 51.7784
29.4939 2679 51.7591
29.6113 2667 51.643
29.7288 2533 50.3289
29.8463 2478 49.7795
29.9638 2623 51.2152
30.0812 2563 50.6261
30.1987 2646 51.4393
30.3162 2627 51.2543
30.4337 2709 52.0481
30.5512 2626 51.2445
30.6687 2619 51.1762
30.7862 2655 51.5267
30.9037 2382 48.8057
31.0212 2457 49.5681
31.1387 2396 48.949
31.2562 2509 50.0899
31.3737 2634 51.3225
31.4912 2735 52.2972
31.6087 2720 52.1536
31.7262 2829 53.1883
31.8436 2775 52.6783
31.9611 2668 51.6527
32.0785 2659 51.5655
32.1959 2736 52.3068
32.3134 2619 51.1762
32.4308 2576 50.7543
32.5482 2550 50.4975
32.6655 2463 49.6286
32.7829 2451 49.5076
32.9002 2369 48.6724
33.0176 2416 49.1528
33.1349 2405 49.0408
33.2522 2286 47.8121
33.3694 2391 48.8979
33.4867 2322 48.1871
33.6039 2413 49.1223
33.7211 2325 48.2183
33.8383 2501 50.01
33.9554 2450 49.4975
34.0725 2463 49.6286
34.1896 2575 50.7445
34.3067 2655 51.5267
34.4237 2560 50.5964
34.5407 2423 49.224
34.6577 2389 48.8774
34.7746 2365 48.6313
34.8915 2441 49.4065
35.0084 2467 49.6689
35.1252 2552 50.5173
35.242 2749 52.4309
35.3587 2708 52.0384
35.4755 2744 52.3832
35.5921 2562 50.6162
35.7088 2480 49.7996
35.8254 2473 49.7293
35.9419 2358 48.5592
36.0584 2345 48.4252
36.1749 2247 47.4025
36.2913 2235 47.2758
36.4077 2161 46.4866
36.524 2001 44.7325
36.6403 1800 42.4264
36.7565 1576 39.6989
36.8727 1590 39.8748
36.9889 1479 38.4578
37.1049 1473 38.3797
37.221 0 1
37.3369 0 1
37.4529 0 1
37.5687 0 1
37.6845 0 1
37.8003 0 1
37.916 0 1
38.0316 0 1
38.1472 0 1
40.5851 0 1
40.7008 0 1
40.8164 0 1
40.9322 0 1
41.048 0 1
41.1639 0 1
41.2798 0 1
41.3958 0 1
41.5118 0 1
41.6279 0 1
41.744 1941 44.0568
41.8602 2532 50.319
41.9765 3154 56.1605
42.0928 3354 57.9137
42.2091 3309 57.5239
42.3255 3354 57.9137
42.4419 3381 58.1464
42.5584 3446 58.7026
42.675 3463 58.8473
42.7915 3636 60.2993
42.9081 3563 59.6909
43.0248 3613 60.1082
43.1415 3593 59.9416
43.2582 3579 59.8247
43.375 3265 57.1402
43.4918 3227 56.8067
43.6087 3351 57.8878
43.7256 3415 58.438
43.8425 3504 59.1946
43.9595 3551 59.5903
44.0765 3555 59.6238
44.1935 3518 59.3127
44.3106 3410 58.3952
44.4277 3381 58.1464
44.5448 3235 56.8771
44.6619 3105 55.7225
44.7791 2960 54.4059
44.8963 2861 53.4883
45.0136 2724 52.192
45.1308 2573 50.7247
45.2481 2522 50.2195
45.3654 2394 48.9285
45.4827 2338 48.3529
45.6001 2240 47.3286
45.7174 2156 46.4327
45.8348 2169 46.5725
45.9522 2197 46.8722
46.0697 2282 47.7703
46.1871 2199 46.8935
46.3046 2218 47.0956
46.422 2327 48.239
46.5395 2284 47.7912
46.657 2281 47.7598
46.7745 2247 47.4025
46.892 2187 46.7654
47.0096 2074 45.5412
47.1271 2180 46.6905
47.2446 2219 47.1063
47.3622 2122 46.0652
47.4797 2232 47.244
47.5973 2189 46.7868
47.7149 2222 47.1381
47.8324 2184 46.7333
47.95 2303 47.9896
48.0675 2092 45.7384
48.1851 2155 46.422
48.3027 2114 45.9783
48.4202 2054 45.3211
48.5378 2082 45.6289
48.6554 2069 45.4863
48.7729 2001 44.7325
48.8904 1929 43.9204
49.008 1977 44.4635
49.1255 2009 44.8219
49.243 1997 44.6878
49.3605 1983 44.5309
49.478 1994 44.6542
49.5955 2047 45.2438
49.713 2011 44.8442
49.8304 2184 46.7333
49.9479 2209 47
50.0653 2196 46.8615
50.1827 2131 46.1628
50.3001 1921 43.8292
50.4175 1852 43.0349
50.5348 1638 40.4722
50.6521 1751 41.845
50.7694 1939 44.0341
50.8867 2088 45.6946
51.004 2160 46.4758
51.1212 2235 47.2758
51.2384 2187 46.7654
51.3556 2284 47.7912
51.4727 2168 46.5618
51.5899 2161 46.4866
51.707 2037 45.1331
51.824 2121 46.0543
51.9411 2124 46.0869
52.0581 2079 45.5961
52.175 2073 45.5302
52.2919 1993 44.643
52.4088 2044 45.2106
52.5257 2012 44.8553
52.6425 1960 44.2719
52.7593 1957 44.238
52.876 1927 43.8976
52.9927 1916 43.7721
53.1094 1975 44.441
53.226 1981 44.5084
53.3426 2021 44.9555
53.4591 1930 43.9318
53.5756 1694 41.1582
53.692 1563 39.5348
53.8084 1335 36.5377
53.9248 1256 35.4401
54.0411 1116 33.4066
54.1573 1069 32.6956
54.2735 0 1
54.3896 0 1
54.5057 0 1
54.6217 0 1
54.7377 0 1
54.8537 0 1
54.9695 0 1
55.0853 0 1
55.2011 0 1
55.3168 0 1
55.4324 0 1
57.824 0 1
57.9396 0 1
58.0553 0 1
58.1711 0 1
58.2869 0 1
58.4028 0 1
58.5187 0 1
58.6347 0 1
58.7508 0 1
58.8669 0 1
58.983 1791 42.3202
59.0992 1752 41.8569
59.2155 1743 41.7493
59.3318 1926 43.8862
59.4482 2184 46.7333
59.5646 2370 48.6826
59.681 2402 49.0102
59.7975 2585 50.8429
59.9141 2633 51.3128
60.0306 2447 49.4672
60.1473 2523 50.2295
60.2639 2505 50.05
60.3807 2585 50.8429
60.4974 2514 50.1398
60.6142 2579 50.7839
60.731 2581 50.8035
60.8479 2581 50.8035
60.9648 2586 50.8527
61.0818 2546 50.4579
61.1987 2531 50.309
61.3158 2426 49.2544
61.4328 2498 49.98
61.5499 2438 49.3761
61.667 2417 49.163
61.7841 2550 50.4975
61.9013 2385 48.8365
62.0185 2454 49.5379
62.1357 2576 50.7543
62.253 2530 50.2991
62.3702 2558 50.5767
62.4875 2357 48.5489
62.6049 2188 46.7761
62.7222 2195 46.8508
62.8396 2327 48.239
62.9569 2592 50.9117
63.0743 2727 52.2207
63.1918 2604 51.0294
63.3092 2763 52.5642
63.4267 2710 52.0577
63.5441 2690 51.8652
63.6616 2657 51.5461
63.7791 2616 51.1468
63.8966 2606 51.049
64.0142 2612 51.1077
64.1317 2601 51
64.2492 2637 51.3517
64.3668 2595 50.9411
64.4843 2555 50.547
64.6019 2593 50.9215
64.7195 2510 50.0999
64.837 2504 50.04
64.9546 2468 49.679
65.0722 2435 49.3457
65.1898 2449 49.4874
65.3074 2418 49.1732
65.4249 2444 49.4368
65.5425 2494 49.94
65.6601 2479 49.7896
65.7777 2546 50.4579
65.8952 2524 50.2394
66.0128 2263 47.571
66.1304 2120 46.0435
66.2479 2015 44.8888
66.3655 2136 46.2169
66.483 2313 48.0937
66.6005 2543 50.4282
66.718 2547 50.4678
66.8355 2585 50.8429
66.953 2500 50
67.0705 2578 50.774
67.1879 2560 50.5964
67.3054 2525 50.2494
67.4228 2466 49.6588
67.5402 2521 50.2096
67.6576 2552 50.5173
67.7749 2547 50.4678
67.8923 2528 50.2792
68.0096 2518 50.1797
68.1269 2492 49.9199
68.2442 2514 50.1398
68.3614 2443 49.4267
68.4787 2396 48.949
68.5958 2386 48.8467
68.713 2324 48.2079
68.8302 2273 47.676
68.9473 2356 48.5386
69.0643 2315 48.1144
69.1814 2396 48.949
69.2984 2392 48.9081
69.4154 2402 49.0102
69.5323 2374 48.7237
69.6492 2231 47.2335
69.7661 2000 44.7214
69.8829 1796 42.3792
69.9997 1870 43.2435
70.1165 2083 45.6399
70.2332 2176 46.6476
70.3499 2100 45.8258
70.4665 1933 43.9659
70.5831 1713 41.3884
70.6996 1629 40.3609
70.8161 1594 39.9249
70.9326 1544 39.2938
71.049 1501 38.7427
71.1653 1425 37.7492
71.2817 1350 36.7423
71.3979 1323 36.3731
71.5141 1274 35.6931
71.6303 1195 34.5688
71.7464 1119 33.4515
71.8624 0 1
71.9784 0 1
72.0944 0 1
72.2102 0 1
72.3261 0 1
72.4418 0 1
72.5575 0 1
72.6732 0 1
75.1054 0 1
75.2209 0 1
75.3365 0 1
75.4521 0 1
75.5678 0 1
75.6835 0 1
75.7993 0 1
75.9151 0 1
76.031 0 1
76.147 1979 44.486
76.263 2204 46.9468
76.3791 2230 47.2229
76.4952 2247 47.4025
76.6113 2268 47.6235
76.7276 2274 47.6865
76.8438 2306 48.0208
76.9601 2321 48.1768
77.0765 2336 48.3322
77.1929 2478 49.7795
77.3093 2320 48.1664
77.4258 2388 48.8672
77.5423 2261 47.55
77.6589 2287 47.8226
77.7755 2260 47.5395
77.8921 2209 47
78.0088 2347 48.4458
78.1256 2346 48.4355
78.2423 2329 48.2597
78.3591 2358 48.5592
78.4759 2303 47.9896
78.5928 2259 47.5289
78.7097 2006 44.7884
78.8266 1717 41.4367
78.9436 1569 39.6106
79.0606 1657 40.7063
79.1776 1997 44.6878
79.2946 2197 46.8722
79.4117 2357 48.5489
79.5288 2430 49.295
79.6459 2390 48.8876
79.7631 2474 49.7393
79.8802 2460 49.5984
79.9974 2422 49.2138
80.1147 2328 48.2494
80.2319 2393 48.9183
80.3491 2438 49.3761
80.4664 2429 49.2849
80.5837 2479 49.7896
80.701 2572 50.7149
80.8183 2600 50.9902
80.9357 2543 50.4282
81.053 2447 49.4672
81.1704 2459 49.5883
81.2877 2448 49.4773
81.4051 2404 49.0306
81.5225 2441 49.4065
81.6399 2385 48.8365
81.7573 2555 50.547
81.8747 2564 50.636
81.9922 2630 51.2835
82.1096 2707 52.0288
82.227 2784 52.7636
82.3444 2610 51.0882
82.4619 2364 48.621
82.5793 2170 46.5833
82.6967 2339 48.3632
82.8142 2907 53.9166
82.9316 3343 57.8187
83.049 3643 60.3573
83.1664 3878 62.2736
83.2838 4038 63.5453
83.4012 4060 63.7181
83.5186 4203 64.8305
83.636 4225 65
83.7534 4193 64.7534
83.8708 4356 66
83.9881 4347 65.9318
84.1055 4459 66.7757
84.2228 4428 66.5432
84.3401 4503 67.1044
84.4575 4569 67.5944
84.5747 4559 67.5204
84.692 4436 66.6033
84.8093 4470 66.8581
84.9265 4467 66.8356
85.0437 4285 65.4599
85.1609 4387 66.2344
85.2781 4374 66.1362
85.3952 4150 64.4205
85.5123 4424 66.5132
85.6294 4184 64.6838
85.7465 4235 65.0769
85.8636 3847 62.0242
85.9806 3465 58.8643
86.0976 2812 53.0283
86.2145 2862 53.4977
86.3315 3200 56.5685
86.4484 3913 62.554
86.5652 4206 64.8537
86.682 4373 66.1287
86.7988 4233 65.0615
86.9156 4284 65.4523
87.0323 4286 65.4675
87.149 4175 64.6142
87.2657 4262 65.284
87.3823 4313 65.6734
87.4988 4157 64.4748
87.6154 3714 60.9426
87.7318 3387 58.1979
87.8483 3222 56.7627
87.9647 3098 55.6597
88.081 2987 54.6535
88.1973 2938 54.2033
88.3136 2829 53.1883
88.4298 2758 52.5167
88.546 2632 51.303
88.6621 2442 49.4166
88.7781 2369 48.6724
88.8942 0 1
89.0101 0 1
89.126 0 1
89.2419 0 1
89.3577 0 1
89.4734 0 1
89.5891 0 1
89.7047 0 1
89.8203 0 1
89.9358 0 1
92.3269 0 1
92.4424 0 1
92.558 0 1
92.6736 0 1
92.7893 0 1
92.905 0 1
93.0208 0 1
93.1366 0 1
93.2525 0 1
93.3685 0 1
93.4845 0 1
93.6005 4494 67.0373
93.7167 4599 67.8159
93.8328 4596 67.7938
93.949 4491 67.0149
94.0653 4521 67.2384
94.1816 4542 67.3944
94.2979 4580 67.6757
94.4143 4455 66.7458
94.5307 4532 67.3201
94.6472 4469 66.8506
94.7637 4449 66.7008
94.8803 3872 62.2254
94.9969 3588 59.8999
95.1135 3115 55.8122
95.2302 3341 57.8014
95.3469 3842 61.9839
95.4637 4219 64.9538
95.5805 4596 67.7938
95.6973 4585 67.7126
95.8142 4679 68.4032
95.9311 4630 68.0441
96.048 4546 67.424
96.1649 4723 68.7241
96.2819 4529 67.2978
96.3989 4640 68.1175
96.516 4721 68.7095
96.633 4698 68.542
96.7501 4769 69.0579
96.8673 4644 68.1469
96.9844 4761 69
97.1016 4911 70.0785
97.2188 4661 68.2715
97.336 4851 69.6491
97.4532 4534 67.335
97.5704 4673 68.3593
97.6877 4581 67.6831
97.805 4498 67.0671
97.9223 4545 67.4166
98.0396 4636 68.0882
98.1569 4747 68.8985
98.2743 4416 66.453
98.3916 4121 64.195
98.509 3635 60.291
98.6264 3122 55.8749
98.7438 3294 57.3934
98.8612 3739 61.1474
98.9786 4099 64.0234
99.096 4335 65.8407
99.2134 4258 65.2534
99.3308 4240 65.1153
99.4482 4113 64.1327
99.5656 4042 63.5767
99.6831 3900 62.45
99.8005 3885 62.3298
99.9179 3795 61.6036
100.035 3611 60.0916
100.153 3635 60.291
100.27 3511 59.2537
100.388 3434 58.6003
100.505 3421 58.4893
100.622 3416 58.4466
100.74 3355 57.9224
100.857 3286 57.3236
100.975 3217 56.7186
101.092 3238 56.9034
101.209 3159 56.205
101.327 3179 56.3826
101.444 3153 56.1516
101.561 3168 56.285
101.679 3070 55.4076
101.796 3030 55.0454
101.913 3000 54.7723
102.03 2633 51.3128
102.148 2440 49.3964
102.265 2225 47.1699
102.382 2556 50.5569
102.499 2612 51.1077
102.616 2908 53.9259
102.733 2897 53.8238
102.851 3048 55.2087
102.968 3067 55.3805
103.085 2914 53.9815
103.202 2901 53.8609
103.319 2958 54.3875
103.436 2933 54.1572
103.552 2815 53.0566
103.669 2898 53.8331
103.786 2843 53.3198
103.903 2920 54.037
104.02 2997 54.7449
104.137 2946 54.2771
104.253 3101 55.6866
104.37 2857 53.4509
104.487 2776 52.6878
104.603 2799 52.9056
104.72 2789 52.811
104.836 2499 49.99
104.953 2281 47.7598
105.069 2041 45.1774
105.186 1793 42.3438
105.302 1715 41.4126
105.418 1611 40.1373
105.535 1418 37.6563
105.651 1248 35.327
105.767 1054 32.4654
105.883 912 30.1993
105.999 881 29.6816
106.115 0 1
106.231 0 1
106.347 0 1
106.463 0 1
106.579 0 1
106.694 0 1
106.81 0 1
106.926 0 1
107.041 0 1
107.157 0 1
109.576 0 1
109.692 0 1
109.807 0 1
109.923 0 1
110.039 0 1
110.155 0 1
110.27 0 1
110.386 0 1
110.502 0 1
110.618 2869 53.563
110.735 3013 54.8908
110.851 2916 54
110.967 2629 51.2738
111.083 2530 50.2991
111.199 2661 51.5849
111.316 3053 55.254
111.432 3154 56.1605
111.549 3136 56
111.665 3154 56.1605
111.782 3218 56.7274
111.898 3137 56.0089
112.015 3180 56.3915
112.132 3076 55.4617
112.248 3169 56.2939
112.365 3195 56.5243
112.482 3066 55.3715
112.599 3457 58.7963
112.716 3292 57.376
112.832 3286 57.3236
112.949 3465 58.8643
113.066 3404 58.3438
113.183 3506 59.2115
113.3 3603 60.025
113.417 3496 59.127
113.534 3456 58.7878
113.652 3575 59.7913
113.769 3591 59.925
113.886 3503 59.1861
114.003 3435 58.6089
114.12 3522 59.3464
114.238 3365 58.0086
114.355 3221 56.7539
114.472 2740 52.345
114.589 2674 51.7107
114.707 2668 51.6527
114.824 3062 55.3353
114.942 3263 57.1227
115.059 3257 57.0701
115.176 3365 58.0086
115.294 3406 58.3609
115.411 3261 57.1052
115.529 3277 57.2451
115.646 3312 57.55
115.764 3179 56.3826
115.881 3196 56.5332
115.999 3116 55.8211
116.116 3229 56.8243
116.234 3310 57.5326
116.351 3463 58.8473
116.469 3524 59.3633
116.586 3517 59.3043
116.704 3530 59.4138
116.821 3649 60.407
116.939 3547 59.5567
117.056 3690 60.7454
117.174 3456 58.7878
117.291 3511 59.2537
117.409 3529 59.4054
117.526 3483 59.0169
117.644 3566 59.716
117.761 3569 59.7411
117.879 3301 57.4543
117.996 3093 55.6147
118.114 2844 53.3292
118.231 2779 52.7162
118.349 2787 52.792
118.466 3112 55.7853
118.584 3270 57.1839
118.701 3399 58.3009
118.819 3306 57.4978
118.936 3239 56.9122
119.053 3242 56.9386
119.171 3158 56.1961
119.288 3206 56.6216
119.405 3141 56.0446
119.523 3143 56.0625
119.64 3047 55.1996
119.757 3043 55.1634
119.875 3184 56.4269
119.992 3236 56.8859
120.109 3325 57.6628
120.226 3376 58.1034
120.343 3404 58.3438
120.46 3458 58.8048
120.578 3369 58.0431
120.695 3393 58.2495
120.812 3399 58.3009
120.929 3227 56.8067
121.046 3185 56.4358
121.163 3223 56.7715
121.279 3177 56.3649
121.396 3126 55.9106
121.513 3014 54.8999
121.63 2786 52.7826
121.747 2612 51.1077
121.863 2321 48.1768
121.98 2251 47.4447
122.097 2259 47.5289
122.213 2310 48.0625
122.33 2273 47.676
122.446 2339 48.3632
122.563 2252 47.4552
122.679 2060 45.3872
122.795 2030 45.0555
122.912 2062 45.4093
123.028 1925 43.8748
123.144 1846 42.9651
123.26 1888 43.4511
123.377 0 1
123.493 0 1
123.609 0 1
123.725 0 1
123.84 0 1
123.956 0 1
124.072 0 1
124.188 0 1
124.303 0 1
124.419 0 1
126.852 0 1
126.968 0 1
127.083 0 1
127.199 0 1
127.315 0 1
127.431 0 1
127.547 0 1
127.663 0 1
127.779 0 1
127.895 0 1
128.011 0 1
128.127 0 1
128.243 0 1
128.359 3572 59.7662
128.476 3704 60.8605
128.592 3701 60.8358
128.708 3611 60.0916
128.825 3830 61.887
128.941 3715 60.9508
129.058 3810 61.7252
129.174 3770 61.4003
129.291 3898 62.434
129.408 3984 63.1189
129.524 4138 64.3273
129.641 4265 65.307
129.758 4219 64.9538
129.875 4411 66.4154
129.992 4394 66.2873
130.108 4473 66.8805
130.225 4532 67.3201
130.342 4439 66.6258
130.459 4111 64.1171
130.576 4166 64.5446
130.693 4141 64.3506
130.81 3842 61.9839
130.928 3810 61.7252
131.045 4072 63.8122
131.162 4111 64.1171
131.279 4280 65.4217
131.396 4300 65.5744
131.513 4322 65.7419
131.631 4317 65.7039
131.748 4254 65.2227
131.865 4324 65.7571
131.983 4147 64.3972
132.1 4220 64.9615
132.217 4199 64.7997
132.335 4221 64.9692
132.452 4128 64.2495
132.57 4037 63.5374
132.687 3768 61.384
132.804 4287 65.4752
132.922 4097 64.0078
133.039 4262 65.284
133.157 4281 65.4294
133.274 4278 65.4064
133.392 4404 66.3626
133.509 4440 66.6333
133.627 4651 68.1982
133.744 4803 69.3037
133.862 4695 68.5201
133.979 4835 69.5342
134.097 4619 67.9632
134.214 4439 66.6258
134.332 4369 66.0984
134.449 4407 66.3852
134.567 4378 66.1665
134.684 4401 66.34
134.802 4609 67.8896
134.919 4766 69.0362
135.037 4657 68.2422
135.154 4650 68.1909
135.272 4594 67.7791
135.389 4544 67.4092
135.507 4445 66.6708
135.624 4406 66.3777
135.742 4370 66.106
135.859 4364 66.0606
135.977 4257 65.2457
136.094 4237 65.0922
136.211 4243 65.1383
136.329 4425 66.5207
136.446 4349 65.9469
136.564 4342 65.8939
136.681 4411 66.4154
136.798 4572 67.6166
136.915 4472 66.873
137.033 4461 66.7907
137.15 4402 66.3476
137.267 4524 67.2607
137.384 4626 68.0147
137.502 4520 67.2309
137.619 4391 66.2646
137.736 4411 66.4154
137.853 4211 64.8922
137.97 4076 63.8436
138.087 3991 63.1744
138.204 4283 65.4446
138.321 4242 65.1306
138.438 4382 66.1967
138.555 4370 66.106
138.672 4337 65.8559
138.788 4333 65.8255
138.905 4303 65.5973
139.022 4193 64.7534
139.139 3979 63.0793
139.255 3744 61.1882
139.372 3596 59.9667
139.488 3343 57.8187
139.605 3212 56.6745
139.721 3318 57.6021
139.838 3024 54.9909
139.954 3011 54.8726
140.071 2919 54.0278
140.187 3014 54.8999
140.303 2948 54.2955
140.419 3034 55.0818
140.535 3055 55.2721
140.652 3142 56.0535
140.768 0 1
140.884 0 1
141 0 1
141.115 0 1
141.231 0 1
141.347 0 1
141.463 0 1
141.578 0 1
141.694 0 1
144.104 0 1
144.219 0 1
144.335 0 1
144.45 0 1
144.566 0 1
144.682 0 1
144.798 0 1
144.914 0 1
145.03 0 1
145.146 8899 94.3345
145.262 8936 94.5304
145.378 9162 95.7183
145.494 9284 96.3535
145.61 9311 96.4935
145.726 9342 96.654
145.842 9503 97.4833
145.959 9290 96.3846
146.075 9482 97.3756
146.192 9275 96.3068
146.308 9374 96.8194
146.425 9146 95.6347
146.541 8377 91.526
146.658 7328 85.6037
146.774 6321 79.5047
146.891 6009 77.5177
147.008 6818 82.5712
147.125 8049 89.7162
147.241 8674 93.1343
147.358 9022 94.9842
147.475 8972 94.7206
147.592 9143 95.619
147.709 9213 95.9844
147.826 9194 95.8853
147.943 9052 95.142
148.06 9294 96.4054
148.177 9271 96.286
148.294 9229 96.0677
148.411 9147 95.6399
148.528 9290 96.3846
148.645 9323 96.5557
148.762 9364 96.7678
148.88 9420 97.0567
148.997 9058 95.1735
149.114 9600 97.9796
149.231 9492 97.4269
149.349 9663 98.3006
149.466 9178 95.8019
149.583 9480 97.3653
149.701 9591 97.9337
149.818 9641 98.1886
149.935 9518 97.5602
150.053 9318 96.5298
150.17 9161 95.7131
150.287 8078 89.8777
150.405 7058 84.0119
150.522 6116 78.2049
150.64 6668 81.6578
150.757 7857 88.6397
150.875 8850 94.0744
150.992 8962 94.6678
151.11 8974 94.7312
151.227 9230 96.0729
151.344 9208 95.9583
151.462 8911 94.3981
151.579 9282 96.3431
151.697 9070 95.2365
151.814 9254 96.1977
151.932 9352 96.7057
152.049 9182 95.8228
152.167 9267 96.2653
152.284 9331 96.5971
152.402 9259 96.2237
152.519 9418 97.0464
152.636 9431 97.1133
152.754 9635 98.158
152.871 9525 97.5961
152.989 9429 97.103
153.106 9762 98.8028
153.223 9719 98.585
153.341 9705 98.514
153.458 9807 99.0303
153.575 9932 99.6594
153.693 9710 98.5393
153.81 9301 96.4417
153.927 8496 92.1737
154.044 7204 84.8764
154.162 6714 81.939
154.279 7230 85.0294
154.396 8399 91.6461
154.513 9149 95.6504
154.63 9705 98.514
154.747 9794 98.9646
154.864 9489 97.4115
154.981 9429 97.103
155.098 9476 97.3447
155.215 9240 96.1249
155.332 9104 95.4149
155.449 8910 94.3928
155.566 8729 93.4291
155.683 8327 91.2524
155.8 8526 92.3363
155.917 8090 89.9444
156.033 7956 89.1964
156.15 0 1
156.267 0 1
156.383 0 1
156.5 0 1
156.617 0 1
156.733 0 1
156.85 0 1
156.966 0 1
157.082 0 1
157.199 0 1
157.315 0 1
157.431 0 1
157.547 0 1
157.664 0 1
157.78 0 1
157.896 0 1
158.012 0 1
158.128 0 1
158.244 0 1
158.359 0 1
158.475 0 1
158.591 0 1
158.706 0 1
